   1. 1.
   3
   -.2 .0 .2
   .2 .6 .2
   0.12 3
   2  2   North Channel Slope (bnchanslp)                     1
     2.06546   0.800000    6.50000    7.40000    1.00000E-01
     26.0000    23.0000   10.00000    67.8876
   2
      34.40030     -119.66200
      34.46020     -120.39860
   2  2   San Joaquin Hills Thrust (no equivelant)            1
     2.15577   0.800000    6.50000    6.60000    1.00000E-01
    -23.0000    15.0000    2.00000    27.4526
   4
      33.59700     -117.67400
      33.64700     -117.73600
      33.68800     -117.82300
      33.69500     -117.93300
   2  2   Puente Hills blind thrust (new)                     1
     1.64171   0.800000    6.50000    7.10000    1.00000E-01
     25.0000    19.0000    5.00000    44.1786
   4
      33.92690     -117.86730
      33.93150     -118.04320
      33.95410     -118.14350
      34.05860     -118.29760
