segment Belarus
56.166 28.151
56.16 28.157
56.148 28.172
56.142 28.214
56.13 28.24
56.095 28.252
56.085 28.262
56.085 28.278
56.075 28.282
56.057 28.324
56.051 28.361
56.077 28.417
56.089 28.445
56.097 28.451
56.103 28.463
56.107 28.519
56.109 28.558
56.103 28.596
56.095 28.64
56.097 28.664
56.091 28.676
56.081 28.674
56.073 28.668
56.055 28.672
56.033 28.694
56.021 28.712
56 28.719
55.982 28.716
55.974 28.725
55.967 28.738
55.965 28.779
55.964 28.802
55.96 28.826
55.957 28.842
55.96 28.855
55.969 28.855
55.972 28.851
55.979 28.862
55.986 28.878
55.991 28.9
56 28.919
56.002 28.922
56.013 28.945
56.029 28.976
56.041 29.005
56.047 29.024
56.053 29.045
56.053 29.059
56.05 29.069
56.048 29.075
56.047 29.079
56.046 29.085
56.049 29.089
56.053 29.092
56.056 29.096
56.055 29.104
56.049 29.116
56.039 29.131
56.027 29.153
56.014 29.173
56.007 29.187
56 29.197
55.998 29.204
55.99 29.216
55.988 29.229
55.99 29.243
55.991 29.271
55.989 29.303
55.977 29.338
55.971 29.386
55.964 29.426
55.96 29.437
55.955 29.439
55.947 29.435
55.937 29.439
55.935 29.446
55.931 29.465
55.924 29.477
55.918 29.476
55.91 29.471
55.905 29.452
55.899 29.431
55.896 29.414
55.884 29.411
55.871 29.408
55.86 29.397
55.826 29.392
55.818 29.387
55.806 29.377
55.796 29.37
55.786 29.371
55.777 29.37
55.768 29.366
55.767 29.366
55.766 29.366
55.765 29.367
55.764 29.367
55.763 29.367
55.762 29.368
55.761 29.368
55.76 29.368
55.759 29.369
55.758 29.369
55.757 29.37
55.756 29.37
55.755 29.371
55.754 29.371
55.754 29.372
55.753 29.372
55.748 29.39
55.741 29.409
55.741 29.423
55.727 29.445
55.713 29.468
55.704 29.484
55.701 29.501
55.708 29.522
55.72 29.543
55.725 29.567
55.73 29.581
55.741 29.587
55.758 29.594
55.769 29.603
55.778 29.624
55.782 29.659
55.788 29.668
55.791 29.685
55.792 29.706
55.793 29.718
55.798 29.729
55.8 29.735
55.802 29.751
55.8 29.76
55.788 29.768
55.777 29.767
55.776 29.781
55.776 29.803
55.781 29.812
55.788 29.812
55.792 29.812
55.796 29.819
55.8 29.83
55.81 29.836
55.816 29.84
55.82 29.848
55.83 29.866
55.84 29.871
55.848 29.88
55.853 29.903
55.854 29.923
55.851 29.942
55.854 29.964
55.855 29.999
55.855 30
55.849 30.029
55.844 30.046
55.844 30.063
55.844 30.086
55.835 30.102
55.831 30.116
55.835 30.138
55.847 30.161
55.865 30.201
55.868 30.223
55.867 30.255
55.865 30.268
55.86 30.286
55.85 30.289
55.841 30.285
55.838 30.286
55.834 30.294
55.83 30.304
55.828 30.322
55.828 30.344
55.823 30.355
55.821 30.369
55.813 30.39
55.808 30.407
55.807 30.433
55.809 30.453
55.809 30.469
55.807 30.489
55.799 30.504
55.789 30.508
55.774 30.512
55.76 30.517
55.75 30.532
55.743 30.557
55.743 30.59
55.74 30.615
55.73 30.63
55.719 30.638
55.706 30.651
55.699 30.656
55.695 30.647
55.68 30.64
55.67 30.646
55.664 30.656
55.661 30.674
55.652 30.675
55.647 30.681
55.647 30.689
55.649 30.704
55.657 30.716
55.66 30.727
55.659 30.736
55.651 30.745
55.633 30.759
55.618 30.76
55.603 30.761
55.596 30.767
55.592 30.774
55.591 30.787
55.596 30.808
55.605 30.827
55.625 30.848
55.631 30.858
55.626 30.887
55.621 30.918
55.617 30.94
55.609 30.952
55.599 30.956
55.59 30.955
55.576 30.956
55.56 30.965
55.55 30.962
55.542 30.949
55.533 30.935
55.524 30.935
55.505 30.949
55.494 30.957
55.487 30.952
55.483 30.938
55.478 30.911
55.468 30.903
55.458 30.902
55.443 30.913
55.413 30.933
55.399 30.936
55.385 30.929
55.373 30.906
55.365 30.891
55.359 30.891
55.353 30.879
55.338 30.84
55.322 30.829
55.298 30.83
55.29 30.83
55.288 30.849
55.275 30.877
55.263 30.906
55.251 30.911
55.229 30.916
55.214 30.93
55.2 30.947
55.187 30.984
55.178 30.991
55.172 30.992
55.159 30.985
55.149 30.986
55.145 30.999
55.145 31.024
55.142 31.031
55.135 31.03
55.13 31.006
55.122 30.997
55.111 30.996
55.093 30.998
55.082 31.008
55.077 31.021
55.068 31.026
55.053 31.027
55.037 31.021
55.028 31.004
55.029 30.971
55.033 30.947
55.029 30.934
55.019 30.931
55.012 30.938
55.005 30.955
55 30.963
54.999 30.964
54.987 30.956
54.98 30.946
54.97 30.948
54.965 30.951
54.96 30.944
54.953 30.898
54.953 30.862
54.946 30.838
54.935 30.833
54.922 30.839
54.908 30.841
54.879 30.825
54.876 30.811
54.872 30.8
54.859 30.791
54.829 30.773
54.815 30.765
54.808 30.76
54.799 30.768
54.798 30.783
54.796 30.809
54.79 30.834
54.776 30.854
54.764 30.874
54.751 30.909
54.742 30.934
54.729 30.954
54.724 30.967
54.718 30.991
54.717 31.005
54.707 31.017
54.698 31.007
54.679 30.992
54.676 30.994
54.673 30.998
54.674 31.013
54.675 31.03
54.671 31.046
54.67 31.068
54.673 31.073
54.673 31.08
54.668 31.092
54.665 31.101
54.671 31.11
54.674 31.121
54.67 31.153
54.667 31.165
54.671 31.178
54.671 31.188
54.659 31.208
54.657 31.212
54.648 31.208
54.639 31.216
54.627 31.209
54.615 31.2
54.591 31.178
54.581 31.166
54.569 31.16
54.562 31.152
54.555 31.142
54.544 31.133
54.525 31.114
54.517 31.096
54.509 31.089
54.502 31.088
54.495 31.102
54.492 31.125
54.487 31.138
54.479 31.158
54.477 31.193
54.472 31.21
54.465 31.237
54.453 31.245
54.44 31.241
54.434 31.244
54.426 31.258
54.415 31.276
54.403 31.281
54.395 31.28
54.386 31.274
54.379 31.277
54.372 31.285
54.364 31.304
54.352 31.311
54.336 31.314
54.332 31.303
54.326 31.302
54.32 31.309
54.311 31.322
54.301 31.326
54.291 31.324
54.274 31.322
54.263 31.322
54.257 31.323
54.248 31.335
54.243 31.357
54.237 31.377
54.229 31.402
54.21 31.445
54.192 31.486
54.187 31.501
54.18 31.502
54.168 31.494
54.163 31.505
54.162 31.525
54.157 31.548
54.154 31.559
54.141 31.573
54.139 31.586
54.142 31.608
54.143 31.629
54.139 31.649
54.13 31.67
54.119 31.683
54.112 31.691
54.108 31.7
54.111 31.716
54.118 31.762
54.117 31.78
54.113 31.786
54.105 31.787
54.092 31.771
54.087 31.768
54.083 31.775
54.086 31.811
54.083 31.814
54.075 31.816
54.069 31.815
54.061 31.818
54.059 31.829
54.059 31.844
54.059 31.862
54.053 31.865
54.048 31.875
54.045 31.888
54.038 31.893
54.032 31.89
54.024 31.885
54.015 31.868
54.005 31.864
53.999 31.864
53.985 31.86
53.976 31.864
53.97 31.871
53.963 31.87
53.955 31.854
53.95 31.852
53.947 31.853
53.94 31.852
53.933 31.847
53.926 31.84
53.91 31.832
53.898 31.83
53.887 31.829
53.882 31.822
53.875 31.821
53.863 31.816
53.861 31.802
53.857 31.792
53.85 31.787
53.847 31.791
53.84 31.795
53.838 31.789
53.838 31.776
53.836 31.766
53.83 31.77
53.82 31.768
53.816 31.776
53.813 31.776
53.811 31.77
53.804 31.77
53.8 31.767
53.798 31.77
53.798 31.778
53.802 31.784
53.805 31.784
53.803 31.791
53.808 31.795
53.805 31.806
53.807 31.809
53.802 31.814
53.801 31.819
53.803 31.829
53.794 31.852
53.787 31.864
53.785 31.874
53.786 31.885
53.781 31.896
53.777 31.903
53.782 31.904
53.789 31.921
53.788 31.935
53.785 31.948
53.786 31.953
53.792 31.965
53.792 31.975
53.79 31.986
53.798 31.992
53.802 32.001
53.8 32.016
53.801 32.035
53.805 32.053
53.806 32.073
53.808 32.099
53.813 32.112
53.815 32.118
53.815 32.131
53.808 32.145
53.796 32.165
53.794 32.192
53.796 32.208
53.794 32.212
53.789 32.219
53.779 32.222
53.771 32.227
53.769 32.242
53.773 32.261
53.776 32.275
53.775 32.28
53.77 32.288
53.766 32.294
53.764 32.307
53.757 32.315
53.753 32.317
53.751 32.329
53.752 32.342
53.749 32.354
53.745 32.359
53.733 32.361
53.726 32.368
53.725 32.373
53.733 32.408
53.733 32.421
53.731 32.436
53.733 32.447
53.735 32.459
53.732 32.466
53.724 32.473
53.713 32.491
53.705 32.505
53.697 32.507
53.688 32.504
53.678 32.487
53.678 32.474
53.671 32.464
53.663 32.44
53.648 32.422
53.644 32.422
53.64 32.43
53.644 32.442
53.642 32.448
53.632 32.447
53.604 32.439
53.589 32.445
53.58 32.452
53.567 32.475
53.561 32.48
53.552 32.48
53.545 32.512
53.531 32.538
53.522 32.564
53.515 32.6
53.507 32.604
53.5 32.603
53.498 32.604
53.489 32.603
53.485 32.609
53.484 32.625
53.49 32.633
53.497 32.639
53.496 32.653
53.487 32.66
53.48 32.654
53.472 32.654
53.465 32.663
53.465 32.68
53.464 32.734
53.463 32.761
53.457 32.769
53.451 32.771
53.441 32.76
53.428 32.753
53.415 32.751
53.4 32.759
53.395 32.758
53.39 32.751
53.385 32.737
53.371 32.73
53.362 32.73
53.348 32.74
53.34 32.745
53.332 32.739
53.327 32.729
53.328 32.697
53.329 32.676
53.332 32.667
53.332 32.664
53.328 32.652
53.323 32.641
53.325 32.637
53.328 32.634
53.329 32.626
53.325 32.618
53.318 32.616
53.313 32.618
53.312 32.616
53.306 32.595
53.302 32.586
53.295 32.571
53.296 32.562
53.298 32.548
53.292 32.536
53.291 32.527
53.293 32.518
53.294 32.512
53.292 32.507
53.281 32.508
53.269 32.513
53.256 32.506
53.229 32.477
53.212 32.455
53.2 32.437
53.188 32.412
53.185 32.385
53.18 32.365
53.169 32.354
53.149 32.342
53.142 32.331
53.129 32.308
53.127 32.286
53.125 32.262
53.119 32.252
53.112 32.246
53.1 32.235
53.097 32.219
53.099 32.206
53.102 32.19
53.101 32.181
53.094 32.171
53.086 32.163
53.079 32.155
53.078 32.141
53.078 32.092
53.08 32.064
53.087 32.039
53.093 32.021
53.095 32.007
53.089 31.99
53.085 31.971
53.085 31.956
53.086 31.943
53.089 31.93
53.096 31.924
53.104 31.919
53.108 31.914
53.109 31.903
53.11 31.893
53.11 31.874
53.113 31.848
53.119 31.828
53.154 31.803
53.173 31.789
53.18 31.78
53.191 31.755
53.201 31.722
53.209 31.681
53.22 31.638
53.218 31.625
53.211 31.611
53.204 31.603
53.199 31.601
53.19 31.585
53.193 31.537
53.2 31.495
53.204 31.467
53.208 31.439
53.206 31.427
53.202 31.418
53.194 31.419
53.184 31.423
53.176 31.422
53.167 31.419
53.164 31.415
53.147 31.389
53.139 31.379
53.132 31.377
53.121 31.392
53.114 31.404
53.105 31.406
53.098 31.398
53.094 31.375
53.092 31.352
53.085 31.344
53.072 31.341
53.057 31.338
53.039 31.328
53.036 31.317
53.037 31.293
53.037 31.27
53.034 31.257
53.029 31.255
53.027 31.263
53.013 31.291
53.003 31.315
52.997 31.324
52.992 31.339
52.987 31.354
52.976 31.368
52.962 31.374
52.958 31.38
52.951 31.39
52.944 31.388
52.929 31.389
52.918 31.402
52.871 31.466
52.86 31.485
52.857 31.504
52.858 31.527
52.854 31.544
52.846 31.546
52.836 31.545
52.824 31.541
52.811 31.556
52.796 31.581
52.787 31.596
52.778 31.6
52.765 31.6
52.754 31.603
52.738 31.611
52.732 31.602
52.717 31.581
52.705 31.567
52.702 31.558
52.697 31.529
52.691 31.514
52.685 31.516
52.667 31.535
52.658 31.547
52.637 31.568
52.626 31.575
52.607 31.575
52.598 31.576
52.585 31.59
52.568 31.615
52.563 31.642
52.56 31.668
52.556 31.676
52.548 31.677
52.541 31.668
52.54 31.657
52.54 31.629
52.538 31.617
52.531 31.61
52.52 31.606
52.509 31.605
52.497 31.611
52.485 31.629
52.475 31.63
52.465 31.617
52.455 31.611
52.449 31.612
52.441 31.617
52.433 31.612
52.422 31.61
52.415 31.612
52.413 31.617
52.41 31.629
52.405 31.636
52.388 31.636
52.361 31.635
52.343 31.634
52.336 31.627
52.329 31.613
52.32 31.609
52.302 31.616
52.294 31.629
52.294 31.649
52.291 31.656
52.282 31.659
52.273 31.668
52.273 31.685
52.275 31.706
52.275 31.712
52.266 31.718
52.248 31.716
52.231 31.718
52.222 31.717
52.203 31.705
52.197 31.703
52.192 31.71
52.191 31.723
52.191 31.739
52.189 31.76
52.186 31.78
52.175 31.787
52.161 31.788
52.14 31.789
52.127 31.799
52.117 31.805
52.107 31.797
52.095 31.747
52.1 31.717
52.104 31.705
52.109 31.659
52.114 31.609
52.119 31.547
52.12 31.502
52.121 31.491
52.135 31.466
52.14 31.447
52.141 31.422
52.135 31.395
52.12 31.383
52.109 31.377
52.106 31.356
52.1 31.333
52.09 31.321
52.071 31.317
52.059 31.312
52.05 31.306
52.046 31.298
52.042 31.28
52.045 31.263
52.057 31.235
52.067 31.202
52.078 31.169
52.086 31.158
52.094 31.137
52.092 31.119
52.085 31.089
52.08 31.047
52.075 30.997
52.078 30.974
52.074 30.941
52.067 30.944
52.06 30.953
52.053 30.952
52.049 30.947
52.038 30.939
52.032 30.944
52.024 30.948
52.02 30.94
52.01 30.909
52.007 30.902
52.003 30.894
51.998 30.906
51.99 30.913
51.986 30.906
51.984 30.895
51.978 30.899
51.976 30.902
51.97 30.899
51.971 30.883
51.965 30.881
51.969 30.875
51.961 30.865
51.965 30.844
51.959 30.845
51.959 30.837
51.951 30.829
51.951 30.818
51.944 30.817
51.939 30.824
51.923 30.831
51.914 30.823
51.904 30.808
51.901 30.796
51.903 30.771
51.905 30.761
51.903 30.755
51.879 30.733
51.875 30.726
51.874 30.719
51.869 30.714
51.849 30.706
51.839 30.703
51.837 30.696
51.836 30.677
51.832 30.667
51.826 30.664
51.812 30.674
51.802 30.68
51.784 30.669
51.779 30.662
51.778 30.659
51.78 30.649
51.777 30.632
51.771 30.629
51.766 30.63
51.765 30.635
51.765 30.643
51.767 30.649
51.765 30.656
51.757 30.66
51.748 30.65
51.742 30.644
51.742 30.637
51.734 30.634
51.724 30.63
51.716 30.634
51.714 30.628
51.709 30.622
51.711 30.608
51.712 30.585
51.711 30.577
51.702 30.568
51.698 30.568
51.692 30.578
51.68 30.584
51.672 30.582
51.669 30.584
51.661 30.591
51.656 30.586
51.652 30.578
51.648 30.564
51.642 30.563
51.636 30.574
51.63 30.574
51.626 30.567
51.628 30.558
51.629 30.549
51.626 30.544
51.623 30.544
51.621 30.548
51.618 30.548
51.613 30.541
51.61 30.532
51.605 30.523
51.6 30.519
51.593 30.525
51.587 30.538
51.586 30.551
51.584 30.558
51.583 30.56
51.581 30.561
51.58 30.558
51.575 30.546
51.573 30.54
51.568 30.538
51.561 30.54
51.554 30.548
51.546 30.554
51.545 30.556
51.551 30.578
51.552 30.586
51.549 30.593
51.544 30.595
51.54 30.596
51.538 30.591
51.529 30.587
51.526 30.585
51.519 30.572
51.517 30.571
51.509 30.584
51.504 30.593
51.498 30.594
51.483 30.594
51.481 30.594
51.479 30.597
51.476 30.615
51.471 30.625
51.463 30.627
51.459 30.624
51.46 30.602
51.456 30.597
51.456 30.595
51.449 30.592
51.439 30.594
51.428 30.593
51.426 30.601
51.43 30.619
51.424 30.634
51.406 30.642
51.395 30.649
51.391 30.652
51.387 30.663
51.38 30.663
51.375 30.659
51.37 30.651
51.363 30.648
51.354 30.651
51.352 30.664
51.348 30.672
51.345 30.671
51.337 30.655
51.335 30.652
51.334 30.636
51.327 30.625
51.318 30.602
51.311 30.59
51.312 30.576
51.314 30.567
51.308 30.566
51.301 30.575
51.292 30.584
51.28 30.583
51.263 30.574
51.256 30.564
51.26 30.55
51.267 30.543
51.267 30.53
51.277 30.52
51.286 30.507
51.285 30.494
51.278 30.484
51.277 30.472
51.282 30.458
51.291 30.459
51.298 30.465
51.304 30.464
51.31 30.458
51.31 30.446
51.306 30.426
51.307 30.417
51.308 30.41
51.327 30.377
51.349 30.35
51.353 30.346
51.357 30.343
51.362 30.345
51.372 30.354
51.38 30.362
51.389 30.364
51.399 30.359
51.404 30.356
51.413 30.35
51.435 30.327
51.451 30.303
51.466 30.281
51.482 30.256
51.486 30.247
51.488 30.236
51.499 30.216
51.508 30.185
51.51 30.162
51.51 30.153
51.506 30.135
51.504 30.12
51.502 30.087
51.502 30.073
51.504 30.064
51.503 30.049
51.499 30.026
51.489 30
51.487 29.953
51.487 29.929
51.484 29.904
51.474 29.889
51.459 29.88
51.448 29.877
51.447 29.871
51.449 29.855
51.458 29.82
51.456 29.809
51.451 29.806
51.446 29.8
51.448 29.785
51.461 29.767
51.475 29.747
51.497 29.739
51.512 29.734
51.518 29.729
51.52 29.716
51.516 29.687
51.508 29.659
51.505 29.635
51.495 29.621
51.479 29.601
51.468 29.593
51.464 29.583
51.467 29.569
51.474 29.556
51.475 29.548
51.475 29.542
51.461 29.533
51.445 29.529
51.415 29.526
51.407 29.519
51.401 29.505
51.401 29.495
51.401 29.48
51.411 29.459
51.416 29.443
51.42 29.428
51.417 29.406
51.408 29.39
51.393 29.379
51.387 29.362
51.389 29.343
51.398 29.323
51.417 29.319
51.444 29.307
51.469 29.289
51.492 29.263
51.504 29.26
51.52 29.266
51.544 29.277
51.555 29.274
51.569 29.264
51.578 29.247
51.588 29.221
51.594 29.213
51.602 29.215
51.613 29.227
51.621 29.23
51.627 29.229
51.634 29.205
51.643 29.175
51.646 29.163
51.648 29.132
51.649 29.112
51.64 29.095
51.628 29.086
51.613 29.074
51.575 29.018
51.565 29.008
51.566 29
51.583 28.992
51.593 28.968
51.591 28.932
51.591 28.911
51.58 28.892
51.568 28.864
51.557 28.834
51.548 28.821
51.495 28.787
51.481 28.786
51.461 28.799
51.445 28.801
51.431 28.8
51.418 28.785
51.417 28.773
51.431 28.755
51.448 28.752
51.463 28.749
51.469 28.739
51.462 28.728
51.446 28.708
51.44 28.685
51.443 28.678
51.467 28.675
51.485 28.67
51.513 28.653
51.523 28.645
51.534 28.646
51.549 28.662
51.554 28.677
51.56 28.685
51.564 28.682
51.567 28.679
51.569 28.659
51.562 28.629
51.56 28.614
51.56 28.601
51.58 28.547
51.586 28.524
51.586 28.503
51.58 28.468
51.564 28.44
51.546 28.404
51.548 28.395
51.551 28.388
51.567 28.379
51.582 28.364
51.593 28.347
51.62 28.31
51.625 28.294
51.633 28.271
51.64 28.266
51.645 28.268
51.673 28.283
51.681 28.286
51.688 28.28
51.683 28.264
51.671 28.247
51.661 28.22
51.652 28.19
51.64 28.178
51.618 28.161
51.613 28.153
51.614 28.14
51.611 28.127
51.6 28.119
51.59 28.109
51.584 28.103
51.586 28.088
51.587 28.078
51.582 28.068
51.572 28.055
51.567 28.042
51.563 28.026
51.56 27.999
51.558 27.957
51.564 27.939
51.575 27.924
51.59 27.925
51.614 27.921
51.627 27.891
51.623 27.867
51.604 27.845
51.586 27.835
51.565 27.833
51.554 27.841
51.545 27.841
51.537 27.823
51.526 27.802
51.51 27.781
51.5 27.77
51.482 27.763
51.475 27.75
51.482 27.738
51.496 27.72
51.503 27.682
51.509 27.675
51.52 27.673
51.528 27.681
51.535 27.676
51.545 27.687
51.564 27.726
51.581 27.734
51.59 27.737
51.607 27.736
51.617 27.732
51.622 27.721
51.619 27.704
51.62 27.682
51.627 27.665
51.63 27.65
51.624 27.64
51.622 27.632
51.624 27.625
51.637 27.597
51.647 27.572
51.644 27.562
51.635 27.565
51.636 27.551
51.644 27.538
51.649 27.529
51.659 27.535
51.666 27.532
51.668 27.524
51.659 27.513
51.64 27.516
51.627 27.51
51.62 27.492
51.619 27.467
51.622 27.457
51.631 27.437
51.629 27.423
51.626 27.398
51.629 27.373
51.626 27.335
51.618 27.284
51.607 27.262
51.599 27.252
51.598 27.243
51.599 27.234
51.604 27.226
51.612 27.23
51.617 27.243
51.626 27.243
51.635 27.246
51.638 27.255
51.652 27.267
51.668 27.276
51.674 27.274
51.677 27.26
51.676 27.25
51.67 27.233
51.669 27.222
51.673 27.202
51.681 27.199
51.718 27.199
51.759 27.2
51.777 27.198
51.785 27.192
51.786 27.174
51.785 27.144
51.782 27.122
51.786 27.116
51.789 27.103
51.79 27.089
51.791 27.064
51.79 27.043
51.788 27.032
51.787 27.017
51.789 27.003
51.775 26.984
51.759 26.973
51.758 26.947
51.756 26.922
51.761 26.894
51.787 26.848
51.794 26.83
51.791 26.815
51.784 26.794
51.785 26.775
51.795 26.767
51.803 26.745
51.821 26.711
51.822 26.702
51.823 26.674
51.826 26.664
51.832 26.631
51.828 26.614
51.812 26.552
51.805 26.519
51.806 26.511
51.81 26.49
51.84 26.448
51.859 26.419
51.869 26.412
51.871 26.406
51.868 26.397
51.86 26.377
51.861 26.351
51.864 26.333
51.869 26.307
51.872 26.305
51.876 26.3
51.876 26.292
51.869 26.277
51.871 26.258
51.875 26.223
51.88 26.195
51.888 26.179
51.898 26.175
51.9 26.148
51.902 26.138
51.909 26.126
51.921 26.11
51.925 26.103
51.928 26.091
51.925 26.07
51.921 26.044
51.923 26.034
51.93 26.019
51.932 26.002
51.922 25.987
51.918 25.975
51.917 25.963
51.921 25.946
51.926 25.928
51.927 25.913
51.924 25.894
51.927 25.879
51.93 25.86
51.934 25.832
51.941 25.823
51.948 25.816
51.952 25.802
51.945 25.784
51.933 25.779
51.926 25.772
51.923 25.749
51.919 25.711
51.914 25.68
51.918 25.644
51.923 25.598
51.928 25.574
51.929 25.54
51.93 25.528
51.935 25.505
51.933 25.487
51.928 25.464
51.926 25.455
51.924 25.442
51.926 25.422
51.928 25.4
51.938 25.369
51.951 25.354
51.959 25.339
51.969 25.313
51.975 25.298
51.977 25.281
51.971 25.261
51.969 25.224
51.973 25.204
51.975 25.18
51.97 25.142
51.951 25.095
51.931 25.051
51.918 25.028
51.916 25.003
51.916 25
51.918 24.946
51.923 24.9
51.926 24.842
51.923 24.793
51.916 24.769
51.902 24.754
51.9 24.715
51.905 24.688
51.915 24.67
51.92 24.646
51.923 24.594
51.927 24.537
51.93 24.468
51.926 24.419
51.913 24.385
51.893 24.37
51.866 24.375
51.84 24.376
51.808 24.368
51.785 24.365
51.755 24.351
51.702 24.279
51.604 24.099
51.583 24.057
51.579 24.034
51.585 23.974
51.589 23.944
51.597 23.928
51.61 23.923
51.624 23.93
51.635 23.928
51.644 23.903
51.65 23.878
51.651 23.862
51.634 23.83
51.636 23.819
51.644 23.803
51.655 23.793
51.663 23.767
51.66 23.739
51.643 23.688
51.629 23.65
51.621 23.645
51.614 23.65
51.599 23.662
51.591 23.659
51.573 23.641
51.564 23.648
51.551 23.671
51.535 23.689
51.516 23.683
51.505 23.668
51.497 23.631
51.499 23.628
51.505 23.623
51.516 23.626
51.524 23.618
51.527 23.619
51.531 23.616
51.531 23.606
51.537 23.599
51.532 23.589
51.534 23.579
51.539 23.573
51.55 23.571
51.559 23.579
51.568 23.57
51.581 23.566
51.586 23.557
51.596 23.554
51.601 23.548
51.606 23.546
51.62 23.55
51.628 23.549
51.635 23.546
51.642 23.551
51.649 23.54
51.655 23.547
51.66 23.544
51.664 23.549
51.665 23.557
51.668 23.56
51.675 23.557
51.682 23.558
51.683 23.561
51.684 23.564
51.685 23.562
51.686 23.554
51.689 23.552
51.701 23.561
51.703 23.561
51.706 23.556
51.707 23.553
51.71 23.558
51.714 23.554
51.716 23.557
51.718 23.557
51.727 23.549
51.723 23.545
51.724 23.54
51.727 23.54
51.731 23.534
51.733 23.536
51.745 23.537
51.749 23.541
51.751 23.551
51.763 23.565
51.76 23.58
51.766 23.597
51.777 23.608
51.776 23.616
51.778 23.621
51.786 23.628
51.786 23.634
51.787 23.635
51.795 23.636
51.804 23.643
51.816 23.639
51.827 23.631
51.831 23.63
51.834 23.625
51.835 23.608
51.837 23.61
51.842 23.615
51.842 23.607
51.844 23.605
51.846 23.608
51.85 23.618
51.858 23.621
51.861 23.62
51.864 23.616
51.874 23.612
51.879 23.613
51.881 23.617
51.881 23.622
51.878 23.633
51.878 23.637
51.89 23.63
51.897 23.642
51.9 23.642
51.903 23.637
51.905 23.627
51.909 23.623
51.914 23.626
51.922 23.617
51.927 23.622
51.927 23.628
51.925 23.635
51.936 23.64
51.937 23.648
51.941 23.65
51.949 23.646
51.952 23.644
51.954 23.634
51.956 23.632
51.957 23.635
51.957 23.646
51.967 23.656
51.968 23.665
51.966 23.669
51.969 23.673
51.973 23.674
51.981 23.67
51.985 23.674
51.986 23.68
51.991 23.69
51.999 23.696
52.003 23.692
52.005 23.682
52.011 23.677
52.017 23.666
52.02 23.663
52.023 23.666
52.042 23.663
52.048 23.658
52.052 23.659
52.056 23.657
52.079 23.654
52.084 23.648
52.085 23.647
52.085 23.635
52.088 23.631
52.098 23.614
52.102 23.615
52.107 23.624
52.11 23.62
52.111 23.612
52.119 23.602
52.117 23.591
52.121 23.584
52.117 23.575
52.121 23.566
52.121 23.562
52.112 23.558
52.112 23.554
52.113 23.552
52.127 23.548
52.132 23.545
52.131 23.534
52.131 23.528
52.137 23.524
52.136 23.52
52.137 23.517
52.143 23.52
52.147 23.519
52.148 23.516
52.147 23.51
52.147 23.504
52.149 23.498
52.153 23.493
52.164 23.49
52.168 23.497
52.172 23.497
52.171 23.509
52.176 23.509
52.179 23.5
52.18 23.49
52.174 23.48
52.174 23.472
52.178 23.466
52.18 23.466
52.182 23.467
52.184 23.453
52.171 23.435
52.172 23.427
52.181 23.422
52.181 23.42
52.176 23.412
52.177 23.404
52.181 23.401
52.189 23.406
52.191 23.406
52.194 23.398
52.197 23.399
52.199 23.397
52.194 23.39
52.194 23.381
52.196 23.374
52.205 23.374
52.205 23.369
52.202 23.365
52.203 23.359
52.206 23.36
52.212 23.353
52.211 23.35
52.205 23.345
52.207 23.329
52.206 23.306
52.21 23.305
52.215 23.314
52.219 23.31
52.218 23.299
52.218 23.298
52.214 23.286
52.214 23.273
52.216 23.254
52.221 23.229
52.221 23.214
52.226 23.206
52.238 23.2
52.246 23.203
52.254 23.212
52.258 23.213
52.262 23.206
52.265 23.206
52.272 23.211
52.275 23.209
52.279 23.191
52.28 23.188
52.283 23.177
52.321 23.204
52.361 23.243
52.389 23.26
52.417 23.274
52.447 23.291
52.461 23.308
52.486 23.334
52.504 23.356
52.548 23.407
52.574 23.454
52.587 23.497
52.598 23.523
52.603 23.544
52.606 23.563
52.622 23.645
52.633 23.711
52.641 23.784
52.66 23.881
52.667 23.915
52.673 23.918
52.718 23.925
52.827 23.928
52.892 23.933
52.935 23.941
52.948 23.956
52.967 23.95
53.019 23.939
53.033 23.926
53.044 23.919
53.048 23.91
53.055 23.913
53.059 23.908
53.061 23.897
53.064 23.89
53.071 23.888
53.084 23.876
53.087 23.879
53.091 23.887
53.099 23.889
53.103 23.894
53.112 23.891
53.115 23.891
53.122 23.897
53.129 23.903
53.137 23.916
53.141 23.919
53.147 23.917
53.153 23.921
53.158 23.92
53.172 23.909
53.187 23.878
53.194 23.871
53.208 23.865
53.217 23.866
53.223 23.871
53.229 23.868
53.231 23.863
53.241 23.832
53.249 23.82
53.271 23.803
53.306 23.779
53.364 23.748
53.411 23.721
53.453 23.701
53.467 23.692
53.475 23.688
53.481 23.681
53.508 23.662
53.536 23.654
53.566 23.644
53.584 23.638
53.593 23.633
53.597 23.621
53.601 23.614
53.614 23.614
53.653 23.608
53.685 23.607
53.703 23.608
53.716 23.609
53.727 23.611
53.742 23.611
53.754 23.599
53.765 23.577
53.776 23.566
53.783 23.564
53.818 23.563
53.846 23.559
53.858 23.554
53.874 23.545
53.882 23.54
53.934 23.527
53.956 23.513
53.967 23.506
53.948 23.555
53.941 23.578
53.931 23.601
53.917 23.614
53.917 23.636
53.925 23.667
53.934 23.687
53.933 23.742
53.925 23.765
53.905 23.787
53.901 23.806
53.906 23.823
53.915 23.826
53.924 23.815
53.933 23.801
53.936 23.808
53.939 23.821
53.948 23.835
53.957 23.846
53.956 23.852
53.951 23.874
53.95 23.905
53.956 23.921
53.966 23.918
53.967 23.936
53.954 23.962
53.939 23.999
53.939 24.037
53.941 24.09
53.952 24.121
53.961 24.136
53.962 24.155
53.95 24.187
53.93 24.212
53.919 24.247
53.91 24.316
53.906 24.385
53.909 24.433
53.924 24.464
53.959 24.518
53.979 24.562
54.006 24.632
54.018 24.682
54.017 24.706
54.006 24.719
53.994 24.717
53.973 24.701
53.962 24.69
53.956 24.699
53.954 24.713
53.96 24.725
53.965 24.734
53.958 24.749
53.961 24.765
53.978 24.814
53.993 24.835
54.014 24.843
54.026 24.841
54.044 24.835
54.06 24.814
54.078 24.803
54.101 24.808
54.123 24.819
54.129 24.83
54.135 24.849
54.138 24.885
54.15 24.921
54.157 24.938
54.163 24.952
54.163 24.969
54.151 24.992
54.147 25
54.138 25.02
54.135 25.053
54.141 25.076
54.166 25.118
54.188 25.158
54.241 25.216
54.258 25.233
54.264 25.24
54.267 25.259
54.273 25.276
54.274 25.288
54.274 25.297
54.271 25.314
54.272 25.331
54.276 25.372
54.283 25.401
54.296 25.43
54.3 25.448
54.301 25.461
54.301 25.476
54.301 25.491
54.307 25.496
54.317 25.502
54.318 25.513
54.316 25.52
54.306 25.521
54.295 25.527
54.285 25.544
54.277 25.554
54.25 25.585
54.241 25.586
54.236 25.581
54.231 25.574
54.226 25.577
54.216 25.578
54.205 25.575
54.197 25.555
54.191 25.529
54.183 25.522
54.175 25.526
54.158 25.541
54.157 25.568
54.151 25.6
54.151 25.615
54.149 25.634
54.146 25.642
54.14 25.653
54.14 25.663
54.145 25.677
54.152 25.696
54.161 25.714
54.17 25.741
54.172 25.76
54.168 25.779
54.169 25.792
54.176 25.794
54.187 25.79
54.197 25.793
54.204 25.795
54.22 25.782
54.228 25.776
54.234 25.784
54.237 25.804
54.241 25.808
54.247 25.806
54.251 25.793
54.254 25.774
54.262 25.766
54.27 25.762
54.276 25.746
54.279 25.727
54.289 25.718
54.313 25.705
54.32 25.691
54.321 25.661
54.316 25.633
54.316 25.594
54.322 25.576
54.326 25.562
54.333 25.557
54.347 25.557
54.36 25.568
54.373 25.59
54.39 25.604
54.403 25.605
54.412 25.608
54.415 25.63
54.422 25.636
54.437 25.637
54.446 25.622
54.454 25.622
54.465 25.625
54.48 25.643
54.51 25.669
54.533 25.686
54.546 25.719
54.568 25.75
54.593 25.763
54.604 25.756
54.634 25.749
54.651 25.74
54.676 25.737
54.698 25.74
54.71 25.751
54.72 25.758
54.731 25.758
54.747 25.758
54.762 25.754
54.774 25.741
54.8 25.744
54.815 25.752
54.838 25.776
54.858 25.801
54.892 25.852
54.912 25.855
54.923 25.866
54.937 25.908
54.944 25.943
54.95 25.968
54.959 25.982
54.958 25.994
54.948 26.019
54.938 26.037
54.939 26.072
54.945 26.081
54.961 26.093
54.97 26.106
54.976 26.134
54.985 26.183
54.995 26.217
55 26.22
55.011 26.228
55.037 26.246
55.066 26.255
55.079 26.272
55.091 26.276
55.1 26.262
55.109 26.262
55.128 26.301
55.142 26.326
55.153 26.372
55.149 26.397
55.141 26.436
55.134 26.447
55.126 26.468
55.141 26.482
55.154 26.498
55.16 26.525
55.147 26.555
55.149 26.603
55.142 26.615
55.146 26.636
55.153 26.658
55.154 26.677
55.164 26.694
55.175 26.692
55.189 26.676
55.198 26.675
55.204 26.685
55.205 26.712
55.213 26.726
55.236 26.73
55.256 26.743
55.264 26.768
55.277 26.82
55.285 26.852
55.285 26.872
55.295 26.863
55.299 26.853
55.309 26.846
55.312 26.825
55.323 26.811
55.32 26.798
55.327 26.788
55.327 26.779
55.329 26.748
55.325 26.729
55.329 26.718
55.331 26.704
55.337 26.681
55.345 26.665
55.339 26.66
55.338 26.647
55.329 26.629
55.335 26.62
55.327 26.602
55.323 26.593
55.327 26.586
55.33 26.583
55.329 26.572
55.327 26.565
55.332 26.553
55.337 26.54
55.336 26.53
55.337 26.503
55.341 26.476
55.345 26.455
55.35 26.45
55.355 26.455
55.358 26.466
55.362 26.477
55.369 26.494
55.369 26.509
55.376 26.523
55.385 26.546
55.39 26.559
55.403 26.557
55.452 26.555
55.49 26.55
55.512 26.532
55.516 26.516
55.524 26.516
55.53 26.538
55.534 26.574
55.547 26.594
55.56 26.599
55.57 26.617
55.581 26.628
55.598 26.625
55.618 26.626
55.636 26.628
55.658 26.632
55.674 26.62
55.697 26.646
55.706 26.668
55.701 26.702
55.689 26.748
55.686 26.78
55.688 26.803
55.696 26.814
55.703 26.836
55.706 26.861
55.717 26.879
55.733 26.887
55.762 26.906
55.782 26.922
55.792 26.937
55.813 26.984
55.825 26.995
55.832 27.008
55.833 27.022
55.834 27.044
55.832 27.066
55.829 27.083
55.834 27.098
55.845 27.118
55.852 27.133
55.853 27.176
55.844 27.194
55.833 27.204
55.826 27.225
55.806 27.257
55.794 27.285
55.791 27.3
55.793 27.323
55.805 27.361
55.813 27.372
55.813 27.388
55.803 27.408
55.796 27.435
55.791 27.467
55.788 27.522
55.784 27.587
55.786 27.603
55.8 27.615
55.836 27.634
55.873 27.628
55.89 27.625
55.912 27.653
55.935 27.665
55.95 27.696
55.975 27.757
55.987 27.805
56 27.82
56.007 27.811
56.015 27.819
56.02 27.824
56.028 27.813
56.033 27.808
56.036 27.807
56.039 27.822
56.041 27.863
56.049 27.877
56.053 27.905
56.059 27.923
56.065 27.936
56.077 27.945
56.088 27.954
56.101 27.955
56.113 27.964
56.118 27.969
56.12 27.978
56.124 27.99
56.127 28.006
56.125 28.015
56.121 28.029
56.12 28.041
56.128 28.05
56.133 28.087
56.146 28.107
56.158 28.117
56.161 28.129
56.166 28.151
