segment Faeroe Islands
62.378 -6.812
62.378 -6.801
62.362 -6.779
62.362 -6.772
62.342 -6.763
62.332 -6.752
62.325 -6.749
62.288 -6.704
62.271 -6.692
62.262 -6.685
62.255 -6.676
62.25 -6.662
62.236 -6.656
62.228 -6.659
62.225 -6.674
62.228 -6.687
62.237 -6.711
62.242 -6.716
62.269 -6.714
62.276 -6.723
62.281 -6.735
62.283 -6.741
62.309 -6.771
62.346 -6.803
62.35 -6.8
62.351 -6.805
62.368 -6.815
62.378 -6.812
segment Faeroe Islands
62.257 -6.632
62.279 -6.655
62.284 -6.661
62.296 -6.67
62.314 -6.692
62.322 -6.693
62.336 -6.702
62.347 -6.697
62.359 -6.7
62.37 -6.689
62.368 -6.675
62.365 -6.672
62.364 -6.661
62.354 -6.656
62.352 -6.66
62.352 -6.661
62.349 -6.657
62.343 -6.659
62.302 -6.61
62.28 -6.6
62.269 -6.589
62.257 -6.588
62.254 -6.599
62.257 -6.632
segment Faeroe Islands
62.33 -6.271
62.33 -6.272
62.323 -6.28
62.322 -6.286
62.32 -6.315
62.333 -6.332
62.35 -6.33
62.356 -6.322
62.355 -6.299
62.35 -6.294
62.346 -6.299
62.345 -6.295
62.346 -6.276
62.348 -6.265
62.339 -6.259
62.332 -6.261
62.329 -6.263
62.33 -6.271
segment Faeroe Islands
62.245 -6.928
62.249 -6.936
62.261 -6.946
62.266 -6.944
62.273 -6.935
62.285 -6.93
62.284 -6.927
62.285 -6.919
62.288 -6.914
62.287 -6.905
62.293 -6.892
62.294 -6.864
62.298 -6.847
62.291 -6.826
62.286 -6.822
62.284 -6.841
62.273 -6.849
62.27 -6.85
62.267 -6.849
62.275 -6.807
62.265 -6.77
62.261 -6.76
62.256 -6.756
62.25 -6.757
62.245 -6.763
62.238 -6.783
62.238 -6.792
62.246 -6.806
62.246 -6.81
62.229 -6.796
62.231 -6.794
62.228 -6.786
62.227 -6.786
62.225 -6.786
62.224 -6.773
62.226 -6.755
62.23 -6.743
62.23 -6.734
62.229 -6.727
62.218 -6.704
62.205 -6.629
62.187 -6.626
62.184 -6.633
62.192 -6.67
62.196 -6.685
62.201 -6.733
62.203 -6.737
62.201 -6.74
62.197 -6.74
62.197 -6.746
62.189 -6.745
62.178 -6.73
62.177 -6.719
62.178 -6.712
62.167 -6.685
62.163 -6.659
62.15 -6.628
62.148 -6.62
62.141 -6.592
62.136 -6.589
62.135 -6.591
62.14 -6.616
62.147 -6.643
62.149 -6.694
62.144 -6.694
62.138 -6.661
62.135 -6.656
62.13 -6.654
62.127 -6.648
62.127 -6.64
62.115 -6.621
62.115 -6.62
62.107 -6.646
62.106 -6.658
62.106 -6.671
62.11 -6.678
62.109 -6.68
62.091 -6.673
62.08 -6.683
62.07 -6.677
62.064 -6.68
62.061 -6.686
62.062 -6.698
62.093 -6.732
62.095 -6.734
62.102 -6.732
62.107 -6.739
62.115 -6.732
62.115 -6.72
62.126 -6.722
62.14 -6.731
62.143 -6.73
62.178 -6.771
62.187 -6.796
62.197 -6.815
62.202 -6.824
62.204 -6.838
62.195 -6.831
62.168 -6.78
62.145 -6.753
62.122 -6.751
62.107 -6.763
62.098 -6.762
62.102 -6.774
62.115 -6.791
62.126 -6.814
62.13 -6.829
62.144 -6.849
62.156 -6.861
62.161 -6.871
62.163 -6.887
62.166 -6.897
62.163 -6.926
62.169 -6.932
62.17 -6.933
62.183 -6.956
62.19 -6.962
62.194 -6.976
62.195 -6.99
62.2 -6.991
62.215 -7.002
62.22 -7.001
62.225 -7.014
62.23 -7.023
62.233 -7.022
62.235 -7.029
62.242 -7.036
62.245 -7.046
62.255 -7.046
62.269 -7.059
62.271 -7.061
62.277 -7.062
62.288 -7.069
62.292 -7.077
62.299 -7.077
62.304 -7.082
62.303 -7.112
62.315 -7.106
62.325 -7.098
62.327 -7.095
62.322 -7.083
62.315 -7.074
62.317 -7.065
62.32 -7.038
62.33 -7.017
62.332 -7.017
62.333 -7.017
62.337 -7.012
62.339 -6.993
62.341 -6.99
62.341 -6.983
62.343 -6.979
62.343 -6.957
62.339 -6.956
62.336 -6.942
62.33 -6.935
62.321 -6.901
62.317 -6.895
62.312 -6.919
62.297 -6.957
62.283 -6.947
62.266 -6.952
62.246 -6.937
62.244 -6.935
62.245 -6.928
segment Faeroe Islands
62.195 -7.023
62.188 -6.991
62.177 -6.958
62.168 -6.939
62.162 -6.939
62.159 -6.913
62.15 -6.888
62.142 -6.88
62.136 -6.867
62.128 -6.869
62.124 -6.879
62.123 -6.895
62.119 -6.904
62.113 -6.916
62.112 -6.933
62.107 -6.929
62.11 -6.904
62.118 -6.89
62.12 -6.88
62.118 -6.866
62.114 -6.855
62.111 -6.839
62.073 -6.798
62.067 -6.818
62.066 -6.82
62.062 -6.841
62.067 -6.872
62.067 -6.896
62.063 -6.884
62.061 -6.867
62.053 -6.83
62.057 -6.794
62.053 -6.777
62.053 -6.76
62.036 -6.751
62.033 -6.743
62.031 -6.752
62.02 -6.748
62.019 -6.755
62.015 -6.759
62.015 -6.762
62.005 -6.772
62.001 -6.763
61.994 -6.756
61.986 -6.729
61.982 -6.728
61.973 -6.733
61.968 -6.731
61.965 -6.735
61.95 -6.725
61.942 -6.742
61.944 -6.749
61.944 -6.764
61.952 -6.779
61.955 -6.791
61.962 -6.806
61.97 -6.821
61.994 -6.865
61.995 -6.873
62 -6.879
62.002 -6.892
62.008 -6.907
62.03 -6.914
62.044 -6.928
62.046 -6.936
62.046 -6.957
62.043 -6.973
62.044 -6.981
62.049 -6.984
62.053 -6.986
62.051 -6.99
62.055 -6.996
62.07 -6.991
62.09 -6.995
62.096 -7.004
62.104 -7.01
62.117 -7.039
62.123 -7.039
62.12 -7.06
62.122 -7.073
62.119 -7.078
62.123 -7.108
62.123 -7.132
62.133 -7.158
62.141 -7.162
62.152 -7.175
62.154 -7.199
62.159 -7.21
62.174 -7.228
62.181 -7.239
62.186 -7.255
62.186 -7.252
62.196 -7.248
62.204 -7.237
62.206 -7.237
62.209 -7.243
62.216 -7.235
62.239 -7.225
62.249 -7.221
62.25 -7.208
62.254 -7.23
62.262 -7.234
62.268 -7.233
62.272 -7.227
62.28 -7.226
62.282 -7.222
62.292 -7.224
62.295 -7.228
62.298 -7.224
62.302 -7.222
62.302 -7.216
62.308 -7.212
62.306 -7.194
62.302 -7.191
62.302 -7.188
62.311 -7.175
62.312 -7.167
62.306 -7.145
62.303 -7.141
62.296 -7.142
62.298 -7.137
62.302 -7.124
62.298 -7.105
62.278 -7.08
62.252 -7.063
62.229 -7.035
62.223 -7.02
62.209 -7.002
62.204 -7.002
62.203 -7.003
62.2 -7.007
62.2 -7.023
62.195 -7.023
segment Faeroe Islands
62.236 -6.374
62.246 -6.382
62.254 -6.382
62.259 -6.387
62.266 -6.397
62.269 -6.406
62.275 -6.408
62.28 -6.403
62.284 -6.397
62.285 -6.387
62.284 -6.366
62.298 -6.351
62.305 -6.339
62.308 -6.322
62.305 -6.322
62.299 -6.307
62.299 -6.305
62.3 -6.294
62.298 -6.285
62.281 -6.283
62.284 -6.306
62.285 -6.332
62.283 -6.336
62.278 -6.336
62.268 -6.307
62.26 -6.316
62.256 -6.315
62.251 -6.318
62.248 -6.316
62.244 -6.324
62.242 -6.344
62.236 -6.374
segment Faeroe Islands
62.03 -7.236
62.038 -7.254
62.042 -7.257
62.044 -7.271
62.05 -7.283
62.051 -7.307
62.058 -7.318
62.054 -7.329
62.059 -7.338
62.058 -7.353
62.063 -7.383
62.07 -7.383
62.071 -7.399
62.075 -7.398
62.077 -7.405
62.079 -7.404
62.084 -7.381
62.083 -7.372
62.083 -7.37
62.076 -7.357
62.079 -7.339
62.074 -7.311
62.08 -7.313
62.086 -7.321
62.091 -7.356
62.096 -7.373
62.093 -7.38
62.098 -7.388
62.099 -7.402
62.102 -7.397
62.102 -7.414
62.106 -7.424
62.117 -7.434
62.118 -7.439
62.122 -7.441
62.124 -7.441
62.127 -7.453
62.132 -7.458
62.134 -7.453
62.139 -7.457
62.141 -7.454
62.147 -7.458
62.15 -7.454
62.149 -7.444
62.151 -7.438
62.14 -7.408
62.14 -7.397
62.133 -7.387
62.129 -7.344
62.132 -7.341
62.137 -7.337
62.147 -7.336
62.148 -7.321
62.164 -7.247
62.163 -7.235
62.159 -7.234
62.158 -7.238
62.148 -7.236
62.143 -7.229
62.135 -7.191
62.127 -7.165
62.125 -7.162
62.103 -7.131
62.102 -7.085
62.099 -7.072
62.084 -7.058
62.08 -7.056
62.072 -7.072
62.058 -7.075
62.051 -7.081
62.05 -7.094
62.054 -7.1
62.053 -7.116
62.052 -7.131
62.053 -7.142
62.056 -7.147
62.062 -7.149
62.055 -7.158
62.054 -7.184
62.051 -7.173
62.048 -7.154
62.044 -7.141
62.041 -7.141
62.034 -7.158
62.035 -7.171
62.026 -7.198
62.028 -7.217
62.026 -7.226
62.03 -7.235
62.03 -7.236
segment Faeroe Islands
62.094 -7.523
62.098 -7.565
62.102 -7.575
62.1 -7.591
62.101 -7.621
62.105 -7.642
62.104 -7.653
62.1 -7.668
62.1 -7.681
62.104 -7.677
62.109 -7.652
62.113 -7.64
62.113 -7.626
62.118 -7.618
62.118 -7.613
62.122 -7.597
62.121 -7.579
62.117 -7.571
62.114 -7.56
62.104 -7.54
62.102 -7.527
62.094 -7.523
segment Faeroe Islands
62.078 -7.442
62.083 -7.441
62.086 -7.432
62.081 -7.415
62.078 -7.442
segment Faeroe Islands
61.957 -6.634
61.96 -6.638
61.97 -6.641
61.969 -6.646
61.98 -6.66
61.981 -6.668
61.989 -6.673
62.004 -6.667
62.008 -6.668
62.024 -6.686
62.025 -6.683
62.019 -6.666
62.011 -6.664
62.005 -6.656
62.005 -6.654
61.997 -6.639
61.99 -6.636
61.99 -6.633
61.989 -6.627
61.979 -6.629
61.967 -6.611
61.96 -6.61
61.955 -6.614
61.952 -6.621
61.957 -6.634
segment Faeroe Islands
61.979 -6.952
61.979 -6.956
61.99 -6.976
61.997 -6.997
62.009 -7.006
62.008 -6.99
61.996 -6.966
61.979 -6.952
segment Faeroe Islands
61.937 -6.863
61.934 -6.865
61.938 -6.871
61.938 -6.879
61.948 -6.89
61.95 -6.899
61.958 -6.912
61.96 -6.912
61.963 -6.921
61.971 -6.927
61.972 -6.923
61.973 -6.913
61.972 -6.904
61.968 -6.892
61.963 -6.889
61.958 -6.874
61.939 -6.857
61.937 -6.863
segment Faeroe Islands
61.826 -6.876
61.834 -6.881
61.836 -6.888
61.851 -6.902
61.849 -6.889
61.855 -6.893
61.858 -6.901
61.865 -6.903
61.87 -6.909
61.879 -6.91
61.884 -6.918
61.89 -6.911
61.894 -6.92
61.899 -6.92
61.904 -6.929
61.911 -6.936
61.911 -6.941
61.917 -6.946
61.918 -6.94
61.913 -6.903
61.914 -6.883
61.913 -6.872
61.901 -6.857
61.904 -6.844
61.901 -6.827
61.903 -6.816
61.901 -6.808
61.895 -6.8
61.895 -6.792
61.884 -6.785
61.876 -6.755
61.876 -6.737
61.872 -6.733
61.867 -6.714
61.866 -6.695
61.859 -6.683
61.852 -6.678
61.845 -6.664
61.834 -6.653
61.835 -6.637
61.836 -6.632
61.829 -6.637
61.824 -6.638
61.818 -6.661
61.815 -6.668
61.813 -6.664
61.809 -6.655
61.794 -6.654
61.787 -6.676
61.785 -6.669
61.769 -6.652
61.766 -6.659
61.763 -6.657
61.763 -6.665
61.757 -6.671
61.757 -6.679
61.759 -6.685
61.763 -6.688
61.765 -6.698
61.774 -6.705
61.774 -6.714
61.78 -6.721
61.785 -6.732
61.793 -6.739
61.794 -6.74
61.803 -6.752
61.811 -6.753
61.83 -6.767
61.833 -6.767
61.841 -6.799
61.841 -6.808
61.828 -6.806
61.833 -6.818
61.839 -6.821
61.839 -6.827
61.835 -6.852
61.835 -6.859
61.83 -6.867
61.827 -6.865
61.825 -6.867
61.826 -6.876
segment Faeroe Islands
61.752 -6.819
61.77 -6.853
61.783 -6.854
61.792 -6.849
61.789 -6.84
61.79 -6.831
61.787 -6.816
61.783 -6.807
61.764 -6.792
61.755 -6.788
61.752 -6.819
segment Faeroe Islands
61.691 -6.762
61.703 -6.764
61.71 -6.761
61.708 -6.752
61.703 -6.744
61.697 -6.745
61.689 -6.737
61.688 -6.74
61.691 -6.762
segment Faeroe Islands
61.602 -6.939
61.607 -6.925
61.605 -6.92
61.608 -6.885
61.607 -6.871
61.609 -6.852
61.601 -6.835
61.596 -6.838
61.592 -6.828
61.586 -6.827
61.585 -6.818
61.583 -6.804
61.586 -6.796
61.585 -6.772
61.581 -6.751
61.575 -6.748
61.569 -6.754
61.563 -6.737
61.557 -6.735
61.555 -6.743
61.55 -6.747
61.551 -6.768
61.547 -6.778
61.557 -6.793
61.567 -6.83
61.564 -6.833
61.552 -6.792
61.55 -6.794
61.547 -6.803
61.547 -6.792
61.545 -6.789
61.54 -6.769
61.539 -6.754
61.534 -6.742
61.526 -6.731
61.521 -6.733
61.511 -6.723
61.51 -6.756
61.506 -6.753
61.499 -6.742
61.497 -6.737
61.494 -6.729
61.497 -6.711
61.496 -6.706
61.493 -6.703
61.49 -6.707
61.489 -6.718
61.486 -6.721
61.486 -6.731
61.485 -6.734
61.484 -6.741
61.479 -6.747
61.477 -6.757
61.477 -6.771
61.479 -6.78
61.48 -6.795
61.479 -6.803
61.477 -6.803
61.473 -6.789
61.463 -6.772
61.46 -6.774
61.451 -6.771
61.452 -6.764
61.46 -6.76
61.462 -6.756
61.467 -6.725
61.467 -6.717
61.465 -6.714
61.464 -6.712
61.449 -6.723
61.448 -6.718
61.452 -6.692
61.433 -6.689
61.428 -6.691
61.424 -6.677
61.416 -6.67
61.395 -6.676
61.398 -6.68
61.398 -6.685
61.395 -6.691
61.401 -6.699
61.406 -6.711
61.408 -6.723
61.414 -6.747
61.421 -6.76
61.436 -6.768
61.437 -6.774
61.458 -6.821
61.459 -6.83
61.463 -6.836
61.467 -6.832
61.468 -6.839
61.468 -6.849
61.478 -6.861
61.479 -6.872
61.484 -6.866
61.485 -6.871
61.489 -6.872
61.492 -6.869
61.501 -6.883
61.501 -6.892
61.511 -6.896
61.514 -6.897
61.522 -6.889
61.534 -6.885
61.539 -6.899
61.541 -6.898
61.546 -6.915
61.55 -6.918
61.551 -6.915
61.556 -6.919
61.559 -6.927
61.564 -6.928
61.569 -6.933
61.573 -6.942
61.575 -6.946
61.578 -6.96
61.584 -6.969
61.586 -6.977
61.59 -6.971
61.595 -6.968
61.598 -6.961
61.602 -6.981
61.605 -6.983
61.61 -6.993
61.613 -6.981
61.616 -6.976
61.62 -6.989
61.626 -6.991
61.63 -7
61.633 -6.989
61.638 -6.983
61.64 -6.972
61.649 -6.978
61.652 -6.974
61.654 -6.956
61.657 -6.916
61.649 -6.893
61.645 -6.894
61.638 -6.916
61.632 -6.919
61.632 -6.905
61.634 -6.891
61.633 -6.881
61.631 -6.877
61.628 -6.888
61.617 -6.919
61.611 -6.924
61.608 -6.945
61.602 -6.939
segment Faeroe Islands
61.636 -6.72
61.642 -6.717
61.644 -6.711
61.641 -6.695
61.636 -6.696
61.636 -6.72
segment Faeroe Islands
62.316 -6.527
62.321 -6.529
62.333 -6.543
62.347 -6.552
62.361 -6.545
62.368 -6.547
62.372 -6.552
62.379 -6.583
62.383 -6.591
62.389 -6.591
62.392 -6.577
62.401 -6.568
62.399 -6.553
62.395 -6.54
62.393 -6.534
62.372 -6.51
62.357 -6.511
62.34 -6.491
62.338 -6.482
62.329 -6.471
62.319 -6.474
62.308 -6.472
62.306 -6.465
62.31 -6.454
62.327 -6.444
62.308 -6.4
62.294 -6.423
62.288 -6.429
62.279 -6.425
62.292 -6.512
62.314 -6.526
62.298 -6.518
62.293 -6.52
62.288 -6.513
62.279 -6.495
62.273 -6.476
62.27 -6.456
62.261 -6.444
62.262 -6.433
62.257 -6.423
62.242 -6.426
62.238 -6.432
62.235 -6.47
62.238 -6.478
62.246 -6.5
62.255 -6.517
62.257 -6.533
62.247 -6.526
62.234 -6.507
62.224 -6.489
62.219 -6.45
62.207 -6.447
62.195 -6.451
62.19 -6.442
62.187 -6.443
62.184 -6.445
62.18 -6.453
62.181 -6.499
62.19 -6.508
62.194 -6.52
62.202 -6.532
62.217 -6.542
62.227 -6.56
62.226 -6.568
62.222 -6.572
62.218 -6.564
62.206 -6.556
62.204 -6.551
62.198 -6.553
62.193 -6.548
62.183 -6.536
62.173 -6.534
62.17 -6.537
62.171 -6.545
62.182 -6.559
62.188 -6.573
62.216 -6.607
62.218 -6.616
62.222 -6.619
62.23 -6.619
62.24 -6.624
62.244 -6.623
62.244 -6.598
62.244 -6.597
62.233 -6.593
62.23 -6.582
62.234 -6.581
62.247 -6.589
62.254 -6.579
62.263 -6.576
62.269 -6.577
62.282 -6.586
62.31 -6.584
62.328 -6.602
62.333 -6.601
62.334 -6.601
62.346 -6.612
62.358 -6.605
62.363 -6.594
62.364 -6.58
62.357 -6.573
62.341 -6.568
62.334 -6.56
62.322 -6.542
62.316 -6.527
