segment Germany
47.693 8.721
47.693 8.713
47.696 8.703
47.696 8.696
47.688 8.67
47.69 8.668
47.695 8.672
47.701 8.674
47.705 8.673
47.713 8.674
47.714 8.681
47.715 8.689
47.715 8.696
47.714 8.706
47.711 8.711
47.705 8.714
47.695 8.721
47.693 8.721
segment Germany
54.721 8.594
54.716 8.584
54.705 8.577
54.699 8.578
54.687 8.571
54.685 8.565
54.685 8.56
54.686 8.533
54.684 8.526
54.685 8.478
54.689 8.464
54.696 8.457
54.698 8.431
54.706 8.407
54.708 8.4
54.72 8.398
54.731 8.403
54.742 8.415
54.751 8.429
54.753 8.451
54.757 8.473
54.755 8.485
54.756 8.491
54.754 8.498
54.753 8.518
54.755 8.525
54.76 8.529
54.761 8.543
54.76 8.545
54.756 8.571
54.748 8.587
54.743 8.589
54.732 8.584
54.724 8.599
54.722 8.597
54.721 8.594
segment Germany
54.694 8.339
54.689 8.34
54.683 8.347
54.681 8.349
54.663 8.361
54.654 8.363
54.649 8.377
54.646 8.381
54.644 8.381
54.639 8.381
54.636 8.384
54.633 8.391
54.633 8.401
54.632 8.402
54.631 8.4
54.629 8.374
54.628 8.373
54.627 8.372
54.625 8.375
54.625 8.39
54.622 8.389
54.621 8.371
54.616 8.37
54.616 8.354
54.618 8.346
54.63 8.332
54.646 8.314
54.66 8.299
54.669 8.295
54.689 8.307
54.716 8.358
54.714 8.361
54.701 8.341
54.695 8.339
54.694 8.339
segment Germany
54.632 8.727
54.634 8.721
54.638 8.714
54.64 8.714
54.644 8.719
54.645 8.728
54.647 8.732
54.648 8.738
54.642 8.742
54.635 8.735
54.632 8.727
segment Germany
54.585 8.55
54.585 8.554
54.584 8.561
54.583 8.562
54.575 8.57
54.572 8.576
54.568 8.578
54.564 8.576
54.562 8.569
54.562 8.548
54.57 8.538
54.574 8.52
54.578 8.511
54.581 8.509
54.584 8.51
54.586 8.517
54.582 8.529
54.583 8.539
54.585 8.55
segment Germany
54.562 8.458
54.563 8.45
54.566 8.443
54.573 8.44
54.579 8.441
54.584 8.446
54.585 8.456
54.583 8.457
54.578 8.456
54.57 8.464
54.569 8.458
54.562 8.458
segment Germany
54.548 8.828
54.549 8.824
54.553 8.813
54.555 8.798
54.557 8.795
54.561 8.812
54.558 8.824
54.559 8.831
54.558 8.841
54.551 8.835
54.548 8.828
segment Germany
54.5 8.484
54.502 8.468
54.513 8.461
54.528 8.455
54.543 8.452
54.549 8.454
54.551 8.457
54.551 8.466
54.542 8.471
54.54 8.48
54.534 8.483
54.518 8.478
54.513 8.484
54.506 8.485
54.502 8.491
54.5 8.484
segment Germany
54.512 8.687
54.5 8.676
54.495 8.644
54.495 8.626
54.498 8.617
54.507 8.61
54.515 8.594
54.526 8.59
54.531 8.59
54.538 8.594
54.54 8.6
54.54 8.603
54.541 8.629
54.545 8.641
54.551 8.644
54.551 8.657
54.553 8.661
54.554 8.672
54.557 8.68
54.559 8.688
54.562 8.692
54.561 8.709
54.559 8.711
54.549 8.707
54.541 8.71
54.534 8.705
54.528 8.695
54.512 8.687
segment Germany
54.467 8.728
54.469 8.725
54.471 8.724
54.473 8.735
54.472 8.749
54.467 8.728
segment Germany
54.463 8.558
54.464 8.554
54.472 8.548
54.473 8.556
54.468 8.568
54.463 8.558
segment Germany
54.424 8.491
54.425 8.479
54.425 8.478
54.428 8.467
54.434 8.461
54.446 8.439
54.45 8.438
54.462 8.441
54.464 8.445
54.464 8.461
54.468 8.476
54.465 8.477
54.459 8.474
54.456 8.478
54.453 8.491
54.448 8.492
54.441 8.502
54.438 8.504
54.435 8.501
54.432 8.493
54.427 8.494
54.424 8.491
segment Germany
54.162 8.709
54.163 8.704
54.168 8.703
54.172 8.708
54.173 8.714
54.171 8.716
54.162 8.709
segment Germany
54.138 8.698
54.134 8.692
54.131 8.692
54.128 8.696
54.126 8.696
54.128 8.685
54.134 8.681
54.137 8.685
54.138 8.698
segment Germany
54.041 8.692
54.041 8.683
54.044 8.677
54.056 8.666
54.062 8.664
54.072 8.666
54.08 8.675
54.085 8.691
54.083 8.696
54.078 8.688
54.072 8.686
54.06 8.69
54.06 8.698
54.059 8.7
54.056 8.697
54.055 8.689
54.045 8.696
54.041 8.692
segment Germany
53.926 8.428
53.927 8.418
53.929 8.416
53.938 8.426
53.942 8.422
53.946 8.423
53.942 8.416
53.943 8.415
53.949 8.408
53.955 8.412
53.967 8.436
53.968 8.442
53.963 8.464
53.96 8.468
53.96 8.466
53.96 8.449
53.958 8.442
53.952 8.439
53.95 8.434
53.945 8.434
53.949 8.44
53.949 8.449
53.946 8.451
53.936 8.437
53.936 8.43
53.926 8.428
segment Germany
53.932 8.505
53.923 8.519
53.919 8.519
53.914 8.51
53.914 8.502
53.915 8.492
53.918 8.486
53.929 8.49
53.934 8.497
53.932 8.505
segment Germany
53.873 9.226
53.874 9.228
53.871 9.253
53.868 9.255
53.867 9.249
53.873 9.226
segment Germany
53.788 7.855
53.793 7.878
53.791 7.923
53.779 7.977
53.776 7.969
53.782 7.946
53.78 7.92
53.786 7.901
53.789 7.881
53.788 7.877
53.784 7.871
53.778 7.874
53.775 7.869
53.783 7.857
53.787 7.853
53.788 7.855
segment Germany
53.77 7.679
53.778 7.694
53.779 7.7
53.779 7.749
53.779 7.75
53.78 7.771
53.778 7.811
53.776 7.814
53.773 7.812
53.772 7.808
53.771 7.793
53.765 7.765
53.759 7.755
53.76 7.723
53.762 7.715
53.763 7.699
53.757 7.691
53.754 7.69
53.754 7.678
53.756 7.675
53.758 7.672
53.77 7.679
segment Germany
53.727 7.375
53.729 7.368
53.734 7.378
53.739 7.39
53.74 7.397
53.735 7.417
53.734 7.431
53.725 7.44
53.723 7.44
53.724 7.434
53.722 7.429
53.722 7.411
53.727 7.375
segment Germany
53.726 7.497
53.727 7.489
53.723 7.483
53.721 7.478
53.727 7.471
53.737 7.471
53.749 7.477
53.754 7.484
53.757 7.495
53.759 7.571
53.757 7.613
53.753 7.633
53.75 7.634
53.742 7.632
53.742 7.629
53.745 7.621
53.748 7.592
53.749 7.569
53.744 7.533
53.744 7.514
53.74 7.505
53.732 7.506
53.726 7.499
53.726 7.497
segment Germany
53.713 8.151
53.714 8.143
53.718 8.136
53.715 8.13
53.715 8.121
53.717 8.12
53.721 8.122
53.721 8.128
53.724 8.129
53.725 8.123
53.727 8.124
53.736 8.141
53.737 8.163
53.733 8.188
53.729 8.193
53.727 8.192
53.726 8.185
53.727 8.173
53.725 8.166
53.72 8.161
53.719 8.154
53.716 8.155
53.713 8.151
segment Germany
53.708 7.261
53.707 7.227
53.709 7.205
53.703 7.196
53.705 7.185
53.711 7.176
53.71 7.167
53.704 7.163
53.703 7.158
53.705 7.149
53.71 7.143
53.72 7.163
53.725 7.185
53.727 7.202
53.726 7.229
53.726 7.231
53.727 7.286
53.729 7.297
53.729 7.339
53.727 7.344
53.724 7.345
53.72 7.34
53.716 7.31
53.71 7.292
53.708 7.261
segment Germany
53.706 9.51
53.694 9.527
53.689 9.531
53.67 9.532
53.669 9.529
53.704 9.507
53.706 9.51
segment Germany
53.667 6.893
53.667 6.885
53.67 6.879
53.674 6.879
53.675 6.881
53.676 6.889
53.677 6.898
53.681 6.963
53.684 6.98
53.686 7.003
53.687 7.033
53.685 7.043
53.688 7.076
53.687 7.086
53.681 7.091
53.678 7.057
53.679 7.036
53.677 7.027
53.676 6.987
53.673 6.981
53.674 6.969
53.667 6.909
53.667 6.893
segment Germany
53.626 6.899
53.628 6.884
53.632 6.876
53.635 6.872
53.649 6.871
53.65 6.879
53.655 6.884
53.656 6.889
53.656 6.896
53.649 6.911
53.65 6.919
53.649 6.926
53.647 6.929
53.638 6.913
53.631 6.909
53.633 6.903
53.631 6.901
53.626 6.905
53.626 6.899
segment Germany
53.594 6.858
53.595 6.856
53.6 6.857
53.604 6.869
53.603 6.873
53.601 6.875
53.597 6.872
53.598 6.866
53.594 6.858
segment Germany
53.592 9.594
53.601 9.579
53.604 9.58
53.599 9.595
53.589 9.61
53.587 9.607
53.592 9.594
segment Germany
53.565 9.698
53.56 9.741
53.561 9.771
53.558 9.784
53.555 9.788
53.553 9.785
53.556 9.776
53.555 9.76
53.561 9.699
53.565 9.674
53.568 9.675
53.565 9.698
segment Germany
54.549 13.117
54.549 13.125
54.544 13.126
54.542 13.118
54.549 13.117
segment Germany
54.552 13.357
54.553 13.361
54.56 13.371
54.561 13.377
54.559 13.38
54.553 13.377
54.539 13.393
54.539 13.396
54.535 13.403
54.522 13.417
54.519 13.419
54.511 13.409
54.507 13.409
54.504 13.414
54.501 13.413
54.496 13.417
54.493 13.422
54.491 13.442
54.488 13.446
54.477 13.451
54.474 13.452
54.475 13.455
54.481 13.46
54.486 13.478
54.486 13.487
54.483 13.5
54.485 13.507
54.491 13.502
54.501 13.509
54.506 13.508
54.514 13.516
54.528 13.511
54.531 13.515
54.537 13.507
54.547 13.505
54.55 13.503
54.551 13.498
54.559 13.495
54.561 13.499
54.559 13.503
54.56 13.509
54.563 13.513
54.567 13.512
54.565 13.494
54.559 13.488
54.555 13.494
54.554 13.492
54.556 13.475
54.555 13.462
54.553 13.451
54.554 13.444
54.571 13.425
54.572 13.422
54.574 13.407
54.574 13.4
54.582 13.386
54.591 13.388
54.597 13.385
54.608 13.375
54.615 13.372
54.612 13.363
54.612 13.358
54.604 13.353
54.598 13.344
54.597 13.333
54.592 13.329
54.584 13.335
54.58 13.324
54.58 13.314
54.575 13.309
54.573 13.307
54.573 13.295
54.566 13.279
54.563 13.253
54.559 13.245
54.563 13.244
54.577 13.253
54.594 13.26
54.612 13.281
54.621 13.283
54.63 13.289
54.635 13.287
54.646 13.283
54.644 13.266
54.637 13.253
54.632 13.239
54.624 13.228
54.612 13.23
54.598 13.238
54.596 13.237
54.595 13.232
54.588 13.227
54.587 13.218
54.581 13.21
54.581 13.205
54.574 13.196
54.573 13.19
54.57 13.183
54.567 13.177
54.561 13.175
54.559 13.164
54.561 13.162
54.567 13.161
54.572 13.166
54.58 13.189
54.588 13.205
54.598 13.218
54.607 13.225
54.612 13.226
54.637 13.219
54.647 13.232
54.653 13.239
54.661 13.255
54.673 13.287
54.675 13.297
54.674 13.337
54.682 13.375
54.684 13.43
54.684 13.432
54.675 13.442
54.674 13.435
54.672 13.434
54.665 13.435
54.659 13.43
54.656 13.422
54.651 13.392
54.649 13.388
54.633 13.38
54.615 13.383
54.605 13.389
54.588 13.407
54.587 13.409
54.577 13.43
54.574 13.44
54.571 13.468
54.576 13.47
54.574 13.479
54.574 13.494
54.576 13.501
54.576 13.519
54.579 13.532
54.582 13.557
54.586 13.609
54.587 13.628
54.586 13.642
54.58 13.652
54.575 13.666
54.563 13.681
54.558 13.679
54.544 13.683
54.536 13.682
54.522 13.671
54.514 13.644
54.507 13.63
54.506 13.627
54.502 13.611
54.491 13.603
54.482 13.582
54.477 13.576
54.47 13.573
54.441 13.581
54.421 13.597
54.406 13.612
54.403 13.618
54.402 13.62
54.4 13.632
54.402 13.638
54.402 13.663
54.405 13.668
54.403 13.678
54.4 13.68
54.383 13.709
54.37 13.717
54.359 13.728
54.348 13.743
54.343 13.767
54.34 13.757
54.339 13.754
54.333 13.741
54.33 13.737
54.32 13.732
54.317 13.722
54.301 13.716
54.289 13.72
54.276 13.729
54.275 13.727
54.273 13.719
54.27 13.713
54.28 13.703
54.282 13.692
54.286 13.69
54.29 13.693
54.282 13.705
54.281 13.708
54.281 13.711
54.283 13.714
54.297 13.708
54.295 13.698
54.292 13.695
54.293 13.673
54.289 13.665
54.29 13.658
54.295 13.651
54.298 13.651
54.305 13.66
54.307 13.673
54.312 13.682
54.313 13.688
54.317 13.69
54.317 13.697
54.323 13.706
54.326 13.706
54.327 13.685
54.331 13.68
54.331 13.677
54.33 13.661
54.321 13.638
54.317 13.613
54.318 13.612
54.321 13.618
54.323 13.633
54.335 13.67
54.341 13.683
54.35 13.684
54.352 13.675
54.349 13.657
54.357 13.655
54.358 13.655
54.364 13.66
54.366 13.659
54.365 13.648
54.35 13.65
54.345 13.639
54.342 13.642
54.34 13.64
54.34 13.634
54.336 13.627
54.332 13.627
54.331 13.62
54.333 13.615
54.342 13.612
54.348 13.605
54.35 13.598
54.354 13.577
54.352 13.572
54.346 13.568
54.34 13.553
54.343 13.545
54.343 13.543
54.341 13.519
54.345 13.509
54.338 13.495
54.337 13.487
54.332 13.479
54.331 13.467
54.337 13.458
54.334 13.453
54.329 13.458
54.329 13.462
54.325 13.467
54.318 13.463
54.315 13.444
54.308 13.433
54.304 13.421
54.296 13.414
54.292 13.413
54.29 13.413
54.272 13.395
54.269 13.388
54.269 13.385
54.278 13.39
54.28 13.389
54.279 13.383
54.28 13.373
54.275 13.376
54.272 13.371
54.274 13.364
54.27 13.352
54.264 13.358
54.252 13.358
54.247 13.361
54.252 13.371
54.257 13.371
54.257 13.364
54.263 13.363
54.265 13.366
54.265 13.37
54.265 13.372
54.255 13.381
54.259 13.392
54.265 13.394
54.265 13.404
54.256 13.42
54.24 13.427
54.235 13.425
54.229 13.415
54.229 13.406
54.22 13.395
54.228 13.389
54.229 13.379
54.234 13.36
54.236 13.344
54.238 13.321
54.242 13.315
54.246 13.312
54.25 13.301
54.25 13.292
54.252 13.291
54.254 13.298
54.246 13.32
54.259 13.328
54.264 13.326
54.274 13.336
54.279 13.335
54.278 13.332
54.273 13.326
54.269 13.312
54.266 13.311
54.264 13.315
54.259 13.317
54.259 13.313
54.26 13.289
54.255 13.269
54.26 13.248
54.268 13.241
54.27 13.229
54.274 13.222
54.28 13.22
54.279 13.217
54.274 13.215
54.272 13.21
54.273 13.2
54.28 13.197
54.291 13.204
54.296 13.202
54.299 13.195
54.298 13.191
54.293 13.188
54.291 13.183
54.29 13.182
54.291 13.172
54.283 13.142
54.287 13.14
54.297 13.143
54.298 13.146
54.296 13.149
54.298 13.153
54.303 13.152
54.305 13.155
54.306 13.164
54.303 13.166
54.303 13.17
54.298 13.183
54.3 13.185
54.309 13.177
54.312 13.169
54.312 13.158
54.314 13.149
54.329 13.131
54.33 13.125
54.334 13.115
54.34 13.115
54.356 13.124
54.365 13.124
54.371 13.129
54.375 13.136
54.377 13.159
54.374 13.166
54.373 13.172
54.376 13.183
54.377 13.194
54.375 13.201
54.373 13.202
54.373 13.215
54.37 13.219
54.371 13.224
54.37 13.233
54.371 13.243
54.373 13.243
54.374 13.242
54.376 13.238
54.378 13.24
54.383 13.267
54.388 13.261
54.389 13.255
54.385 13.249
54.39 13.238
54.4 13.232
54.404 13.233
54.406 13.237
54.406 13.245
54.403 13.252
54.406 13.257
54.408 13.256
54.41 13.252
54.41 13.239
54.414 13.236
54.412 13.233
54.416 13.222
54.419 13.218
54.432 13.214
54.432 13.211
54.427 13.203
54.426 13.19
54.426 13.171
54.426 13.167
54.424 13.159
54.424 13.153
54.431 13.151
54.438 13.164
54.444 13.164
54.449 13.169
54.456 13.189
54.455 13.194
54.45 13.197
54.451 13.203
54.455 13.207
54.462 13.208
54.461 13.224
54.466 13.228
54.464 13.235
54.466 13.241
54.465 13.25
54.468 13.253
54.469 13.238
54.471 13.237
54.473 13.245
54.475 13.248
54.474 13.255
54.481 13.273
54.482 13.269
54.481 13.259
54.486 13.256
54.487 13.255
54.489 13.248
54.486 13.238
54.487 13.23
54.504 13.229
54.507 13.234
54.511 13.233
54.512 13.223
54.506 13.201
54.508 13.18
54.512 13.168
54.518 13.165
54.538 13.159
54.542 13.155
54.543 13.15
54.542 13.138
54.543 13.139
54.547 13.142
54.549 13.147
54.547 13.163
54.552 13.219
54.555 13.23
54.552 13.257
54.543 13.277
54.543 13.286
54.537 13.294
54.526 13.287
54.517 13.302
54.517 13.305
54.523 13.311
54.526 13.311
54.529 13.304
54.539 13.306
54.546 13.303
54.552 13.296
54.563 13.314
54.569 13.329
54.571 13.339
54.581 13.355
54.579 13.371
54.578 13.372
54.568 13.362
54.556 13.354
54.553 13.355
54.552 13.355
54.553 13.346
54.55 13.341
54.545 13.362
54.54 13.363
54.525 13.347
54.519 13.351
54.524 13.359
54.522 13.377
54.528 13.38
54.532 13.389
54.538 13.392
54.541 13.39
54.542 13.381
54.546 13.379
54.548 13.359
54.552 13.357
segment Germany
54.508 13.17
54.504 13.166
54.504 13.163
54.507 13.159
54.512 13.158
54.513 13.164
54.508 13.17
segment Germany
54.584 13.154
54.586 13.148
54.576 13.147
54.575 13.144
54.589 13.139
54.594 13.141
54.598 13.139
54.585 13.124
54.584 13.108
54.576 13.119
54.57 13.11
54.564 13.116
54.559 13.119
54.549 13.116
54.539 13.117
54.535 13.11
54.534 13.106
54.533 13.105
54.531 13.104
54.529 13.095
54.521 13.093
54.521 13.085
54.515 13.085
54.509 13.079
54.505 13.082
54.5 13.073
54.486 13.076
54.472 13.074
54.471 13.072
54.461 13.07
54.463 13.065
54.469 13.061
54.472 13.063
54.48 13.063
54.501 13.067
54.503 13.068
54.53 13.087
54.539 13.087
54.546 13.094
54.568 13.102
54.586 13.102
54.591 13.098
54.604 13.12
54.606 13.129
54.606 13.141
54.606 13.142
54.604 13.147
54.584 13.154
segment Germany
54.449 13.121
54.469 13.127
54.489 13.156
54.495 13.181
54.494 13.197
54.492 13.2
54.489 13.198
54.486 13.208
54.487 13.227
54.486 13.229
54.483 13.223
54.474 13.228
54.467 13.225
54.465 13.218
54.469 13.216
54.47 13.202
54.448 13.146
54.445 13.137
54.444 13.124
54.449 13.121
segment Germany
54.435 12.977
54.443 12.976
54.444 12.976
54.442 12.997
54.449 13.006
54.448 13.036
54.45 13.045
54.454 13.049
54.462 13.051
54.458 13.059
54.454 13.061
54.441 13.04
54.442 13.035
54.445 13.03
54.445 13.018
54.444 13.008
54.436 12.991
54.435 12.977
segment Germany
54.435 12.93
54.437 12.927
54.442 12.93
54.444 12.947
54.443 12.962
54.44 12.964
54.441 12.949
54.44 12.943
54.435 12.935
54.435 12.93
segment Germany
54.429 12.713
54.424 12.733
54.42 12.734
54.417 12.73
54.421 12.714
54.417 12.685
54.42 12.68
54.431 12.698
54.429 12.713
segment Germany
54.413 12.742
54.409 12.742
54.407 12.734
54.406 12.726
54.408 12.721
54.413 12.727
54.414 12.734
54.413 12.742
segment Germany
54.447 11.08
54.451 11.078
54.453 11.071
54.452 11.061
54.446 11.055
54.448 11.051
54.447 11.039
54.444 11.036
54.451 11.024
54.451 11.02
54.45 11.018
54.444 11.028
54.44 11.029
54.439 11.038
54.432 11.046
54.432 11.039
54.442 11.014
54.445 11.01
54.47 11.012
54.482 11.014
54.491 11.018
54.51 11.032
54.511 11.035
54.514 11.039
54.52 11.041
54.524 11.045
54.536 11.069
54.532 11.108
54.527 11.15
54.524 11.175
54.518 11.189
54.513 11.196
54.506 11.222
54.506 11.229
54.497 11.245
54.474 11.256
54.465 11.272
54.46 11.274
54.458 11.279
54.449 11.282
54.444 11.287
54.441 11.289
54.436 11.297
54.431 11.302
54.422 11.304
54.419 11.308
54.414 11.31
54.41 11.316
54.403 11.315
54.406 11.285
54.412 11.253
54.415 11.228
54.409 11.199
54.412 11.197
54.414 11.199
54.413 11.206
54.413 11.21
54.419 11.213
54.419 11.206
54.422 11.194
54.42 11.187
54.42 11.178
54.415 11.172
54.412 11.173
54.408 11.183
54.41 11.189
54.403 11.182
54.402 11.173
54.404 11.123
54.407 11.118
54.411 11.102
54.416 11.099
54.419 11.101
54.424 11.098
54.427 11.101
54.431 11.105
54.437 11.104
54.437 11.093
54.44 11.088
54.442 11.101
54.447 11.098
54.446 11.094
54.449 11.09
54.45 11.083
54.447 11.08
segment Germany
54.312 13.523
54.316 13.519
54.319 13.525
54.326 13.532
54.333 13.543
54.333 13.547
54.33 13.545
54.325 13.549
54.324 13.539
54.319 13.531
54.31 13.527
54.312 13.523
segment Germany
54.31 13.113
54.314 13.114
54.314 13.122
54.309 13.13
54.304 13.124
54.304 13.119
54.31 13.113
segment Germany
54.241 13.917
54.242 13.913
54.246 13.913
54.251 13.923
54.251 13.928
54.248 13.928
54.247 13.923
54.241 13.917
segment Germany
54.191 13.772
54.207 13.77
54.211 13.774
54.207 13.779
54.203 13.775
54.193 13.775
54.191 13.772
segment Germany
54.169 13.406
54.18 13.398
54.176 13.415
54.167 13.425
54.165 13.421
54.16 13.417
54.168 13.413
54.169 13.406
segment Germany
54.025 11.488
54.032 11.497
54.03 11.502
54.023 11.498
54.025 11.488
segment Germany
54 11.485
53.999 11.482
53.982 11.483
53.978 11.476
53.971 11.472
53.957 11.457
53.957 11.453
53.959 11.448
53.966 11.445
53.975 11.45
53.997 11.447
53.984 11.432
53.966 11.431
53.962 11.435
53.961 11.429
53.963 11.422
53.968 11.416
53.969 11.406
53.974 11.398
53.971 11.394
53.968 11.399
53.966 11.409
53.964 11.41
53.963 11.4
53.965 11.394
53.974 11.384
53.977 11.381
53.985 11.379
53.992 11.38
53.999 11.385
54.008 11.406
54.012 11.421
54.022 11.449
54.025 11.474
54.022 11.493
54.016 11.5
54.01 11.497
54.007 11.498
54.001 11.494
54 11.485
segment Germany
53.865 14.213
53.866 14.204
53.869 14.199
53.871 14.186
53.87 14.157
53.869 14.125
53.867 14.117
53.873 14.088
53.871 14.079
53.867 14.065
53.873 14.045
53.873 14.038
53.867 14.023
53.867 14.017
53.855 14.005
53.853 13.996
53.847 13.992
53.849 13.982
53.848 13.973
53.842 13.938
53.844 13.93
53.848 13.928
53.847 13.945
53.851 13.951
53.856 13.955
53.862 13.953
53.865 13.947
53.866 13.936
53.871 13.931
53.871 13.929
53.86 13.927
53.851 13.92
53.845 13.919
53.842 13.909
53.839 13.894
53.84 13.886
53.838 13.884
53.839 13.882
53.841 13.877
53.843 13.862
53.848 13.853
53.849 13.848
53.85 13.829
53.855 13.824
53.859 13.83
53.869 13.835
53.87 13.839
53.87 13.858
53.875 13.874
53.875 13.89
53.878 13.898
53.884 13.904
53.886 13.916
53.89 13.925
53.898 13.931
53.901 13.933
53.907 13.932
53.911 13.937
53.924 13.93
53.935 13.932
53.95 13.923
53.96 13.901
53.964 13.898
53.972 13.898
53.984 13.904
53.991 13.913
53.989 13.933
53.993 13.944
53.992 13.946
53.991 13.961
53.989 13.964
53.982 13.967
53.972 13.962
53.97 13.973
53.959 13.954
53.951 13.959
53.944 13.953
53.933 13.955
53.933 13.962
53.939 13.961
53.95 13.971
53.956 13.966
53.957 13.969
53.961 13.985
53.959 13.99
53.96 13.992
53.961 13.998
53.959 14.007
53.961 14.017
53.961 14.024
53.958 14.023
53.954 14.011
53.951 14.009
53.945 14.016
53.939 14.039
53.941 14.043
53.947 14.041
53.947 14.035
53.952 14.035
53.962 14.045
53.969 14.042
53.981 14.048
53.989 14.045
53.994 14.048
54 14.045
54.001 14.044
54.002 14.041
54.014 14.04
54.018 14.033
54.019 14.024
54.022 14.02
54.022 14.016
54.018 14.016
54.012 14.012
54.012 14.005
54.026 14.002
54.029 13.999
54.032 14.003
54.036 13.999
54.042 13.998
54.058 13.978
54.061 13.979
54.063 13.972
54.058 13.966
54.059 13.95
54.061 13.946
54.062 13.946
54.061 13.936
54.062 13.918
54.044 13.915
54.044 13.919
54.039 13.925
54.034 13.926
54.024 13.912
54.011 13.902
54.011 13.889
54.009 13.885
54.009 13.877
54.007 13.874
54.007 13.868
54.004 13.864
53.999 13.864
54 13.857
54.005 13.854
54.011 13.853
54.014 13.857
54.027 13.869
54.032 13.867
54.035 13.873
54.03 13.876
54.035 13.882
54.047 13.881
54.053 13.885
54.058 13.904
54.06 13.904
54.06 13.897
54.055 13.879
54.053 13.876
54.04 13.876
54.04 13.874
54.043 13.872
54.046 13.867
54.047 13.859
54.046 13.85
54.042 13.849
54.041 13.845
54.037 13.824
54.033 13.82
54.03 13.813
54.018 13.804
54.018 13.792
54.015 13.786
54.019 13.779
54.018 13.773
54.026 13.768
54.038 13.775
54.038 13.783
54.05 13.793
54.055 13.792
54.06 13.8
54.072 13.805
54.076 13.809
54.081 13.813
54.087 13.812
54.094 13.817
54.108 13.811
54.109 13.806
54.111 13.795
54.118 13.787
54.121 13.779
54.13 13.778
54.138 13.768
54.135 13.763
54.137 13.759
54.145 13.757
54.148 13.753
54.157 13.754
54.164 13.759
54.171 13.775
54.171 13.776
54.174 13.802
54.172 13.808
54.167 13.815
54.137 13.833
54.121 13.846
54.107 13.866
54.105 13.871
54.098 13.877
54.087 13.906
54.08 13.923
54.076 13.941
54.072 13.949
54.063 13.993
54.055 14.015
54.015 14.074
54.009 14.082
54.002 14.098
53.98 14.134
53.944 14.183
53.927 14.224
53.916 14.207
53.915 14.183
53.91 14.196
53.902 14.209
53.894 14.213
53.885 14.213
53.865 14.213
segment Germany
54.416 8.824
54.411 8.842
54.41 8.851
54.406 8.855
54.409 8.87
54.417 8.898
54.422 8.908
54.429 8.92
54.43 8.926
54.434 8.929
54.449 8.954
54.453 8.956
54.456 8.952
54.461 8.962
54.463 8.974
54.462 8.983
54.468 9.01
54.477 9.017
54.477 9.023
54.474 9.029
54.474 9.041
54.477 9.05
54.478 9.03
54.478 9.029
54.483 9.01
54.485 9.01
54.486 9.018
54.49 9.021
54.497 9.018
54.504 9.011
54.51 9.002
54.524 8.991
54.523 8.981
54.519 8.971
54.515 8.967
54.497 8.96
54.495 8.946
54.488 8.945
54.484 8.94
54.477 8.937
54.477 8.936
54.472 8.931
54.472 8.927
54.468 8.92
54.464 8.897
54.464 8.845
54.467 8.842
54.467 8.829
54.475 8.813
54.478 8.812
54.487 8.823
54.491 8.822
54.496 8.814
54.502 8.811
54.506 8.813
54.511 8.822
54.512 8.826
54.515 8.845
54.53 8.869
54.526 8.892
54.526 8.899
54.53 8.902
54.532 8.915
54.531 8.925
54.529 8.956
54.526 8.96
54.532 8.975
54.535 8.976
54.539 8.974
54.544 8.965
54.548 8.951
54.549 8.95
54.551 8.949
54.557 8.934
54.563 8.931
54.563 8.922
54.567 8.908
54.574 8.9
54.577 8.905
54.582 8.903
54.588 8.891
54.592 8.896
54.595 8.891
54.606 8.882
54.606 8.877
54.604 8.875
54.604 8.859
54.602 8.852
54.602 8.84
54.607 8.836
54.599 8.823
54.601 8.82
54.603 8.815
54.607 8.814
54.607 8.821
54.609 8.827
54.609 8.833
54.618 8.844
54.619 8.85
54.621 8.852
54.628 8.846
54.627 8.84
54.64 8.836
54.645 8.831
54.648 8.832
54.656 8.823
54.662 8.82
54.665 8.814
54.668 8.799
54.677 8.774
54.685 8.761
54.694 8.755
54.71 8.757
54.715 8.754
54.716 8.747
54.719 8.738
54.72 8.733
54.725 8.727
54.725 8.717
54.691 8.716
54.689 8.718
54.677 8.711
54.675 8.692
54.677 8.69
54.675 8.68
54.674 8.675
54.668 8.669
54.664 8.67
54.65 8.662
54.644 8.651
54.641 8.628
54.638 8.616
54.638 8.609
54.641 8.599
54.64 8.591
54.623 8.55
54.63 8.534
54.635 8.533
54.639 8.54
54.641 8.544
54.641 8.56
54.646 8.6
54.656 8.645
54.663 8.653
54.663 8.659
54.678 8.674
54.679 8.686
54.682 8.696
54.689 8.704
54.691 8.711
54.697 8.713
54.727 8.712
54.73 8.696
54.732 8.695
54.736 8.698
54.739 8.706
54.742 8.717
54.747 8.712
54.758 8.708
54.764 8.699
54.772 8.7
54.784 8.694
54.79 8.685
54.795 8.682
54.798 8.672
54.8 8.662
54.809 8.659
54.826 8.644
54.844 8.612
54.855 8.612
54.878 8.617
54.884 8.612
54.886 8.607
54.885 8.572
54.883 8.508
54.863 8.456
54.861 8.445
54.857 8.436
54.857 8.427
54.853 8.426
54.851 8.421
54.85 8.414
54.852 8.401
54.861 8.38
54.862 8.377
54.869 8.369
54.878 8.365
54.879 8.346
54.882 8.342
54.878 8.337
54.872 8.334
54.868 8.335
54.864 8.327
54.863 8.311
54.86 8.306
54.843 8.296
54.836 8.297
54.829 8.294
54.82 8.299
54.812 8.297
54.807 8.299
54.806 8.298
54.802 8.295
54.79 8.294
54.783 8.296
54.782 8.301
54.769 8.301
54.762 8.296
54.761 8.296
54.753 8.296
54.746 8.299
54.741 8.297
54.74 8.293
54.747 8.282
54.762 8.278
54.781 8.281
54.793 8.282
54.895 8.29
54.918 8.299
54.921 8.3
54.962 8.328
55 8.358
55.012 8.367
55.027 8.376
55.033 8.382
55.035 8.384
55.046 8.39
55.054 8.402
55.056 8.418
55.055 8.427
55.051 8.437
55.048 8.463
55.045 8.466
55.043 8.45
55.044 8.444
55.049 8.437
55.047 8.402
55.045 8.398
55.037 8.4
55.035 8.404
55.036 8.418
55.036 8.419
55.034 8.423
55.026 8.435
55.025 8.441
55.018 8.442
55.009 8.417
55.006 8.411
55.005 8.394
55.002 8.388
55 8.387
54.999 8.386
54.99 8.371
54.969 8.353
54.962 8.359
54.952 8.357
54.946 8.363
54.944 8.362
54.935 8.36
54.91 8.363
54.899 8.373
54.895 8.379
54.88 8.43
54.88 8.486
54.884 8.498
54.886 8.503
54.888 8.514
54.893 8.641
54.896 8.645
54.899 8.644
54.904 8.645
54.909 8.652
54.91 8.651
54.914 8.682
54.912 8.698
54.897 8.729
54.897 8.755
54.9 8.758
54.914 8.769
54.915 8.794
54.914 8.818
54.911 8.827
54.902 8.834
54.893 8.849
54.897 8.865
54.901 8.872
54.904 8.891
54.904 8.917
54.902 8.937
54.897 8.982
54.887 9.003
54.879 9.029
54.875 9.09
54.875 9.12
54.874 9.143
54.873 9.155
54.855 9.219
54.835 9.257
54.819 9.276
54.805 9.275
54.801 9.29
54.802 9.297
54.81 9.304
54.805 9.349
54.815 9.364
54.836 9.382
54.841 9.405
54.847 9.472
54.842 9.464
54.84 9.45
54.835 9.434
54.832 9.423
54.821 9.43
54.816 9.433
54.811 9.44
54.806 9.432
54.796 9.438
54.797 9.44
54.806 9.442
54.812 9.456
54.823 9.463
54.826 9.47
54.827 9.492
54.826 9.497
54.827 9.503
54.835 9.513
54.842 9.52
54.841 9.528
54.851 9.543
54.853 9.55
54.855 9.561
54.859 9.571
54.866 9.578
54.866 9.584
54.87 9.589
54.878 9.59
54.879 9.595
54.877 9.61
54.879 9.614
54.878 9.618
54.871 9.604
54.863 9.597
54.852 9.592
54.845 9.597
54.833 9.61
54.833 9.618
54.835 9.628
54.834 9.631
54.824 9.655
54.826 9.66
54.826 9.666
54.823 9.672
54.822 9.684
54.813 9.713
54.812 9.725
54.805 9.766
54.801 9.77
54.799 9.776
54.801 9.787
54.8 9.796
54.791 9.799
54.785 9.807
54.763 9.838
54.759 9.854
54.757 9.875
54.766 9.881
54.776 9.896
54.772 9.898
54.771 9.902
54.767 9.906
54.774 9.908
54.777 9.907
54.778 9.904
54.788 9.907
54.796 9.904
54.802 9.909
54.8 9.916
54.796 9.929
54.782 9.96
54.768 9.97
54.764 9.976
54.732 9.984
54.723 9.991
54.716 10
54.703 10.019
54.699 10.025
54.693 10.036
54.684 10.038
54.676 10.035
54.687 10.024
54.692 10.029
54.691 10.022
54.694 10.021
54.695 10.017
54.691 10.011
54.69 10.003
54.689 10
54.687 9.996
54.687 9.991
54.689 9.99
54.692 9.994
54.699 9.992
54.703 9.995
54.705 9.992
54.705 9.986
54.696 9.977
54.69 9.982
54.686 9.979
54.687 9.97
54.685 9.967
54.682 9.96
54.679 9.961
54.678 9.974
54.674 9.99
54.67 9.991
54.67 9.996
54.675 10
54.676 10.001
54.677 10.004
54.664 10.011
54.663 10.014
54.661 10.023
54.663 10.028
54.66 10.034
54.645 10.032
54.626 10.034
54.607 10.029
54.553 10.029
54.55 10.025
54.546 10.015
54.543 10.013
54.53 10.005
54.526 10
54.519 9.99
54.508 9.97
54.507 9.963
54.497 9.94
54.489 9.907
54.481 9.887
54.479 9.875
54.476 9.868
54.476 9.864
54.48 9.857
54.479 9.848
54.479 9.843
54.472 9.842
54.464 9.847
54.456 9.856
54.453 9.864
54.451 9.871
54.452 9.881
54.455 9.895
54.454 9.907
54.456 9.918
54.46 9.924
54.465 9.928
54.465 9.932
54.471 9.971
54.473 10
54.473 10.002
54.475 10.008
54.476 10.012
54.481 10.063
54.483 10.071
54.482 10.088
54.487 10.116
54.487 10.135
54.473 10.167
54.461 10.188
54.458 10.2
54.456 10.199
54.45 10.196
54.45 10.188
54.44 10.178
54.435 10.169
54.42 10.181
54.411 10.191
54.403 10.193
54.397 10.19
54.391 10.19
54.392 10.18
54.392 10.174
54.387 10.164
54.384 10.163
54.379 10.169
54.377 10.161
54.371 10.155
54.37 10.149
54.371 10.138
54.367 10.133
54.365 10.143
54.363 10.144
54.357 10.138
54.353 10.142
54.352 10.148
54.341 10.154
54.336 10.152
54.319 10.131
54.316 10.132
54.316 10.136
54.326 10.152
54.326 10.158
54.334 10.171
54.336 10.176
54.342 10.173
54.35 10.174
54.358 10.181
54.362 10.18
54.364 10.182
54.368 10.196
54.376 10.192
54.379 10.195
54.388 10.209
54.399 10.212
54.402 10.219
54.406 10.219
54.409 10.221
54.416 10.231
54.417 10.244
54.421 10.287
54.424 10.294
54.425 10.287
54.427 10.286
54.436 10.307
54.437 10.34
54.427 10.393
54.422 10.407
54.414 10.422
54.402 10.457
54.396 10.466
54.389 10.492
54.387 10.513
54.38 10.552
54.371 10.577
54.368 10.594
54.361 10.616
54.359 10.62
54.35 10.641
54.345 10.647
54.334 10.655
54.327 10.668
54.323 10.681
54.32 10.685
54.317 10.683
54.313 10.687
54.308 10.699
54.306 10.711
54.308 10.721
54.311 10.733
54.311 10.746
54.309 10.755
54.308 10.771
54.311 10.785
54.322 10.813
54.334 10.838
54.343 10.849
54.352 10.866
54.358 10.873
54.365 10.89
54.366 10.902
54.369 10.912
54.384 10.934
54.385 10.945
54.387 10.954
54.385 10.961
54.385 10.976
54.383 10.984
54.382 11.026
54.378 11.025
54.379 11.021
54.377 11.014
54.379 11.011
54.378 10.998
54.381 10.99
54.382 10.965
54.382 10.96
54.378 10.962
54.376 10.989
54.371 10.999
54.371 11.006
54.374 11.011
54.37 11.02
54.37 11.03
54.372 11.044
54.377 11.064
54.378 11.078
54.393 11.096
54.396 11.107
54.396 11.113
54.392 11.115
54.392 11.121
54.394 11.123
54.393 11.13
54.39 11.136
54.387 11.136
54.374 11.128
54.368 11.113
54.362 11.103
54.358 11.092
54.353 11.088
54.356 11.085
54.36 11.07
54.354 11.063
54.345 11.068
54.346 11.077
54.33 11.078
54.308 11.079
54.279 11.089
54.252 11.085
54.234 11.092
54.2 11.1
54.195 11.095
54.195 11.081
54.186 11.065
54.175 11.051
54.174 11.049
54.168 11.03
54.149 10.985
54.145 10.97
54.136 10.953
54.117 10.929
54.103 10.906
54.095 10.897
54.092 10.891
54.085 10.878
54.084 10.871
54.088 10.859
54.087 10.835
54.092 10.82
54.096 10.82
54.097 10.805
54.092 10.807
54.081 10.803
54.073 10.794
54.057 10.763
54.053 10.759
54.043 10.757
54.038 10.756
54.018 10.768
53.998 10.791
53.993 10.804
53.993 10.813
53.996 10.819
53.995 10.828
53.992 10.839
53.993 10.867
53.99 10.879
53.985 10.885
53.979 10.89
53.972 10.89
53.966 10.887
53.961 10.889
53.96 10.883
53.955 10.872
53.954 10.865
53.947 10.864
53.931 10.87
53.924 10.868
53.919 10.871
53.918 10.867
53.914 10.865
53.905 10.845
53.901 10.838
53.895 10.818
53.898 10.782
53.894 10.774
53.891 10.776
53.893 10.807
53.887 10.811
53.886 10.813
53.889 10.822
53.893 10.824
53.894 10.835
53.897 10.843
53.897 10.852
53.905 10.856
53.905 10.862
53.91 10.866
53.911 10.871
53.914 10.874
53.914 10.879
53.917 10.882
53.922 10.884
53.925 10.89
53.918 10.898
53.915 10.912
53.916 10.916
53.913 10.917
53.906 10.908
53.901 10.91
53.897 10.915
53.898 10.922
53.9 10.925
53.9 10.931
53.901 10.935
53.901 10.937
53.9 10.942
53.904 10.949
53.904 10.956
53.91 10.962
53.907 10.972
53.911 10.972
53.914 10.968
53.913 10.956
53.919 10.943
53.918 10.935
53.922 10.93
53.924 10.919
53.923 10.902
53.934 10.902
53.94 10.905
53.945 10.914
53.95 10.913
53.952 10.911
53.951 10.895
53.949 10.892
53.948 10.887
53.945 10.888
53.94 10.873
53.948 10.869
53.951 10.871
53.958 10.891
53.956 10.898
53.957 10.909
53.966 10.939
53.988 10.985
53.997 11.022
54.003 11.036
54.008 11.058
54.008 11.079
54.013 11.091
54.013 11.103
54.01 11.119
54.011 11.137
54.009 11.143
54.014 11.178
54.013 11.188
54.01 11.194
53.994 11.203
53.989 11.208
53.983 11.22
53.981 11.235
53.98 11.241
53.986 11.253
53.986 11.259
53.983 11.263
53.974 11.261
53.97 11.25
53.955 11.247
53.951 11.246
53.939 11.252
53.935 11.258
53.93 11.276
53.93 11.287
53.932 11.295
53.943 11.32
53.952 11.327
53.958 11.332
53.958 11.341
53.941 11.356
53.934 11.372
53.938 11.392
53.935 11.41
53.926 11.405
53.921 11.409
53.915 11.418
53.911 11.436
53.907 11.44
53.902 11.438
53.9 11.441
53.9 11.454
53.898 11.456
53.899 11.461
53.901 11.461
53.904 11.454
53.909 11.451
53.911 11.453
53.917 11.463
53.923 11.469
53.928 11.477
53.925 11.482
53.928 11.485
53.931 11.481
53.946 11.484
53.957 11.484
53.961 11.486
53.967 11.484
53.967 11.481
53.961 11.479
53.965 11.469
53.974 11.489
53.968 11.492
53.969 11.495
53.971 11.498
53.971 11.497
53.976 11.495
53.981 11.5
53.979 11.507
53.98 11.512
53.985 11.503
53.987 11.501
53.988 11.495
53.992 11.493
53.996 11.502
54.008 11.51
54.015 11.522
54.017 11.536
54.024 11.536
54.024 11.522
54.027 11.521
54.032 11.525
54.033 11.531
54.025 11.54
54.024 11.552
54.027 11.564
54.028 11.567
54.034 11.579
54.04 11.586
54.049 11.589
54.06 11.583
54.062 11.585
54.068 11.612
54.071 11.614
54.076 11.627
54.08 11.626
54.089 11.629
54.103 11.615
54.102 11.607
54.099 11.605
54.096 11.606
54.094 11.603
54.093 11.592
54.091 11.588
54.079 11.578
54.079 11.577
54.079 11.574
54.066 11.558
54.065 11.552
54.054 11.545
54.05 11.535
54.052 11.535
54.057 11.54
54.07 11.537
54.067 11.529
54.051 11.518
54.047 11.521
54.038 11.518
54.043 11.514
54.049 11.513
54.056 11.515
54.066 11.521
54.067 11.523
54.087 11.549
54.095 11.563
54.098 11.575
54.098 11.586
54.101 11.603
54.145 11.67
54.147 11.675
54.154 11.691
54.153 11.75
54.155 11.763
54.147 11.799
54.145 11.815
54.145 11.854
54.149 11.881
54.166 11.953
54.166 11.97
54.173 11.99
54.179 12.015
54.176 12.061
54.177 12.071
54.182 12.082
54.184 12.087
54.181 12.088
54.179 12.093
54.169 12.097
54.154 12.094
54.143 12.086
54.132 12.092
54.111 12.09
54.11 12.095
54.099 12.105
54.095 12.112
54.092 12.123
54.094 12.136
54.093 12.152
54.095 12.154
54.097 12.152
54.095 12.126
54.11 12.103
54.117 12.1
54.125 12.103
54.14 12.099
54.155 12.107
54.152 12.112
54.155 12.115
54.156 12.124
54.159 12.129
54.159 12.136
54.16 12.139
54.167 12.14
54.171 12.145
54.174 12.141
54.174 12.131
54.176 12.124
54.174 12.119
54.174 12.114
54.17 12.112
54.171 12.104
54.178 12.097
54.181 12.1
54.178 12.106
54.179 12.113
54.183 12.126
54.191 12.14
54.238 12.188
54.24 12.192
54.253 12.218
54.258 12.235
54.283 12.311
54.293 12.333
54.301 12.345
54.316 12.358
54.321 12.364
54.371 12.403
54.381 12.416
54.389 12.433
54.404 12.451
54.421 12.467
54.422 12.467
54.475 12.501
54.484 12.52
54.485 12.528
54.483 12.532
54.478 12.527
54.473 12.527
54.465 12.534
54.46 12.542
54.456 12.557
54.454 12.575
54.453 12.612
54.448 12.637
54.444 12.686
54.445 12.712
54.443 12.784
54.443 12.788
54.444 12.797
54.443 12.829
54.445 12.89
54.447 12.903
54.446 12.914
54.439 12.918
54.434 12.925
54.429 12.928
54.426 12.926
54.422 12.915
54.422 12.904
54.419 12.897
54.418 12.886
54.416 12.881
54.415 12.88
54.415 12.876
54.42 12.867
54.424 12.852
54.425 12.836
54.42 12.817
54.411 12.804
54.415 12.8
54.418 12.786
54.418 12.777
54.415 12.776
54.414 12.771
54.417 12.743
54.433 12.728
54.434 12.722
54.43 12.718
54.432 12.707
54.433 12.697
54.423 12.671
54.411 12.668
54.41 12.662
54.412 12.656
54.426 12.64
54.422 12.631
54.421 12.623
54.413 12.614
54.411 12.614
54.409 12.596
54.406 12.583
54.402 12.578
54.397 12.582
54.394 12.592
54.393 12.6
54.385 12.596
54.392 12.589
54.392 12.552
54.386 12.543
54.382 12.528
54.378 12.525
54.373 12.527
54.372 12.523
54.383 12.51
54.385 12.492
54.383 12.461
54.38 12.448
54.38 12.438
54.379 12.435
54.375 12.424
54.363 12.417
54.353 12.423
54.339 12.422
54.337 12.417
54.338 12.411
54.344 12.404
54.345 12.395
54.341 12.387
54.335 12.394
54.335 12.4
54.332 12.401
54.329 12.398
54.324 12.399
54.312 12.385
54.31 12.378
54.312 12.368
54.309 12.364
54.305 12.364
54.299 12.363
54.291 12.369
54.28 12.385
54.276 12.384
54.273 12.379
54.271 12.371
54.268 12.366
54.263 12.376
54.262 12.384
54.257 12.389
54.247 12.423
54.247 12.448
54.249 12.463
54.252 12.464
54.257 12.447
54.257 12.434
54.259 12.422
54.271 12.414
54.278 12.415
54.288 12.42
54.293 12.432
54.298 12.442
54.299 12.46
54.305 12.479
54.309 12.478
54.312 12.484
54.314 12.48
54.324 12.474
54.332 12.478
54.332 12.496
54.335 12.502
54.337 12.517
54.336 12.525
54.337 12.53
54.344 12.542
54.349 12.537
54.353 12.541
54.36 12.555
54.361 12.554
54.362 12.553
54.365 12.538
54.369 12.54
54.371 12.553
54.374 12.558
54.379 12.553
54.381 12.558
54.38 12.56
54.374 12.565
54.373 12.574
54.375 12.579
54.374 12.583
54.365 12.576
54.362 12.577
54.359 12.583
54.359 12.59
54.363 12.6
54.368 12.604
54.373 12.601
54.374 12.621
54.379 12.631
54.384 12.649
54.386 12.656
54.395 12.675
54.399 12.67
54.401 12.664
54.406 12.665
54.406 12.67
54.41 12.676
54.409 12.685
54.413 12.71
54.411 12.714
54.407 12.716
54.404 12.713
54.405 12.704
54.403 12.693
54.4 12.688
54.396 12.687
54.394 12.691
54.387 12.695
54.382 12.685
54.373 12.681
54.371 12.689
54.375 12.687
54.384 12.697
54.397 12.7
54.398 12.703
54.399 12.716
54.388 12.716
54.377 12.723
54.371 12.722
54.373 12.731
54.372 12.74
54.374 12.745
54.384 12.745
54.384 12.748
54.377 12.755
54.372 12.757
54.373 12.771
54.383 12.777
54.387 12.779
54.392 12.779
54.394 12.788
54.382 12.787
54.379 12.792
54.379 12.798
54.371 12.805
54.355 12.812
54.35 12.807
54.344 12.809
54.35 12.815
54.353 12.822
54.352 12.847
54.355 12.856
54.361 12.863
54.365 12.872
54.367 12.883
54.369 12.883
54.383 12.887
54.4 12.901
54.415 12.926
54.419 12.955
54.424 12.96
54.426 12.987
54.428 12.998
54.437 13.002
54.44 13.009
54.441 13.018
54.44 13.027
54.439 13.029
54.436 13.034
54.429 13.037
54.427 13.035
54.424 13.026
54.416 13.023
54.41 13.023
54.403 13.028
54.399 13.026
54.394 13.034
54.392 13.041
54.388 13.041
54.383 13.047
54.381 13.062
54.384 13.072
54.384 13.079
54.381 13.084
54.37 13.094
54.366 13.095
54.353 13.08
54.351 13.079
54.346 13.076
54.336 13.079
54.318 13.093
54.317 13.1
54.312 13.107
54.304 13.113
54.3 13.112
54.299 13.109
54.297 13.108
54.284 13.106
54.273 13.125
54.271 13.133
54.27 13.146
54.27 13.153
54.28 13.168
54.276 13.172
54.271 13.179
54.269 13.178
54.268 13.174
54.269 13.161
54.263 13.151
54.26 13.144
54.254 13.144
54.254 13.149
54.259 13.155
54.261 13.164
54.266 13.166
54.265 13.177
54.267 13.188
54.26 13.194
54.258 13.202
54.254 13.209
54.251 13.218
54.249 13.218
54.244 13.213
54.239 13.221
54.239 13.242
54.239 13.247
54.241 13.262
54.239 13.265
54.237 13.284
54.233 13.292
54.201 13.31
54.195 13.319
54.185 13.327
54.183 13.333
54.18 13.347
54.178 13.349
54.177 13.342
54.174 13.344
54.172 13.335
54.167 13.33
54.162 13.319
54.16 13.32
54.16 13.321
54.167 13.343
54.165 13.351
54.167 13.357
54.17 13.363
54.17 13.37
54.176 13.378
54.176 13.386
54.17 13.396
54.169 13.405
54.164 13.41
54.162 13.409
54.158 13.401
54.158 13.397
54.151 13.384
54.141 13.386
54.144 13.398
54.155 13.41
54.156 13.414
54.149 13.412
54.148 13.412
54.141 13.424
54.13 13.437
54.119 13.443
54.111 13.444
54.1 13.451
54.096 13.456
54.092 13.455
54.088 13.46
54.083 13.49
54.083 13.499
54.085 13.503
54.09 13.503
54.099 13.489
54.108 13.486
54.116 13.477
54.125 13.496
54.13 13.53
54.129 13.556
54.137 13.616
54.14 13.628
54.142 13.636
54.157 13.664
54.16 13.674
54.172 13.698
54.172 13.708
54.164 13.724
54.159 13.713
54.157 13.698
54.154 13.697
54.15 13.698
54.144 13.723
54.14 13.73
54.137 13.732
54.136 13.738
54.136 13.741
54.139 13.752
54.138 13.754
54.133 13.754
54.128 13.764
54.123 13.757
54.12 13.758
54.118 13.769
54.107 13.782
54.106 13.798
54.103 13.803
54.096 13.805
54.091 13.804
54.087 13.798
54.065 13.794
54.059 13.778
54.056 13.781
54.055 13.786
54.051 13.786
54.049 13.787
54.035 13.765
54.033 13.753
54.028 13.746
54.025 13.753
54.028 13.76
54.014 13.766
53.993 13.799
53.993 13.814
53.987 13.822
53.985 13.831
53.965 13.855
53.961 13.857
53.954 13.853
53.95 13.859
53.949 13.866
53.951 13.875
53.95 13.882
53.945 13.888
53.942 13.896
53.935 13.902
53.928 13.912
53.92 13.916
53.913 13.909
53.909 13.902
53.91 13.893
53.908 13.886
53.906 13.882
53.896 13.862
53.883 13.85
53.878 13.851
53.877 13.849
53.877 13.829
53.873 13.824
53.864 13.826
53.862 13.818
53.858 13.811
53.854 13.812
53.853 13.815
53.85 13.818
53.845 13.818
53.841 13.823
53.843 13.831
53.841 13.855
53.832 13.87
53.82 13.876
53.815 13.886
53.803 13.902
53.802 13.908
53.805 13.915
53.798 13.923
53.797 13.931
53.786 13.946
53.773 13.969
53.762 14.021
53.756 14.032
53.754 14.038
53.751 14.052
53.753 14.061
53.752 14.067
53.749 14.071
53.744 14.078
53.742 14.091
53.737 14.103
53.737 14.117
53.736 14.122
53.736 14.132
53.739 14.147
53.739 14.17
53.734 14.175
53.732 14.182
53.737 14.192
53.741 14.197
53.751 14.22
53.76 14.23
53.758 14.244
53.757 14.249
53.755 14.257
53.748 14.265
53.737 14.271
53.728 14.264
53.725 14.258
53.717 14.25
53.709 14.229
53.709 14.222
53.707 14.218
53.699 14.216
53.692 14.244
53.692 14.254
53.695 14.262
53.697 14.269
53.674 14.284
53.667 14.271
53.663 14.275
53.662 14.279
53.657 14.284
53.634 14.284
53.619 14.309
53.613 14.314
53.604 14.316
53.586 14.314
53.571 14.312
53.564 14.316
53.552 14.304
53.545 14.305
53.535 14.317
53.529 14.319
53.523 14.316
53.503 14.328
53.5 14.333
53.497 14.347
53.49 14.352
53.485 14.351
53.474 14.353
53.461 14.357
53.454 14.361
53.453 14.367
53.449 14.372
53.425 14.368
53.413 14.372
53.407 14.374
53.38 14.392
53.369 14.395
53.355 14.392
53.346 14.406
53.335 14.407
53.327 14.413
53.311 14.406
53.304 14.414
53.283 14.415
53.281 14.418
53.278 14.427
53.276 14.442
53.27 14.448
53.264 14.451
53.253 14.437
53.247 14.433
53.244 14.434
53.227 14.411
53.214 14.406
53.211 14.403
53.21 14.399
53.207 14.384
53.202 14.378
53.173 14.367
53.16 14.372
53.146 14.386
53.142 14.387
53.113 14.378
53.107 14.371
53.104 14.373
53.099 14.369
53.093 14.37
53.08 14.365
53.075 14.36
53.063 14.355
53.056 14.346
53.052 14.342
53.043 14.323
53.028 14.301
53.004 14.255
52.998 14.247
52.988 14.208
52.979 14.184
52.977 14.178
52.967 14.168
52.963 14.148
52.957 14.143
52.938 14.145
52.918 14.152
52.906 14.154
52.89 14.163
52.876 14.159
52.87 14.152
52.848 14.127
52.841 14.123
52.831 14.13
52.827 14.138
52.818 14.214
52.811 14.225
52.776 14.278
52.754 14.351
52.745 14.358
52.736 14.376
52.732 14.379
52.729 14.382
52.709 14.41
52.702 14.415
52.694 14.428
52.688 14.43
52.681 14.437
52.678 14.452
52.673 14.459
52.664 14.462
52.66 14.469
52.656 14.481
52.641 14.511
52.639 14.515
52.636 14.526
52.635 14.538
52.628 14.55
52.621 14.574
52.616 14.58
52.609 14.599
52.596 14.609
52.589 14.611
52.58 14.624
52.577 14.638
52.564 14.63
52.557 14.617
52.532 14.603
52.515 14.61
52.511 14.614
52.505 14.626
52.501 14.629
52.477 14.613
52.466 14.609
52.46 14.603
52.439 14.576
52.438 14.561
52.435 14.552
52.43 14.547
52.42 14.544
52.413 14.545
52.397 14.534
52.391 14.534
52.379 14.549
52.373 14.552
52.368 14.55
52.352 14.55
52.345 14.557
52.338 14.561
52.329 14.561
52.32 14.572
52.31 14.581
52.304 14.584
52.295 14.569
52.283 14.586
52.274 14.599
52.273 14.612
52.274 14.618
52.269 14.627
52.264 14.642
52.262 14.666
52.259 14.675
52.258 14.691
52.254 14.697
52.244 14.704
52.241 14.708
52.228 14.713
52.215 14.708
52.209 14.703
52.204 14.69
52.197 14.684
52.193 14.685
52.188 14.693
52.181 14.701
52.174 14.704
52.169 14.703
52.163 14.7
52.148 14.68
52.118 14.683
52.112 14.685
52.105 14.69
52.102 14.697
52.098 14.719
52.093 14.734
52.086 14.742
52.076 14.75
52.074 14.755
52.069 14.757
52.064 14.754
52.06 14.747
52.056 14.744
52.047 14.747
52.044 14.748
52.035 14.746
52.032 14.74
52.025 14.739
52.018 14.727
52.012 14.723
52.007 14.713
51.997 14.72
51.985 14.715
51.979 14.707
51.969 14.701
51.96 14.711
51.957 14.717
51.953 14.719
51.947 14.717
51.94 14.711
51.933 14.703
51.924 14.703
51.919 14.7
51.901 14.69
51.898 14.678
51.89 14.668
51.89 14.661
51.883 14.651
51.875 14.65
51.868 14.641
51.865 14.632
51.861 14.628
51.856 14.61
51.853 14.607
51.85 14.607
51.843 14.6
51.837 14.588
51.83 14.59
51.827 14.588
51.824 14.586
51.82 14.594
51.814 14.598
51.807 14.599
51.805 14.612
51.802 14.616
51.801 14.632
51.797 14.638
51.796 14.643
51.785 14.651
51.769 14.653
51.762 14.65
51.753 14.652
51.751 14.657
51.742 14.656
51.739 14.659
51.733 14.658
51.723 14.675
51.718 14.677
51.712 14.685
51.708 14.692
51.698 14.71
51.69 14.722
51.687 14.736
51.683 14.739
51.679 14.737
51.677 14.738
51.671 14.747
51.661 14.753
51.65 14.752
51.642 14.757
51.63 14.753
51.628 14.754
51.623 14.761
51.617 14.764
51.604 14.762
51.599 14.752
51.595 14.749
51.592 14.742
51.582 14.728
51.562 14.71
51.558 14.712
51.551 14.724
51.55 14.726
51.546 14.728
51.535 14.727
51.526 14.736
51.524 14.745
51.522 14.759
51.519 14.768
51.519 14.792
51.516 14.799
51.508 14.805
51.507 14.813
51.508 14.817
51.507 14.824
51.506 14.826
51.501 14.833
51.491 14.841
51.49 14.845
51.49 14.864
51.485 14.872
51.488 14.886
51.484 14.891
51.483 14.898
51.484 14.903
51.481 14.92
51.473 14.927
51.473 14.939
51.464 14.952
51.456 14.956
51.453 14.962
51.442 14.968
51.441 14.969
51.435 14.97
51.432 14.964
51.428 14.96
51.426 14.963
51.42 14.964
51.408 14.959
51.4 14.968
51.395 14.958
51.392 14.963
51.377 14.971
51.375 14.977
51.371 14.978
51.365 14.972
51.363 14.966
51.359 14.962
51.35 14.976
51.343 14.975
51.337 14.978
51.323 14.991
51.319 14.997
51.318 15
51.249 15
51.172 15
51.168 14.998
51.162 14.991
51.158 14.992
51.15 14.998
51.142 14.989
51.133 14.993
51.127 14.988
51.121 14.991
51.117 14.983
51.108 14.976
51.096 14.98
51.091 14.977
51.085 14.977
51.077 14.973
51.066 14.951
51.063 14.949
51.058 14.953
51.049 14.96
51.046 14.951
51.04 14.951
51.03 14.947
51.028 14.937
51.023 14.934
51.015 14.937
51.001 14.929
50.994 14.928
50.988 14.923
50.984 14.919
50.975 14.915
50.974 14.909
50.971 14.904
50.953 14.897
50.945 14.893
50.94 14.895
50.937 14.88
50.932 14.874
50.928 14.875
50.923 14.866
50.914 14.851
50.9 14.84
50.893 14.83
50.885 14.818
50.882 14.817
50.878 14.819
50.875 14.822
50.874 14.825
50.863 14.821
50.852 14.809
50.844 14.804
50.826 14.8
50.823 14.797
50.826 14.786
50.823 14.774
50.823 14.769
50.828 14.756
50.831 14.738
50.826 14.728
50.826 14.719
50.832 14.718
50.834 14.72
50.838 14.717
50.84 14.712
50.84 14.694
50.851 14.669
50.853 14.661
50.852 14.647
50.856 14.641
50.859 14.627
50.863 14.619
50.872 14.622
50.876 14.627
50.89 14.634
50.896 14.634
50.906 14.641
50.91 14.648
50.914 14.65
50.932 14.649
50.935 14.646
50.939 14.635
50.931 14.629
50.927 14.614
50.922 14.597
50.919 14.581
50.92 14.568
50.925 14.562
50.93 14.562
50.944 14.576
50.96 14.589
50.972 14.592
50.973 14.596
50.975 14.593
50.986 14.593
50.988 14.591
50.992 14.585
50.996 14.578
51.005 14.569
51.013 14.563
51.007 14.541
51.006 14.534
51.01 14.532
51.014 14.535
51.017 14.534
51.019 14.53
51.019 14.514
51.022 14.503
51.023 14.5
51.031 14.499
51.042 14.507
51.05 14.503
51.051 14.496
51.043 14.491
51.033 14.489
51.028 14.485
51.028 14.476
51.036 14.464
51.037 14.454
51.036 14.447
51.026 14.428
51.023 14.407
51.026 14.394
51.034 14.379
51.039 14.378
51.044 14.375
51.048 14.358
51.046 14.351
51.044 14.343
51.044 14.337
51.053 14.326
51.059 14.313
51.059 14.304
51.055 14.296
51.048 14.291
51.039 14.279
51.03 14.283
51.024 14.278
51.018 14.279
51.015 14.267
51.01 14.259
51.003 14.267
50.995 14.255
50.989 14.26
50.987 14.271
50.984 14.277
50.982 14.281
50.979 14.282
50.98 14.293
50.987 14.309
50.986 14.322
50.978 14.325
50.976 14.32
50.975 14.31
50.972 14.302
50.966 14.304
50.963 14.313
50.955 14.313
50.953 14.322
50.954 14.337
50.946 14.359
50.944 14.394
50.941 14.399
50.937 14.402
50.929 14.401
50.922 14.397
50.919 14.392
50.918 14.391
50.907 14.39
50.902 14.386
50.9 14.377
50.901 14.357
50.897 14.353
50.893 14.334
50.893 14.315
50.89 14.299
50.891 14.289
50.899 14.276
50.897 14.264
50.893 14.254
50.892 14.238
50.888 14.231
50.885 14.235
50.878 14.234
50.867 14.225
50.857 14.207
50.852 14.178
50.851 14.161
50.842 14.14
50.833 14.116
50.833 14.108
50.827 14.091
50.817 14.078
50.814 14.071
50.814 14.063
50.816 14.055
50.815 14.048
50.809 14.033
50.81 14.028
50.815 14.02
50.814 14.007
50.822 14.001
50.819 13.987
50.811 13.967
50.805 13.955
50.797 13.95
50.792 13.94
50.791 13.932
50.794 13.904
50.784 13.9
50.772 13.889
50.763 13.892
50.756 13.902
50.751 13.903
50.744 13.896
50.741 13.89
50.741 13.875
50.744 13.864
50.733 13.861
50.728 13.853
50.726 13.83
50.735 13.812
50.735 13.79
50.737 13.774
50.738 13.767
50.737 13.76
50.73 13.746
50.73 13.741
50.733 13.733
50.733 13.728
50.727 13.72
50.722 13.716
50.718 13.708
50.718 13.698
50.72 13.691
50.725 13.684
50.732 13.668
50.732 13.656
50.729 13.647
50.72 13.63
50.717 13.628
50.716 13.622
50.711 13.598
50.713 13.589
50.712 13.581
50.714 13.577
50.713 13.569
50.714 13.558
50.71 13.545
50.705 13.541
50.702 13.535
50.699 13.534
50.688 13.546
50.684 13.548
50.673 13.543
50.668 13.545
50.669 13.533
50.668 13.53
50.654 13.516
50.652 13.514
50.65 13.515
50.648 13.52
50.649 13.525
50.645 13.527
50.637 13.522
50.633 13.505
50.625 13.498
50.617 13.482
50.601 13.466
50.606 13.452
50.61 13.445
50.612 13.43
50.614 13.428
50.623 13.414
50.629 13.41
50.637 13.399
50.647 13.383
50.653 13.377
50.633 13.378
50.629 13.381
50.625 13.374
50.619 13.369
50.613 13.352
50.612 13.344
50.607 13.339
50.607 13.33
50.601 13.327
50.594 13.325
50.585 13.328
50.581 13.324
50.58 13.318
50.58 13.304
50.577 13.298
50.577 13.29
50.591 13.281
50.593 13.278
50.594 13.258
50.579 13.241
50.574 13.244
50.572 13.242
50.563 13.226
50.552 13.231
50.549 13.229
50.546 13.226
50.542 13.227
50.52 13.207
50.515 13.199
50.51 13.201
50.509 13.202
50.506 13.198
50.505 13.182
50.508 13.16
50.506 13.145
50.516 13.141
50.518 13.131
50.506 13.111
50.503 13.103
50.5 13.081
50.5 13.062
50.509 13.051
50.512 13.038
50.503 13.036
50.497 13.035
50.488 13.029
50.481 13.03
50.472 13.025
50.469 13.023
50.458 13.026
50.453 13.028
50.445 13.024
50.432 12.997
50.423 12.993
50.417 12.982
50.412 12.951
50.407 12.942
50.422 12.915
50.423 12.905
50.44 12.871
50.445 12.857
50.452 12.845
50.458 12.823
50.451 12.822
50.438 12.807
50.448 12.799
50.448 12.795
50.443 12.781
50.438 12.758
50.433 12.745
50.423 12.731
50.408 12.711
50.401 12.713
50.397 12.707
50.401 12.699
50.412 12.682
50.416 12.676
50.411 12.665
50.409 12.657
50.41 12.639
50.414 12.633
50.414 12.62
50.404 12.604
50.407 12.588
50.402 12.578
50.397 12.561
50.399 12.551
50.397 12.547
50.399 12.536
50.39 12.51
50.383 12.508
50.378 12.502
50.375 12.494
50.368 12.492
50.352 12.494
50.349 12.492
50.348 12.487
50.349 12.472
50.342 12.452
50.336 12.443
50.328 12.444
50.324 12.439
50.325 12.423
50.323 12.417
50.322 12.405
50.309 12.404
50.308 12.404
50.303 12.407
50.292 12.404
50.289 12.397
50.289 12.389
50.286 12.38
50.282 12.377
50.278 12.369
50.274 12.365
50.268 12.365
50.264 12.36
50.258 12.357
50.244 12.364
50.237 12.361
50.239 12.35
50.239 12.342
50.233 12.334
50.217 12.341
50.213 12.336
50.207 12.329
50.203 12.33
50.196 12.341
50.184 12.334
50.178 12.33
50.172 12.326
50.177 12.297
50.186 12.293
50.189 12.287
50.195 12.283
50.204 12.293
50.212 12.286
50.217 12.292
50.222 12.296
50.228 12.286
50.233 12.267
50.248 12.245
50.253 12.252
50.25 12.259
50.25 12.266
50.252 12.27
50.269 12.26
50.268 12.227
50.27 12.211
50.276 12.206
50.286 12.206
50.29 12.203
50.292 12.202
50.305 12.204
50.308 12.192
50.321 12.191
50.322 12.183
50.319 12.173
50.32 12.152
50.318 12.141
50.315 12.132
50.315 12.116
50.304 12.131
50.296 12.125
50.288 12.13
50.282 12.141
50.276 12.143
50.269 12.13
50.264 12.125
50.264 12.119
50.265 12.115
50.263 12.106
50.26 12.102
50.256 12.106
50.249 12.096
50.246 12.104
50.247 12.109
50.236 12.119
50.234 12.133
50.234 12.134
50.226 12.161
50.206 12.172
50.211 12.176
50.211 12.18
50.201 12.193
50.199 12.196
50.185 12.207
50.17 12.213
50.167 12.219
50.163 12.22
50.153 12.213
50.144 12.201
50.132 12.201
50.109 12.211
50.105 12.218
50.105 12.233
50.097 12.234
50.097 12.247
50.094 12.255
50.089 12.259
50.085 12.263
50.082 12.272
50.077 12.276
50.063 12.264
50.06 12.288
50.059 12.31
50.056 12.323
50.046 12.325
50.039 12.333
50.038 12.334
50.042 12.34
50.041 12.347
50.037 12.355
50.03 12.361
50.027 12.373
50.021 12.377
50.02 12.385
50.016 12.388
50.017 12.396
50.009 12.41
50.006 12.424
50.006 12.431
50.004 12.437
50 12.437
49.999 12.437
49.994 12.431
49.989 12.437
49.998 12.467
49.991 12.471
49.985 12.479
49.984 12.488
49.979 12.494
49.968 12.493
49.962 12.489
49.96 12.479
49.956 12.474
49.949 12.472
49.94 12.478
49.938 12.485
49.939 12.491
49.936 12.494
49.932 12.511
49.927 12.543
49.924 12.547
49.923 12.548
49.912 12.552
49.905 12.55
49.895 12.542
49.889 12.528
49.885 12.524
49.871 12.519
49.862 12.512
49.859 12.5
49.841 12.497
49.843 12.491
49.845 12.477
49.837 12.472
49.83 12.473
49.822 12.473
49.815 12.467
49.791 12.471
49.789 12.47
49.766 12.408
49.762 12.404
49.755 12.403
49.747 12.405
49.735 12.417
49.734 12.422
49.733 12.427
49.711 12.441
49.706 12.449
49.704 12.462
49.701 12.469
49.699 12.482
49.692 12.488
49.69 12.496
49.688 12.505
49.69 12.521
49.68 12.522
49.673 12.53
49.669 12.531
49.664 12.527
49.655 12.528
49.649 12.518
49.645 12.521
49.644 12.527
49.64 12.528
49.633 12.523
49.629 12.525
49.628 12.531
49.621 12.539
49.624 12.553
49.622 12.561
49.617 12.559
49.61 12.564
49.6 12.564
49.591 12.577
49.585 12.577
49.577 12.573
49.569 12.572
49.562 12.575
49.561 12.575
49.549 12.586
49.545 12.592
49.541 12.589
49.537 12.595
49.532 12.608
49.53 12.635
49.522 12.644
49.506 12.64
49.495 12.646
49.485 12.645
49.48 12.633
49.472 12.643
49.465 12.653
49.434 12.66
49.427 12.681
49.425 12.71
49.413 12.722
49.41 12.735
49.399 12.756
49.39 12.761
49.389 12.761
49.373 12.762
49.364 12.778
49.359 12.782
49.349 12.781
49.345 12.784
49.342 12.807
49.344 12.848
49.338 12.856
49.337 12.868
49.334 12.877
49.33 12.88
49.339 12.887
49.346 12.882
49.352 12.885
49.348 12.912
49.344 12.917
49.344 12.949
49.336 12.971
49.313 12.999
49.305 13.012
49.303 13.028
49.303 13.029
49.298 13.032
49.291 13.033
49.277 13.027
49.269 13.029
49.265 13.034
49.264 13.052
49.26 13.058
49.251 13.061
49.247 13.066
49.245 13.083
49.243 13.086
49.238 13.091
49.231 13.088
49.226 13.091
49.221 13.109
49.217 13.113
49.213 13.113
49.205 13.113
49.199 13.117
49.19 13.14
49.18 13.153
49.173 13.165
49.172 13.174
49.168 13.178
49.158 13.178
49.146 13.173
49.141 13.175
49.129 13.201
49.121 13.213
49.116 13.228
49.115 13.239
49.118 13.263
49.121 13.275
49.12 13.283
49.088 13.342
49.08 13.346
49.078 13.353
49.068 13.367
49.063 13.374
49.056 13.377
49.053 13.391
49.054 13.391
49.05 13.4
49.048 13.401
49.044 13.394
49.04 13.394
49.035 13.4
49.019 13.404
49.014 13.402
49.008 13.408
48.986 13.404
48.979 13.416
48.978 13.422
48.972 13.427
48.971 13.433
48.971 13.437
48.967 13.442
48.961 13.463
48.955 13.469
48.953 13.474
48.953 13.479
48.942 13.493
48.942 13.503
48.946 13.51
48.961 13.506
48.968 13.51
48.968 13.519
48.972 13.535
48.966 13.548
48.966 13.556
48.969 13.563
48.969 13.564
48.966 13.572
48.969 13.577
48.969 13.583
48.964 13.592
48.96 13.594
48.955 13.593
48.948 13.599
48.944 13.605
48.948 13.617
48.948 13.63
48.941 13.622
48.929 13.635
48.897 13.655
48.895 13.658
48.896 13.664
48.896 13.665
48.892 13.67
48.882 13.672
48.88 13.676
48.882 13.696
48.884 13.701
48.881 13.714
48.881 13.72
48.889 13.732
48.883 13.736
48.879 13.742
48.868 13.753
48.861 13.751
48.836 13.769
48.834 13.774
48.833 13.776
48.832 13.787
48.828 13.791
48.823 13.798
48.814 13.801
48.802 13.815
48.79 13.811
48.784 13.805
48.777 13.812
48.775 13.816
48.774 13.822
48.774 13.842
48.766 13.836
48.756 13.822
48.749 13.822
48.74 13.819
48.734 13.821
48.729 13.808
48.717 13.798
48.712 13.813
48.707 13.814
48.701 13.819
48.692 13.815
48.684 13.814
48.673 13.818
48.665 13.819
48.653 13.816
48.647 13.824
48.638 13.827
48.633 13.822
48.619 13.821
48.612 13.816
48.608 13.806
48.604 13.802
48.598 13.802
48.594 13.805
48.593 13.807
48.581 13.806
48.575 13.797
48.571 13.782
48.557 13.768
48.558 13.762
48.566 13.758
48.567 13.754
48.566 13.752
48.562 13.75
48.554 13.751
48.548 13.745
48.539 13.748
48.535 13.747
48.528 13.732
48.52 13.73
48.517 13.724
48.517 13.714
48.532 13.68
48.535 13.666
48.538 13.662
48.55 13.656
48.554 13.651
48.557 13.629
48.561 13.618
48.57 13.604
48.572 13.594
48.571 13.587
48.562 13.579
48.562 13.574
48.569 13.558
48.584 13.537
48.589 13.53
48.596 13.518
48.594 13.502
48.583 13.501
48.577 13.49
48.575 13.476
48.57 13.46
48.565 13.448
48.561 13.438
48.555 13.436
48.548 13.439
48.543 13.446
48.537 13.449
48.529 13.445
48.518 13.453
48.513 13.453
48.502 13.45
48.494 13.449
48.49 13.446
48.466 13.43
48.457 13.425
48.449 13.432
48.444 13.435
48.437 13.438
48.434 13.439
48.406 13.421
48.379 13.413
48.368 13.396
48.351 13.361
48.34 13.351
48.335 13.345
48.325 13.33
48.313 13.306
48.295 13.257
48.293 13.25
48.297 13.19
48.294 13.177
48.293 13.166
48.281 13.136
48.279 13.123
48.28 13.087
48.269 13.057
48.262 13.032
48.259 13.027
48.259 13.019
48.255 13.013
48.252 13.009
48.241 13.004
48.231 12.991
48.212 12.957
48.208 12.945
48.209 12.927
48.204 12.893
48.204 12.878
48.199 12.866
48.196 12.865
48.186 12.861
48.183 12.856
48.176 12.849
48.171 12.848
48.167 12.844
48.166 12.836
48.159 12.831
48.155 12.828
48.153 12.827
48.152 12.819
48.151 12.816
48.15 12.806
48.144 12.798
48.122 12.786
48.122 12.782
48.128 12.772
48.129 12.762
48.125 12.757
48.117 12.757
48.111 12.749
48.107 12.747
48.083 12.755
48.073 12.76
48.068 12.768
48.062 12.778
48.042 12.815
48.032 12.826
48.019 12.852
48.018 12.856
48.01 12.86
48 12.862
47.978 12.87
47.967 12.877
47.962 12.884
47.962 12.895
47.96 12.91
47.957 12.92
47.944 12.924
47.943 12.93
47.947 12.937
47.947 12.94
47.945 12.942
47.938 12.939
47.933 12.94
47.929 12.942
47.916 12.957
47.904 12.968
47.865 12.996
47.855 13.006
47.85 13.012
47.836 13.002
47.83 12.995
47.824 12.988
47.792 12.964
47.778 12.945
47.773 12.942
47.767 12.945
47.757 12.944
47.752 12.939
47.736 12.91
47.73 12.908
47.725 12.916
47.712 12.931
47.712 12.933
47.707 12.982
47.712 12.993
47.72 13.017
47.721 13.025
47.715 13.041
47.69 13.076
47.669 13.084
47.647 13.097
47.637 13.099
47.626 13.091
47.619 13.077
47.612 13.072
47.597 13.073
47.588 13.07
47.583 13.064
47.584 13.046
47.578 13.042
47.569 13.044
47.566 13.057
47.564 13.059
47.547 13.04
47.537 13.036
47.524 13.044
47.508 13.049
47.498 13.047
47.493 13.041
47.49 13.028
47.481 13.022
47.473 13.01
47.473 13.005
47.486 12.982
47.48 12.978
47.481 12.967
47.494 12.939
47.501 12.917
47.511 12.893
47.526 12.883
47.532 12.864
47.536 12.856
47.547 12.851
47.547 12.852
47.551 12.847
47.549 12.828
47.552 12.809
47.572 12.783
47.578 12.78
47.584 12.781
47.608 12.804
47.611 12.822
47.614 12.82
47.63 12.797
47.632 12.789
47.635 12.777
47.636 12.776
47.648 12.769
47.656 12.767
47.666 12.78
47.674 12.779
47.67 12.771
47.668 12.756
47.675 12.75
47.678 12.743
47.678 12.718
47.681 12.705
47.682 12.705
47.685 12.688
47.686 12.669
47.674 12.65
47.674 12.642
47.679 12.629
47.678 12.618
47.672 12.601
47.664 12.592
47.64 12.578
47.636 12.574
47.639 12.553
47.638 12.535
47.628 12.511
47.627 12.511
47.627 12.5
47.631 12.494
47.64 12.488
47.65 12.475
47.65 12.473
47.681 12.444
47.696 12.441
47.7 12.43
47.699 12.417
47.691 12.388
47.688 12.374
47.689 12.366
47.695 12.356
47.7 12.33
47.695 12.29
47.681 12.264
47.683 12.255
47.687 12.249
47.694 12.245
47.707 12.247
47.737 12.265
47.744 12.26
47.744 12.254
47.739 12.242
47.72 12.221
47.713 12.206
47.711 12.188
47.707 12.182
47.703 12.175
47.702 12.165
47.688 12.171
47.68 12.178
47.658 12.193
47.647 12.199
47.625 12.206
47.617 12.161
47.61 12.136
47.614 12.117
47.612 12.091
47.621 12.064
47.618 12.05
47.62 12.043
47.616 12.022
47.625 12.01
47.626 11.999
47.623 11.986
47.617 11.977
47.619 11.97
47.618 11.952
47.618 11.914
47.612 11.888
47.606 11.873
47.606 11.853
47.604 11.85
47.594 11.848
47.587 11.844
47.586 11.839
47.589 11.809
47.594 11.785
47.594 11.783
47.594 11.774
47.591 11.747
47.591 11.698
47.589 11.684
47.589 11.665
47.588 11.656
47.596 11.639
47.592 11.634
47.592 11.615
47.586 11.607
47.559 11.588
47.546 11.584
47.531 11.588
47.522 11.57
47.518 11.553
47.517 11.533
47.518 11.514
47.513 11.504
47.512 11.488
47.513 11.488
47.516 11.455
47.522 11.439
47.514 11.419
47.493 11.402
47.488 11.389
47.481 11.384
47.475 11.385
47.472 11.393
47.475 11.411
47.462 11.413
47.449 11.426
47.452 11.412
47.456 11.395
47.454 11.389
47.455 11.376
47.451 11.366
47.455 11.359
47.456 11.34
47.454 11.331
47.444 11.325
47.438 11.314
47.437 11.295
47.431 11.289
47.421 11.289
47.411 11.284
47.406 11.27
47.404 11.264
47.405 11.251
47.404 11.226
47.409 11.225
47.422 11.233
47.433 11.248
47.436 11.245
47.439 11.24
47.439 11.223
47.439 11.202
47.434 11.196
47.43 11.168
47.422 11.135
47.417 11.121
47.407 11.121
47.403 11.113
47.402 11.097
47.403 11.066
47.402 11.039
47.401 11.026
47.405 11.006
47.402 10.995
47.402 10.987
47.405 10.978
47.411 10.972
47.418 10.975
47.418 10.977
47.424 10.981
47.424 10.979
47.433 10.982
47.438 10.981
47.463 10.946
47.475 10.935
47.484 10.933
47.488 10.925
47.49 10.898
47.487 10.884
47.488 10.873
47.495 10.866
47.507 10.873
47.51 10.877
47.516 10.911
47.52 10.915
47.524 10.913
47.534 10.901
47.538 10.886
47.538 10.862
47.532 10.84
47.533 10.84
47.531 10.822
47.53 10.822
47.521 10.798
47.52 10.781
47.522 10.771
47.524 10.768
47.535 10.758
47.538 10.75
47.539 10.732
47.549 10.701
47.563 10.683
47.565 10.655
47.564 10.635
47.566 10.627
47.569 10.607
47.568 10.601
47.563 10.588
47.54 10.574
47.538 10.568
47.539 10.555
47.537 10.527
47.538 10.512
47.544 10.491
47.558 10.459
47.561 10.457
47.571 10.467
47.575 10.467
47.585 10.477
47.589 10.474
47.588 10.445
47.586 10.435
47.582 10.432
47.573 10.433
47.567 10.443
47.567 10.444
47.56 10.449
47.537 10.442
47.51 10.43
47.506 10.429
47.489 10.44
47.482 10.46
47.475 10.464
47.453 10.462
47.443 10.474
47.439 10.474
47.433 10.466
47.43 10.458
47.413 10.435
47.407 10.429
47.395 10.432
47.39 10.43
47.385 10.418
47.379 10.395
47.371 10.385
47.36 10.38
47.349 10.361
47.34 10.353
47.32 10.343
47.314 10.334
47.311 10.316
47.303 10.295
47.301 10.283
47.293 10.26
47.281 10.231
47.282 10.214
47.278 10.2
47.276 10.178
47.283 10.171
47.289 10.171
47.296 10.179
47.305 10.201
47.313 10.213
47.319 10.212
47.327 10.202
47.333 10.201
47.351 10.211
47.359 10.22
47.375 10.232
47.383 10.233
47.388 10.227
47.391 10.221
47.389 10.209
47.389 10.198
47.396 10.186
47.394 10.18
47.392 10.167
47.378 10.167
47.372 10.162
47.37 10.143
47.378 10.125
47.377 10.12
47.367 10.11
47.364 10.104
47.364 10.097
47.386 10.092
47.393 10.087
47.415 10.069
47.418 10.079
47.428 10.095
47.434 10.1
47.441 10.097
47.455 10.095
47.457 10.092
47.456 10.072
47.471 10.054
47.471 10.052
47.487 10.048
47.49 10.031
47.489 10.003
47.491 10
47.497 9.993
47.505 9.991
47.519 9.977
47.547 9.976
47.55 9.97
47.546 9.965
47.537 9.958
47.54 9.951
47.541 9.941
47.535 9.929
47.534 9.924
47.544 9.91
47.547 9.902
47.546 9.89
47.534 9.871
47.548 9.852
47.549 9.819
47.554 9.816
47.561 9.824
47.573 9.825
47.584 9.819
47.591 9.805
47.593 9.787
47.589 9.768
47.581 9.761
47.571 9.754
47.556 9.743
47.535 9.733
47.534 9.722
47.529 9.691
47.527 9.669
47.526 9.628
47.529 9.59
47.538 9.567
47.543 9.544
47.549 9.527
47.565 9.496
47.585 9.46
47.604 9.418
47.611 9.403
47.628 9.356
47.646 9.297
47.659 9.276
47.662 9.252
47.658 9.231
47.656 9.205
47.66 9.187
47.672 9.163
47.672 9.162
47.671 9.143
47.673 9.122
47.679 9.1
47.684 9.07
47.686 9.047
47.684 9.013
47.681 8.998
47.67 8.971
47.669 8.968
47.658 8.927
47.655 8.913
47.657 8.901
47.656 8.895
47.663 8.883
47.681 8.865
47.693 8.856
47.699 8.859
47.697 8.877
47.7 8.881
47.705 8.877
47.716 8.845
47.719 8.828
47.722 8.816
47.734 8.808
47.727 8.788
47.716 8.774
47.715 8.771
47.708 8.779
47.701 8.802
47.698 8.807
47.69 8.799
47.679 8.796
47.681 8.786
47.69 8.769
47.692 8.757
47.697 8.735
47.7 8.733
47.709 8.736
47.719 8.735
47.728 8.722
47.733 8.721
47.736 8.72
47.746 8.729
47.75 8.734
47.757 8.734
47.763 8.723
47.762 8.703
47.755 8.688
47.758 8.684
47.77 8.689
47.775 8.688
47.785 8.68
47.795 8.66
47.796 8.65
47.792 8.645
47.778 8.651
47.769 8.648
47.763 8.641
47.765 8.635
47.773 8.635
47.776 8.63
47.783 8.628
47.793 8.629
47.798 8.625
47.803 8.612
47.805 8.595
47.805 8.569
47.803 8.565
47.795 8.566
47.791 8.572
47.784 8.572
47.784 8.559
47.785 8.548
47.783 8.54
47.777 8.53
47.775 8.507
47.771 8.495
47.758 8.476
47.744 8.46
47.733 8.457
47.729 8.45
47.72 8.441
47.708 8.423
47.702 8.418
47.695 8.423
47.695 8.422
47.693 8.425
47.675 8.413
47.67 8.416
47.665 8.428
47.658 8.441
47.657 8.441
47.658 8.472
47.655 8.473
47.649 8.47
47.643 8.47
47.639 8.48
47.65 8.482
47.65 8.489
47.647 8.495
47.65 8.506
47.648 8.522
47.649 8.529
47.652 8.532
47.66 8.528
47.663 8.533
47.662 8.542
47.669 8.546
47.672 8.557
47.67 8.584
47.675 8.598
47.657 8.623
47.651 8.626
47.645 8.623
47.642 8.617
47.643 8.609
47.65 8.611
47.655 8.611
47.653 8.607
47.649 8.6
47.642 8.598
47.63 8.602
47.619 8.606
47.613 8.604
47.604 8.596
47.6 8.596
47.605 8.57
47.614 8.574
47.621 8.569
47.626 8.56
47.628 8.557
47.628 8.548
47.636 8.531
47.637 8.523
47.625 8.514
47.62 8.496
47.606 8.468
47.598 8.461
47.595 8.466
47.593 8.486
47.59 8.49
47.583 8.49
47.583 8.488
47.58 8.476
47.577 8.457
47.576 8.447
47.574 8.439
47.573 8.433
47.574 8.431
47.577 8.417
47.578 8.413
47.581 8.404
47.581 8.399
47.573 8.388
47.571 8.376
47.572 8.357
47.576 8.338
47.577 8.334
47.578 8.331
47.58 8.327
47.592 8.314
47.597 8.301
47.6 8.299
47.608 8.301
47.613 8.295
47.616 8.286
47.615 8.277
47.615 8.269
47.622 8.258
47.62 8.254
47.616 8.24
47.615 8.236
47.615 8.234
47.615 8.23
47.616 8.228
47.622 8.224
47.626 8.219
47.627 8.211
47.623 8.203
47.619 8.197
47.611 8.189
47.608 8.185
47.604 8.176
47.6 8.167
47.599 8.158
47.597 8.146
47.592 8.139
47.59 8.133
47.588 8.128
47.587 8.112
47.582 8.106
47.566 8.098
47.563 8.094
47.563 8.088
47.565 8.082
47.57 8.067
47.568 8.061
47.561 8.052
47.559 8.045
47.557 8.033
47.554 8.02
47.554 8.012
47.559 8.002
47.561 7.995
47.56 7.985
47.559 7.957
47.558 7.954
47.552 7.951
47.549 7.947
47.549 7.94
47.552 7.927
47.556 7.917
47.56 7.914
47.578 7.911
47.587 7.904
47.588 7.902
47.59 7.891
47.591 7.881
47.589 7.865
47.586 7.844
47.589 7.833
47.589 7.827
47.586 7.818
47.583 7.818
47.576 7.814
47.564 7.799
47.561 7.794
47.558 7.779
47.558 7.778
47.555 7.765
47.554 7.761
47.547 7.712
47.543 7.702
47.54 7.692
47.539 7.685
47.54 7.67
47.545 7.659
47.55 7.65
47.559 7.637
47.567 7.642
47.568 7.647
47.577 7.65
47.577 7.653
47.579 7.654
47.577 7.66
47.581 7.671
47.59 7.669
47.593 7.665
47.596 7.659
47.605 7.671
47.612 7.665
47.611 7.657
47.606 7.65
47.603 7.639
47.598 7.632
47.598 7.631
47.593 7.627
47.593 7.626
47.587 7.618
47.581 7.605
47.582 7.583
47.582 7.581
47.619 7.57
47.632 7.561
47.634 7.559
47.654 7.534
47.669 7.521
47.701 7.512
47.714 7.52
47.727 7.542
47.747 7.543
47.764 7.533
47.781 7.529
47.829 7.551
47.84 7.561
47.856 7.563
47.871 7.558
47.876 7.556
47.886 7.559
47.897 7.579
47.903 7.583
47.911 7.586
47.928 7.584
47.939 7.586
47.946 7.59
47.963 7.613
47.969 7.618
47.982 7.62
47.99 7.617
48 7.611
48.009 7.602
48.015 7.592
48.021 7.588
48.025 7.582
48.038 7.569
48.055 7.576
48.08 7.573
48.088 7.579
48.104 7.581
48.118 7.58
48.121 7.581
48.135 7.602
48.143 7.604
48.151 7.601
48.157 7.603
48.17 7.619
48.192 7.636
48.202 7.642
48.209 7.648
48.208 7.65
48.22 7.669
48.272 7.691
48.276 7.692
48.294 7.693
48.3 7.695
48.306 7.701
48.311 7.711
48.315 7.728
48.319 7.74
48.328 7.747
48.348 7.742
48.356 7.737
48.365 7.735
48.378 7.734
48.395 7.734
48.418 7.745
48.435 7.757
48.45 7.763
48.468 7.77
48.484 7.769
48.489 7.771
48.495 7.782
48.498 7.791
48.502 7.797
48.514 7.804
48.523 7.806
48.556 7.805
48.581 7.8
48.598 7.808
48.608 7.82
48.625 7.833
48.642 7.84
48.645 7.844
48.661 7.885
48.692 7.926
48.694 7.928
48.718 7.956
48.727 7.965
48.735 7.967
48.745 7.965
48.752 7.967
48.758 7.969
48.761 7.972
48.762 7.978
48.759 8.002
48.765 8.02
48.768 8.024
48.785 8.029
48.792 8.037
48.794 8.042
48.795 8.049
48.793 8.06
48.793 8.068
48.797 8.078
48.805 8.09
48.815 8.101
48.826 8.109
48.848 8.117
48.859 8.121
48.863 8.12
48.892 8.14
48.907 8.15
48.938 8.183
48.96 8.2
48.969 8.235
48.972 8.233
48.978 8.226
48.978 8.222
48.971 8.207
48.972 8.202
48.975 8.194
48.979 8.191
48.979 8.165
48.979 8.16
48.981 8.141
48.987 8.116
49.001 8.071
49.008 8.066
49.015 8.053
49.02 8.039
49.023 8.019
49.027 8.014
49.032 7.997
49.028 7.978
49.037 7.972
49.044 7.963
49.047 7.958
49.048 7.951
49.056 7.943
49.057 7.941
49.056 7.933
49.047 7.925
49.045 7.917
49.046 7.89
49.044 7.878
49.037 7.867
49.038 7.861
49.045 7.851
49.049 7.835
49.05 7.831
49.067 7.803
49.067 7.797
49.061 7.792
49.058 7.783
49.053 7.777
49.049 7.77
49.048 7.761
49.047 7.74
49.056 7.734
49.057 7.729
49.055 7.724
49.055 7.716
49.059 7.702
49.052 7.7
49.049 7.689
49.047 7.679
49.049 7.668
49.054 7.652
49.054 7.647
49.059 7.64
49.072 7.636
49.075 7.632
49.084 7.605
49.083 7.594
49.081 7.581
49.081 7.568
49.088 7.551
49.096 7.54
49.099 7.536
49.101 7.534
49.107 7.532
49.122 7.519
49.124 7.511
49.133 7.504
49.137 7.497
49.141 7.494
49.144 7.496
49.148 7.506
49.152 7.51
49.156 7.504
49.157 7.488
49.164 7.491
49.167 7.49
49.168 7.486
49.164 7.444
49.164 7.443
49.166 7.441
49.168 7.442
49.171 7.448
49.177 7.445
49.183 7.449
49.182 7.434
49.171 7.372
49.168 7.369
49.162 7.37
49.153 7.365
49.148 7.366
49.143 7.359
49.145 7.332
49.144 7.329
49.139 7.322
49.13 7.316
49.129 7.313
49.115 7.298
49.116 7.291
49.12 7.288
49.124 7.288
49.124 7.267
49.13 7.248
49.127 7.223
49.124 7.212
49.117 7.202
49.124 7.198
49.13 7.19
49.124 7.155
49.127 7.148
49.14 7.128
49.14 7.11
49.141 7.108
49.147 7.112
49.154 7.112
49.156 7.107
49.154 7.094
49.149 7.086
49.132 7.088
49.127 7.083
49.116 7.071
49.114 7.064
49.115 7.057
49.118 7.051
49.122 7.049
49.14 7.048
49.148 7.045
49.159 7.035
49.173 7.033
49.178 7.033
49.187 7.038
49.195 7.037
49.19 7.015
49.194 7.009
49.193 7.001
49.203 6.987
49.207 6.978
49.208 6.957
49.218 6.94
49.221 6.93
49.221 6.923
49.218 6.918
49.211 6.895
49.212 6.886
49.214 6.88
49.22 6.867
49.22 6.856
49.22 6.852
49.215 6.847
49.21 6.84
49.2 6.854
49.188 6.86
49.183 6.862
49.175 6.861
49.172 6.847
49.16 6.844
49.156 6.839
49.154 6.836
49.157 6.824
49.168 6.795
49.17 6.783
49.168 6.77
49.164 6.767
49.167 6.758
49.167 6.747
49.168 6.732
49.189 6.716
49.206 6.731
49.217 6.726
49.221 6.722
49.22 6.716
49.214 6.703
49.215 6.696
49.217 6.692
49.235 6.686
49.243 6.688
49.249 6.688
49.251 6.688
49.254 6.685
49.255 6.667
49.259 6.664
49.272 6.67
49.28 6.669
49.282 6.657
49.293 6.645
49.3 6.629
49.303 6.614
49.318 6.592
49.321 6.591
49.327 6.595
49.333 6.592
49.341 6.573
49.349 6.57
49.358 6.572
49.358 6.58
49.351 6.591
49.359 6.599
49.364 6.602
49.367 6.601
49.376 6.588
49.381 6.59
49.386 6.587
49.389 6.582
49.388 6.572
49.389 6.567
49.4 6.553
49.404 6.544
49.406 6.543
49.41 6.543
49.415 6.545
49.418 6.549
49.422 6.555
49.434 6.544
49.435 6.541
49.437 6.523
49.449 6.504
49.452 6.488
49.459 6.476
49.46 6.462
49.466 6.446
49.474 6.43
49.473 6.423
49.465 6.405
49.463 6.396
49.464 6.387
49.459 6.375
49.467 6.371
49.488 6.373
49.494 6.371
49.498 6.373
49.524 6.363
49.534 6.365
49.541 6.376
49.547 6.383
49.556 6.385
49.561 6.381
49.571 6.365
49.575 6.37
49.575 6.382
49.579 6.386
49.587 6.379
49.594 6.383
49.597 6.388
49.6 6.402
49.607 6.409
49.618 6.426
49.632 6.432
49.647 6.442
49.656 6.444
49.662 6.438
49.66 6.437
49.66 6.431
49.663 6.428
49.673 6.44
49.674 6.444
49.68 6.451
49.693 6.467
49.695 6.476
49.705 6.491
49.711 6.5
49.717 6.502
49.723 6.496
49.727 6.499
49.728 6.503
49.722 6.516
49.728 6.515
49.739 6.504
49.744 6.502
49.751 6.502
49.757 6.506
49.761 6.519
49.765 6.521
49.769 6.518
49.776 6.513
49.784 6.517
49.791 6.507
49.794 6.514
49.801 6.524
49.808 6.528
49.815 6.527
49.812 6.519
49.806 6.514
49.81 6.509
49.812 6.503
49.812 6.492
49.815 6.481
49.819 6.478
49.822 6.469
49.813 6.456
49.812 6.45
49.814 6.442
49.817 6.426
49.818 6.414
49.819 6.408
49.851 6.367
49.851 6.348
49.839 6.336
49.84 6.327
49.843 6.322
49.847 6.324
49.855 6.323
49.872 6.314
49.869 6.305
49.87 6.295
49.88 6.286
49.879 6.277
49.884 6.263
49.891 6.257
49.897 6.249
49.899 6.243
49.912 6.23
49.918 6.235
49.929 6.226
49.939 6.227
49.946 6.22
49.952 6.218
49.954 6.204
49.956 6.199
49.961 6.197
49.96 6.181
49.969 6.171
49.975 6.167
49.987 6.172
49.99 6.169
49.991 6.158
49.994 6.153
49.997 6.15
50 6.142
50.009 6.153
50.012 6.152
50.015 6.148
50.018 6.138
50.026 6.149
50.034 6.134
50.037 6.132
50.045 6.136
50.054 6.131
50.063 6.119
50.066 6.119
50.072 6.125
50.079 6.118
50.086 6.122
50.094 6.119
50.096 6.125
50.095 6.13
50.097 6.134
50.103 6.126
50.107 6.131
50.116 6.134
50.12 6.129
50.124 6.132
50.129 6.141
50.133 6.138
50.14 6.145
50.14 6.151
50.146 6.157
50.155 6.153
50.155 6.142
50.16 6.147
50.161 6.149
50.17 6.142
50.182 6.151
50.178 6.16
50.182 6.165
50.184 6.172
50.182 6.191
50.187 6.193
50.196 6.187
50.205 6.188
50.216 6.186
50.22 6.181
50.222 6.173
50.226 6.168
50.229 6.176
50.233 6.176
50.239 6.179
50.24 6.186
50.239 6.193
50.242 6.2
50.247 6.205
50.254 6.208
50.257 6.212
50.26 6.224
50.263 6.231
50.266 6.25
50.27 6.259
50.269 6.278
50.28 6.296
50.286 6.289
50.296 6.291
50.3 6.297
50.31 6.3
50.313 6.304
50.316 6.309
50.322 6.313
50.322 6.324
50.324 6.327
50.324 6.333
50.319 6.352
50.312 6.361
50.323 6.389
50.324 6.401
50.327 6.404
50.345 6.399
50.361 6.372
50.365 6.368
50.369 6.362
50.38 6.343
50.388 6.347
50.409 6.369
50.419 6.366
50.427 6.369
50.436 6.378
50.45 6.377
50.462 6.345
50.471 6.342
50.48 6.349
50.488 6.348
50.494 6.333
50.497 6.313
50.498 6.31
50.497 6.296
50.497 6.292
50.503 6.284
50.502 6.271
50.5 6.264
50.503 6.256
50.502 6.248
50.496 6.234
50.496 6.228
50.511 6.219
50.512 6.214
50.514 6.212
50.52 6.206
50.529 6.196
50.533 6.2
50.537 6.2
50.541 6.196
50.54 6.192
50.542 6.185
50.545 6.182
50.554 6.183
50.559 6.179
50.571 6.204
50.577 6.211
50.586 6.226
50.593 6.231
50.592 6.237
50.587 6.245
50.59 6.25
50.605 6.255
50.611 6.265
50.62 6.273
50.627 6.273
50.625 6.249
50.626 6.238
50.631 6.218
50.633 6.202
50.628 6.192
50.627 6.186
50.63 6.183
50.633 6.184
50.636 6.178
50.643 6.172
50.655 6.191
50.658 6.175
50.663 6.171
50.673 6.164
50.675 6.159
50.679 6.155
50.705 6.124
50.714 6.121
50.723 6.113
50.723 6.07
50.725 6.064
50.725 6.058
50.72 6.05
50.721 6.039
50.73 6.035
50.742 6.043
50.748 6.04
50.754 6.025
50.761 6.023
50.77 6.026
50.776 6.025
50.779 6.02
50.794 5.992
50.796 5.985
50.8 5.978
50.809 5.981
50.81 5.988
50.805 5.998
50.804 6.009
50.816 6.023
50.827 6.028
50.838 6.021
50.85 6.026
50.853 6.034
50.855 6.046
50.857 6.051
50.854 6.066
50.853 6.074
50.854 6.077
50.867 6.079
50.871 6.085
50.875 6.094
50.882 6.088
50.89 6.077
50.901 6.082
50.905 6.079
50.909 6.08
50.913 6.086
50.917 6.087
50.924 6.085
50.928 6.062
50.931 6.057
50.936 6.026
50.939 6.021
50.946 6.018
50.954 6.018
50.961 6.007
50.965 6.013
50.976 6.023
50.977 6.029
50.981 6.033
50.986 6.028
50.986 6.003
50.986 5.998
50.983 5.97
50.984 5.963
50.991 5.952
50.991 5.943
50.983 5.925
50.978 5.9
50.982 5.892
50.988 5.903
50.992 5.906
51 5.905
51.004 5.899
51.011 5.897
51.02 5.88
51.026 5.878
51.037 5.882
51.05 5.866
51.054 5.883
51.056 5.888
51.071 5.91
51.069 5.916
51.057 5.922
51.042 5.935
51.04 5.942
51.043 5.956
51.05 5.969
51.066 5.973
51.072 5.984
51.087 5.999
51.088 6
51.098 6.019
51.1 6.035
51.11 6.054
51.122 6.064
51.123 6.074
51.127 6.086
51.137 6.095
51.139 6.099
51.145 6.127
51.154 6.157
51.159 6.172
51.162 6.174
51.166 6.171
51.171 6.156
51.176 6.144
51.18 6.15
51.19 6.183
51.199 6.168
51.185 6.125
51.177 6.115
51.173 6.091
51.176 6.085
51.188 6.076
51.222 6.071
51.225 6.075
51.226 6.085
51.229 6.086
51.243 6.076
51.245 6.076
51.246 6.077
51.26 6.102
51.279 6.128
51.29 6.135
51.316 6.16
51.324 6.163
51.334 6.171
51.338 6.181
51.338 6.196
51.351 6.207
51.361 6.225
51.372 6.227
51.39 6.218
51.404 6.233
51.402 6.212
51.408 6.21
51.416 6.211
51.431 6.217
51.438 6.217
51.451 6.217
51.454 6.225
51.475 6.227
51.49 6.22
51.508 6.219
51.525 6.208
51.53 6.202
51.54 6.18
51.55 6.173
51.566 6.161
51.582 6.132
51.592 6.124
51.605 6.098
51.614 6.097
51.621 6.098
51.624 6.104
51.645 6.113
51.653 6.121
51.654 6.122
51.657 6.121
51.661 6.113
51.669 6.056
51.675 6.034
51.688 6.032
51.692 6.033
51.697 6.037
51.703 6.032
51.711 6.035
51.714 6.042
51.716 6.055
51.72 6.041
51.723 6.037
51.727 6.032
51.739 5.996
51.741 5.961
51.75 5.957
51.753 5.96
51.764 5.984
51.768 5.99
51.783 5.991
51.788 5.983
51.793 5.974
51.795 5.976
51.803 5.968
51.808 5.97
51.814 5.954
51.822 5.952
51.83 5.953
51.836 5.956
51.834 5.965
51.835 5.975
51.832 6
51.838 6.018
51.843 6.024
51.852 6.054
51.853 6.059
51.857 6.059
51.866 6.069
51.863 6.076
51.852 6.101
51.849 6.143
51.845 6.167
51.859 6.162
51.866 6.163
51.87 6.155
51.875 6.149
51.88 6.149
51.891 6.134
51.897 6.111
51.903 6.123
51.902 6.143
51.905 6.151
51.899 6.167
51.904 6.174
51.892 6.193
51.886 6.191
51.881 6.197
51.873 6.215
51.868 6.225
51.871 6.252
51.869 6.26
51.87 6.267
51.875 6.275
51.875 6.281
51.872 6.294
51.868 6.303
51.849 6.314
51.853 6.325
51.853 6.352
51.851 6.359
51.845 6.366
51.837 6.37
51.837 6.391
51.831 6.401
51.828 6.41
51.841 6.41
51.845 6.408
51.852 6.413
51.855 6.412
51.86 6.403
51.865 6.393
51.876 6.395
51.871 6.406
51.872 6.421
51.868 6.428
51.862 6.435
51.862 6.442
51.868 6.455
51.867 6.458
51.858 6.468
51.855 6.479
51.86 6.501
51.866 6.508
51.871 6.511
51.875 6.528
51.877 6.533
51.886 6.55
51.884 6.56
51.893 6.586
51.902 6.636
51.915 6.672
51.917 6.681
51.914 6.697
51.904 6.709
51.902 6.712
51.898 6.721
51.898 6.727
51.898 6.733
51.905 6.741
51.907 6.75
51.913 6.758
51.916 6.77
51.92 6.776
51.927 6.788
51.947 6.799
51.959 6.803
51.963 6.828
51.965 6.832
51.971 6.836
51.979 6.832
51.985 6.834
51.993 6.827
51.995 6.813
51.999 6.813
52.008 6.803
52.014 6.792
52.02 6.78
52.022 6.772
52.033 6.753
52.041 6.724
52.045 6.715
52.044 6.693
52.059 6.69
52.068 6.699
52.072 6.698
52.075 6.701
52.079 6.719
52.079 6.733
52.08 6.734
52.081 6.74
52.088 6.751
52.097 6.748
52.1 6.749
52.102 6.757
52.122 6.763
52.123 6.832
52.125 6.857
52.136 6.875
52.159 6.884
52.168 6.898
52.173 6.907
52.178 6.908
52.182 6.917
52.183 6.938
52.186 6.951
52.191 6.958
52.197 6.961
52.209 6.974
52.22 6.983
52.229 6.99
52.231 6.995
52.232 7.003
52.231 7.01
52.23 7.029
52.231 7.042
52.24 7.059
52.246 7.066
52.248 7.064
52.255 7.053
52.262 7.046
52.282 7.032
52.289 7.037
52.304 7.034
52.311 7.041
52.334 7.058
52.344 7.061
52.356 7.076
52.368 7.077
52.374 7.078
52.4 7.066
52.405 7.06
52.408 7.039
52.428 7.025
52.434 7.013
52.454 7.006
52.467 6.997
52.473 6.99
52.468 6.982
52.452 6.968
52.444 6.957
52.44 6.949
52.439 6.942
52.446 6.913
52.455 6.857
52.462 6.856
52.463 6.853
52.463 6.772
52.465 6.761
52.466 6.759
52.483 6.722
52.486 6.708
52.489 6.702
52.526 6.706
52.555 6.683
52.553 6.707
52.552 6.72
52.564 6.727
52.565 6.73
52.561 6.753
52.563 6.764
52.565 6.766
52.568 6.765
52.591 6.723
52.594 6.722
52.615 6.727
52.621 6.726
52.63 6.714
52.639 6.724
52.64 6.735
52.645 6.74
52.647 6.745
52.649 6.755
52.648 6.769
52.652 6.78
52.652 6.793
52.65 6.804
52.649 6.824
52.652 6.835
52.649 6.85
52.648 6.864
52.652 6.87
52.651 6.9
52.648 6.906
52.647 6.911
52.642 6.917
52.639 6.934
52.639 6.937
52.639 6.951
52.642 6.965
52.644 6.989
52.643 7.002
52.638 7.013
52.634 7.034
52.636 7.047
52.643 7.056
52.689 7.063
52.741 7.07
52.79 7.073
52.8 7.071
52.814 7.076
52.815 7.076
52.84 7.094
52.851 7.089
52.873 7.116
52.923 7.165
52.944 7.186
52.998 7.211
53.005 7.217
53.042 7.21
53.086 7.202
53.106 7.205
53.113 7.203
53.133 7.185
53.138 7.184
53.157 7.192
53.164 7.197
53.176 7.206
53.179 7.216
53.186 7.228
53.188 7.221
53.193 7.219
53.209 7.223
53.222 7.22
53.225 7.215
53.239 7.213
53.238 7.216
53.249 7.222
53.258 7.234
53.263 7.236
53.288 7.24
53.295 7.236
53.305 7.248
53.319 7.251
53.324 7.263
53.331 7.266
53.333 7.253
53.335 7.206
53.336 7.198
53.338 7.189
53.343 7.197
53.358 7.202
53.355 7.194
53.338 7.175
53.339 7.134
53.338 7.076
53.338 7.065
53.342 7.058
53.341 7.047
53.338 7.039
53.339 7.031
53.343 7.019
53.352 7.008
53.361 7.002
53.363 7.003
53.384 7.017
53.403 7.013
53.418 7.013
53.444 7.02
53.455 7.024
53.474 7.032
53.477 7.03
53.49 7.034
53.512 7.051
53.522 7.066
53.523 7.081
53.521 7.09
53.516 7.091
53.516 7.099
53.506 7.106
53.516 7.113
53.521 7.107
53.524 7.103
53.529 7.104
53.531 7.113
53.528 7.12
53.535 7.134
53.544 7.142
53.545 7.151
53.55 7.166
53.551 7.162
53.548 7.132
53.554 7.123
53.562 7.121
53.564 7.116
53.564 7.11
53.566 7.104
53.573 7.089
53.576 7.088
53.58 7.09
53.583 7.093
53.592 7.103
53.608 7.139
53.618 7.153
53.625 7.158
53.626 7.16
53.629 7.164
53.634 7.175
53.64 7.18
53.656 7.217
53.665 7.228
53.669 7.241
53.67 7.243
53.678 7.286
53.683 7.292
53.683 7.301
53.69 7.34
53.689 7.35
53.69 7.357
53.686 7.363
53.686 7.397
53.687 7.434
53.687 7.44
53.685 7.484
53.676 7.509
53.673 7.518
53.673 7.527
53.683 7.589
53.689 7.61
53.693 7.638
53.693 7.64
53.701 7.674
53.703 7.692
53.703 7.712
53.701 7.724
53.704 7.76
53.708 7.774
53.712 7.812
53.714 7.848
53.718 7.867
53.717 7.905
53.718 7.935
53.718 7.964
53.715 7.994
53.712 8.019
53.705 8.035
53.696 8.025
53.692 8.025
53.685 8.023
53.671 8.031
53.666 8.03
53.654 8.037
53.65 8.043
53.644 8.046
53.645 8.06
53.65 8.074
53.65 8.083
53.625 8.106
53.61 8.114
53.607 8.12
53.589 8.139
53.555 8.163
53.549 8.164
53.538 8.155
53.535 8.152
53.533 8.149
53.527 8.146
53.527 8.14
53.53 8.131
53.525 8.123
53.525 8.119
53.52 8.115
53.517 8.132
53.514 8.128
53.507 8.097
53.507 8.082
53.509 8.071
53.509 8.066
53.509 8.063
53.504 8.062
53.491 8.063
53.478 8.066
53.477 8.066
53.462 8.078
53.449 8.101
53.448 8.107
53.456 8.122
53.457 8.136
53.456 8.146
53.449 8.157
53.439 8.168
53.424 8.189
53.408 8.203
53.406 8.206
53.401 8.236
53.402 8.255
53.408 8.268
53.432 8.296
53.436 8.298
53.442 8.297
53.447 8.301
53.455 8.313
53.481 8.32
53.482 8.32
53.5 8.318
53.509 8.32
53.527 8.314
53.529 8.308
53.529 8.288
53.524 8.264
53.525 8.229
53.532 8.227
53.588 8.241
53.594 8.245
53.607 8.263
53.613 8.276
53.62 8.308
53.616 8.336
53.613 8.35
53.609 8.357
53.603 8.362
53.582 8.386
53.576 8.401
53.572 8.414
53.571 8.43
53.56 8.459
53.557 8.49
53.555 8.493
53.554 8.508
53.556 8.521
53.546 8.541
53.543 8.557
53.537 8.559
53.529 8.557
53.523 8.545
53.52 8.532
53.512 8.517
53.501 8.504
53.48 8.488
53.429 8.487
53.424 8.488
53.417 8.491
53.389 8.492
53.37 8.497
53.364 8.498
53.367 8.511
53.376 8.513
53.379 8.51
53.413 8.507
53.423 8.51
53.448 8.502
53.474 8.505
53.494 8.516
53.499 8.521
53.504 8.525
53.505 8.536
53.511 8.561
53.513 8.564
53.516 8.567
53.539 8.576
53.546 8.576
53.573 8.552
53.58 8.543
53.585 8.547
53.591 8.543
53.6 8.531
53.638 8.507
53.643 8.499
53.655 8.49
53.664 8.486
53.677 8.486
53.683 8.485
53.706 8.495
53.76 8.53
53.771 8.537
53.818 8.557
53.822 8.563
53.853 8.582
53.864 8.592
53.873 8.607
53.875 8.606
53.88 8.607
53.884 8.616
53.893 8.665
53.894 8.68
53.892 8.684
53.881 8.689
53.881 8.696
53.872 8.713
53.869 8.714
53.864 8.716
53.863 8.723
53.856 8.74
53.851 8.746
53.849 8.756
53.84 8.78
53.834 8.805
53.836 8.814
53.834 8.824
53.836 8.841
53.833 8.864
53.831 8.898
53.83 8.9
53.829 8.908
53.831 8.913
53.833 8.94
53.836 8.943
53.841 8.985
53.836 9.023
53.835 9.029
53.829 9.032
53.828 9.037
53.832 9.038
53.837 9.033
53.841 9.024
53.843 9.024
53.856 9.071
53.865 9.113
53.866 9.129
53.863 9.142
53.864 9.196
53.865 9.224
53.858 9.282
53.84 9.31
53.836 9.322
53.832 9.328
53.816 9.337
53.799 9.353
53.794 9.358
53.789 9.36
53.766 9.38
53.756 9.394
53.745 9.401
53.732 9.417
53.712 9.448
53.695 9.478
53.681 9.494
53.656 9.514
53.639 9.521
53.63 9.531
53.627 9.534
53.616 9.545
53.611 9.553
53.611 9.56
53.599 9.573
53.588 9.592
53.584 9.606
53.583 9.622
53.575 9.638
53.572 9.649
53.554 9.681
53.551 9.692
53.553 9.704
53.554 9.719
53.554 9.732
53.552 9.743
53.552 9.752
53.551 9.772
53.543 9.784
53.539 9.796
53.534 9.821
53.534 9.829
53.538 9.828
53.546 9.836
53.551 9.836
53.555 9.837
53.567 9.774
53.567 9.757
53.57 9.72
53.571 9.71
53.575 9.689
53.579 9.682
53.58 9.666
53.591 9.653
53.604 9.617
53.606 9.604
53.612 9.596
53.617 9.577
53.624 9.56
53.636 9.553
53.64 9.55
53.65 9.54
53.661 9.543
53.666 9.541
53.666 9.546
53.664 9.548
53.659 9.546
53.64 9.555
53.637 9.566
53.634 9.569
53.633 9.576
53.635 9.577
53.645 9.563
53.657 9.554
53.673 9.551
53.677 9.553
53.678 9.55
53.691 9.544
53.716 9.522
53.724 9.502
53.725 9.502
53.729 9.485
53.73 9.47
53.734 9.459
53.744 9.443
53.753 9.433
53.765 9.431
53.779 9.421
53.783 9.416
53.791 9.414
53.819 9.395
53.822 9.396
53.834 9.377
53.838 9.368
53.841 9.355
53.852 9.344
53.859 9.332
53.87 9.302
53.88 9.261
53.885 9.256
53.889 9.239
53.892 9.193
53.889 9.172
53.89 9.157
53.901 9.163
53.89 9.134
53.891 9.126
53.89 9.089
53.894 9.081
53.894 9.08
53.899 9.058
53.901 9.035
53.898 9.006
53.894 9.002
53.889 8.992
53.891 8.983
53.894 8.977
53.896 8.976
53.903 8.96
53.907 8.959
53.91 8.951
53.913 8.95
53.924 8.928
53.93 8.923
53.93 8.92
53.948 8.905
53.951 8.906
53.953 8.903
53.957 8.905
53.959 8.902
53.962 8.899
53.963 8.894
53.968 8.888
53.982 8.89
53.983 8.888
53.987 8.896
53.989 8.891
53.987 8.879
53.994 8.873
53.994 8.869
54.015 8.854
54.021 8.853
54.027 8.844
54.031 8.843
54.036 8.846
54.042 8.858
54.046 8.88
54.047 8.886
54.046 8.9
54.037 8.934
54.032 8.947
54.023 8.963
54.017 8.979
54.023 8.983
54.027 8.991
54.026 9.002
54.029 9.012
54.031 9.008
54.035 9.007
54.045 9.014
54.052 9.013
54.057 9.016
54.062 9.013
54.069 9.015
54.08 9.012
54.09 9.021
54.092 9.02
54.095 9.01
54.12 8.985
54.128 8.983
54.134 8.973
54.139 8.983
54.142 8.983
54.144 8.98
54.144 8.974
54.144 8.938
54.139 8.933
54.136 8.926
54.137 8.911
54.135 8.896
54.127 8.878
54.124 8.865
54.125 8.862
54.129 8.861
54.133 8.852
54.137 8.848
54.145 8.834
54.169 8.825
54.17 8.82
54.173 8.814
54.177 8.811
54.185 8.817
54.195 8.819
54.206 8.825
54.214 8.833
54.219 8.845
54.235 8.848
54.237 8.846
54.243 8.841
54.257 8.846
54.259 8.852
54.262 8.857
54.26 8.889
54.261 8.902
54.265 8.917
54.271 8.93
54.277 8.931
54.281 8.936
54.282 8.943
54.292 8.956
54.308 8.96
54.315 8.964
54.317 8.957
54.3 8.928
54.288 8.903
54.287 8.898
54.288 8.883
54.297 8.877
54.297 8.892
54.3 8.888
54.302 8.872
54.306 8.869
54.306 8.86
54.302 8.845
54.295 8.836
54.293 8.823
54.29 8.81
54.284 8.798
54.285 8.781
54.287 8.776
54.293 8.773
54.294 8.769
54.293 8.755
54.297 8.747
54.297 8.741
54.291 8.727
54.29 8.713
54.283 8.696
54.27 8.694
54.269 8.689
54.27 8.673
54.275 8.657
54.28 8.64
54.289 8.627
54.308 8.617
54.313 8.612
54.315 8.605
54.312 8.601
54.309 8.602
54.306 8.607
54.291 8.622
54.289 8.622
54.29 8.615
54.306 8.599
54.315 8.593
54.319 8.593
54.322 8.595
54.324 8.593
54.328 8.587
54.322 8.584
54.312 8.586
54.304 8.59
54.296 8.603
54.288 8.611
54.289 8.606
54.298 8.594
54.301 8.584
54.307 8.578
54.317 8.578
54.343 8.59
54.352 8.6
54.357 8.604
54.359 8.611
54.358 8.614
54.354 8.612
54.351 8.615
54.351 8.625
54.349 8.628
54.35 8.633
54.346 8.642
54.354 8.658
54.357 8.685
54.361 8.692
54.361 8.699
54.373 8.697
54.375 8.688
54.371 8.685
54.372 8.675
54.376 8.67
54.378 8.656
54.375 8.655
54.37 8.658
54.368 8.654
54.368 8.628
54.371 8.615
54.374 8.61
54.379 8.609
54.386 8.614
54.389 8.62
54.391 8.63
54.4 8.642
54.402 8.658
54.401 8.66
54.397 8.657
54.396 8.659
54.404 8.677
54.403 8.697
54.406 8.707
54.408 8.721
54.409 8.725
54.411 8.73
54.416 8.824
