segment Isle Of Man
54.326 -4.383
54.317 -4.375
54.314 -4.365
54.313 -4.364
54.314 -4.356
54.311 -4.35
54.31 -4.34
54.307 -4.328
54.303 -4.315
54.301 -4.311
54.298 -4.313
54.293 -4.324
54.293 -4.331
54.287 -4.328
54.282 -4.33
54.273 -4.346
54.266 -4.347
54.248 -4.371
54.245 -4.373
54.243 -4.37
54.233 -4.378
54.23 -4.383
54.228 -4.387
54.227 -4.396
54.219 -4.405
54.214 -4.406
54.207 -4.403
54.205 -4.397
54.203 -4.397
54.2 -4.391
54.197 -4.392
54.181 -4.411
54.178 -4.426
54.174 -4.426
54.169 -4.441
54.171 -4.447
54.167 -4.454
54.169 -4.459
54.167 -4.467
54.163 -4.476
54.158 -4.481
54.15 -4.479
54.151 -4.473
54.149 -4.471
54.144 -4.471
54.141 -4.477
54.138 -4.487
54.127 -4.508
54.129 -4.516
54.128 -4.527
54.124 -4.534
54.12 -4.533
54.117 -4.536
54.112 -4.547
54.106 -4.548
54.103 -4.554
54.103 -4.575
54.103 -4.581
54.093 -4.606
54.09 -4.608
54.084 -4.616
54.082 -4.625
54.079 -4.627
54.074 -4.624
54.072 -4.62
54.078 -4.607
54.074 -4.608
54.071 -4.616
54.058 -4.624
54.056 -4.629
54.057 -4.636
54.061 -4.63
54.073 -4.628
54.075 -4.63
54.078 -4.642
54.076 -4.656
54.071 -4.665
54.068 -4.663
54.065 -4.665
54.065 -4.683
54.067 -4.683
54.071 -4.687
54.074 -4.687
54.075 -4.684
54.078 -4.692
54.081 -4.696
54.085 -4.697
54.085 -4.711
54.087 -4.722
54.084 -4.733
54.079 -4.733
54.079 -4.74
54.076 -4.74
54.072 -4.735
54.07 -4.736
54.07 -4.743
54.072 -4.748
54.07 -4.753
54.067 -4.755
54.063 -4.757
54.063 -4.771
54.059 -4.772
54.058 -4.778
54.059 -4.783
54.063 -4.786
54.064 -4.799
54.066 -4.799
54.07 -4.791
54.075 -4.789
54.079 -4.779
54.086 -4.776
54.088 -4.771
54.087 -4.768
54.088 -4.764
54.091 -4.763
54.094 -4.781
54.098 -4.781
54.109 -4.769
54.111 -4.761
54.11 -4.753
54.118 -4.752
54.121 -4.748
54.128 -4.74
54.133 -4.741
54.14 -4.735
54.145 -4.734
54.149 -4.738
54.156 -4.735
54.167 -4.745
54.173 -4.744
54.183 -4.728
54.189 -4.724
54.201 -4.724
54.204 -4.719
54.213 -4.723
54.23 -4.704
54.227 -4.702
54.228 -4.69
54.232 -4.686
54.236 -4.668
54.247 -4.655
54.26 -4.631
54.278 -4.608
54.287 -4.6
54.313 -4.585
54.322 -4.577
54.337 -4.563
54.354 -4.556
54.364 -4.548
54.379 -4.521
54.402 -4.466
54.405 -4.435
54.405 -4.431
54.415 -4.396
54.42 -4.371
54.419 -4.367
54.393 -4.366
54.354 -4.386
54.345 -4.388
54.338 -4.386
54.326 -4.383
segment Isle Of Man
54.052 -4.806
54.049 -4.811
54.045 -4.812
54.045 -4.816
54.048 -4.818
54.047 -4.823
54.048 -4.826
54.054 -4.83
54.057 -4.829
54.061 -4.82
54.06 -4.813
54.063 -4.807
54.062 -4.803
54.052 -4.806
