segment Jan Mayen
71.146 -8.137
71.147 -8.094
71.149 -8.088
71.15 -8.079
71.155 -8.075
71.162 -8.059
71.164 -8.014
71.162 -7.997
71.163 -7.947
71.161 -7.941
71.147 -7.921
71.125 -7.968
71.11 -7.988
71.1 -7.988
71.092 -7.994
71.086 -7.997
71.086 -7.993
71.069 -7.984
71.065 -7.983
71.037 -7.972
71.02 -7.981
71.004 -8.038
71.004 -8.066
70.999 -8.127
70.99 -8.202
70.978 -8.304
70.976 -8.345
70.97 -8.361
70.967 -8.379
70.973 -8.394
70.971 -8.506
70.964 -8.554
70.944 -8.645
70.942 -8.65
70.933 -8.684
70.918 -8.718
70.908 -8.728
70.903 -8.753
70.896 -8.763
70.882 -8.798
70.868 -8.809
70.869 -8.828
70.867 -8.85
70.857 -8.894
70.849 -8.907
70.845 -8.93
70.833 -8.952
70.827 -8.988
70.827 -9.035
70.829 -9.045
70.848 -9.048
70.861 -9.079
70.869 -9.08
70.879 -9.054
70.878 -9.044
70.878 -9.041
70.878 -9.011
70.883 -8.997
70.897 -8.982
70.908 -8.946
70.917 -8.938
70.921 -8.905
70.926 -8.905
70.939 -8.851
70.946 -8.774
70.949 -8.766
70.954 -8.754
70.964 -8.694
70.97 -8.689
70.976 -8.7
70.979 -8.691
70.974 -8.667
70.976 -8.653
70.976 -8.638
70.982 -8.606
70.983 -8.586
71.005 -8.476
71.013 -8.46
71.032 -8.449
71.035 -8.448
71.036 -8.448
71.052 -8.421
71.068 -8.409
71.08 -8.39
71.12 -8.292
71.133 -8.227
71.135 -8.21
71.143 -8.164
71.146 -8.137
