segment Poland
53.951 14.752
53.95 14.751
53.953 14.746
53.953 14.739
53.95 14.732
53.948 14.719
53.945 14.711
53.946 14.704
53.953 14.702
53.964 14.708
53.968 14.715
53.971 14.715
53.977 14.71
53.979 14.717
53.979 14.731
53.973 14.752
53.969 14.755
53.965 14.753
53.962 14.756
53.951 14.752
segment Poland
53.86 14.399
53.854 14.381
53.858 14.376
53.863 14.389
53.864 14.4
53.864 14.402
53.86 14.399
segment Poland
53.859 14.403
53.861 14.411
53.857 14.413
53.854 14.411
53.85 14.415
53.842 14.411
53.835 14.386
53.835 14.382
53.847 14.387
53.854 14.385
53.859 14.403
segment Poland
53.703 14.269
53.703 14.263
53.7 14.253
53.705 14.251
53.708 14.261
53.709 14.267
53.707 14.269
53.706 14.271
53.703 14.269
segment Poland
53.865 14.213
53.885 14.213
53.894 14.213
53.902 14.209
53.91 14.196
53.915 14.183
53.916 14.207
53.927 14.224
53.921 14.244
53.92 14.26
53.922 14.277
53.92 14.282
53.91 14.324
53.908 14.344
53.91 14.363
53.916 14.399
53.924 14.429
53.939 14.461
53.946 14.473
53.96 14.493
53.965 14.504
53.965 14.516
53.971 14.543
53.982 14.57
53.994 14.625
54.001 14.648
54.003 14.657
54.009 14.684
54.017 14.7
54.022 14.719
54.021 14.743
54.024 14.758
54.023 14.762
54.015 14.763
54.012 14.76
54.01 14.74
54.006 14.725
53.997 14.711
54.001 14.705
54.001 14.699
53.999 14.695
53.998 14.693
53.991 14.692
53.984 14.698
53.979 14.696
53.971 14.699
53.951 14.686
53.939 14.692
53.936 14.692
53.928 14.683
53.924 14.674
53.917 14.67
53.914 14.664
53.908 14.663
53.903 14.646
53.896 14.636
53.88 14.627
53.873 14.619
53.862 14.615
53.851 14.62
53.839 14.617
53.832 14.613
53.828 14.606
53.827 14.593
53.821 14.592
53.817 14.587
53.814 14.587
53.81 14.591
53.804 14.586
53.805 14.58
53.808 14.576
53.813 14.575
53.814 14.57
53.824 14.571
53.827 14.567
53.827 14.578
53.832 14.583
53.834 14.582
53.845 14.576
53.848 14.571
53.85 14.557
53.854 14.546
53.854 14.538
53.857 14.532
53.855 14.519
53.855 14.509
53.858 14.501
53.864 14.471
53.864 14.458
53.86 14.432
53.866 14.421
53.871 14.42
53.876 14.423
53.879 14.422
53.883 14.421
53.89 14.41
53.892 14.403
53.891 14.377
53.885 14.37
53.878 14.369
53.876 14.359
53.874 14.357
53.872 14.36
53.871 14.369
53.874 14.378
53.867 14.387
53.862 14.383
53.854 14.368
53.856 14.36
53.869 14.347
53.872 14.337
53.872 14.331
53.872 14.321
53.87 14.312
53.858 14.29
53.86 14.284
53.879 14.283
53.885 14.279
53.895 14.259
53.896 14.253
53.894 14.244
53.883 14.259
53.873 14.273
53.85 14.282
53.85 14.297
53.859 14.318
53.865 14.321
53.868 14.334
53.861 14.339
53.853 14.354
53.851 14.374
53.853 14.379
53.851 14.384
53.844 14.383
53.839 14.379
53.838 14.375
53.838 14.368
53.835 14.363
53.836 14.357
53.835 14.353
53.832 14.349
53.832 14.346
53.83 14.342
53.827 14.339
53.82 14.338
53.819 14.338
53.811 14.34
53.807 14.336
53.81 14.327
53.81 14.319
53.814 14.323
53.817 14.321
53.819 14.312
53.821 14.286
53.826 14.275
53.859 14.232
53.865 14.213
segment Poland
54.437 19.786
54.428 19.894
54.422 20
54.408 20.219
54.383 20.443
54.372 20.541
54.359 20.724
54.357 20.82
54.351 20.894
54.346 21.048
54.335 21.205
54.321 21.471
54.329 21.71
54.336 22.104
54.345 22.285
54.351 22.571
54.359 22.749
54.361 22.769
54.365 22.788
54.366 22.79
54.376 22.805
54.384 22.817
54.388 22.819
54.394 22.817
54.396 22.805
54.4 22.799
54.402 22.798
54.413 22.817
54.421 22.838
54.425 22.855
54.426 22.865
54.424 22.875
54.421 22.885
54.415 22.89
54.404 22.9
54.398 22.908
54.396 22.915
54.398 22.926
54.395 22.933
54.39 22.942
54.387 22.948
54.386 22.956
54.389 22.964
54.392 22.972
54.391 22.983
54.386 22.996
54.376 23.002
54.368 22.999
54.359 23.001
54.352 23.011
54.35 23.029
54.348 23.05
54.343 23.06
54.336 23.058
54.326 23.054
54.317 23.047
54.312 23.049
54.305 23.069
54.298 23.084
54.297 23.1
54.302 23.118
54.309 23.138
54.311 23.148
54.309 23.159
54.299 23.166
54.291 23.177
54.288 23.189
54.288 23.198
54.282 23.213
54.27 23.225
54.254 23.24
54.248 23.256
54.242 23.296
54.238 23.327
54.23 23.356
54.215 23.387
54.202 23.4
54.189 23.41
54.177 23.424
54.165 23.444
54.158 23.471
54.152 23.489
54.139 23.498
54.125 23.503
54.091 23.512
54.038 23.516
54.024 23.513
54.009 23.495
53.989 23.491
53.967 23.506
53.956 23.513
53.934 23.527
53.882 23.54
53.874 23.545
53.858 23.554
53.846 23.559
53.818 23.563
53.783 23.564
53.776 23.566
53.765 23.577
53.754 23.599
53.742 23.611
53.727 23.611
53.716 23.609
53.703 23.608
53.685 23.607
53.653 23.608
53.614 23.614
53.601 23.614
53.597 23.621
53.593 23.633
53.584 23.638
53.566 23.644
53.536 23.654
53.508 23.662
53.481 23.681
53.475 23.688
53.467 23.692
53.453 23.701
53.411 23.721
53.364 23.748
53.306 23.779
53.271 23.803
53.249 23.82
53.241 23.832
53.231 23.863
53.229 23.868
53.223 23.871
53.217 23.866
53.208 23.865
53.194 23.871
53.187 23.878
53.172 23.909
53.158 23.92
53.153 23.921
53.147 23.917
53.141 23.919
53.137 23.916
53.129 23.903
53.122 23.897
53.115 23.891
53.112 23.891
53.103 23.894
53.099 23.889
53.091 23.887
53.087 23.879
53.084 23.876
53.071 23.888
53.064 23.89
53.061 23.897
53.059 23.908
53.055 23.913
53.048 23.91
53.044 23.919
53.033 23.926
53.019 23.939
52.967 23.95
52.948 23.956
52.935 23.941
52.892 23.933
52.827 23.928
52.718 23.925
52.673 23.918
52.667 23.915
52.66 23.881
52.641 23.784
52.633 23.711
52.622 23.645
52.606 23.563
52.603 23.544
52.598 23.523
52.587 23.497
52.574 23.454
52.548 23.407
52.504 23.356
52.486 23.334
52.461 23.308
52.447 23.291
52.417 23.274
52.389 23.26
52.361 23.243
52.321 23.204
52.283 23.177
52.28 23.188
52.279 23.191
52.275 23.209
52.272 23.211
52.265 23.206
52.262 23.206
52.258 23.213
52.254 23.212
52.246 23.203
52.238 23.2
52.226 23.206
52.221 23.214
52.221 23.229
52.216 23.254
52.214 23.273
52.214 23.286
52.218 23.298
52.218 23.299
52.219 23.31
52.215 23.314
52.21 23.305
52.206 23.306
52.207 23.329
52.205 23.345
52.211 23.35
52.212 23.353
52.206 23.36
52.203 23.359
52.202 23.365
52.205 23.369
52.205 23.374
52.196 23.374
52.194 23.381
52.194 23.39
52.199 23.397
52.197 23.399
52.194 23.398
52.191 23.406
52.189 23.406
52.181 23.401
52.177 23.404
52.176 23.412
52.181 23.42
52.181 23.422
52.172 23.427
52.171 23.435
52.184 23.453
52.182 23.467
52.18 23.466
52.178 23.466
52.174 23.472
52.174 23.48
52.18 23.49
52.179 23.5
52.176 23.509
52.171 23.509
52.172 23.497
52.168 23.497
52.164 23.49
52.153 23.493
52.149 23.498
52.147 23.504
52.147 23.51
52.148 23.516
52.147 23.519
52.143 23.52
52.137 23.517
52.136 23.52
52.137 23.524
52.131 23.528
52.131 23.534
52.132 23.545
52.127 23.548
52.113 23.552
52.112 23.554
52.112 23.558
52.121 23.562
52.121 23.566
52.117 23.575
52.121 23.584
52.117 23.591
52.119 23.602
52.111 23.612
52.11 23.62
52.107 23.624
52.102 23.615
52.098 23.614
52.088 23.631
52.085 23.635
52.085 23.647
52.084 23.648
52.079 23.654
52.056 23.657
52.052 23.659
52.048 23.658
52.042 23.663
52.023 23.666
52.02 23.663
52.017 23.666
52.011 23.677
52.005 23.682
52.003 23.692
51.999 23.696
51.991 23.69
51.986 23.68
51.985 23.674
51.981 23.67
51.973 23.674
51.969 23.673
51.966 23.669
51.968 23.665
51.967 23.656
51.957 23.646
51.957 23.635
51.956 23.632
51.954 23.634
51.952 23.644
51.949 23.646
51.941 23.65
51.937 23.648
51.936 23.64
51.925 23.635
51.927 23.628
51.927 23.622
51.922 23.617
51.914 23.626
51.909 23.623
51.905 23.627
51.903 23.637
51.9 23.642
51.897 23.642
51.89 23.63
51.878 23.637
51.878 23.633
51.881 23.622
51.881 23.617
51.879 23.613
51.874 23.612
51.864 23.616
51.861 23.62
51.858 23.621
51.85 23.618
51.846 23.608
51.844 23.605
51.842 23.607
51.842 23.615
51.837 23.61
51.835 23.608
51.834 23.625
51.831 23.63
51.827 23.631
51.816 23.639
51.804 23.643
51.795 23.636
51.787 23.635
51.786 23.634
51.786 23.628
51.778 23.621
51.776 23.616
51.777 23.608
51.766 23.597
51.76 23.58
51.763 23.565
51.751 23.551
51.749 23.541
51.745 23.537
51.733 23.536
51.731 23.534
51.727 23.54
51.724 23.54
51.723 23.545
51.727 23.549
51.718 23.557
51.716 23.557
51.714 23.554
51.71 23.558
51.707 23.553
51.706 23.556
51.703 23.561
51.701 23.561
51.689 23.552
51.686 23.554
51.685 23.562
51.684 23.564
51.683 23.561
51.682 23.558
51.675 23.557
51.668 23.56
51.665 23.557
51.664 23.549
51.66 23.544
51.655 23.547
51.649 23.54
51.642 23.551
51.635 23.546
51.628 23.549
51.62 23.55
51.606 23.546
51.601 23.548
51.596 23.554
51.586 23.557
51.581 23.566
51.568 23.57
51.559 23.579
51.55 23.571
51.539 23.573
51.534 23.579
51.532 23.589
51.537 23.599
51.531 23.606
51.531 23.616
51.527 23.619
51.524 23.618
51.516 23.626
51.505 23.623
51.499 23.628
51.497 23.631
51.488 23.646
51.488 23.652
51.491 23.664
51.488 23.671
51.476 23.678
51.475 23.678
51.474 23.679
51.462 23.661
51.461 23.654
51.458 23.652
51.448 23.659
51.446 23.664
51.444 23.685
51.436 23.688
51.432 23.683
51.427 23.691
51.421 23.695
51.42 23.703
51.419 23.704
51.414 23.698
51.412 23.702
51.404 23.706
51.404 23.699
51.401 23.696
51.401 23.691
51.395 23.688
51.392 23.683
51.389 23.689
51.387 23.69
51.384 23.685
51.38 23.684
51.377 23.687
51.371 23.686
51.369 23.681
51.369 23.672
51.363 23.669
51.356 23.661
51.345 23.656
51.343 23.66
51.34 23.661
51.336 23.649
51.333 23.645
51.322 23.641
51.314 23.643
51.306 23.652
51.291 23.655
51.289 23.654
51.288 23.654
51.287 23.661
51.289 23.671
51.278 23.687
51.274 23.702
51.268 23.712
51.27 23.72
51.258 23.728
51.248 23.731
51.24 23.729
51.234 23.734
51.233 23.741
51.23 23.744
51.228 23.743
51.224 23.748
51.221 23.748
51.217 23.744
51.214 23.746
51.212 23.759
51.207 23.761
51.202 23.774
51.202 23.775
51.202 23.783
51.199 23.788
51.191 23.792
51.19 23.803
51.185 23.811
51.178 23.82
51.173 23.822
51.169 23.829
51.165 23.83
51.161 23.836
51.162 23.843
51.162 23.851
51.157 23.854
51.157 23.858
51.159 23.866
51.155 23.868
51.151 23.873
51.147 23.872
51.137 23.877
51.132 23.874
51.131 23.867
51.133 23.863
51.129 23.859
51.124 23.857
51.112 23.866
51.107 23.867
51.103 23.865
51.101 23.868
51.096 23.876
51.081 23.886
51.083 23.892
51.077 23.908
51.079 23.912
51.075 23.918
51.072 23.919
51.067 23.917
51.061 23.92
51.054 23.923
51.046 23.92
51.043 23.921
51.041 23.927
51.042 23.937
51.038 23.936
51.036 23.934
51.03 23.926
51.026 23.931
51.021 23.932
51.017 23.941
51.016 23.925
51.013 23.923
51.01 23.927
51.007 23.942
51.002 23.954
50.987 23.968
50.976 23.973
50.956 23.977
50.948 23.991
50.945 23.994
50.932 24.004
50.907 24.046
50.9 24.056
50.897 24.059
50.895 24.063
50.893 24.087
50.883 24.104
50.878 24.113
50.878 24.118
50.874 24.124
50.873 24.132
50.87 24.139
50.87 24.142
50.871 24.151
50.864 24.151
50.86 24.149
50.846 24.122
50.84 24.105
50.838 24.052
50.841 24.044
50.843 24.038
50.842 24.027
50.844 24.004
50.843 23.993
50.812 23.97
50.806 23.97
50.801 23.965
50.796 23.966
50.79 23.971
50.785 23.969
50.78 23.977
50.777 23.978
50.774 23.984
50.774 24.012
50.77 24.023
50.765 24.026
50.757 24.02
50.75 24.023
50.742 24.019
50.737 24.023
50.726 24.02
50.725 24.026
50.726 24.029
50.725 24.033
50.721 24.041
50.723 24.065
50.722 24.071
50.717 24.074
50.714 24.073
50.709 24.062
50.701 24.056
50.696 24.055
50.689 24.064
50.684 24.067
50.678 24.072
50.673 24.074
50.67 24.083
50.665 24.085
50.665 24.09
50.658 24.09
50.654 24.092
50.649 24.085
50.644 24.09
50.639 24.092
50.637 24.095
50.638 24.102
50.636 24.109
50.53 24.076
50.52 24.074
50.496 24.072
50.473 24.063
50.459 24.056
50.446 24.042
50.435 24.021
50.426 23.995
50.419 23.965
50.412 23.937
50.414 23.893
50.417 23.861
50.42 23.821
50.416 23.792
50.411 23.766
50.406 23.755
50.398 23.751
50.396 23.745
50.393 23.732
50.387 23.721
50.379 23.714
50.37 23.705
50.357 23.701
50.344 23.696
50.338 23.69
50.328 23.669
50.31 23.627
50.293 23.61
50.275 23.602
50.264 23.578
50.255 23.553
50.231 23.509
50.218 23.483
50.204 23.455
50.191 23.441
50.156 23.4
50.139 23.375
50.115 23.331
50.105 23.319
50.1 23.301
50.096 23.292
50.083 23.286
50.072 23.277
50.065 23.264
50.056 23.244
50.052 23.231
50.045 23.224
50.032 23.221
50.024 23.213
50.002 23.181
50 23.179
49.973 23.148
49.932 23.097
49.897 23.059
49.867 23.023
49.849 22.996
49.831 22.97
49.806 22.953
49.793 22.934
49.783 22.916
49.773 22.907
49.765 22.9
49.751 22.897
49.745 22.883
49.736 22.864
49.728 22.861
49.717 22.85
49.705 22.824
49.695 22.803
49.685 22.794
49.661 22.78
49.636 22.763
49.621 22.742
49.584 22.698
49.567 22.68
49.551 22.676
49.542 22.668
49.536 22.667
49.524 22.671
49.488 22.7
49.473 22.7
49.451 22.697
49.436 22.705
49.41 22.723
49.393 22.744
49.376 22.761
49.363 22.777
49.34 22.801
49.329 22.809
49.316 22.81
49.306 22.81
49.288 22.802
49.272 22.79
49.254 22.763
49.237 22.741
49.232 22.734
49.225 22.733
49.219 22.738
49.219 22.746
49.216 22.751
49.206 22.734
49.2 22.734
49.197 22.732
49.193 22.726
49.186 22.721
49.182 22.716
49.177 22.714
49.171 22.717
49.168 22.725
49.176 22.73
49.177 22.734
49.182 22.738
49.185 22.745
49.185 22.758
49.182 22.761
49.178 22.755
49.172 22.754
49.171 22.749
49.165 22.746
49.164 22.746
49.159 22.747
49.153 22.763
49.155 22.774
49.154 22.783
49.158 22.792
49.157 22.797
49.146 22.801
49.141 22.799
49.137 22.804
49.134 22.815
49.119 22.835
49.114 22.836
49.112 22.841
49.112 22.851
49.115 22.857
49.113 22.864
49.11 22.866
49.105 22.863
49.103 22.864
49.102 22.865
49.099 22.873
49.097 22.884
49.098 22.893
49.095 22.896
49.082 22.887
49.081 22.879
49.079 22.873
49.075 22.873
49.07 22.876
49.066 22.874
49.057 22.876
49.052 22.881
49.043 22.875
49.04 22.876
49.04 22.886
49.037 22.888
49.029 22.882
49.024 22.886
49.018 22.898
49.016 22.898
49.009 22.897
49.006 22.888
49.024 22.841
49.028 22.828
49.054 22.784
49.055 22.778
49.054 22.775
49.049 22.768
49.045 22.763
49.046 22.75
49.05 22.735
49.051 22.725
49.05 22.715
49.042 22.697
49.044 22.679
49.052 22.659
49.064 22.645
49.078 22.637
49.082 22.625
49.089 22.612
49.094 22.602
49.096 22.591
49.093 22.579
49.087 22.57
49.09 22.562
49.093 22.544
49.093 22.523
49.093 22.513
49.089 22.502
49.091 22.494
49.096 22.484
49.102 22.474
49.102 22.457
49.102 22.439
49.102 22.428
49.106 22.416
49.116 22.405
49.13 22.394
49.136 22.385
49.141 22.381
49.147 22.377
49.146 22.356
49.146 22.342
49.135 22.321
49.144 22.291
49.149 22.265
49.15 22.242
49.151 22.236
49.156 22.236
49.161 22.235
49.167 22.239
49.172 22.241
49.178 22.239
49.182 22.233
49.184 22.224
49.181 22.215
49.176 22.204
49.174 22.199
49.179 22.193
49.182 22.186
49.185 22.167
49.186 22.155
49.194 22.15
49.201 22.146
49.201 22.116
49.207 22.103
49.213 22.069
49.216 22.056
49.222 22.045
49.226 22.044
49.243 22.042
49.254 22.045
49.259 22.044
49.262 22.043
49.265 22.038
49.268 22.037
49.271 22.039
49.278 22.038
49.286 22.032
49.292 22.02
49.305 22.001
49.321 21.986
49.34 21.977
49.347 21.971
49.35 21.962
49.348 21.944
49.354 21.931
49.355 21.921
49.355 21.906
49.363 21.897
49.369 21.893
49.372 21.883
49.374 21.863
49.383 21.857
49.392 21.848
49.393 21.842
49.387 21.826
49.381 21.809
49.377 21.801
49.371 21.796
49.361 21.795
49.356 21.792
49.356 21.788
49.359 21.785
49.362 21.773
49.374 21.769
49.382 21.767
49.387 21.76
49.393 21.747
49.398 21.735
49.404 21.729
49.413 21.728
49.416 21.712
49.417 21.704
49.414 21.69
49.417 21.67
49.424 21.66
49.432 21.655
49.44 21.647
49.446 21.638
49.447 21.632
49.441 21.611
49.435 21.593
49.436 21.58
49.442 21.573
49.443 21.565
49.438 21.558
49.434 21.548
49.433 21.541
49.432 21.534
49.428 21.53
49.421 21.531
49.419 21.525
49.42 21.515
49.426 21.506
49.429 21.498
49.426 21.49
49.42 21.488
49.416 21.479
49.416 21.471
49.417 21.461
49.415 21.453
49.414 21.444
49.42 21.429
49.433 21.41
49.434 21.406
49.432 21.397
49.43 21.387
49.433 21.373
49.438 21.366
49.443 21.353
49.447 21.346
49.448 21.335
49.448 21.306
49.453 21.292
49.456 21.282
49.455 21.274
49.453 21.267
49.447 21.271
49.438 21.255
49.433 21.234
49.427 21.226
49.421 21.229
49.417 21.23
49.411 21.224
49.407 21.219
49.402 21.216
49.402 21.207
49.401 21.196
49.407 21.186
49.413 21.17
49.422 21.162
49.431 21.149
49.434 21.132
49.429 21.12
49.425 21.114
49.428 21.1
49.425 21.083
49.423 21.066
49.419 21.057
49.411 21.055
49.404 21.063
49.396 21.071
49.39 21.084
49.381 21.096
49.377 21.103
49.371 21.101
49.365 21.092
49.363 21.083
49.362 21.078
49.364 21.075
49.363 21.068
49.362 21.062
49.365 21.051
49.355 21.032
49.347 21.019
49.34 21.017
49.332 21.011
49.329 21.001
49.325 20.994
49.321 20.996
49.312 20.997
49.306 20.995
49.308 20.987
49.309 20.977
49.304 20.96
49.296 20.938
49.301 20.937
49.306 20.923
49.312 20.916
49.324 20.913
49.33 20.909
49.339 20.901
49.343 20.902
49.346 20.904
49.35 20.896
49.348 20.89
49.343 20.874
49.344 20.868
49.344 20.864
49.331 20.841
49.329 20.833
49.33 20.827
49.341 20.815
49.341 20.805
49.348 20.8
49.355 20.806
49.358 20.804
49.36 20.799
49.357 20.789
49.357 20.781
49.36 20.779
49.368 20.784
49.366 20.77
49.366 20.764
49.369 20.759
49.373 20.757
49.378 20.758
49.379 20.759
49.384 20.749
49.389 20.747
49.394 20.749
49.398 20.755
49.4 20.744
49.408 20.744
49.41 20.742
49.41 20.727
49.414 20.723
49.422 20.727
49.428 20.727
49.429 20.723
49.419 20.714
49.419 20.704
49.411 20.686
49.405 20.67
49.402 20.658
49.403 20.652
49.407 20.648
49.408 20.637
49.414 20.632
49.417 20.626
49.416 20.623
49.414 20.618
49.41 20.616
49.403 20.619
49.4 20.614
49.396 20.609
49.39 20.609
49.384 20.604
49.384 20.594
49.38 20.585
49.378 20.575
49.381 20.562
49.386 20.54
49.393 20.518
49.398 20.516
49.401 20.502
49.406 20.49
49.412 20.482
49.414 20.472
49.416 20.46
49.416 20.454
49.412 20.45
49.415 20.44
49.414 20.436
49.407 20.434
49.404 20.439
49.402 20.441
49.397 20.437
49.402 20.432
49.404 20.428
49.403 20.422
49.401 20.42
49.399 20.421
49.396 20.42
49.392 20.417
49.388 20.401
49.387 20.387
49.392 20.382
49.399 20.382
49.4 20.374
49.398 20.367
49.397 20.359
49.397 20.356
49.399 20.345
49.404 20.339
49.403 20.327
49.395 20.322
49.388 20.326
49.385 20.33
49.38 20.325
49.367 20.326
49.358 20.325
49.35 20.322
49.346 20.315
49.348 20.3
49.349 20.281
49.348 20.268
49.35 20.26
49.349 20.245
49.347 20.231
49.35 20.219
49.345 20.212
49.34 20.193
49.333 20.188
49.325 20.178
49.32 20.175
49.311 20.173
49.304 20.159
49.315 20.15
49.308 20.14
49.294 20.132
49.279 20.126
49.266 20.119
49.253 20.105
49.241 20.102
49.235 20.101
49.225 20.107
49.215 20.1
49.207 20.093
49.199 20.087
49.19 20.086
49.185 20.091
49.179 20.091
49.176 20.081
49.181 20.065
49.19 20.046
49.195 20.028
49.2 20.017
49.21 20.013
49.217 20.009
49.219 20
49.22 19.998
49.225 19.993
49.228 19.987
49.228 19.969
49.232 19.954
49.232 19.93
49.223 19.909
49.213 19.902
49.204 19.892
49.197 19.876
49.193 19.866
49.193 19.855
49.19 19.844
49.194 19.834
49.195 19.825
49.197 19.819
49.199 19.808
49.195 19.8
49.193 19.793
49.197 19.789
49.199 19.783
49.202 19.768
49.209 19.765
49.217 19.768
49.227 19.769
49.237 19.775
49.244 19.786
49.248 19.789
49.259 19.792
49.267 19.803
49.27 19.817
49.276 19.823
49.285 19.817
49.29 19.81
49.292 19.799
49.3 19.798
49.309 19.803
49.319 19.809
49.332 19.802
49.34 19.799
49.345 19.801
49.355 19.805
49.367 19.801
49.383 19.793
49.392 19.795
49.402 19.794
49.407 19.783
49.409 19.77
49.405 19.749
49.397 19.741
49.389 19.731
49.385 19.719
49.391 19.714
49.399 19.697
49.401 19.661
49.404 19.634
49.41 19.639
49.426 19.649
49.433 19.644
49.438 19.642
49.444 19.643
49.449 19.643
49.45 19.639
49.447 19.631
49.443 19.624
49.442 19.618
49.445 19.612
49.451 19.606
49.459 19.602
49.461 19.596
49.46 19.589
49.47 19.577
49.491 19.562
49.512 19.553
49.521 19.548
49.533 19.54
49.558 19.534
49.571 19.528
49.578 19.517
49.583 19.504
49.587 19.49
49.594 19.48
49.6 19.474
49.603 19.467
49.602 19.453
49.599 19.438
49.596 19.421
49.593 19.413
49.584 19.411
49.581 19.408
49.576 19.395
49.574 19.382
49.57 19.377
49.561 19.374
49.544 19.372
49.542 19.368
49.541 19.357
49.538 19.345
49.534 19.331
49.535 19.328
49.539 19.323
49.54 19.314
49.538 19.299
49.538 19.292
49.535 19.286
49.536 19.281
49.536 19.271
49.534 19.266
49.525 19.258
49.519 19.249
49.516 19.241
49.512 19.239
49.501 19.241
49.496 19.233
49.479 19.225
49.474 19.224
49.468 19.229
49.464 19.229
49.455 19.227
49.453 19.226
49.453 19.222
49.452 19.212
49.447 19.2
49.438 19.191
49.434 19.194
49.428 19.199
49.417 19.2
49.415 19.196
49.414 19.189
49.415 19.18
49.41 19.169
49.408 19.158
49.41 19.152
49.411 19.146
49.407 19.138
49.404 19.128
49.405 19.119
49.41 19.109
49.411 19.102
49.415 19.097
49.417 19.094
49.418 19.08
49.414 19.073
49.413 19.068
49.415 19.061
49.413 19.055
49.404 19.049
49.398 19.043
49.395 19.03
49.397 19.018
49.398 19.008
49.396 18.997
49.396 18.989
49.399 18.981
49.406 18.975
49.413 18.974
49.418 18.978
49.425 18.987
49.429 18.99
49.434 18.986
49.44 18.98
49.447 18.977
49.453 18.973
49.454 18.968
49.457 18.965
49.462 18.966
49.471 18.969
49.482 18.964
49.49 18.964
49.499 18.97
49.503 18.972
49.51 18.968
49.515 18.959
49.52 18.943
49.519 18.922
49.516 18.899
49.516 18.886
49.519 18.877
49.521 18.872
49.519 18.854
49.522 18.85
49.526 18.847
49.532 18.846
49.537 18.85
49.541 18.857
49.547 18.86
49.554 18.856
49.565 18.845
49.572 18.838
49.584 18.836
49.589 18.833
49.598 18.83
49.609 18.83
49.622 18.827
49.635 18.822
49.647 18.818
49.661 18.814
49.671 18.812
49.677 18.808
49.681 18.798
49.685 18.785
49.686 18.779
49.684 18.764
49.68 18.75
49.679 18.741
49.685 18.728
49.691 18.718
49.703 18.713
49.709 18.705
49.71 18.695
49.708 18.688
49.706 18.682
49.709 18.676
49.711 18.671
49.711 18.654
49.692 18.658
49.694 18.647
49.699 18.642
49.717 18.632
49.73 18.63
49.74 18.632
49.776 18.615
49.806 18.594
49.812 18.59
49.827 18.575
49.834 18.574
49.842 18.581
49.852 18.594
49.86 18.603
49.865 18.601
49.868 18.593
49.867 18.585
49.866 18.575
49.868 18.571
49.874 18.568
49.889 18.574
49.91 18.582
49.921 18.575
49.922 18.569
49.921 18.558
49.926 18.549
49.925 18.544
49.913 18.54
49.905 18.533
49.903 18.518
49.903 18.498
49.908 18.48
49.918 18.456
49.927 18.43
49.933 18.416
49.934 18.391
49.937 18.364
49.944 18.353
49.945 18.334
49.941 18.333
49.934 18.343
49.929 18.348
49.926 18.337
49.919 18.328
49.917 18.318
49.925 18.299
49.934 18.282
49.945 18.281
49.956 18.278
49.962 18.275
49.967 18.253
49.966 18.239
49.964 18.231
49.969 18.219
49.977 18.214
49.991 18.214
49.998 18.209
50 18.206
50.002 18.202
50.004 18.191
50.003 18.182
50 18.175
49.997 18.17
49.991 18.166
49.987 18.17
49.983 18.161
49.985 18.154
49.988 18.15
49.99 18.143
49.995 18.138
49.993 18.129
49.996 18.118
50 18.112
50.005 18.103
50.011 18.101
50.02 18.103
50.025 18.103
50.027 18.099
50.03 18.091
50.032 18.089
50.041 18.089
50.043 18.088
50.044 18.077
50.061 18.044
50.06 18.031
50.058 18.021
50.054 18.012
50.041 18.007
50.034 18.007
50.031 18.013
50.033 18.02
50.036 18.028
50.037 18.046
50.029 18.05
50.021 18.05
50.012 18.05
50.004 18.047
50.004 18.032
50.009 18.019
50.014 18.011
50.018 18.002
50.017 17.996
50.012 17.988
50.006 17.977
50 17.965
49.997 17.959
49.987 17.939
49.981 17.927
49.976 17.911
49.976 17.903
49.976 17.893
49.974 17.88
49.976 17.862
49.98 17.856
49.985 17.834
49.992 17.82
50 17.814
50.002 17.812
50.007 17.801
50.013 17.797
50.018 17.782
50.024 17.778
50.029 17.779
50.036 17.773
50.043 17.773
50.05 17.769
50.06 17.76
50.064 17.76
50.067 17.755
50.07 17.754
50.075 17.752
50.077 17.747
50.089 17.739
50.095 17.736
50.098 17.735
50.1 17.735
50.102 17.726
50.108 17.705
50.113 17.694
50.112 17.679
50.109 17.679
50.106 17.675
50.109 17.66
50.119 17.647
50.128 17.642
50.138 17.616
50.145 17.603
50.152 17.594
50.158 17.591
50.165 17.593
50.168 17.61
50.17 17.638
50.174 17.646
50.176 17.66
50.182 17.673
50.18 17.682
50.179 17.693
50.183 17.704
50.186 17.707
50.193 17.707
50.203 17.713
50.204 17.721
50.201 17.732
50.2 17.738
50.205 17.756
50.216 17.757
50.232 17.759
50.239 17.755
50.246 17.739
50.25 17.733
50.261 17.728
50.269 17.731
50.284 17.742
50.291 17.75
50.295 17.753
50.301 17.748
50.302 17.731
50.314 17.719
50.32 17.701
50.326 17.686
50.323 17.681
50.311 17.684
50.3 17.687
50.293 17.677
50.284 17.664
50.275 17.653
50.271 17.631
50.267 17.619
50.265 17.612
50.264 17.604
50.269 17.597
50.275 17.591
50.273 17.579
50.27 17.565
50.269 17.532
50.273 17.509
50.269 17.478
50.266 17.458
50.26 17.453
50.251 17.447
50.25 17.434
50.251 17.427
50.261 17.426
50.27 17.422
50.272 17.409
50.269 17.401
50.273 17.398
50.276 17.407
50.278 17.415
50.282 17.414
50.285 17.41
50.286 17.403
50.282 17.388
50.28 17.367
50.277 17.361
50.268 17.361
50.261 17.365
50.259 17.363
50.26 17.357
50.264 17.353
50.267 17.342
50.282 17.338
50.294 17.345
50.306 17.351
50.311 17.346
50.312 17.335
50.316 17.326
50.319 17.327
50.32 17.339
50.323 17.353
50.326 17.348
50.328 17.341
50.324 17.327
50.318 17.296
50.321 17.274
50.345 17.225
50.356 17.205
50.37 17.184
50.374 17.185
50.379 17.192
50.378 17.199
50.386 17.192
50.384 17.177
50.382 17.171
50.385 17.162
50.379 17.152
50.381 17.146
50.379 17.138
50.389 17.122
50.39 17.108
50.393 17.106
50.398 17.107
50.405 17.099
50.403 17.08
50.403 17.066
50.409 17.053
50.405 17.041
50.406 17.037
50.412 17.03
50.419 17.02
50.42 16.989
50.426 16.96
50.435 16.937
50.44 16.922
50.445 16.912
50.444 16.894
50.438 16.883
50.429 16.876
50.409 16.86
50.403 16.868
50.392 16.892
50.385 16.907
50.372 16.914
50.363 16.912
50.352 16.918
50.34 16.929
50.333 16.928
50.325 16.928
50.313 16.942
50.308 16.967
50.299 16.998
50.29 17.009
50.271 17.014
50.261 17.008
50.257 17.001
50.246 17.007
50.231 17.021
50.225 17.016
50.219 17.011
50.217 16.998
50.224 16.985
50.235 16.979
50.244 16.972
50.242 16.964
50.236 16.955
50.228 16.958
50.225 16.952
50.222 16.938
50.225 16.918
50.224 16.905
50.219 16.889
50.206 16.882
50.2 16.877
50.196 16.869
50.199 16.854
50.206 16.849
50.209 16.843
50.203 16.832
50.198 16.824
50.189 16.821
50.187 16.805
50.176 16.795
50.158 16.787
50.143 16.773
50.134 16.759
50.133 16.741
50.116 16.727
50.099 16.713
50.096 16.7
50.099 16.672
50.109 16.654
50.109 16.636
50.114 16.628
50.122 16.616
50.132 16.609
50.138 16.585
50.141 16.581
50.149 16.586
50.152 16.585
50.162 16.564
50.166 16.562
50.179 16.564
50.19 16.558
50.202 16.559
50.208 16.563
50.216 16.556
50.22 16.558
50.225 16.555
50.236 16.538
50.238 16.535
50.238 16.529
50.241 16.521
50.258 16.511
50.262 16.499
50.266 16.493
50.278 16.482
50.283 16.472
50.286 16.468
50.295 16.464
50.302 16.453
50.319 16.438
50.322 16.433
50.323 16.416
50.323 16.404
50.324 16.388
50.334 16.377
50.347 16.363
50.357 16.361
50.366 16.362
50.377 16.356
50.382 16.338
50.382 16.306
50.369 16.279
50.376 16.272
50.379 16.265
50.384 16.261
50.387 16.264
50.394 16.256
50.395 16.246
50.404 16.248
50.411 16.241
50.412 16.231
50.408 16.223
50.41 16.214
50.424 16.209
50.434 16.197
50.442 16.196
50.449 16.202
50.449 16.213
50.444 16.222
50.444 16.232
50.448 16.235
50.451 16.228
50.459 16.224
50.464 16.231
50.464 16.243
50.469 16.245
50.468 16.252
50.47 16.254
50.473 16.25
50.475 16.256
50.475 16.265
50.484 16.268
50.482 16.281
50.488 16.303
50.493 16.312
50.497 16.31
50.5 16.303
50.505 16.304
50.508 16.313
50.5 16.331
50.498 16.35
50.503 16.364
50.516 16.375
50.525 16.392
50.535 16.395
50.54 16.393
50.546 16.402
50.551 16.409
50.559 16.405
50.569 16.403
50.571 16.407
50.57 16.416
50.573 16.433
50.573 16.445
50.58 16.446
50.594 16.437
50.606 16.419
50.619 16.396
50.637 16.376
50.646 16.357
50.658 16.35
50.663 16.334
50.665 16.319
50.661 16.302
50.661 16.285
50.668 16.269
50.672 16.251
50.673 16.237
50.665 16.228
50.652 16.223
50.639 16.221
50.633 16.213
50.632 16.202
50.626 16.188
50.636 16.177
50.645 16.164
50.653 16.152
50.655 16.144
50.655 16.135
50.661 16.123
50.661 16.109
50.662 16.098
50.651 16.087
50.641 16.069
50.629 16.061
50.616 16.058
50.612 16.053
50.615 16.044
50.607 16.029
50.608 16.014
50.607 15.999
50.612 15.991
50.615 15.988
50.626 15.996
50.648 16
50.651 16.001
50.655 16
50.676 15.992
50.688 15.986
50.693 15.972
50.694 15.958
50.689 15.934
50.684 15.921
50.683 15.912
50.677 15.886
50.672 15.88
50.675 15.861
50.683 15.861
50.687 15.859
50.711 15.849
50.714 15.842
50.718 15.837
50.729 15.827
50.741 15.828
50.749 15.821
50.754 15.815
50.756 15.808
50.756 15.799
50.755 15.794
50.749 15.79
50.744 15.781
50.744 15.773
50.747 15.766
50.746 15.756
50.743 15.747
50.742 15.744
50.736 15.736
50.741 15.725
50.74 15.699
50.745 15.685
50.747 15.683
50.754 15.684
50.757 15.677
50.763 15.655
50.764 15.633
50.775 15.616
50.778 15.606
50.78 15.587
50.78 15.583
50.778 15.563
50.781 15.556
50.782 15.542
50.78 15.523
50.79 15.511
50.791 15.506
50.789 15.493
50.79 15.485
50.797 15.469
50.802 15.464
50.804 15.453
50.816 15.447
50.816 15.441
50.815 15.434
50.808 15.421
50.799 15.419
50.791 15.413
50.783 15.401
50.777 15.395
50.78 15.381
50.782 15.375
50.786 15.373
50.795 15.372
50.804 15.365
50.814 15.369
50.825 15.371
50.845 15.362
50.852 15.354
50.856 15.341
50.863 15.325
50.866 15.31
50.878 15.298
50.894 15.278
50.899 15.28
50.903 15.278
50.922 15.267
50.936 15.271
50.948 15.287
50.956 15.294
50.962 15.285
50.964 15.28
50.968 15.277
50.976 15.277
50.981 15.272
50.982 15.25
50.986 15.243
51 15.238
50.99 15.198
50.985 15.197
50.981 15.192
50.983 15.181
50.986 15.175
51.012 15.175
51.014 15.174
51.02 15.172
51.016 15.148
51.013 15.141
51.001 15.133
50.995 15.142
50.991 15.134
50.998 15.102
51.001 15.096
51.005 15.095
51.013 15.104
51.015 15.1
51.016 15.078
51.024 15.06
51.015 15.056
51.011 15.035
51.015 15.031
51.017 15.033
51.025 15.03
51.028 15.026
51.032 15.026
51.028 15.018
51.025 15.013
51.017 15.011
51.016 15.009
51.014 15
51.012 14.987
50.993 14.971
50.986 14.979
50.986 14.987
50.989 14.995
50.989 15
50.988 15.009
50.982 15.011
50.971 15.022
50.967 15.014
50.964 15.012
50.946 15.017
50.933 15.002
50.932 15
50.928 14.991
50.926 14.983
50.92 14.986
50.913 15
50.912 15.001
50.909 15.003
50.904 15
50.897 14.996
50.884 15
50.879 15.001
50.875 15.001
50.874 15
50.871 14.995
50.87 14.98
50.865 14.966
50.866 14.953
50.874 14.921
50.878 14.9
50.871 14.894
50.873 14.886
50.877 14.881
50.879 14.869
50.873 14.865
50.87 14.859
50.869 14.85
50.87 14.837
50.874 14.825
50.875 14.822
50.878 14.819
50.882 14.817
50.885 14.818
50.893 14.83
50.9 14.84
50.914 14.851
50.923 14.866
50.928 14.875
50.932 14.874
50.937 14.88
50.94 14.895
50.945 14.893
50.953 14.897
50.971 14.904
50.974 14.909
50.975 14.915
50.984 14.919
50.988 14.923
50.994 14.928
51.001 14.929
51.015 14.937
51.023 14.934
51.028 14.937
51.03 14.947
51.04 14.951
51.046 14.951
51.049 14.96
51.058 14.953
51.063 14.949
51.066 14.951
51.077 14.973
51.085 14.977
51.091 14.977
51.096 14.98
51.108 14.976
51.117 14.983
51.121 14.991
51.127 14.988
51.133 14.993
51.142 14.989
51.15 14.998
51.158 14.992
51.162 14.991
51.168 14.998
51.172 15
51.176 15.001
51.188 15.001
51.196 15.01
51.202 15.006
51.208 15.006
51.215 15.013
51.228 15.016
51.233 15.025
51.244 15.04
51.267 15.035
51.271 15.039
51.276 15.034
51.286 15.032
51.293 15.028
51.309 15.005
51.313 15.006
51.317 15.003
51.318 15
51.319 14.997
51.323 14.991
51.337 14.978
51.343 14.975
51.35 14.976
51.359 14.962
51.363 14.966
51.365 14.972
51.371 14.978
51.375 14.977
51.377 14.971
51.392 14.963
51.395 14.958
51.4 14.968
51.408 14.959
51.42 14.964
51.426 14.963
51.428 14.96
51.432 14.964
51.435 14.97
51.441 14.969
51.442 14.968
51.453 14.962
51.456 14.956
51.464 14.952
51.473 14.939
51.473 14.927
51.481 14.92
51.484 14.903
51.483 14.898
51.484 14.891
51.488 14.886
51.485 14.872
51.49 14.864
51.49 14.845
51.491 14.841
51.501 14.833
51.506 14.826
51.507 14.824
51.508 14.817
51.507 14.813
51.508 14.805
51.516 14.799
51.519 14.792
51.519 14.768
51.522 14.759
51.524 14.745
51.526 14.736
51.535 14.727
51.546 14.728
51.55 14.726
51.551 14.724
51.558 14.712
51.562 14.71
51.582 14.728
51.592 14.742
51.595 14.749
51.599 14.752
51.604 14.762
51.617 14.764
51.623 14.761
51.628 14.754
51.63 14.753
51.642 14.757
51.65 14.752
51.661 14.753
51.671 14.747
51.677 14.738
51.679 14.737
51.683 14.739
51.687 14.736
51.69 14.722
51.698 14.71
51.708 14.692
51.712 14.685
51.718 14.677
51.723 14.675
51.733 14.658
51.739 14.659
51.742 14.656
51.751 14.657
51.753 14.652
51.762 14.65
51.769 14.653
51.785 14.651
51.796 14.643
51.797 14.638
51.801 14.632
51.802 14.616
51.805 14.612
51.807 14.599
51.814 14.598
51.82 14.594
51.824 14.586
51.827 14.588
51.83 14.59
51.837 14.588
51.843 14.6
51.85 14.607
51.853 14.607
51.856 14.61
51.861 14.628
51.865 14.632
51.868 14.641
51.875 14.65
51.883 14.651
51.89 14.661
51.89 14.668
51.898 14.678
51.901 14.69
51.919 14.7
51.924 14.703
51.933 14.703
51.94 14.711
51.947 14.717
51.953 14.719
51.957 14.717
51.96 14.711
51.969 14.701
51.979 14.707
51.985 14.715
51.997 14.72
52.007 14.713
52.012 14.723
52.018 14.727
52.025 14.739
52.032 14.74
52.035 14.746
52.044 14.748
52.047 14.747
52.056 14.744
52.06 14.747
52.064 14.754
52.069 14.757
52.074 14.755
52.076 14.75
52.086 14.742
52.093 14.734
52.098 14.719
52.102 14.697
52.105 14.69
52.112 14.685
52.118 14.683
52.148 14.68
52.163 14.7
52.169 14.703
52.174 14.704
52.181 14.701
52.188 14.693
52.193 14.685
52.197 14.684
52.204 14.69
52.209 14.703
52.215 14.708
52.228 14.713
52.241 14.708
52.244 14.704
52.254 14.697
52.258 14.691
52.259 14.675
52.262 14.666
52.264 14.642
52.269 14.627
52.274 14.618
52.273 14.612
52.274 14.599
52.283 14.586
52.295 14.569
52.304 14.584
52.31 14.581
52.32 14.572
52.329 14.561
52.338 14.561
52.345 14.557
52.352 14.55
52.368 14.55
52.373 14.552
52.379 14.549
52.391 14.534
52.397 14.534
52.413 14.545
52.42 14.544
52.43 14.547
52.435 14.552
52.438 14.561
52.439 14.576
52.46 14.603
52.466 14.609
52.477 14.613
52.501 14.629
52.505 14.626
52.511 14.614
52.515 14.61
52.532 14.603
52.557 14.617
52.564 14.63
52.577 14.638
52.58 14.624
52.589 14.611
52.596 14.609
52.609 14.599
52.616 14.58
52.621 14.574
52.628 14.55
52.635 14.538
52.636 14.526
52.639 14.515
52.641 14.511
52.656 14.481
52.66 14.469
52.664 14.462
52.673 14.459
52.678 14.452
52.681 14.437
52.688 14.43
52.694 14.428
52.702 14.415
52.709 14.41
52.729 14.382
52.732 14.379
52.736 14.376
52.745 14.358
52.754 14.351
52.776 14.278
52.811 14.225
52.818 14.214
52.827 14.138
52.831 14.13
52.841 14.123
52.848 14.127
52.87 14.152
52.876 14.159
52.89 14.163
52.906 14.154
52.918 14.152
52.938 14.145
52.957 14.143
52.963 14.148
52.967 14.168
52.977 14.178
52.979 14.184
52.988 14.208
52.998 14.247
53.004 14.255
53.028 14.301
53.043 14.323
53.052 14.342
53.056 14.346
53.063 14.355
53.075 14.36
53.08 14.365
53.093 14.37
53.099 14.369
53.104 14.373
53.107 14.371
53.113 14.378
53.142 14.387
53.146 14.386
53.16 14.372
53.173 14.367
53.202 14.378
53.207 14.384
53.21 14.399
53.211 14.403
53.214 14.406
53.227 14.411
53.244 14.434
53.247 14.433
53.253 14.437
53.264 14.451
53.27 14.448
53.276 14.442
53.278 14.427
53.281 14.418
53.283 14.415
53.304 14.414
53.311 14.406
53.327 14.413
53.335 14.407
53.346 14.406
53.355 14.392
53.369 14.395
53.38 14.392
53.407 14.374
53.413 14.372
53.425 14.368
53.449 14.372
53.453 14.367
53.454 14.361
53.461 14.357
53.474 14.353
53.485 14.351
53.49 14.352
53.497 14.347
53.5 14.333
53.503 14.328
53.523 14.316
53.529 14.319
53.535 14.317
53.545 14.305
53.552 14.304
53.564 14.316
53.571 14.312
53.586 14.314
53.604 14.316
53.613 14.314
53.619 14.309
53.634 14.284
53.657 14.284
53.662 14.279
53.663 14.275
53.667 14.271
53.674 14.284
53.697 14.269
53.698 14.276
53.696 14.297
53.697 14.303
53.706 14.309
53.709 14.307
53.717 14.299
53.719 14.285
53.722 14.278
53.723 14.277
53.724 14.28
53.723 14.289
53.724 14.3
53.731 14.298
53.735 14.3
53.738 14.292
53.739 14.285
53.741 14.284
53.74 14.304
53.734 14.319
53.734 14.329
53.733 14.331
53.732 14.332
53.715 14.34
53.699 14.363
53.698 14.37
53.682 14.392
53.676 14.417
53.671 14.473
53.666 14.491
53.663 14.5
53.662 14.509
53.655 14.523
53.654 14.529
53.649 14.533
53.645 14.541
53.636 14.548
53.62 14.556
53.605 14.57
53.599 14.569
53.6 14.576
53.597 14.581
53.582 14.581
53.584 14.584
53.591 14.585
53.587 14.591
53.586 14.596
53.599 14.596
53.62 14.59
53.624 14.595
53.624 14.603
53.626 14.606
53.631 14.606
53.63 14.616
53.637 14.611
53.64 14.613
53.641 14.619
53.646 14.621
53.648 14.618
53.647 14.604
53.655 14.604
53.653 14.593
53.654 14.585
53.652 14.583
53.653 14.576
53.659 14.566
53.662 14.569
53.664 14.557
53.671 14.545
53.679 14.544
53.692 14.543
53.702 14.538
53.708 14.544
53.743 14.554
53.75 14.558
53.755 14.557
53.755 14.564
53.759 14.562
53.762 14.568
53.754 14.575
53.754 14.582
53.761 14.59
53.761 14.604
53.762 14.609
53.762 14.61
53.77 14.614
53.778 14.611
53.782 14.613
53.786 14.609
53.802 14.611
53.821 14.605
53.825 14.609
53.828 14.616
53.83 14.62
53.834 14.617
53.843 14.62
53.844 14.623
53.856 14.626
53.872 14.637
53.878 14.637
53.88 14.637
53.893 14.646
53.898 14.653
53.901 14.665
53.917 14.686
53.915 14.694
53.917 14.696
53.92 14.694
53.924 14.695
53.931 14.709
53.935 14.721
53.939 14.717
53.941 14.72
53.938 14.727
53.938 14.74
53.936 14.744
53.918 14.751
53.927 14.761
53.933 14.758
53.949 14.763
53.957 14.758
53.962 14.764
53.972 14.764
53.973 14.78
53.977 14.775
53.976 14.771
53.981 14.763
53.984 14.766
53.992 14.761
53.999 14.765
54.008 14.773
54.01 14.779
54.01 14.793
54.012 14.797
54.02 14.801
54.032 14.802
54.034 14.793
54.029 14.775
54.026 14.77
54.028 14.76
54.023 14.736
54.025 14.731
54.037 14.785
54.038 14.798
54.043 14.816
54.052 14.871
54.054 14.89
54.064 14.933
54.07 14.959
54.08 15
54.087 15.029
54.093 15.044
54.097 15.064
54.101 15.101
54.109 15.132
54.109 15.134
54.114 15.146
54.123 15.194
54.13 15.214
54.132 15.231
54.14 15.267
54.146 15.285
54.15 15.304
54.15 15.317
54.156 15.372
54.16 15.389
54.166 15.422
54.166 15.485
54.171 15.51
54.178 15.535
54.186 15.552
54.189 15.557
54.187 15.58
54.189 15.594
54.207 15.709
54.212 15.724
54.215 15.745
54.229 15.797
54.233 15.806
54.243 15.855
54.244 15.871
54.247 15.888
54.249 15.935
54.254 15.977
54.255 15.989
54.252 16
54.254 16.011
54.263 16.065
54.277 16.121
54.287 16.156
54.306 16.198
54.347 16.263
54.346 16.265
54.322 16.231
54.319 16.229
54.317 16.231
54.315 16.253
54.32 16.257
54.328 16.259
54.333 16.289
54.342 16.308
54.342 16.323
54.344 16.328
54.353 16.332
54.362 16.326
54.368 16.324
54.372 16.319
54.372 16.316
54.361 16.293
54.356 16.288
54.351 16.273
54.354 16.273
54.358 16.283
54.385 16.324
54.398 16.337
54.401 16.34
54.427 16.361
54.433 16.369
54.442 16.387
54.475 16.417
54.491 16.435
54.493 16.439
54.507 16.461
54.514 16.478
54.517 16.494
54.531 16.513
54.537 16.528
54.547 16.56
54.56 16.616
54.562 16.624
54.566 16.663
54.568 16.713
54.566 16.733
54.567 16.754
54.581 16.826
54.588 16.843
54.589 16.867
54.59 16.878
54.593 16.893
54.605 16.926
54.629 16.988
54.662 17.04
54.667 17.049
54.673 17.061
54.688 17.12
54.701 17.15
54.706 17.168
54.716 17.186
54.727 17.222
54.731 17.238
54.741 17.279
54.752 17.363
54.754 17.388
54.752 17.419
54.754 17.432
54.757 17.475
54.77 17.562
54.774 17.617
54.779 17.644
54.802 17.774
54.814 17.85
54.815 17.853
54.822 17.887
54.833 17.981
54.836 18.048
54.835 18.066
54.834 18.084
54.837 18.131
54.834 18.216
54.836 18.245
54.837 18.25
54.839 18.267
54.839 18.283
54.838 18.314
54.836 18.332
54.832 18.342
54.814 18.369
54.808 18.383
54.807 18.394
54.802 18.419
54.793 18.44
54.792 18.443
54.787 18.462
54.769 18.505
54.739 18.592
54.73 18.627
54.73 18.629
54.699 18.695
54.684 18.731
54.652 18.784
54.648 18.789
54.639 18.797
54.617 18.826
54.612 18.829
54.604 18.826
54.597 18.817
54.594 18.808
54.645 18.752
54.647 18.75
54.66 18.73
54.676 18.714
54.682 18.704
54.691 18.676
54.702 18.648
54.714 18.63
54.718 18.605
54.725 18.594
54.726 18.593
54.739 18.547
54.749 18.523
54.754 18.498
54.768 18.464
54.776 18.437
54.778 18.423
54.776 18.418
54.767 18.417
54.763 18.416
54.752 18.398
54.744 18.395
54.728 18.404
54.725 18.408
54.718 18.426
54.704 18.444
54.693 18.47
54.679 18.472
54.664 18.469
54.656 18.468
54.65 18.475
54.635 18.476
54.632 18.482
54.634 18.499
54.644 18.514
54.643 18.517
54.64 18.519
54.616 18.515
54.602 18.521
54.597 18.525
54.569 18.548
54.553 18.558
54.546 18.56
54.542 18.556
54.54 18.528
54.538 18.526
54.536 18.529
54.533 18.552
54.528 18.561
54.519 18.555
54.509 18.561
54.506 18.559
54.504 18.558
54.5 18.562
54.495 18.561
54.482 18.569
54.466 18.564
54.459 18.565
54.443 18.574
54.433 18.584
54.424 18.598
54.422 18.604
54.42 18.614
54.411 18.632
54.408 18.646
54.409 18.652
54.412 18.662
54.41 18.671
54.4 18.684
54.395 18.693
54.386 18.706
54.378 18.724
54.374 18.741
54.372 18.759
54.374 18.773
54.372 18.779
54.366 18.773
54.364 18.776
54.358 18.777
54.354 18.781
54.354 18.785
54.359 18.792
54.359 18.797
54.36 18.798
54.366 18.79
54.371 18.789
54.371 18.794
54.357 18.818
54.35 18.846
54.348 18.869
54.347 18.92
54.356 18.939
54.354 18.941
54.344 18.938
54.342 18.94
54.343 18.946
54.352 18.953
54.348 18.963
54.349 18.975
54.347 18.982
54.346 18.996
54.344 19.013
54.344 19.031
54.347 19.048
54.35 19.101
54.35 19.133
54.351 19.157
54.354 19.184
54.354 19.209
54.355 19.229
54.358 19.243
54.366 19.312
54.376 19.364
54.379 19.386
54.386 19.416
54.41 19.515
54.422 19.552
54.441 19.598
54.444 19.606
54.457 19.632
54.46 19.638
54.469 19.654
54.491 19.687
54.495 19.697
54.507 19.716
54.526 19.736
54.535 19.753
54.564 19.795
54.579 19.813
54.608 19.854
54.637 19.877
54.629 19.893
54.623 19.887
54.615 19.888
54.609 19.888
54.604 19.884
54.603 19.861
54.589 19.852
54.584 19.838
54.573 19.831
54.548 19.796
54.544 19.784
54.537 19.776
54.526 19.769
54.518 19.762
54.494 19.732
54.49 19.72
54.47 19.689
54.468 19.677
54.46 19.665
54.455 19.662
54.45 19.659
54.424 19.61
54.423 19.601
54.424 19.589
54.412 19.569
54.407 19.546
54.394 19.519
54.377 19.459
54.371 19.417
54.356 19.381
54.354 19.347
54.352 19.333
54.351 19.318
54.351 19.309
54.352 19.293
54.35 19.278
54.347 19.258
54.345 19.251
54.345 19.242
54.339 19.232
54.336 19.232
54.335 19.234
54.33 19.25
54.322 19.254
54.313 19.263
54.31 19.265
54.306 19.264
54.295 19.258
54.287 19.261
54.278 19.26
54.275 19.263
54.276 19.27
54.285 19.292
54.285 19.302
54.279 19.314
54.277 19.338
54.271 19.359
54.269 19.373
54.27 19.379
54.272 19.388
54.279 19.397
54.281 19.404
54.278 19.404
54.276 19.403
54.266 19.393
54.255 19.385
54.24 19.373
54.227 19.366
54.224 19.369
54.223 19.373
54.226 19.382
54.236 19.39
54.25 19.394
54.262 19.402
54.272 19.411
54.283 19.427
54.292 19.451
54.296 19.46
54.307 19.473
54.316 19.49
54.326 19.507
54.326 19.517
54.328 19.525
54.337 19.544
54.343 19.565
54.345 19.579
54.346 19.592
54.343 19.617
54.344 19.626
54.346 19.634
54.349 19.64
54.351 19.654
54.353 19.659
54.355 19.662
54.368 19.682
54.379 19.699
54.387 19.714
54.402 19.723
54.406 19.726
54.408 19.736
54.411 19.741
54.417 19.747
54.424 19.748
54.431 19.751
54.435 19.756
54.437 19.786
