segment San Marino
44 12.51
43.996 12.516
43.994 12.513
43.983 12.505
43.979 12.502
43.973 12.499
43.969 12.498
43.965 12.498
43.962 12.5
43.953 12.508
43.951 12.507
43.947 12.507
43.945 12.506
43.929 12.497
43.927 12.498
43.925 12.496
43.918 12.492
43.908 12.484
43.907 12.481
43.899 12.461
43.898 12.458
43.898 12.454
43.9 12.45
43.905 12.442
43.907 12.438
43.908 12.435
43.909 12.431
43.909 12.428
43.908 12.421
43.906 12.415
43.908 12.412
43.908 12.409
43.912 12.407
43.921 12.404
43.93 12.408
43.932 12.408
43.936 12.408
43.949 12.402
43.954 12.406
43.957 12.412
43.961 12.418
43.961 12.42
43.963 12.432
43.966 12.441
43.972 12.452
43.981 12.461
43.983 12.464
43.986 12.471
43.989 12.477
43.992 12.488
43.994 12.493
43.997 12.498
44 12.51
