segment Spain
42.479 1.983
42.475 1.982
42.467 1.987
42.46 2.001
42.457 2.003
42.453 2.005
42.449 2.002
42.452 1.968
42.454 1.961
42.46 1.949
42.475 1.953
42.492 1.973
42.497 1.975
42.498 1.977
42.497 1.98
42.496 1.985
42.479 1.983
segment Spain
39.57 2.308
39.572 2.304
39.585 2.317
39.595 2.333
39.594 2.336
39.587 2.334
39.581 2.325
39.572 2.317
39.574 2.312
39.57 2.308
segment Spain
39.178 2.961
39.178 2.956
39.183 2.952
39.186 2.952
39.187 2.956
39.191 2.957
39.193 2.961
39.192 2.967
39.19 2.968
39.181 2.964
39.178 2.961
segment Spain
39.125 2.933
39.131 2.933
39.13 2.918
39.132 2.917
39.138 2.923
39.14 2.922
39.143 2.91
39.149 2.909
39.155 2.917
39.158 2.913
39.161 2.913
39.163 2.915
39.162 2.919
39.147 2.926
39.147 2.93
39.149 2.931
39.15 2.931
39.155 2.929
39.158 2.93
39.158 2.935
39.153 2.939
39.153 2.945
39.157 2.948
39.163 2.945
39.166 2.946
39.167 2.951
39.163 2.959
39.162 2.969
39.159 2.973
39.152 2.965
39.152 2.958
39.15 2.955
39.146 2.954
39.143 2.958
39.137 2.953
39.135 2.953
39.127 2.959
39.126 2.958
39.125 2.954
39.128 2.943
39.125 2.933
segment Spain
38.849 1.403
38.834 1.407
38.833 1.405
38.833 1.401
38.838 1.397
38.841 1.392
38.842 1.385
38.84 1.381
38.832 1.376
38.832 1.372
38.836 1.368
38.846 1.368
38.853 1.364
38.865 1.354
38.87 1.348
38.871 1.342
38.869 1.333
38.866 1.327
38.86 1.322
38.858 1.318
38.866 1.318
38.868 1.316
38.868 1.311
38.863 1.303
38.864 1.299
38.87 1.304
38.872 1.303
38.876 1.298
38.88 1.273
38.877 1.266
38.871 1.261
38.861 1.258
38.86 1.251
38.872 1.238
38.874 1.227
38.887 1.224
38.889 1.224
38.893 1.218
38.898 1.216
38.903 1.217
38.924 1.223
38.932 1.234
38.937 1.236
38.941 1.236
38.953 1.221
38.959 1.218
38.964 1.221
38.966 1.226
38.974 1.23
38.973 1.236
38.975 1.237
38.975 1.242
38.973 1.245
38.971 1.244
38.97 1.252
38.97 1.254
38.97 1.268
38.975 1.282
38.971 1.296
38.972 1.301
38.975 1.308
38.979 1.31
38.981 1.304
38.981 1.298
38.982 1.296
38.987 1.295
38.989 1.291
38.995 1.29
39.003 1.291
39.009 1.298
39.015 1.295
39.024 1.294
39.029 1.291
39.034 1.296
39.037 1.304
39.038 1.308
39.045 1.315
39.049 1.326
39.054 1.328
39.055 1.332
39.054 1.341
39.063 1.346
39.074 1.358
39.073 1.361
39.067 1.365
39.066 1.378
39.075 1.383
39.083 1.394
39.083 1.396
39.079 1.398
39.08 1.41
39.082 1.417
39.084 1.418
39.092 1.424
39.089 1.441
39.092 1.452
39.096 1.451
39.099 1.455
39.104 1.472
39.103 1.481
39.105 1.484
39.111 1.487
39.111 1.489
39.104 1.495
39.103 1.501
39.106 1.506
39.116 1.51
39.118 1.517
39.119 1.53
39.117 1.539
39.111 1.54
39.105 1.549
39.098 1.554
39.096 1.558
39.101 1.575
39.099 1.595
39.089 1.603
39.085 1.6
39.083 1.606
39.08 1.606
39.077 1.604
39.075 1.592
39.073 1.588
39.059 1.588
39.05 1.601
39.048 1.603
39.042 1.606
39.04 1.615
39.036 1.619
39.025 1.618
39.025 1.614
39.029 1.609
39.024 1.597
39.007 1.58
38.991 1.581
38.993 1.57
38.992 1.559
38.993 1.553
38.987 1.547
38.985 1.54
38.985 1.537
38.98 1.533
38.964 1.533
38.957 1.528
38.949 1.528
38.947 1.526
38.946 1.521
38.949 1.514
38.935 1.504
38.931 1.494
38.914 1.474
38.914 1.469
38.92 1.462
38.92 1.457
38.914 1.454
38.912 1.455
38.907 1.457
38.905 1.456
38.906 1.453
38.916 1.447
38.918 1.443
38.917 1.436
38.913 1.436
38.911 1.44
38.908 1.44
38.903 1.437
38.905 1.427
38.898 1.416
38.886 1.407
38.877 1.403
38.864 1.404
38.849 1.403
segment Spain
39.031 1.645
39.034 1.638
39.04 1.635
39.043 1.635
39.041 1.648
39.039 1.647
39.034 1.65
39.031 1.645
segment Spain
38.979 1.217
38.981 1.21
38.984 1.211
38.99 1.208
38.996 1.214
38.992 1.216
38.986 1.215
38.985 1.219
38.982 1.22
38.979 1.217
segment Spain
38.957 1.191
38.958 1.188
38.963 1.198
38.959 1.204
38.957 1.202
38.958 1.198
38.957 1.191
segment Spain
38.863 1.196
38.863 1.191
38.865 1.191
38.873 1.202
38.866 1.204
38.863 1.196
segment Spain
38.787 1.479
38.789 1.475
38.799 1.471
38.806 1.473
38.809 1.476
38.808 1.478
38.804 1.48
38.797 1.478
38.789 1.484
38.787 1.483
38.787 1.479
segment Spain
38.776 1.428
38.782 1.425
38.781 1.419
38.784 1.416
38.79 1.419
38.793 1.414
38.798 1.42
38.798 1.422
38.779 1.43
38.776 1.428
segment Spain
38.758 1.432
38.737 1.443
38.727 1.454
38.726 1.46
38.727 1.467
38.727 1.47
38.71 1.477
38.702 1.475
38.686 1.498
38.675 1.524
38.673 1.531
38.689 1.557
38.69 1.563
38.684 1.571
38.681 1.577
38.666 1.584
38.662 1.582
38.658 1.576
38.651 1.571
38.65 1.566
38.652 1.528
38.654 1.523
38.67 1.501
38.684 1.468
38.687 1.461
38.687 1.453
38.685 1.443
38.681 1.435
38.669 1.426
38.668 1.423
38.661 1.418
38.641 1.39
38.641 1.385
38.644 1.384
38.659 1.384
38.68 1.382
38.69 1.381
38.693 1.386
38.697 1.388
38.72 1.381
38.733 1.394
38.733 1.397
38.733 1.403
38.729 1.407
38.724 1.406
38.722 1.407
38.721 1.414
38.723 1.418
38.73 1.414
38.732 1.415
38.738 1.424
38.758 1.432
segment Spain
42.525 -8.861
42.526 -8.868
42.531 -8.872
42.534 -8.868
42.538 -8.871
42.542 -8.873
42.546 -8.87
42.558 -8.868
42.557 -8.875
42.56 -8.878
42.564 -8.886
42.567 -8.885
42.568 -8.881
42.574 -8.874
42.573 -8.87
42.564 -8.865
42.563 -8.862
42.566 -8.855
42.565 -8.852
42.563 -8.851
42.558 -8.855
42.551 -8.856
42.545 -8.847
42.544 -8.855
42.543 -8.858
42.537 -8.861
42.525 -8.861
segment Spain
42.485 -8.843
42.493 -8.845
42.5 -8.839
42.492 -8.834
42.486 -8.837
42.485 -8.843
segment Spain
42.464 -9.002
42.465 -9.006
42.472 -9.009
42.478 -9.009
42.482 -9.005
42.479 -9.001
42.469 -8.995
42.464 -9.002
segment Spain
42.359 -8.937
42.362 -8.938
42.368 -8.944
42.369 -8.935
42.373 -8.932
42.378 -8.936
42.387 -8.933
42.392 -8.928
42.399 -8.925
42.401 -8.916
42.397 -8.914
42.384 -8.924
42.36 -8.93
42.359 -8.937
segment Spain
42.229 -8.901
42.231 -8.905
42.237 -8.902
42.241 -8.902
42.251 -8.909
42.253 -8.908
42.255 -8.904
42.252 -8.898
42.244 -8.893
42.229 -8.899
42.229 -8.901
segment Spain
42.215 -8.909
42.221 -8.91
42.223 -8.902
42.22 -8.898
42.218 -8.9
42.215 -8.909
segment Spain
42.195 -8.899
42.196 -8.902
42.207 -8.906
42.211 -8.904
42.21 -8.902
42.204 -8.896
42.204 -8.89
42.199 -8.886
42.196 -8.887
42.198 -8.893
42.195 -8.899
segment Spain
41.886 -8.837
41.88 -8.842
41.879 -8.848
41.881 -8.848
41.888 -8.838
41.886 -8.837
segment Spain
37.139 -6.879
37.139 -6.881
37.143 -6.889
37.151 -6.901
37.156 -6.901
37.156 -6.894
37.149 -6.89
37.148 -6.882
37.141 -6.878
37.139 -6.879
segment Spain
36 -5.609
36.005 -5.611
36.008 -5.61
36.009 -5.602
36.005 -5.6
36.002 -5.602
36.001 -5.603
36 -5.609
segment Spain
35.92 -5.384
35.924 -5.377
35.924 -5.356
35.921 -5.349
35.915 -5.343
35.909 -5.342
35.903 -5.337
35.898 -5.322
35.898 -5.316
35.901 -5.305
35.909 -5.292
35.911 -5.282
35.908 -5.277
35.904 -5.275
35.898 -5.281
35.896 -5.291
35.894 -5.298
35.889 -5.323
35.883 -5.333
35.877 -5.337
35.891 -5.361
35.92 -5.384
segment Spain
38.159 -0.47
38.16 -0.486
38.162 -0.492
38.164 -0.492
38.164 -0.479
38.163 -0.471
38.16 -0.468
38.159 -0.47
segment Spain
37.744 -0.731
37.745 -0.736
37.747 -0.743
37.755 -0.748
37.769 -0.75
37.772 -0.756
37.775 -0.757
37.776 -0.751
37.771 -0.742
37.768 -0.739
37.757 -0.744
37.753 -0.742
37.748 -0.733
37.745 -0.73
37.744 -0.731
segment Spain
37.689 -0.774
37.69 -0.776
37.693 -0.776
37.699 -0.773
37.693 -0.763
37.689 -0.774
segment Spain
35.938 -3.037
35.94 -3.043
35.944 -3.044
35.949 -3.042
35.953 -3.036
35.953 -3.031
35.948 -3.03
35.94 -3.032
35.938 -3.037
segment Spain
35.337 -2.957
35.329 -2.946
35.317 -2.942
35.312 -2.938
35.306 -2.931
35.304 -2.932
35.302 -2.938
35.297 -2.94
35.292 -2.938
35.283 -2.927
35.281 -2.961
35.29 -2.971
35.303 -2.975
35.316 -2.973
35.327 -2.967
35.337 -2.957
segment Spain
35.185 -2.422
35.187 -2.43
35.191 -2.434
35.194 -2.432
35.191 -2.425
35.188 -2.421
35.185 -2.422
segment Spain
43.132 -9.123
43.132 -9.127
43.128 -9.136
43.128 -9.152
43.131 -9.156
43.143 -9.159
43.134 -9.171
43.126 -9.172
43.119 -9.175
43.122 -9.181
43.119 -9.186
43.135 -9.2
43.14 -9.201
43.145 -9.207
43.157 -9.206
43.158 -9.204
43.154 -9.199
43.153 -9.193
43.159 -9.19
43.16 -9.179
43.164 -9.176
43.18 -9.173
43.187 -9.164
43.186 -9.153
43.188 -9.148
43.193 -9.144
43.194 -9.138
43.19 -9.131
43.198 -9.126
43.199 -9.12
43.195 -9.115
43.193 -9.107
43.187 -9.099
43.188 -9.095
43.193 -9.088
43.191 -9.086
43.189 -9.083
43.19 -9.078
43.187 -9.075
43.181 -9.076
43.182 -9.071
43.185 -9.069
43.186 -9.054
43.191 -9.039
43.2 -9.03
43.212 -9.027
43.214 -9.024
43.214 -9.016
43.22 -9.012
43.222 -9.006
43.23 -9.005
43.232 -9.002
43.232 -8.999
43.224 -8.994
43.219 -8.996
43.217 -8.994
43.217 -8.988
43.22 -8.986
43.229 -8.978
43.223 -8.969
43.223 -8.964
43.228 -8.958
43.229 -8.949
43.226 -8.943
43.221 -8.943
43.219 -8.941
43.219 -8.937
43.224 -8.925
43.228 -8.92
43.235 -8.916
43.237 -8.918
43.226 -8.931
43.225 -8.934
43.236 -8.937
43.24 -8.944
43.249 -8.949
43.254 -8.948
43.261 -8.951
43.265 -8.956
43.263 -8.963
43.264 -8.977
43.267 -8.981
43.273 -8.985
43.278 -8.983
43.282 -8.974
43.285 -8.97
43.286 -8.961
43.292 -8.955
43.292 -8.948
43.292 -8.947
43.284 -8.924
43.294 -8.92
43.293 -8.911
43.295 -8.907
43.3 -8.903
43.304 -8.904
43.309 -8.902
43.321 -8.906
43.324 -8.905
43.322 -8.891
43.321 -8.879
43.316 -8.873
43.316 -8.87
43.321 -8.867
43.322 -8.863
43.317 -8.846
43.321 -8.84
43.326 -8.846
43.332 -8.843
43.337 -8.844
43.346 -8.837
43.345 -8.83
43.343 -8.828
43.341 -8.826
43.332 -8.824
43.33 -8.821
43.327 -8.813
43.329 -8.809
43.327 -8.802
43.323 -8.803
43.309 -8.791
43.301 -8.775
43.299 -8.747
43.293 -8.742
43.292 -8.736
43.295 -8.73
43.295 -8.721
43.291 -8.717
43.289 -8.704
43.29 -8.703
43.295 -8.691
43.297 -8.676
43.302 -8.666
43.307 -8.646
43.308 -8.632
43.313 -8.624
43.316 -8.607
43.323 -8.602
43.32 -8.595
43.322 -8.588
43.319 -8.586
43.318 -8.581
43.319 -8.576
43.316 -8.57
43.316 -8.567
43.313 -8.564
43.313 -8.556
43.311 -8.553
43.313 -8.548
43.317 -8.537
43.318 -8.53
43.327 -8.514
43.328 -8.506
43.346 -8.493
43.353 -8.495
43.358 -8.491
43.359 -8.485
43.352 -8.483
43.353 -8.479
43.352 -8.472
43.356 -8.465
43.358 -8.457
43.36 -8.455
43.371 -8.455
43.373 -8.445
43.376 -8.442
43.38 -8.438
43.38 -8.434
43.376 -8.425
43.375 -8.418
43.372 -8.412
43.373 -8.406
43.385 -8.403
43.386 -8.396
43.388 -8.392
43.377 -8.387
43.372 -8.387
43.371 -8.391
43.364 -8.395
43.36 -8.393
43.352 -8.383
43.332 -8.38
43.324 -8.371
43.334 -8.373
43.338 -8.372
43.342 -8.364
43.341 -8.357
43.347 -8.348
43.348 -8.343
43.361 -8.343
43.365 -8.339
43.371 -8.338
43.371 -8.335
43.377 -8.335
43.381 -8.339
43.379 -8.348
43.381 -8.352
43.385 -8.348
43.39 -8.349
43.389 -8.341
43.391 -8.34
43.397 -8.343
43.397 -8.333
43.402 -8.324
43.402 -8.322
43.402 -8.307
43.404 -8.3
43.393 -8.293
43.384 -8.29
43.383 -8.283
43.385 -8.277
43.382 -8.259
43.378 -8.255
43.373 -8.256
43.366 -8.246
43.36 -8.245
43.352 -8.246
43.344 -8.233
43.342 -8.225
43.333 -8.217
43.329 -8.21
43.323 -8.205
43.321 -8.203
43.314 -8.207
43.294 -8.212
43.286 -8.209
43.282 -8.205
43.29 -8.202
43.3 -8.205
43.325 -8.2
43.337 -8.205
43.337 -8.203
43.336 -8.198
43.339 -8.197
43.349 -8.211
43.352 -8.211
43.358 -8.206
43.362 -8.207
43.367 -8.212
43.371 -8.208
43.379 -8.214
43.393 -8.211
43.395 -8.207
43.403 -8.204
43.406 -8.199
43.41 -8.185
43.411 -8.171
43.414 -8.166
43.418 -8.17
43.422 -8.185
43.419 -8.202
43.417 -8.205
43.418 -8.208
43.424 -8.213
43.428 -8.222
43.427 -8.23
43.421 -8.236
43.418 -8.234
43.417 -8.239
43.42 -8.246
43.419 -8.25
43.421 -8.255
43.435 -8.276
43.437 -8.283
43.436 -8.29
43.441 -8.304
43.442 -8.307
43.444 -8.307
43.444 -8.299
43.449 -8.302
43.452 -8.299
43.454 -8.286
43.461 -8.266
43.456 -8.266
43.456 -8.26
43.463 -8.253
43.464 -8.248
43.463 -8.244
43.459 -8.238
43.458 -8.229
43.455 -8.227
43.455 -8.22
43.459 -8.213
43.458 -8.203
43.471 -8.18
43.477 -8.171
43.485 -8.168
43.492 -8.16
43.505 -8.158
43.508 -8.162
43.497 -8.168
43.492 -8.174
43.492 -8.179
43.484 -8.184
43.483 -8.19
43.479 -8.193
43.479 -8.199
43.483 -8.204
43.483 -8.212
43.477 -8.217
43.478 -8.22
43.472 -8.227
43.472 -8.232
43.48 -8.233
43.483 -8.239
43.489 -8.237
43.492 -8.24
43.49 -8.246
43.485 -8.251
43.474 -8.255
43.47 -8.256
43.468 -8.259
43.469 -8.268
43.464 -8.279
43.46 -8.286
43.459 -8.29
43.466 -8.3
43.468 -8.311
43.468 -8.315
43.457 -8.331
43.46 -8.336
43.461 -8.339
43.474 -8.333
43.487 -8.317
43.494 -8.314
43.499 -8.314
43.503 -8.317
43.505 -8.324
43.508 -8.325
43.513 -8.325
43.524 -8.32
43.525 -8.312
43.527 -8.309
43.527 -8.303
43.534 -8.295
43.537 -8.294
43.544 -8.298
43.544 -8.304
43.546 -8.307
43.552 -8.31
43.555 -8.317
43.559 -8.319
43.566 -8.317
43.568 -8.313
43.568 -8.307
43.564 -8.3
43.555 -8.293
43.554 -8.287
43.559 -8.282
43.561 -8.28
43.559 -8.271
43.556 -8.27
43.556 -8.263
43.562 -8.254
43.565 -8.245
43.574 -8.235
43.576 -8.226
43.583 -8.212
43.59 -8.211
43.596 -8.204
43.598 -8.199
43.602 -8.197
43.604 -8.188
43.608 -8.186
43.616 -8.184
43.621 -8.181
43.623 -8.176
43.618 -8.171
43.617 -8.162
43.622 -8.148
43.636 -8.13
43.638 -8.12
43.644 -8.116
43.644 -8.11
43.651 -8.105
43.65 -8.099
43.666 -8.087
43.662 -8.081
43.656 -8.079
43.654 -8.076
43.651 -8.072
43.649 -8.068
43.65 -8.062
43.651 -8.061
43.652 -8.054
43.655 -8.05
43.658 -8.061
43.662 -8.066
43.666 -8.069
43.684 -8.068
43.685 -8.064
43.698 -8.063
43.707 -8.059
43.711 -8.054
43.713 -8.04
43.716 -8.03
43.713 -8.025
43.713 -8.012
43.709 -8.004
43.708 -7.995
43.709 -7.992
43.714 -7.984
43.721 -7.975
43.728 -7.954
43.734 -7.945
43.738 -7.943
43.746 -7.942
43.747 -7.935
43.743 -7.926
43.744 -7.921
43.746 -7.913
43.763 -7.903
43.77 -7.894
43.768 -7.882
43.77 -7.871
43.776 -7.858
43.771 -7.853
43.766 -7.852
43.752 -7.855
43.744 -7.853
43.732 -7.858
43.729 -7.852
43.72 -7.843
43.714 -7.848
43.712 -7.852
43.712 -7.857
43.72 -7.867
43.71 -7.863
43.702 -7.869
43.695 -7.868
43.69 -7.871
43.691 -7.881
43.688 -7.878
43.686 -7.867
43.681 -7.862
43.676 -7.867
43.678 -7.878
43.674 -7.893
43.671 -7.89
43.666 -7.873
43.675 -7.852
43.68 -7.846
43.683 -7.847
43.685 -7.851
43.689 -7.851
43.7 -7.858
43.703 -7.856
43.702 -7.848
43.704 -7.844
43.702 -7.841
43.697 -7.837
43.696 -7.834
43.697 -7.826
43.689 -7.827
43.689 -7.821
43.694 -7.815
43.697 -7.803
43.701 -7.807
43.701 -7.814
43.706 -7.817
43.714 -7.814
43.716 -7.811
43.717 -7.803
43.722 -7.805
43.726 -7.803
43.73 -7.796
43.728 -7.794
43.738 -7.784
43.738 -7.782
43.736 -7.78
43.735 -7.775
43.74 -7.762
43.742 -7.751
43.747 -7.745
43.754 -7.728
43.751 -7.718
43.752 -7.715
43.756 -7.712
43.76 -7.71
43.765 -7.709
43.779 -7.684
43.792 -7.677
43.791 -7.673
43.784 -7.656
43.782 -7.654
43.779 -7.653
43.777 -7.654
43.775 -7.663
43.769 -7.662
43.762 -7.671
43.756 -7.675
43.75 -7.676
43.743 -7.682
43.741 -7.692
43.737 -7.693
43.734 -7.695
43.722 -7.692
43.714 -7.696
43.712 -7.695
43.713 -7.689
43.712 -7.686
43.712 -7.682
43.721 -7.687
43.728 -7.685
43.735 -7.687
43.736 -7.686
43.734 -7.679
43.735 -7.672
43.738 -7.667
43.749 -7.662
43.749 -7.655
43.747 -7.644
43.752 -7.638
43.754 -7.631
43.753 -7.625
43.749 -7.62
43.741 -7.617
43.724 -7.619
43.723 -7.617
43.721 -7.616
43.719 -7.609
43.719 -7.599
43.715 -7.599
43.708 -7.604
43.706 -7.603
43.704 -7.597
43.702 -7.596
43.691 -7.603
43.684 -7.602
43.671 -7.594
43.66 -7.6
43.658 -7.599
43.659 -7.594
43.664 -7.59
43.684 -7.588
43.688 -7.585
43.689 -7.577
43.693 -7.573
43.696 -7.572
43.712 -7.578
43.714 -7.575
43.712 -7.564
43.713 -7.56
43.711 -7.553
43.723 -7.545
43.731 -7.548
43.735 -7.543
43.737 -7.534
43.735 -7.526
43.737 -7.524
43.743 -7.518
43.738 -7.513
43.725 -7.506
43.729 -7.502
43.728 -7.497
43.725 -7.492
43.731 -7.49
43.727 -7.472
43.729 -7.459
43.727 -7.457
43.715 -7.467
43.712 -7.467
43.708 -7.459
43.702 -7.45
43.702 -7.442
43.698 -7.437
43.705 -7.431
43.705 -7.428
43.699 -7.427
43.694 -7.403
43.687 -7.392
43.685 -7.379
43.68 -7.369
43.677 -7.356
43.674 -7.35
43.636 -7.325
43.628 -7.315
43.62 -7.306
43.607 -7.298
43.599 -7.289
43.596 -7.286
43.588 -7.269
43.587 -7.262
43.582 -7.256
43.581 -7.246
43.578 -7.241
43.576 -7.241
43.563 -7.264
43.558 -7.258
43.548 -7.265
43.545 -7.262
43.546 -7.258
43.551 -7.252
43.553 -7.249
43.555 -7.243
43.557 -7.241
43.563 -7.243
43.568 -7.238
43.569 -7.235
43.564 -7.204
43.564 -7.193
43.569 -7.174
43.564 -7.168
43.559 -7.156
43.561 -7.137
43.559 -7.125
43.56 -7.115
43.565 -7.107
43.564 -7.099
43.556 -7.086
43.558 -7.079
43.555 -7.065
43.561 -7.059
43.562 -7.054
43.557 -7.044
43.56 -7.041
43.553 -7.035
43.546 -7.036
43.533 -7.034
43.525 -7.042
43.495 -7.049
43.481 -7.049
43.484 -7.046
43.523 -7.032
43.527 -7.028
43.529 -7.013
43.534 -7.008
43.541 -7.024
43.545 -7.027
43.553 -7.022
43.558 -7.024
43.562 -7.022
43.559 -7.013
43.558 -7.006
43.56 -7.003
43.559 -6.996
43.565 -6.983
43.56 -6.98
43.56 -6.974
43.564 -6.969
43.565 -6.959
43.573 -6.95
43.572 -6.945
43.575 -6.936
43.574 -6.93
43.576 -6.925
43.575 -6.913
43.572 -6.909
43.571 -6.903
43.575 -6.892
43.564 -6.875
43.565 -6.871
43.572 -6.867
43.572 -6.862
43.571 -6.861
43.572 -6.853
43.567 -6.845
43.569 -6.838
43.569 -6.829
43.559 -6.809
43.561 -6.803
43.559 -6.785
43.562 -6.781
43.566 -6.78
43.569 -6.774
43.569 -6.766
43.566 -6.762
43.565 -6.758
43.568 -6.75
43.565 -6.742
43.567 -6.735
43.562 -6.729
43.553 -6.726
43.552 -6.723
43.562 -6.72
43.566 -6.716
43.566 -6.71
43.568 -6.7
43.565 -6.698
43.562 -6.686
43.564 -6.68
43.57 -6.664
43.571 -6.652
43.569 -6.644
43.571 -6.641
43.576 -6.629
43.575 -6.624
43.568 -6.617
43.567 -6.613
43.57 -6.608
43.568 -6.605
43.561 -6.604
43.559 -6.6
43.56 -6.585
43.56 -6.56
43.557 -6.557
43.556 -6.551
43.559 -6.541
43.555 -6.534
43.554 -6.531
43.555 -6.523
43.552 -6.511
43.554 -6.502
43.552 -6.493
43.557 -6.482
43.555 -6.475
43.556 -6.471
43.563 -6.474
43.572 -6.471
43.575 -6.466
43.567 -6.457
43.568 -6.45
43.566 -6.444
43.559 -6.432
43.557 -6.424
43.561 -6.416
43.561 -6.403
43.566 -6.391
43.561 -6.381
43.56 -6.377
43.562 -6.372
43.558 -6.364
43.558 -6.36
43.557 -6.356
43.559 -6.346
43.563 -6.339
43.563 -6.333
43.573 -6.288
43.579 -6.277
43.58 -6.261
43.587 -6.244
43.598 -6.237
43.599 -6.235
43.597 -6.231
43.585 -6.222
43.584 -6.217
43.589 -6.211
43.581 -6.204
43.58 -6.2
43.584 -6.19
43.581 -6.187
43.576 -6.188
43.572 -6.186
43.572 -6.182
43.574 -6.174
43.575 -6.168
43.568 -6.151
43.568 -6.144
43.57 -6.138
43.569 -6.134
43.564 -6.125
43.562 -6.117
43.562 -6.115
43.563 -6.101
43.567 -6.093
43.566 -6.087
43.567 -6.073
43.559 -6.077
43.546 -6.078
43.545 -6.088
43.541 -6.093
43.526 -6.08
43.52 -6.077
43.504 -6.083
43.502 -6.085
43.502 -6.1
43.499 -6.106
43.493 -6.108
43.486 -6.105
43.485 -6.102
43.497 -6.099
43.496 -6.084
43.498 -6.081
43.508 -6.076
43.522 -6.072
43.527 -6.074
43.529 -6.078
43.538 -6.084
43.545 -6.074
43.566 -6.068
43.57 -6.064
43.583 -6.038
43.592 -6.031
43.589 -6.022
43.595 -6.017
43.595 -6.014
43.588 -6.011
43.587 -6.001
43.579 -5.994
43.579 -5.989
43.582 -5.984
43.582 -5.973
43.584 -5.969
43.585 -5.959
43.595 -5.941
43.599 -5.939
43.6 -5.941
43.604 -5.937
43.604 -5.921
43.608 -5.913
43.618 -5.908
43.623 -5.911
43.627 -5.909
43.628 -5.9
43.633 -5.894
43.632 -5.891
43.629 -5.886
43.629 -5.88
43.633 -5.876
43.632 -5.871
43.636 -5.867
43.639 -5.857
43.641 -5.855
43.659 -5.853
43.661 -5.844
43.661 -5.837
43.659 -5.835
43.654 -5.831
43.649 -5.83
43.645 -5.824
43.645 -5.818
43.646 -5.813
43.644 -5.807
43.635 -5.805
43.634 -5.802
43.639 -5.8
43.64 -5.794
43.632 -5.782
43.632 -5.777
43.628 -5.775
43.624 -5.778
43.621 -5.783
43.618 -5.779
43.617 -5.772
43.611 -5.763
43.603 -5.761
43.598 -5.754
43.595 -5.753
43.59 -5.755
43.588 -5.749
43.588 -5.743
43.58 -5.735
43.577 -5.73
43.577 -5.722
43.573 -5.716
43.573 -5.71
43.569 -5.703
43.578 -5.692
43.574 -5.689
43.568 -5.693
43.554 -5.692
43.548 -5.688
43.545 -5.681
43.549 -5.676
43.545 -5.662
43.55 -5.659
43.551 -5.656
43.547 -5.653
43.545 -5.641
43.55 -5.639
43.552 -5.633
43.555 -5.63
43.554 -5.623
43.559 -5.613
43.554 -5.601
43.552 -5.594
43.554 -5.567
43.552 -5.557
43.552 -5.544
43.55 -5.533
43.545 -5.523
43.55 -5.52
43.553 -5.516
43.553 -5.512
43.549 -5.507
43.55 -5.497
43.545 -5.495
43.544 -5.491
43.55 -5.47
43.552 -5.442
43.551 -5.434
43.552 -5.426
43.557 -5.413
43.558 -5.408
43.548 -5.399
43.543 -5.39
43.535 -5.383
43.534 -5.381
43.534 -5.378
43.539 -5.372
43.536 -5.365
43.535 -5.357
43.537 -5.349
43.535 -5.344
43.535 -5.337
43.534 -5.314
43.537 -5.295
43.529 -5.283
43.522 -5.262
43.515 -5.264
43.505 -5.26
43.501 -5.256
43.505 -5.249
43.504 -5.246
43.495 -5.235
43.49 -5.224
43.482 -5.221
43.479 -5.215
43.476 -5.21
43.475 -5.205
43.478 -5.2
43.479 -5.181
43.477 -5.17
43.481 -5.16
43.48 -5.143
43.484 -5.138
43.487 -5.122
43.481 -5.118
43.48 -5.109
43.478 -5.106
43.481 -5.088
43.477 -5.083
43.477 -5.078
43.467 -5.064
43.472 -5.058
43.47 -5.052
43.466 -5.049
43.466 -5.035
43.464 -5.031
43.464 -5.024
43.461 -5.019
43.462 -5.012
43.461 -5.007
43.465 -5.002
43.464 -5
43.464 -4.996
43.461 -4.991
43.462 -4.95
43.457 -4.94
43.457 -4.935
43.462 -4.931
43.456 -4.921
43.456 -4.913
43.455 -4.906
43.449 -4.896
43.448 -4.889
43.451 -4.882
43.445 -4.875
43.442 -4.868
43.446 -4.859
43.445 -4.85
43.449 -4.844
43.449 -4.834
43.442 -4.837
43.433 -4.831
43.437 -4.824
43.437 -4.816
43.441 -4.811
43.44 -4.808
43.435 -4.805
43.436 -4.796
43.431 -4.78
43.434 -4.771
43.434 -4.767
43.426 -4.755
43.423 -4.745
43.417 -4.735
43.416 -4.731
43.419 -4.721
43.411 -4.709
43.41 -4.693
43.41 -4.673
43.408 -4.666
43.407 -4.657
43.404 -4.65
43.402 -4.646
43.403 -4.639
43.398 -4.612
43.4 -4.586
43.398 -4.579
43.39 -4.574
43.395 -4.568
43.394 -4.562
43.398 -4.555
43.399 -4.549
43.403 -4.54
43.403 -4.532
43.402 -4.524
43.394 -4.515
43.383 -4.508
43.394 -4.504
43.397 -4.5
43.398 -4.493
43.396 -4.482
43.398 -4.471
43.395 -4.47
43.385 -4.474
43.383 -4.472
43.389 -4.468
43.395 -4.461
43.395 -4.455
43.398 -4.441
43.398 -4.434
43.4 -4.4
43.396 -4.39
43.395 -4.389
43.39 -4.392
43.387 -4.389
43.394 -4.382
43.393 -4.373
43.395 -4.364
43.404 -4.348
43.406 -4.34
43.394 -4.323
43.384 -4.316
43.392 -4.315
43.394 -4.312
43.396 -4.302
43.391 -4.29
43.393 -4.274
43.396 -4.268
43.398 -4.26
43.398 -4.252
43.403 -4.238
43.4 -4.219
43.403 -4.21
43.402 -4.196
43.407 -4.184
43.406 -4.171
43.406 -4.169
43.414 -4.148
43.415 -4.132
43.421 -4.124
43.428 -4.102
43.432 -4.097
43.437 -4.096
43.439 -4.094
43.437 -4.09
43.438 -4.085
43.433 -4.083
43.434 -4.074
43.436 -4.067
43.436 -4.06
43.439 -4.054
43.446 -4.049
43.446 -4.046
43.44 -4.045
43.436 -4.035
43.444 -4.033
43.452 -4.019
43.452 -4.013
43.443 -4
43.444 -3.985
43.441 -3.984
43.433 -3.986
43.429 -3.984
43.431 -3.98
43.437 -3.975
43.441 -3.965
43.441 -3.959
43.438 -3.955
43.441 -3.953
43.445 -3.958
43.444 -3.966
43.441 -3.978
43.444 -3.978
43.447 -3.975
43.453 -3.961
43.457 -3.957
43.459 -3.951
43.468 -3.946
43.469 -3.939
43.469 -3.933
43.473 -3.927
43.473 -3.92
43.475 -3.913
43.476 -3.901
43.475 -3.896
43.476 -3.889
43.48 -3.874
43.477 -3.87
43.478 -3.863
43.484 -3.843
43.479 -3.841
43.479 -3.836
43.485 -3.829
43.495 -3.815
43.495 -3.81
43.492 -3.799
43.492 -3.782
43.487 -3.779
43.479 -3.784
43.476 -3.781
43.471 -3.763
43.468 -3.769
43.467 -3.777
43.463 -3.784
43.463 -3.79
43.462 -3.795
43.447 -3.825
43.439 -3.832
43.433 -3.831
43.433 -3.82
43.429 -3.815
43.421 -3.812
43.417 -3.813
43.413 -3.821
43.41 -3.824
43.406 -3.817
43.394 -3.813
43.399 -3.797
43.401 -3.798
43.399 -3.808
43.402 -3.81
43.412 -3.807
43.418 -3.797
43.423 -3.78
43.427 -3.782
43.43 -3.787
43.432 -3.778
43.44 -3.775
43.448 -3.768
43.447 -3.762
43.449 -3.757
43.437 -3.753
43.432 -3.749
43.431 -3.741
43.432 -3.739
43.434 -3.737
43.439 -3.732
43.44 -3.733
43.437 -3.743
43.436 -3.747
43.441 -3.75
43.45 -3.745
43.454 -3.748
43.458 -3.767
43.46 -3.762
43.459 -3.75
43.46 -3.732
43.463 -3.727
43.471 -3.723
43.48 -3.703
43.48 -3.698
43.475 -3.686
43.479 -3.675
43.479 -3.671
43.478 -3.668
43.484 -3.668
43.49 -3.655
43.498 -3.646
43.498 -3.611
43.511 -3.596
43.514 -3.587
43.513 -3.581
43.51 -3.578
43.498 -3.587
43.487 -3.591
43.484 -3.587
43.502 -3.578
43.508 -3.567
43.512 -3.557
43.508 -3.544
43.501 -3.54
43.493 -3.545
43.492 -3.542
43.493 -3.536
43.492 -3.527
43.496 -3.52
43.496 -3.513
43.493 -3.51
43.482 -3.515
43.474 -3.512
43.472 -3.495
43.47 -3.483
43.471 -3.474
43.467 -3.465
43.465 -3.455
43.465 -3.435
43.462 -3.428
43.454 -3.422
43.448 -3.421
43.445 -3.423
43.441 -3.43
43.437 -3.446
43.441 -3.456
43.455 -3.457
43.46 -3.46
43.463 -3.466
43.463 -3.47
43.462 -3.471
43.459 -3.473
43.454 -3.471
43.451 -3.473
43.447 -3.473
43.447 -3.475
43.453 -3.482
43.45 -3.485
43.442 -3.48
43.438 -3.507
43.426 -3.52
43.426 -3.501
43.419 -3.493
43.417 -3.486
43.422 -3.482
43.42 -3.476
43.411 -3.472
43.408 -3.469
43.404 -3.465
43.397 -3.464
43.387 -3.467
43.382 -3.467
43.388 -3.454
43.381 -3.441
43.368 -3.433
43.367 -3.425
43.372 -3.425
43.383 -3.435
43.392 -3.449
43.396 -3.452
43.403 -3.45
43.41 -3.452
43.416 -3.448
43.427 -3.451
43.434 -3.447
43.432 -3.444
43.423 -3.438
43.42 -3.436
43.414 -3.429
43.412 -3.423
43.412 -3.419
43.417 -3.409
43.418 -3.372
43.415 -3.364
43.417 -3.34
43.415 -3.332
43.42 -3.321
43.418 -3.32
43.412 -3.324
43.407 -3.322
43.401 -3.324
43.397 -3.319
43.393 -3.321
43.39 -3.32
43.394 -3.315
43.404 -3.313
43.409 -3.309
43.411 -3.305
43.406 -3.276
43.406 -3.255
43.406 -3.253
43.397 -3.222
43.395 -3.22
43.389 -3.223
43.386 -3.218
43.379 -3.216
43.377 -3.211
43.378 -3.206
43.373 -3.198
43.366 -3.193
43.363 -3.18
43.357 -3.173
43.354 -3.161
43.355 -3.149
43.353 -3.141
43.356 -3.128
43.352 -3.122
43.351 -3.115
43.353 -3.112
43.362 -3.11
43.365 -3.105
43.365 -3.1
43.356 -3.081
43.35 -3.071
43.339 -3.044
43.335 -3.029
43.33 -3.017
43.32 -3.006
43.317 -3
43.312 -2.987
43.31 -2.978
43.313 -2.979
43.324 -3.002
43.329 -3.009
43.348 -3.013
43.353 -3.018
43.357 -3.019
43.369 -3.028
43.373 -3.029
43.379 -3.027
43.384 -3.015
43.384 -3.003
43.388 -2.994
43.395 -2.987
43.4 -2.979
43.413 -2.965
43.412 -2.952
43.407 -2.948
43.404 -2.948
43.4 -2.942
43.432 -2.944
43.435 -2.941
43.435 -2.939
43.434 -2.925
43.438 -2.909
43.434 -2.894
43.437 -2.885
43.434 -2.857
43.434 -2.838
43.433 -2.815
43.43 -2.806
43.438 -2.801
43.443 -2.793
43.444 -2.778
43.454 -2.75
43.453 -2.745
43.443 -2.745
43.429 -2.734
43.428 -2.722
43.422 -2.715
43.418 -2.699
43.402 -2.692
43.393 -2.686
43.382 -2.688
43.379 -2.684
43.37 -2.68
43.362 -2.678
43.356 -2.669
43.348 -2.667
43.345 -2.663
43.352 -2.662
43.365 -2.672
43.37 -2.672
43.375 -2.675
43.382 -2.676
43.389 -2.681
43.402 -2.684
43.408 -2.681
43.411 -2.675
43.41 -2.658
43.414 -2.649
43.414 -2.639
43.412 -2.636
43.404 -2.637
43.401 -2.635
43.396 -2.622
43.394 -2.613
43.394 -2.607
43.388 -2.583
43.387 -2.577
43.389 -2.56
43.387 -2.556
43.378 -2.549
43.375 -2.542
43.376 -2.506
43.374 -2.503
43.364 -2.497
43.365 -2.49
43.364 -2.486
43.358 -2.483
43.352 -2.467
43.342 -2.461
43.334 -2.439
43.332 -2.423
43.323 -2.419
43.323 -2.403
43.316 -2.385
43.31 -2.38
43.308 -2.374
43.308 -2.366
43.302 -2.35
43.305 -2.344
43.3 -2.327
43.296 -2.295
43.296 -2.284
43.301 -2.262
43.307 -2.254
43.301 -2.246
43.305 -2.238
43.31 -2.235
43.312 -2.227
43.306 -2.205
43.301 -2.193
43.295 -2.187
43.296 -2.18
43.29 -2.176
43.289 -2.172
43.297 -2.161
43.298 -2.155
43.298 -2.143
43.294 -2.135
43.293 -2.129
43.3 -2.12
43.306 -2.112
43.306 -2.099
43.311 -2.086
43.311 -2.077
43.316 -2.066
43.317 -2.055
43.322 -2.044
43.327 -2.008
43.324 -2.003
43.319 -2.001
43.317 -1.996
43.32 -1.99
43.324 -1.991
43.328 -1.989
43.329 -1.984
43.326 -1.978
43.34 -1.964
43.339 -1.959
43.336 -1.952
43.335 -1.947
43.34 -1.937
43.339 -1.929
43.331 -1.922
43.331 -1.919
43.337 -1.923
43.341 -1.919
43.345 -1.901
43.351 -1.892
43.351 -1.883
43.37 -1.868
43.378 -1.854
43.381 -1.839
43.386 -1.826
43.387 -1.815
43.394 -1.792
43.393 -1.791
43.391 -1.791
43.382 -1.797
43.373 -1.792
43.37 -1.795
43.366 -1.791
43.367 -1.786
43.364 -1.785
43.358 -1.79
43.356 -1.789
43.349 -1.78
43.345 -1.77
43.344 -1.763
43.346 -1.755
43.343 -1.75
43.339 -1.749
43.338 -1.739
43.332 -1.735
43.319 -1.737
43.313 -1.736
43.307 -1.733
43.301 -1.727
43.305 -1.716
43.311 -1.701
43.313 -1.672
43.313 -1.638
43.31 -1.631
43.306 -1.629
43.3 -1.628
43.295 -1.629
43.277 -1.629
43.262 -1.624
43.259 -1.618
43.257 -1.609
43.255 -1.603
43.256 -1.583
43.263 -1.567
43.273 -1.559
43.288 -1.552
43.29 -1.546
43.292 -1.511
43.291 -1.501
43.271 -1.473
43.268 -1.466
43.267 -1.458
43.271 -1.44
43.272 -1.418
43.271 -1.409
43.264 -1.399
43.258 -1.393
43.248 -1.388
43.238 -1.386
43.23 -1.389
43.21 -1.387
43.2 -1.391
43.196 -1.392
43.179 -1.41
43.166 -1.412
43.156 -1.41
43.135 -1.418
43.123 -1.428
43.119 -1.435
43.105 -1.456
43.098 -1.475
43.085 -1.471
43.069 -1.459
43.055 -1.436
43.046 -1.418
43.04 -1.386
43.036 -1.357
43.04 -1.352
43.044 -1.348
43.053 -1.341
43.095 -1.335
43.109 -1.329
43.114 -1.321
43.124 -1.29
43.123 -1.285
43.119 -1.285
43.114 -1.293
43.106 -1.294
43.104 -1.292
43.092 -1.3
43.078 -1.306
43.072 -1.297
43.063 -1.271
43.055 -1.254
43.054 -1.238
43.059 -1.221
43.058 -1.216
43.055 -1.21
43.046 -1.204
43.043 -1.2
43.042 -1.195
43.035 -1.173
43.034 -1.157
43.029 -1.149
43.013 -1.14
43.01 -1.133
43.018 -1.124
43.026 -1.119
43.025 -1.108
43.003 -1.075
43 -1.067
42.995 -1.052
42.994 -1.01
42.978 -0.979
42.969 -0.969
42.957 -0.932
42.959 -0.916
42.959 -0.913
42.962 -0.898
42.96 -0.875
42.959 -0.856
42.961 -0.815
42.963 -0.802
42.971 -0.782
42.973 -0.775
42.972 -0.767
42.967 -0.757
42.962 -0.752
42.956 -0.746
42.936 -0.736
42.918 -0.732
42.895 -0.716
42.89 -0.703
42.89 -0.687
42.884 -0.672
42.87 -0.656
42.839 -0.621
42.837 -0.615
42.828 -0.608
42.818 -0.604
42.816 -0.599
42.815 -0.58
42.799 -0.574
42.794 -0.569
42.791 -0.561
42.794 -0.544
42.796 -0.536
42.8 -0.531
42.803 -0.529
42.817 -0.522
42.828 -0.511
42.83 -0.503
42.829 -0.497
42.822 -0.484
42.822 -0.466
42.808 -0.456
42.805 -0.451
42.805 -0.437
42.809 -0.416
42.81 -0.404
42.811 -0.398
42.814 -0.387
42.833 -0.356
42.835 -0.35
42.835 -0.343
42.844 -0.305
42.847 -0.29
42.832 -0.263
42.829 -0.247
42.829 -0.246
42.83 -0.234
42.809 -0.217
42.804 -0.21
42.795 -0.189
42.794 -0.183
42.796 -0.17
42.801 -0.159
42.809 -0.149
42.809 -0.146
42.803 -0.142
42.782 -0.135
42.78 -0.133
42.757 -0.114
42.736 -0.107
42.732 -0.104
42.73 -0.098
42.728 -0.078
42.726 -0.067
42.72 -0.063
42.704 -0.058
42.701 -0.054
42.697 -0.031
42.694 -0.014
42.696 0
42.697 0.008
42.706 0.026
42.706 0.032
42.703 0.045
42.712 0.073
42.711 0.086
42.706 0.108
42.706 0.125
42.708 0.131
42.708 0.134
42.731 0.167
42.737 0.182
42.737 0.191
42.734 0.201
42.72 0.227
42.717 0.249
42.712 0.26
42.701 0.27
42.692 0.273
42.679 0.282
42.677 0.289
42.68 0.304
42.684 0.314
42.697 0.33
42.721 0.354
42.724 0.361
42.723 0.37
42.718 0.383
42.7 0.405
42.697 0.415
42.697 0.418
42.696 0.44
42.699 0.479
42.697 0.502
42.698 0.512
42.702 0.524
42.699 0.58
42.7 0.588
42.701 0.608
42.694 0.648
42.687 0.672
42.687 0.678
42.695 0.679
42.706 0.672
42.725 0.673
42.736 0.666
42.742 0.664
42.748 0.663
42.76 0.655
42.766 0.656
42.769 0.659
42.779 0.662
42.786 0.647
42.791 0.647
42.809 0.666
42.818 0.668
42.843 0.667
42.848 0.677
42.85 0.678
42.864 0.689
42.867 0.703
42.843 0.772
42.841 0.793
42.833 0.827
42.829 0.847
42.814 0.884
42.801 0.909
42.794 0.936
42.795 0.941
42.806 0.957
42.806 0.962
42.803 0.97
42.798 0.973
42.793 0.975
42.787 0.995
42.786 1.01
42.788 1.039
42.785 1.049
42.784 1.086
42.777 1.097
42.757 1.121
42.752 1.127
42.737 1.132
42.725 1.141
42.713 1.16
42.711 1.172
42.711 1.178
42.717 1.196
42.72 1.206
42.725 1.226
42.724 1.235
42.719 1.254
42.721 1.286
42.721 1.335
42.721 1.348
42.717 1.356
42.713 1.36
42.706 1.36
42.702 1.365
42.69 1.386
42.653 1.415
42.606 1.44
42.597 1.436
42.592 1.427
42.588 1.427
42.576 1.433
42.565 1.429
42.555 1.422
42.542 1.424
42.54 1.429
42.542 1.442
42.541 1.448
42.521 1.464
42.517 1.464
42.511 1.463
42.508 1.46
42.491 1.432
42.485 1.43
42.483 1.431
42.468 1.448
42.448 1.453
42.441 1.465
42.439 1.474
42.435 1.515
42.435 1.518
42.44 1.548
42.455 1.572
42.453 1.589
42.46 1.603
42.468 1.629
42.47 1.646
42.485 1.665
42.488 1.663
42.501 1.668
42.503 1.671
42.503 1.675
42.494 1.693
42.493 1.702
42.504 1.724
42.498 1.732
42.491 1.761
42.49 1.764
42.49 1.824
42.482 1.841
42.47 1.856
42.452 1.894
42.452 1.902
42.456 1.912
42.455 1.924
42.448 1.936
42.439 1.946
42.432 1.947
42.43 1.949
42.425 1.953
42.404 1.961
42.392 1.96
42.383 1.965
42.378 1.972
42.367 2
42.362 2.006
42.36 2.017
42.359 2.033
42.36 2.047
42.362 2.059
42.364 2.07
42.373 2.093
42.386 2.111
42.412 2.133
42.426 2.151
42.425 2.176
42.421 2.189
42.419 2.197
42.419 2.205
42.423 2.219
42.429 2.228
42.433 2.24
42.435 2.26
42.43 2.31
42.418 2.334
42.413 2.346
42.412 2.349
42.394 2.417
42.374 2.44
42.37 2.447
42.366 2.449
42.35 2.487
42.345 2.498
42.345 2.511
42.343 2.522
42.344 2.536
42.357 2.562
42.357 2.575
42.354 2.604
42.345 2.638
42.344 2.647
42.343 2.659
42.344 2.671
42.347 2.678
42.35 2.68
42.354 2.679
42.359 2.675
42.372 2.659
42.385 2.654
42.39 2.658
42.394 2.666
42.408 2.686
42.417 2.703
42.419 2.715
42.423 2.735
42.423 2.744
42.417 2.777
42.417 2.797
42.421 2.804
42.435 2.813
42.461 2.85
42.464 2.855
42.465 2.859
42.466 2.866
42.462 2.902
42.463 2.913
42.465 2.919
42.475 2.943
42.474 2.957
42.472 2.965
42.479 3
42.477 3.004
42.477 3.007
42.477 3.011
42.481 3.021
42.484 3.027
42.484 3.032
42.483 3.034
42.477 3.037
42.47 3.04
42.462 3.045
42.46 3.047
42.456 3.054
42.454 3.058
42.445 3.065
42.444 3.068
42.438 3.078
42.437 3.083
42.436 3.088
42.435 3.093
42.437 3.097
42.439 3.098
42.442 3.103
42.445 3.108
42.445 3.114
42.445 3.119
42.444 3.13
42.444 3.144
42.443 3.155
42.442 3.159
42.441 3.165
42.435 3.156
42.432 3.158
42.432 3.163
42.429 3.165
42.423 3.163
42.412 3.15
42.411 3.15
42.411 3.155
42.41 3.158
42.401 3.151
42.399 3.153
42.399 3.158
42.398 3.159
42.392 3.153
42.387 3.151
42.381 3.154
42.38 3.153
42.378 3.155
42.377 3.161
42.375 3.162
42.371 3.159
42.36 3.173
42.358 3.181
42.354 3.179
42.344 3.192
42.343 3.195
42.347 3.199
42.353 3.196
42.357 3.199
42.357 3.208
42.359 3.214
42.356 3.219
42.358 3.231
42.354 3.235
42.348 3.234
42.344 3.238
42.343 3.243
42.34 3.245
42.344 3.25
42.344 3.251
42.344 3.256
42.35 3.258
42.351 3.26
42.346 3.268
42.345 3.274
42.341 3.275
42.334 3.285
42.336 3.291
42.333 3.296
42.333 3.304
42.33 3.307
42.329 3.314
42.327 3.315
42.324 3.314
42.321 3.301
42.313 3.293
42.312 3.286
42.31 3.285
42.308 3.288
42.302 3.281
42.299 3.281
42.294 3.289
42.29 3.287
42.292 3.28
42.294 3.274
42.292 3.272
42.286 3.272
42.276 3.281
42.27 3.278
42.263 3.271
42.259 3.248
42.252 3.251
42.25 3.258
42.248 3.26
42.245 3.258
42.246 3.256
42.247 3.245
42.25 3.24
42.258 3.236
42.256 3.23
42.257 3.224
42.256 3.222
42.247 3.221
42.242 3.217
42.238 3.214
42.245 3.207
42.246 3.203
42.255 3.189
42.256 3.178
42.259 3.175
42.265 3.174
42.272 3.168
42.272 3.159
42.27 3.152
42.26 3.136
42.248 3.121
42.252 3.108
42.251 3.104
42.248 3.107
42.243 3.119
42.22 3.111
42.212 3.105
42.211 3.102
42.2 3.088
42.195 3.076
42.19 3.071
42.188 3.054
42.181 3.048
42.175 3.039
42.173 3.04
42.178 3.052
42.185 3.06
42.186 3.072
42.195 3.084
42.197 3.092
42.207 3.104
42.202 3.107
42.194 3.107
42.187 3.11
42.172 3.11
42.157 3.113
42.146 3.115
42.139 3.118
42.134 3.124
42.13 3.135
42.123 3.136
42.122 3.139
42.127 3.144
42.126 3.148
42.121 3.156
42.121 3.166
42.117 3.17
42.113 3.167
42.11 3.168
42.109 3.176
42.1 3.184
42.097 3.188
42.077 3.203
42.062 3.209
42.058 3.204
42.059 3.199
42.058 3.194
42.053 3.192
42.032 3.191
42.031 3.17
42.034 3.143
42.034 3.133
42.027 3.162
42.027 3.181
42.023 3.189
42.016 3.194
42.012 3.194
41.993 3.192
41.986 3.198
41.978 3.208
41.978 3.217
41.974 3.222
41.961 3.226
41.955 3.226
41.953 3.221
41.946 3.215
41.937 3.213
41.93 3.214
41.924 3.213
41.922 3.208
41.917 3.205
41.908 3.203
41.905 3.204
41.903 3.204
41.898 3.201
41.896 3.187
41.889 3.179
41.873 3.174
41.869 3.171
41.867 3.166
41.865 3.151
41.866 3.145
41.861 3.138
41.855 3.138
41.849 3.126
41.849 3.122
41.855 3.117
41.852 3.108
41.847 3.095
41.823 3.065
41.811 3.06
41.797 3.054
41.794 3.045
41.786 3.035
41.784 3.026
41.779 3.022
41.778 3.006
41.776 3.001
41.776 3
41.764 3
41.762 2.999
41.761 2.992
41.76 2.985
41.754 2.975
41.743 2.965
41.724 2.941
41.717 2.93
41.709 2.91
41.709 2.903
41.71 2.898
41.704 2.888
41.704 2.879
41.7 2.871
41.698 2.847
41.69 2.819
41.68 2.808
41.672 2.791
41.665 2.787
41.66 2.784
41.657 2.78
41.661 2.773
41.671 2.763
41.688 2.751
41.697 2.734
41.696 2.732
41.683 2.751
41.671 2.757
41.652 2.777
41.65 2.774
41.649 2.768
41.645 2.746
41.621 2.688
41.615 2.662
41.608 2.645
41.601 2.62
41.599 2.615
41.594 2.604
41.587 2.577
41.581 2.561
41.581 2.552
41.569 2.526
41.56 2.51
41.552 2.476
41.546 2.466
41.522 2.423
41.511 2.402
41.492 2.362
41.484 2.332
41.476 2.298
41.466 2.275
41.463 2.269
41.454 2.257
41.424 2.234
41.411 2.22
41.398 2.203
41.386 2.195
41.372 2.188
41.363 2.178
41.363 2.175
41.371 2.18
41.374 2.179
41.359 2.162
41.343 2.157
41.326 2.152
41.316 2.146
41.297 2.119
41.289 2.093
41.285 2.081
41.271 2.024
41.269 1.973
41.264 1.937
41.263 1.931
41.26 1.914
41.249 1.885
41.248 1.871
41.247 1.866
41.237 1.848
41.238 1.83
41.236 1.821
41.237 1.805
41.229 1.788
41.226 1.778
41.218 1.729
41.218 1.719
41.213 1.706
41.21 1.693
41.201 1.677
41.198 1.641
41.192 1.625
41.192 1.621
41.191 1.614
41.193 1.597
41.186 1.552
41.181 1.522
41.173 1.5
41.169 1.48
41.168 1.468
41.147 1.415
41.138 1.401
41.137 1.399
41.134 1.39
41.136 1.376
41.131 1.363
41.127 1.354
41.127 1.347
41.125 1.342
41.128 1.331
41.128 1.321
41.13 1.315
41.126 1.294
41.123 1.287
41.122 1.279
41.114 1.271
41.111 1.241
41.106 1.219
41.093 1.199
41.086 1.189
41.08 1.181
41.072 1.178
41.063 1.18
41.053 1.171
41.054 1.166
41.058 1.159
41.063 1.154
41.064 1.15
41.07 1.142
41.072 1.133
41.073 1.117
41.072 1.106
41.063 1.08
41.063 1.074
41.065 1.065
41.06 1.033
41.056 1.019
41.052 1.012
41.05 1.009
41.046 0.992
41.04 0.981
41.018 0.952
41.009 0.943
41.002 0.94
40.99 0.93
40.99 0.926
40.992 0.921
40.991 0.916
40.982 0.909
40.975 0.899
40.973 0.897
40.964 0.888
40.95 0.866
40.926 0.845
40.919 0.836
40.899 0.821
40.888 0.806
40.875 0.795
40.869 0.791
40.859 0.777
40.849 0.755
40.838 0.744
40.831 0.742
40.819 0.729
40.817 0.721
40.807 0.709
40.803 0.707
40.797 0.711
40.786 0.722
40.778 0.731
40.774 0.738
40.77 0.752
40.769 0.76
40.773 0.781
40.776 0.785
40.779 0.784
40.781 0.781
40.786 0.761
40.786 0.758
40.79 0.751
40.792 0.756
40.79 0.771
40.787 0.785
40.783 0.791
40.77 0.799
40.766 0.797
40.758 0.785
40.754 0.777
40.754 0.768
40.751 0.753
40.752 0.74
40.742 0.721
40.741 0.723
40.747 0.742
40.747 0.759
40.749 0.777
40.764 0.803
40.747 0.819
40.733 0.836
40.729 0.856
40.726 0.858
40.724 0.856
40.717 0.834
40.702 0.793
40.703 0.781
40.714 0.755
40.716 0.738
40.722 0.704
40.729 0.69
40.729 0.684
40.727 0.667
40.714 0.617
40.714 0.606
40.717 0.597
40.718 0.592
40.714 0.592
40.711 0.619
40.716 0.634
40.723 0.667
40.724 0.675
40.717 0.686
40.717 0.706
40.716 0.725
40.711 0.742
40.709 0.757
40.705 0.765
40.701 0.778
40.699 0.784
40.7 0.8
40.704 0.816
40.714 0.833
40.718 0.851
40.719 0.864
40.726 0.874
40.73 0.877
40.739 0.877
40.739 0.881
40.733 0.887
40.722 0.893
40.713 0.888
40.705 0.876
40.699 0.866
40.691 0.859
40.688 0.853
40.683 0.853
40.679 0.848
40.675 0.838
40.673 0.808
40.667 0.797
40.675 0.793
40.666 0.79
40.661 0.79
40.651 0.764
40.644 0.751
40.643 0.75
40.619 0.735
40.592 0.713
40.579 0.696
40.57 0.681
40.564 0.669
40.567 0.644
40.567 0.638
40.567 0.635
40.571 0.621
40.576 0.605
40.582 0.604
40.585 0.605
40.585 0.611
40.591 0.617
40.59 0.625
40.592 0.644
40.59 0.655
40.595 0.657
40.598 0.661
40.598 0.677
40.595 0.683
40.594 0.696
40.595 0.702
40.6 0.708
40.612 0.724
40.636 0.74
40.64 0.739
40.642 0.731
40.644 0.714
40.642 0.708
40.642 0.685
40.633 0.673
40.632 0.643
40.629 0.611
40.627 0.604
40.616 0.593
40.604 0.575
40.582 0.554
40.574 0.542
40.543 0.519
40.53 0.516
40.519 0.512
40.483 0.484
40.464 0.467
40.42 0.431
40.404 0.42
40.378 0.409
40.368 0.409
40.364 0.411
40.362 0.409
40.361 0.401
40.358 0.396
40.346 0.386
40.339 0.377
40.334 0.367
40.317 0.356
40.307 0.353
40.301 0.339
40.29 0.336
40.282 0.325
40.277 0.32
40.275 0.312
40.25 0.279
40.219 0.266
40.214 0.261
40.209 0.255
40.205 0.243
40.185 0.206
40.177 0.194
40.168 0.187
40.156 0.178
40.135 0.167
40.121 0.16
40.097 0.148
40.088 0.146
40.085 0.144
40.081 0.137
40.07 0.124
40.063 0.109
40.061 0.092
40.059 0.081
40.043 0.056
40.039 0.051
40.037 0.049
40.023 0.043
40.012 0.033
40.005 0.031
40 0.033
39.99 0.034
39.986 0.032
39.977 0.029
39.965 0.017
39.955 0.012
39.919 0.005
39.916 0.001
39.916 0
39.915 -0.005
39.925 -0.027
39.929 -0.044
39.928 -0.045
39.925 -0.042
39.921 -0.035
39.912 -0.014
39.907 -0.008
39.904 -0.01
39.894 -0.026
39.871 -0.049
39.859 -0.064
39.834 -0.091
39.832 -0.092
39.801 -0.12
39.725 -0.177
39.724 -0.178
39.714 -0.183
39.69 -0.189
39.666 -0.201
39.653 -0.211
39.637 -0.226
39.615 -0.25
39.611 -0.254
39.604 -0.258
39.577 -0.264
39.567 -0.27
39.543 -0.292
39.525 -0.306
39.506 -0.317
39.503 -0.318
39.495 -0.32
39.472 -0.322
39.468 -0.326
39.459 -0.323
39.427 -0.329
39.402 -0.325
39.38 -0.317
39.361 -0.312
39.341 -0.3
39.286 -0.276
39.265 -0.262
39.262 -0.26
39.253 -0.257
39.213 -0.231
39.199 -0.225
39.187 -0.214
39.183 -0.217
39.181 -0.222
39.182 -0.231
39.181 -0.234
39.17 -0.237
39.158 -0.235
39.153 -0.234
39.053 -0.187
39.04 -0.178
39.024 -0.165
39.001 -0.151
38.989 -0.148
38.975 -0.137
38.934 -0.095
38.933 -0.094
38.901 -0.055
38.875 -0.018
38.868 0
38.864 0.009
38.861 0.028
38.861 0.032
38.861 0.054
38.86 0.068
38.856 0.083
38.849 0.102
38.844 0.111
38.836 0.118
38.835 0.123
38.834 0.147
38.832 0.153
38.825 0.158
38.818 0.168
38.816 0.173
38.809 0.188
38.805 0.194
38.8 0.194
38.798 0.191
38.799 0.183
38.795 0.181
38.787 0.185
38.776 0.188
38.773 0.191
38.769 0.2
38.764 0.206
38.763 0.217
38.761 0.22
38.75 0.223
38.744 0.232
38.738 0.232
38.733 0.231
38.73 0.225
38.729 0.216
38.731 0.202
38.725 0.198
38.722 0.186
38.716 0.18
38.71 0.169
38.704 0.165
38.693 0.159
38.682 0.156
38.679 0.153
38.679 0.149
38.686 0.147
38.688 0.143
38.687 0.137
38.682 0.126
38.675 0.115
38.652 0.079
38.645 0.075
38.64 0.076
38.634 0.084
38.631 0.084
38.629 0.081
38.63 0.075
38.636 0.07
38.639 0.063
38.64 0.053
38.638 0.045
38.636 0.04
38.625 0.034
38.623 0.029
38.625 0.018
38.626 0.009
38.626 0
38.626 -0.003
38.622 -0.014
38.617 -0.023
38.582 -0.06
38.575 -0.063
38.57 -0.062
38.568 -0.059
38.564 -0.051
38.561 -0.05
38.553 -0.056
38.545 -0.066
38.533 -0.08
38.53 -0.088
38.525 -0.093
38.524 -0.097
38.531 -0.116
38.533 -0.132
38.533 -0.145
38.531 -0.154
38.526 -0.161
38.514 -0.17
38.512 -0.176
38.514 -0.193
38.51 -0.2
38.506 -0.209
38.505 -0.222
38.497 -0.234
38.497 -0.252
38.494 -0.261
38.493 -0.275
38.491 -0.28
38.481 -0.302
38.458 -0.34
38.454 -0.349
38.444 -0.372
38.44 -0.377
38.432 -0.382
38.43 -0.389
38.416 -0.393
38.409 -0.403
38.397 -0.409
38.382 -0.413
38.375 -0.412
38.358 -0.407
38.354 -0.406
38.35 -0.41
38.35 -0.417
38.354 -0.428
38.363 -0.439
38.363 -0.443
38.354 -0.462
38.347 -0.467
38.344 -0.475
38.337 -0.487
38.335 -0.496
38.33 -0.503
38.322 -0.508
38.305 -0.514
38.296 -0.517
38.276 -0.52
38.214 -0.509
38.196 -0.514
38.191 -0.521
38.188 -0.529
38.188 -0.533
38.187 -0.546
38.19 -0.56
38.19 -0.573
38.189 -0.586
38.185 -0.595
38.179 -0.606
38.157 -0.626
38.128 -0.64
38.124 -0.641
38.089 -0.648
38.024 -0.653
38.017 -0.651
38.003 -0.642
38.001 -0.643
37.994 -0.648
37.977 -0.658
37.974 -0.664
37.972 -0.687
37.969 -0.693
37.963 -0.699
37.944 -0.708
37.934 -0.72
37.927 -0.722
37.914 -0.721
37.912 -0.724
37.913 -0.729
37.908 -0.74
37.905 -0.745
37.901 -0.747
37.872 -0.751
37.867 -0.754
37.861 -0.761
37.856 -0.761
37.825 -0.757
37.815 -0.754
37.799 -0.752
37.798 -0.751
37.789 -0.746
37.786 -0.746
37.783 -0.749
37.788 -0.761
37.799 -0.763
37.815 -0.773
37.817 -0.777
37.817 -0.783
37.809 -0.792
37.799 -0.799
37.784 -0.799
37.772 -0.804
37.765 -0.815
37.748 -0.839
37.739 -0.847
37.729 -0.851
37.719 -0.859
37.708 -0.853
37.681 -0.828
37.663 -0.814
37.647 -0.782
37.643 -0.759
37.641 -0.754
37.634 -0.75
37.633 -0.742
37.631 -0.738
37.631 -0.733
37.636 -0.728
37.638 -0.722
37.642 -0.72
37.655 -0.724
37.662 -0.733
37.669 -0.737
37.673 -0.737
37.707 -0.743
37.736 -0.742
37.74 -0.74
37.74 -0.737
37.736 -0.735
37.717 -0.739
37.685 -0.733
37.683 -0.733
37.658 -0.722
37.637 -0.709
37.635 -0.706
37.634 -0.693
37.632 -0.691
37.627 -0.695
37.623 -0.706
37.61 -0.716
37.601 -0.733
37.598 -0.746
37.598 -0.748
37.596 -0.766
37.595 -0.773
37.575 -0.818
37.575 -0.837
37.576 -0.84
37.581 -0.838
37.584 -0.84
37.585 -0.844
37.583 -0.848
37.577 -0.855
37.578 -0.861
37.575 -0.867
37.577 -0.873
37.576 -0.876
37.574 -0.877
37.57 -0.878
37.567 -0.884
37.553 -0.925
37.556 -0.942
37.554 -0.957
37.555 -0.959
37.558 -0.96
37.561 -0.958
37.561 -0.95
37.564 -0.947
37.567 -0.949
37.571 -0.954
37.572 -0.965
37.579 -0.976
37.583 -0.975
37.587 -0.973
37.592 -0.97
37.596 -0.972
37.598 -0.977
37.598 -0.986
37.6 -0.993
37.598 -0.995
37.591 -0.988
37.582 -0.986
37.579 -0.988
37.579 -0.994
37.582 -0.998
37.582 -1.005
37.579 -1.011
37.574 -1.016
37.574 -1.026
37.579 -1.034
37.577 -1.041
37.58 -1.05
37.578 -1.061
37.584 -1.071
37.568 -1.096
37.566 -1.105
37.563 -1.111
37.557 -1.118
37.552 -1.121
37.547 -1.121
37.543 -1.119
37.541 -1.116
37.535 -1.103
37.533 -1.106
37.536 -1.123
37.537 -1.144
37.539 -1.161
37.542 -1.168
37.545 -1.171
37.552 -1.167
37.557 -1.168
37.561 -1.172
37.565 -1.186
37.571 -1.219
37.572 -1.221
37.571 -1.237
37.57 -1.244
37.565 -1.252
37.562 -1.254
37.558 -1.254
37.555 -1.257
37.555 -1.287
37.56 -1.311
37.559 -1.321
37.55 -1.335
37.548 -1.343
37.543 -1.354
37.54 -1.357
37.514 -1.389
37.506 -1.395
37.503 -1.413
37.498 -1.427
37.485 -1.451
37.478 -1.46
37.463 -1.47
37.46 -1.472
37.443 -1.48
37.435 -1.481
37.427 -1.477
37.424 -1.479
37.418 -1.493
37.419 -1.498
37.423 -1.5
37.425 -1.504
37.425 -1.513
37.41 -1.54
37.409 -1.55
37.403 -1.557
37.406 -1.57
37.405 -1.572
37.401 -1.575
37.403 -1.582
37.402 -1.586
37.385 -1.61
37.38 -1.624
37.377 -1.627
37.373 -1.626
37.372 -1.628
37.371 -1.638
37.368 -1.644
37.357 -1.65
37.354 -1.655
37.356 -1.664
37.354 -1.672
37.349 -1.68
37.338 -1.686
37.303 -1.708
37.295 -1.718
37.287 -1.723
37.278 -1.737
37.263 -1.751
37.252 -1.765
37.246 -1.768
37.244 -1.772
37.25 -1.777
37.261 -1.785
37.268 -1.805
37.27 -1.823
37.267 -1.822
37.253 -1.785
37.244 -1.781
37.238 -1.774
37.227 -1.795
37.223 -1.8
37.22 -1.801
37.183 -1.821
37.145 -1.824
37.118 -1.835
37.112 -1.841
37.102 -1.847
37.071 -1.853
37.032 -1.878
37.025 -1.881
37.016 -1.88
37.006 -1.887
36.995 -1.891
36.99 -1.9
36.987 -1.9
36.955 -1.899
36.947 -1.899
36.939 -1.902
36.934 -1.906
36.931 -1.914
36.933 -1.926
36.933 -1.934
36.93 -1.941
36.902 -1.967
36.898 -1.973
36.898 -1.974
36.899 -1.98
36.893 -1.984
36.89 -1.989
36.874 -1.998
36.864 -1.994
36.86 -1.995
36.856 -2.001
36.85 -1.999
36.845 -2
36.84 -2.003
36.837 -2.009
36.836 -2.027
36.827 -2.04
36.815 -2.052
36.813 -2.057
36.813 -2.058
36.808 -2.06
36.801 -2.057
36.795 -2.057
36.786 -2.059
36.773 -2.066
36.772 -2.07
36.768 -2.076
36.767 -2.085
36.764 -2.093
36.765 -2.1
36.759 -2.107
36.75 -2.113
36.75 -2.119
36.747 -2.123
36.741 -2.119
36.738 -2.124
36.737 -2.135
36.735 -2.139
36.734 -2.141
36.736 -2.152
36.734 -2.16
36.728 -2.169
36.729 -2.179
36.724 -2.188
36.726 -2.192
36.738 -2.206
36.757 -2.223
36.79 -2.246
36.79 -2.248
36.811 -2.271
36.832 -2.305
36.839 -2.319
36.846 -2.346
36.847 -2.357
36.845 -2.37
36.841 -2.379
36.84 -2.385
36.831 -2.401
36.822 -2.414
36.818 -2.424
36.82 -2.433
36.835 -2.455
36.838 -2.466
36.837 -2.478
36.83 -2.499
36.83 -2.516
36.83 -2.517
36.823 -2.534
36.824 -2.549
36.822 -2.556
36.815 -2.567
36.786 -2.591
36.772 -2.6
36.747 -2.608
36.742 -2.611
36.734 -2.616
36.724 -2.626
36.706 -2.652
36.703 -2.66
36.7 -2.679
36.691 -2.708
36.69 -2.744
36.689 -2.77
36.69 -2.776
36.693 -2.781
36.702 -2.789
36.709 -2.804
36.71 -2.813
36.71 -2.827
36.707 -2.842
36.701 -2.848
36.701 -2.852
36.711 -2.866
36.723 -2.875
36.728 -2.879
36.754 -2.914
36.758 -2.922
36.758 -2.929
36.758 -2.937
36.742 -2.976
36.743 -2.981
36.747 -2.992
36.747 -3.006
36.748 -3.008
36.75 -3.014
36.75 -3.021
36.752 -3.028
36.751 -3.062
36.753 -3.094
36.756 -3.114
36.756 -3.129
36.751 -3.147
36.751 -3.162
36.753 -3.194
36.749 -3.204
36.748 -3.21
36.754 -3.22
36.754 -3.229
36.757 -3.238
36.758 -3.252
36.752 -3.274
36.743 -3.299
36.742 -3.306
36.744 -3.31
36.746 -3.315
36.746 -3.323
36.744 -3.334
36.74 -3.344
36.729 -3.356
36.719 -3.366
36.716 -3.386
36.704 -3.416
36.703 -3.424
36.703 -3.444
36.702 -3.449
36.701 -3.458
36.701 -3.471
36.705 -3.483
36.727 -3.513
36.726 -3.523
36.728 -3.537
36.724 -3.546
36.724 -3.555
36.732 -3.571
36.742 -3.584
36.748 -3.596
36.751 -3.605
36.749 -3.628
36.752 -3.648
36.752 -3.657
36.737 -3.675
36.734 -3.69
36.736 -3.708
36.735 -3.715
36.727 -3.725
36.727 -3.728
36.736 -3.738
36.739 -3.745
36.739 -3.753
36.735 -3.763
36.735 -3.766
36.743 -3.775
36.747 -3.785
36.756 -3.82
36.757 -3.835
36.756 -3.849
36.752 -3.862
36.751 -3.866
36.75 -3.869
36.745 -3.876
36.744 -3.882
36.747 -3.89
36.747 -3.902
36.74 -3.932
36.734 -3.947
36.733 -3.955
36.737 -3.969
36.738 -3.981
36.745 -4.003
36.746 -4.013
36.749 -4.045
36.754 -4.065
36.752 -4.074
36.747 -4.083
36.735 -4.097
36.73 -4.106
36.727 -4.132
36.721 -4.156
36.717 -4.177
36.715 -4.27
36.718 -4.286
36.715 -4.309
36.715 -4.312
36.715 -4.326
36.724 -4.377
36.725 -4.398
36.722 -4.41
36.71 -4.428
36.696 -4.437
36.686 -4.442
36.672 -4.45
36.662 -4.462
36.629 -4.488
36.614 -4.496
36.598 -4.512
36.594 -4.521
36.585 -4.533
36.582 -4.537
36.578 -4.576
36.574 -4.588
36.569 -4.596
36.557 -4.609
36.545 -4.617
36.522 -4.628
36.514 -4.636
36.513 -4.644
36.508 -4.674
36.503 -4.684
36.494 -4.699
36.492 -4.723
36.494 -4.732
36.492 -4.749
36.494 -4.779
36.496 -4.793
36.509 -4.87
36.506 -4.891
36.507 -4.904
36.497 -4.937
36.493 -4.943
36.485 -4.955
36.477 -4.977
36.464 -5
36.463 -5.001
36.46 -5.01
36.461 -5.032
36.451 -5.059
36.452 -5.067
36.454 -5.071
36.452 -5.077
36.449 -5.083
36.444 -5.094
36.432 -5.115
36.428 -5.127
36.426 -5.137
36.418 -5.151
36.417 -5.172
36.414 -5.178
36.4 -5.194
36.383 -5.209
36.374 -5.22
36.368 -5.226
36.349 -5.235
36.327 -5.242
36.316 -5.249
36.308 -5.26
36.274 -5.281
36.246 -5.298
36.233 -5.314
36.22 -5.322
36.202 -5.329
36.16 -5.34
36.16 -5.353
36.168 -5.365
36.171 -5.375
36.182 -5.387
36.184 -5.393
36.183 -5.412
36.178 -5.427
36.171 -5.434
36.16 -5.441
36.139 -5.445
36.13 -5.445
36.119 -5.441
36.114 -5.435
36.112 -5.428
36.108 -5.426
36.108 -5.433
36.105 -5.437
36.098 -5.44
36.093 -5.438
36.091 -5.436
36.087 -5.426
36.083 -5.423
36.079 -5.423
36.076 -5.425
36.069 -5.442
36.057 -5.462
36.056 -5.468
36.059 -5.481
36.06 -5.488
36.056 -5.495
36.049 -5.502
36.048 -5.509
36.043 -5.517
36.041 -5.533
36.038 -5.54
36.036 -5.545
36.028 -5.558
36.024 -5.568
36.019 -5.597
36.014 -5.605
36.015 -5.61
36.027 -5.623
36.05 -5.642
36.055 -5.648
36.059 -5.662
36.063 -5.679
36.068 -5.688
36.062 -5.701
36.061 -5.711
36.062 -5.723
36.075 -5.75
36.087 -5.766
36.092 -5.775
36.092 -5.781
36.083 -5.791
36.083 -5.795
36.084 -5.796
36.085 -5.799
36.09 -5.801
36.093 -5.813
36.101 -5.816
36.107 -5.826
36.121 -5.832
36.142 -5.85
36.157 -5.869
36.174 -5.894
36.175 -5.897
36.182 -5.908
36.186 -5.919
36.189 -5.93
36.189 -5.944
36.184 -5.955
36.182 -5.968
36.181 -5.983
36.186 -5.996
36.189 -6.019
36.188 -6.023
36.185 -6.025
36.183 -6.031
36.191 -6.034
36.194 -6.035
36.2 -6.044
36.221 -6.057
36.233 -6.069
36.272 -6.086
36.288 -6.098
36.296 -6.106
36.298 -6.11
36.3 -6.114
36.3 -6.121
36.298 -6.13
36.298 -6.134
36.302 -6.139
36.317 -6.148
36.347 -6.156
36.357 -6.161
36.374 -6.18
36.382 -6.199
36.384 -6.2
36.385 -6.201
36.404 -6.198
36.407 -6.201
36.408 -6.204
36.405 -6.206
36.397 -6.209
36.397 -6.211
36.435 -6.229
36.468 -6.256
36.473 -6.259
36.527 -6.293
36.534 -6.305
36.537 -6.306
36.539 -6.303
36.54 -6.295
36.539 -6.288
36.529 -6.272
36.513 -6.265
36.513 -6.261
36.512 -6.259
36.51 -6.256
36.506 -6.26
36.501 -6.259
36.479 -6.247
36.472 -6.238
36.473 -6.23
36.472 -6.212
36.487 -6.2
36.491 -6.191
36.505 -6.176
36.505 -6.173
36.507 -6.169
36.511 -6.167
36.514 -6.164
36.526 -6.183
36.525 -6.188
36.521 -6.194
36.513 -6.201
36.51 -6.206
36.507 -6.223
36.508 -6.226
36.515 -6.233
36.516 -6.24
36.52 -6.245
36.525 -6.246
36.527 -6.242
36.528 -6.235
36.533 -6.229
36.544 -6.221
36.55 -6.219
36.557 -6.217
36.566 -6.215
36.576 -6.215
36.582 -6.217
36.589 -6.224
36.59 -6.228
36.59 -6.238
36.584 -6.25
36.583 -6.256
36.584 -6.261
36.586 -6.264
36.601 -6.268
36.613 -6.278
36.619 -6.286
36.622 -6.3
36.628 -6.325
36.628 -6.341
36.621 -6.353
36.62 -6.359
36.636 -6.385
36.643 -6.39
36.659 -6.39
36.681 -6.405
36.693 -6.414
36.725 -6.434
36.735 -6.43
36.747 -6.434
36.749 -6.431
36.749 -6.42
36.752 -6.413
36.757 -6.408
36.768 -6.401
36.769 -6.397
36.768 -6.388
36.77 -6.383
36.77 -6.382
36.783 -6.37
36.785 -6.358
36.792 -6.347
36.793 -6.337
36.797 -6.332
36.818 -6.325
36.823 -6.326
36.843 -6.337
36.852 -6.336
36.868 -6.335
36.882 -6.333
36.889 -6.33
36.895 -6.324
36.901 -6.307
36.902 -6.287
36.908 -6.274
36.908 -6.267
36.901 -6.257
36.897 -6.248
36.895 -6.231
36.901 -6.215
36.902 -6.214
36.914 -6.195
36.922 -6.187
36.932 -6.18
36.963 -6.167
37.01 -6.154
37.014 -6.151
37.023 -6.146
37.031 -6.134
37.034 -6.122
37.044 -6.1
37.054 -6.089
37.062 -6.084
37.064 -6.085
37.054 -6.098
37.044 -6.114
37.039 -6.126
37.037 -6.135
37.035 -6.142
37.026 -6.151
37.011 -6.16
36.996 -6.163
36.977 -6.173
36.955 -6.177
36.937 -6.187
36.924 -6.196
36.922 -6.198
36.912 -6.208
36.908 -6.215
36.904 -6.226
36.903 -6.238
36.904 -6.245
36.909 -6.256
36.914 -6.261
36.92 -6.261
36.939 -6.257
36.935 -6.262
36.92 -6.267
36.916 -6.272
36.915 -6.285
36.91 -6.317
36.906 -6.329
36.901 -6.336
36.894 -6.34
36.883 -6.342
36.873 -6.346
36.836 -6.349
36.821 -6.345
36.814 -6.344
36.806 -6.346
36.804 -6.35
36.804 -6.363
36.807 -6.37
36.808 -6.382
36.83 -6.399
36.84 -6.4
36.856 -6.407
36.882 -6.42
36.907 -6.433
36.922 -6.445
36.947 -6.472
36.98 -6.515
36.99 -6.527
37.026 -6.586
37.051 -6.634
37.054 -6.642
37.117 -6.778
37.12 -6.786
37.126 -6.802
37.13 -6.818
37.153 -6.872
37.164 -6.892
37.18 -6.913
37.184 -6.918
37.203 -6.933
37.207 -6.934
37.211 -6.933
37.263 -6.877
37.27 -6.873
37.278 -6.871
37.282 -6.868
37.293 -6.858
37.296 -6.85
37.295 -6.842
37.299 -6.837
37.301 -6.843
37.302 -6.848
37.293 -6.861
37.291 -6.869
37.285 -6.875
37.276 -6.88
37.238 -6.915
37.223 -6.929
37.214 -6.94
37.213 -6.945
37.229 -6.952
37.244 -6.954
37.263 -6.96
37.27 -6.96
37.278 -6.952
37.285 -6.949
37.291 -6.951
37.292 -6.954
37.291 -6.957
37.289 -6.958
37.281 -6.963
37.28 -6.965
37.306 -6.972
37.313 -6.97
37.318 -6.971
37.319 -6.974
37.312 -6.979
37.305 -6.979
37.289 -6.971
37.274 -6.971
37.268 -6.969
37.267 -6.971
37.266 -6.976
37.263 -6.975
37.259 -6.969
37.255 -6.966
37.248 -6.962
37.24 -6.96
37.23 -6.962
37.219 -6.959
37.217 -6.96
37.219 -6.964
37.229 -6.971
37.233 -6.976
37.229 -6.979
37.223 -6.975
37.212 -6.96
37.208 -6.948
37.202 -6.943
37.188 -6.938
37.183 -6.932
37.173 -6.92
37.162 -6.914
37.167 -6.931
37.169 -6.936
37.192 -6.96
37.206 -6.969
37.224 -6.983
37.231 -6.995
37.233 -6.995
37.235 -6.995
37.237 -6.998
37.235 -7.001
37.232 -7.002
37.221 -6.987
37.215 -6.984
37.212 -6.985
37.219 -7.002
37.22 -7.007
37.219 -7.008
37.209 -6.992
37.208 -6.982
37.205 -6.976
37.195 -6.968
37.183 -6.961
37.179 -6.954
37.177 -6.954
37.177 -6.958
37.178 -6.96
37.21 -7.048
37.216 -7.071
37.215 -7.108
37.215 -7.157
37.218 -7.163
37.225 -7.166
37.24 -7.164
37.24 -7.169
37.233 -7.17
37.226 -7.174
37.222 -7.173
37.215 -7.167
37.211 -7.159
37.21 -7.15
37.212 -7.136
37.212 -7.134
37.21 -7.108
37.21 -7.063
37.206 -7.06
37.205 -7.068
37.205 -7.14
37.205 -7.165
37.208 -7.196
37.204 -7.226
37.204 -7.264
37.201 -7.28
37.197 -7.296
37.192 -7.317
37.194 -7.324
37.198 -7.325
37.206 -7.322
37.21 -7.323
37.212 -7.325
37.212 -7.33
37.207 -7.334
37.196 -7.335
37.185 -7.334
37.181 -7.338
37.173 -7.36
37.172 -7.38
37.174 -7.387
37.178 -7.391
37.181 -7.396
37.193 -7.403
37.229 -7.411
37.244 -7.424
37.249 -7.425
37.266 -7.417
37.271 -7.416
37.293 -7.43
37.297 -7.432
37.32 -7.432
37.34 -7.436
37.353 -7.432
37.367 -7.43
37.38 -7.432
37.39 -7.436
37.396 -7.442
37.403 -7.453
37.41 -7.457
37.412 -7.454
37.413 -7.446
37.417 -7.443
37.432 -7.453
37.453 -7.456
37.466 -7.465
37.481 -7.461
37.489 -7.464
37.501 -7.487
37.506 -7.49
37.514 -7.488
37.515 -7.488
37.519 -7.49
37.524 -7.512
37.557 -7.521
37.558 -7.502
37.561 -7.499
37.563 -7.501
37.565 -7.509
37.571 -7.507
37.58 -7.499
37.582 -7.493
37.586 -7.495
37.598 -7.492
37.601 -7.492
37.604 -7.493
37.61 -7.491
37.608 -7.488
37.608 -7.483
37.619 -7.477
37.624 -7.469
37.635 -7.466
37.647 -7.453
37.654 -7.449
37.672 -7.445
37.691 -7.443
37.707 -7.436
37.719 -7.432
37.737 -7.427
37.747 -7.418
37.757 -7.416
37.764 -7.408
37.765 -7.398
37.773 -7.383
37.8 -7.35
37.802 -7.347
37.815 -7.325
37.841 -7.3
37.853 -7.295
37.859 -7.288
37.879 -7.274
37.883 -7.276
37.888 -7.281
37.904 -7.271
37.914 -7.265
37.934 -7.26
37.95 -7.25
37.97 -7.257
37.978 -7.258
37.986 -7.251
37.991 -7.236
37.997 -7.209
37.999 -7.206
38.006 -7.199
38.008 -7.192
38.007 -7.186
37.998 -7.174
37.998 -7.17
38.001 -7.126
38.007 -7.116
38.013 -7.116
38.021 -7.12
38.023 -7.12
38.037 -7.107
38.04 -7.102
38.04 -7.095
38.04 -7.088
38.038 -7.08
38.024 -7.058
38.019 -7.042
38.021 -7.023
38.028 -6.994
38.033 -6.99
38.047 -6.999
38.056 -6.993
38.061 -6.992
38.064 -6.992
38.068 -6.992
38.079 -6.995
38.082 -6.994
38.125 -6.96
38.147 -6.952
38.178 -6.944
38.18 -6.944
38.211 -6.934
38.214 -6.935
38.218 -6.937
38.219 -6.944
38.218 -6.951
38.209 -6.966
38.209 -6.976
38.205 -6.99
38.206 -7.001
38.205 -7.006
38.194 -7.006
38.188 -7.013
38.185 -7.024
38.184 -7.027
38.183 -7.036
38.178 -7.053
38.184 -7.064
38.183 -7.067
38.175 -7.072
38.176 -7.083
38.187 -7.099
38.211 -7.114
38.232 -7.133
38.235 -7.134
38.268 -7.143
38.273 -7.145
38.28 -7.152
38.294 -7.171
38.303 -7.18
38.335 -7.203
38.342 -7.211
38.359 -7.231
38.398 -7.269
38.422 -7.284
38.435 -7.312
38.435 -7.33
38.437 -7.33
38.437 -7.331
38.441 -7.328
38.45 -7.314
38.464 -7.31
38.479 -7.296
38.484 -7.297
38.479 -7.311
38.48 -7.316
38.484 -7.317
38.499 -7.313
38.508 -7.311
38.516 -7.306
38.524 -7.302
38.54 -7.297
38.545 -7.295
38.553 -7.285
38.574 -7.273
38.591 -7.26
38.606 -7.255
38.624 -7.241
38.628 -7.242
38.632 -7.261
38.635 -7.265
38.638 -7.265
38.667 -7.265
38.719 -7.255
38.725 -7.251
38.729 -7.245
38.734 -7.234
38.747 -7.204
38.754 -7.195
38.768 -7.185
38.776 -7.162
38.78 -7.157
38.797 -7.146
38.812 -7.126
38.814 -7.12
38.814 -7.118
38.815 -7.097
38.816 -7.09
38.821 -7.085
38.84 -7.077
38.855 -7.064
38.858 -7.058
38.859 -7.053
38.863 -7.037
38.868 -7.034
38.876 -7.031
38.882 -7.033
38.896 -7.043
38.901 -7.046
38.907 -7.049
38.912 -7.046
38.921 -7.027
38.925 -7.023
38.943 -7.016
38.963 -6.999
38.971 -6.99
39 -6.97
39.023 -6.954
39.029 -6.953
39.032 -6.955
39.041 -6.966
39.045 -6.967
39.059 -6.962
39.063 -6.963
39.079 -6.977
39.096 -7.001
39.103 -7.011
39.117 -7.036
39.118 -7.043
39.117 -7.052
39.1 -7.098
39.099 -7.116
39.101 -7.128
39.105 -7.134
39.11 -7.14
39.116 -7.145
39.121 -7.145
39.135 -7.142
39.156 -7.132
39.167 -7.133
39.174 -7.144
39.182 -7.195
39.185 -7.207
39.19 -7.218
39.196 -7.224
39.201 -7.23
39.214 -7.238
39.239 -7.242
39.255 -7.241
39.277 -7.23
39.281 -7.233
39.298 -7.255
39.306 -7.266
39.323 -7.292
39.345 -7.31
39.348 -7.313
39.385 -7.33
39.39 -7.327
39.401 -7.309
39.406 -7.303
39.408 -7.301
39.413 -7.3
39.436 -7.3
39.452 -7.293
39.456 -7.294
39.461 -7.301
39.467 -7.315
39.473 -7.337
39.481 -7.349
39.48 -7.359
39.485 -7.372
39.489 -7.377
39.491 -7.378
39.498 -7.383
39.526 -7.39
39.535 -7.399
39.534 -7.408
39.535 -7.416
39.537 -7.422
39.541 -7.429
39.545 -7.435
39.561 -7.443
39.572 -7.452
39.577 -7.461
39.584 -7.481
39.593 -7.493
39.61 -7.505
39.616 -7.508
39.652 -7.526
39.656 -7.525
39.659 -7.522
39.662 -7.516
39.665 -7.502
39.664 -7.488
39.666 -7.466
39.659 -7.423
39.658 -7.422
39.653 -7.404
39.652 -7.393
39.653 -7.387
39.648 -7.314
39.662 -7.265
39.666 -7.252
39.662 -7.176
39.659 -7.163
39.657 -7.147
39.664 -7.11
39.663 -7.105
39.663 -7.097
39.656 -7.075
39.656 -7.068
39.656 -7.059
39.662 -7.044
39.67 -7.016
39.672 -7.012
39.68 -7.006
39.692 -7.001
39.714 -6.998
39.719 -6.995
39.724 -6.991
39.725 -6.991
39.728 -6.99
39.738 -6.992
39.743 -6.991
39.764 -6.979
39.77 -6.977
39.779 -6.977
39.797 -6.986
39.805 -6.983
39.819 -6.965
39.82 -6.952
39.823 -6.946
39.824 -6.944
39.829 -6.94
39.834 -6.929
39.845 -6.928
39.851 -6.917
39.867 -6.903
39.894 -6.9
39.914 -6.905
39.921 -6.903
39.93 -6.892
39.934 -6.889
39.944 -6.886
39.958 -6.89
39.969 -6.887
39.993 -6.876
40 -6.875
40.006 -6.87
40.011 -6.868
40.013 -6.864
40.021 -6.873
40.023 -6.875
40.025 -6.875
40.03 -6.877
40.033 -6.88
40.037 -6.879
40.047 -6.886
40.051 -6.893
40.053 -6.895
40.058 -6.895
40.063 -6.893
40.063 -6.897
40.065 -6.904
40.068 -6.906
40.073 -6.915
40.077 -6.917
40.086 -6.92
40.091 -6.925
40.102 -6.929
40.106 -6.939
40.113 -6.941
40.114 -6.945
40.113 -6.949
40.115 -6.959
40.117 -6.966
40.12 -6.983
40.117 -6.99
40.125 -7
40.137 -7.009
40.146 -7.011
40.154 -7.008
40.159 -7.009
40.164 -7.014
40.181 -7.016
40.188 -7.019
40.199 -7.016
40.212 -7.01
40.222 -7.005
40.231 -6.997
40.238 -6.982
40.239 -6.961
40.245 -6.954
40.254 -6.948
40.255 -6.944
40.257 -6.896
40.261 -6.876
40.267 -6.858
40.276 -6.856
40.289 -6.859
40.297 -6.856
40.306 -6.844
40.316 -6.827
40.321 -6.819
40.327 -6.804
40.328 -6.795
40.331 -6.79
40.356 -6.786
40.359 -6.785
40.366 -6.777
40.37 -6.776
40.373 -6.782
40.375 -6.792
40.382 -6.801
40.383 -6.806
40.388 -6.809
40.399 -6.818
40.418 -6.831
40.426 -6.83
40.434 -6.834
40.447 -6.84
40.455 -6.84
40.472 -6.83
40.484 -6.817
40.504 -6.806
40.511 -6.8
40.512 -6.795
40.523 -6.791
40.533 -6.79
40.54 -6.794
40.546 -6.796
40.556 -6.806
40.563 -6.819
40.562 -6.826
40.569 -6.838
40.592 -6.822
40.617 -6.804
40.632 -6.797
40.641 -6.793
40.65 -6.793
40.667 -6.8
40.681 -6.802
40.717 -6.809
40.73 -6.814
40.732 -6.819
40.737 -6.819
40.745 -6.824
40.747 -6.825
40.753 -6.827
40.768 -6.823
40.786 -6.823
40.807 -6.816
40.823 -6.821
40.834 -6.817
40.841 -6.819
40.844 -6.817
40.846 -6.803
40.848 -6.798
40.857 -6.799
40.878 -6.805
40.882 -6.808
40.882 -6.811
40.886 -6.827
40.89 -6.829
40.895 -6.837
40.901 -6.843
40.927 -6.844
40.954 -6.857
40.958 -6.861
40.964 -6.873
40.972 -6.878
40.982 -6.888
40.997 -6.904
41.011 -6.915
41.019 -6.926
41.022 -6.928
41.027 -6.929
41.034 -6.93
41.038 -6.92
41.039 -6.915
41.038 -6.902
41.036 -6.896
41.031 -6.875
41.032 -6.86
41.033 -6.845
41.037 -6.823
41.042 -6.812
41.044 -6.807
41.054 -6.798
41.066 -6.782
41.089 -6.77
41.106 -6.754
41.113 -6.755
41.12 -6.763
41.124 -6.768
41.128 -6.769
41.133 -6.765
41.142 -6.749
41.147 -6.74
41.162 -6.719
41.179 -6.701
41.195 -6.693
41.201 -6.688
41.21 -6.681
41.222 -6.669
41.24 -6.646
41.244 -6.634
41.245 -6.623
41.245 -6.618
41.241 -6.607
41.239 -6.597
41.237 -6.589
41.238 -6.575
41.238 -6.57
41.243 -6.562
41.246 -6.558
41.257 -6.543
41.259 -6.536
41.26 -6.526
41.266 -6.507
41.293 -6.473
41.301 -6.457
41.307 -6.441
41.316 -6.428
41.331 -6.422
41.334 -6.417
41.343 -6.411
41.35 -6.396
41.359 -6.384
41.362 -6.381
41.367 -6.383
41.38 -6.392
41.389 -6.39
41.396 -6.383
41.397 -6.374
41.395 -6.366
41.386 -6.357
41.386 -6.353
41.387 -6.341
41.39 -6.335
41.396 -6.329
41.408 -6.325
41.413 -6.321
41.417 -6.315
41.424 -6.308
41.434 -6.304
41.444 -6.306
41.45 -6.303
41.451 -6.302
41.459 -6.297
41.463 -6.294
41.477 -6.286
41.482 -6.286
41.488 -6.277
41.496 -6.271
41.503 -6.258
41.506 -6.256
41.518 -6.254
41.533 -6.231
41.542 -6.223
41.555 -6.216
41.556 -6.212
41.565 -6.208
41.57 -6.203
41.574 -6.196
41.578 -6.183
41.584 -6.184
41.598 -6.198
41.604 -6.218
41.607 -6.223
41.621 -6.235
41.639 -6.251
41.651 -6.268
41.655 -6.273
41.66 -6.285
41.664 -6.308
41.666 -6.315
41.671 -6.327
41.676 -6.335
41.678 -6.341
41.679 -6.348
41.676 -6.368
41.677 -6.377
41.681 -6.391
41.681 -6.409
41.683 -6.42
41.687 -6.432
41.687 -6.438
41.67 -6.453
41.667 -6.458
41.658 -6.497
41.666 -6.503
41.677 -6.518
41.68 -6.527
41.691 -6.545
41.692 -6.554
41.7 -6.55
41.708 -6.545
41.712 -6.545
41.732 -6.552
41.736 -6.557
41.742 -6.559
41.748 -6.569
41.752 -6.569
41.761 -6.556
41.769 -6.55
41.787 -6.547
41.796 -6.544
41.802 -6.539
41.814 -6.537
41.82 -6.531
41.835 -6.528
41.84 -6.529
41.859 -6.522
41.861 -6.523
41.869 -6.517
41.874 -6.522
41.879 -6.535
41.884 -6.561
41.89 -6.563
41.896 -6.556
41.904 -6.552
41.913 -6.552
41.924 -6.544
41.931 -6.542
41.944 -6.551
41.957 -6.562
41.965 -6.566
41.967 -6.571
41.968 -6.58
41.954 -6.582
41.947 -6.589
41.944 -6.613
41.941 -6.644
41.938 -6.66
41.936 -6.675
41.937 -6.69
41.939 -6.707
41.941 -6.722
41.941 -6.733
41.95 -6.744
41.973 -6.755
41.985 -6.768
41.988 -6.777
41.989 -6.786
41.987 -6.8
41.982 -6.804
41.968 -6.806
41.953 -6.809
41.949 -6.814
41.945 -6.826
41.944 -6.845
41.946 -6.852
41.944 -6.855
41.94 -6.873
41.939 -6.883
41.941 -6.894
41.941 -6.916
41.944 -6.926
41.947 -6.936
41.951 -6.941
41.961 -6.946
41.962 -6.948
41.972 -6.959
41.972 -6.966
41.969 -6.976
41.958 -6.989
41.95 -7.001
41.949 -7.013
41.952 -7.023
41.951 -7.042
41.949 -7.051
41.95 -7.059
41.953 -7.065
41.971 -7.079
41.981 -7.097
41.985 -7.115
41.984 -7.123
41.99 -7.145
41.987 -7.16
41.983 -7.171
41.98 -7.175
41.98 -7.176
41.969 -7.183
41.967 -7.184
41.962 -7.185
41.96 -7.186
41.953 -7.181
41.949 -7.183
41.943 -7.184
41.933 -7.181
41.927 -7.178
41.918 -7.174
41.914 -7.174
41.912 -7.175
41.886 -7.192
41.882 -7.202
41.872 -7.219
41.865 -7.247
41.86 -7.261
41.85 -7.277
41.849 -7.29
41.846 -7.304
41.841 -7.324
41.842 -7.339
41.846 -7.358
41.846 -7.368
41.837 -7.385
41.825 -7.393
41.819 -7.396
41.814 -7.405
41.811 -7.424
41.823 -7.424
41.83 -7.421
41.835 -7.429
41.844 -7.44
41.851 -7.444
41.856 -7.45
41.863 -7.452
41.863 -7.461
41.862 -7.472
41.872 -7.494
41.865 -7.507
41.856 -7.502
41.851 -7.507
41.849 -7.51
41.844 -7.522
41.839 -7.541
41.833 -7.551
41.831 -7.566
41.831 -7.578
41.834 -7.591
41.84 -7.606
41.841 -7.609
41.844 -7.608
41.859 -7.602
41.87 -7.59
41.881 -7.575
41.881 -7.581
41.879 -7.591
41.882 -7.611
41.877 -7.63
41.878 -7.64
41.882 -7.65
41.891 -7.663
41.903 -7.684
41.905 -7.689
41.904 -7.697
41.9 -7.706
41.894 -7.718
41.894 -7.735
41.896 -7.748
41.894 -7.759
41.884 -7.78
41.88 -7.797
41.878 -7.82
41.877 -7.831
41.867 -7.834
41.862 -7.836
41.856 -7.847
41.856 -7.855
41.852 -7.874
41.857 -7.881
41.864 -7.885
41.909 -7.875
41.917 -7.875
41.924 -7.878
41.923 -7.883
41.926 -7.893
41.923 -7.906
41.919 -7.908
41.905 -7.907
41.891 -7.908
41.885 -7.912
41.877 -7.921
41.874 -7.927
41.869 -7.949
41.869 -7.969
41.866 -7.974
41.852 -7.984
41.848 -7.992
41.831 -8.003
41.828 -8.011
41.829 -8.022
41.826 -8.025
41.818 -8.041
41.814 -8.06
41.808 -8.065
41.803 -8.065
41.801 -8.08
41.801 -8.095
41.807 -8.109
41.809 -8.114
41.811 -8.13
41.816 -8.149
41.819 -8.151
41.853 -8.155
41.874 -8.163
41.88 -8.168
41.881 -8.172
41.882 -8.195
41.892 -8.202
41.9 -8.207
41.908 -8.212
41.915 -8.207
41.92 -8.209
41.925 -8.202
41.951 -8.183
41.955 -8.177
41.96 -8.172
41.968 -8.168
41.977 -8.158
41.981 -8.154
41.992 -8.129
42.005 -8.111
42.016 -8.081
42.034 -8.077
42.056 -8.081
42.071 -8.095
42.077 -8.111
42.079 -8.124
42.076 -8.143
42.066 -8.167
42.066 -8.175
42.07 -8.176
42.085 -8.178
42.102 -8.183
42.123 -8.186
42.143 -8.187
42.145 -8.191
42.146 -8.199
42.143 -8.204
42.137 -8.211
42.133 -8.226
42.132 -8.242
42.123 -8.253
42.121 -8.265
42.113 -8.279
42.108 -8.29
42.103 -8.308
42.095 -8.317
42.091 -8.326
42.09 -8.331
42.092 -8.356
42.09 -8.362
42.083 -8.376
42.082 -8.383
42.084 -8.394
42.079 -8.412
42.079 -8.423
42.081 -8.429
42.082 -8.456
42.079 -8.474
42.079 -8.48
42.078 -8.486
42.08 -8.503
42.078 -8.512
42.076 -8.516
42.062 -8.523
42.057 -8.531
42.052 -8.558
42.055 -8.59
42.056 -8.598
42.052 -8.615
42.048 -8.628
42.032 -8.645
42.01 -8.654
42.005 -8.657
41.991 -8.675
41.981 -8.7
41.974 -8.724
41.965 -8.738
41.941 -8.747
41.932 -8.753
41.925 -8.761
41.919 -8.774
41.913 -8.793
41.91 -8.8
41.914 -8.802
41.917 -8.805
41.918 -8.809
41.912 -8.816
41.914 -8.825
41.909 -8.832
41.902 -8.841
41.892 -8.847
41.87 -8.87
41.878 -8.878
41.893 -8.88
41.9 -8.876
41.909 -8.877
41.913 -8.883
41.922 -8.887
41.943 -8.885
41.958 -8.884
41.97 -8.887
42.011 -8.88
42.02 -8.885
42.031 -8.886
42.039 -8.883
42.047 -8.887
42.064 -8.888
42.067 -8.889
42.075 -8.892
42.084 -8.89
42.108 -8.894
42.113 -8.893
42.117 -8.886
42.117 -8.872
42.122 -8.86
42.132 -8.843
42.13 -8.841
42.119 -8.839
42.118 -8.827
42.12 -8.819
42.116 -8.818
42.118 -8.812
42.12 -8.81
42.125 -8.816
42.129 -8.818
42.136 -8.814
42.142 -8.817
42.141 -8.822
42.148 -8.825
42.151 -8.84
42.155 -8.845
42.159 -8.841
42.157 -8.827
42.159 -8.821
42.17 -8.812
42.179 -8.811
42.189 -8.807
42.191 -8.8
42.195 -8.793
42.2 -8.789
42.2 -8.781
42.202 -8.778
42.225 -8.767
42.227 -8.752
42.225 -8.747
42.225 -8.74
42.23 -8.732
42.237 -8.73
42.24 -8.729
42.242 -8.725
42.24 -8.717
42.241 -8.712
42.245 -8.705
42.261 -8.698
42.259 -8.69
42.26 -8.682
42.268 -8.67
42.274 -8.666
42.281 -8.657
42.289 -8.644
42.291 -8.636
42.288 -8.626
42.289 -8.619
42.286 -8.612
42.288 -8.606
42.291 -8.605
42.29 -8.609
42.292 -8.61
42.3 -8.608
42.31 -8.613
42.324 -8.607
42.331 -8.611
42.347 -8.607
42.35 -8.61
42.349 -8.615
42.355 -8.622
42.354 -8.626
42.34 -8.636
42.337 -8.636
42.331 -8.629
42.327 -8.639
42.322 -8.644
42.321 -8.647
42.311 -8.651
42.302 -8.645
42.298 -8.647
42.295 -8.651
42.293 -8.666
42.281 -8.682
42.281 -8.687
42.282 -8.69
42.283 -8.696
42.28 -8.701
42.28 -8.707
42.286 -8.717
42.287 -8.721
42.285 -8.725
42.275 -8.733
42.271 -8.745
42.263 -8.752
42.261 -8.757
42.261 -8.766
42.266 -8.773
42.254 -8.78
42.249 -8.785
42.249 -8.789
42.258 -8.803
42.259 -8.808
42.253 -8.816
42.253 -8.817
42.253 -8.821
42.255 -8.827
42.263 -8.838
42.263 -8.846
42.26 -8.851
42.251 -8.857
42.254 -8.861
42.254 -8.865
42.258 -8.866
42.273 -8.857
42.301 -8.852
42.307 -8.854
42.311 -8.851
42.307 -8.845
42.298 -8.841
42.295 -8.835
42.293 -8.831
42.281 -8.824
42.279 -8.815
42.281 -8.81
42.286 -8.819
42.29 -8.82
42.296 -8.816
42.303 -8.818
42.307 -8.814
42.312 -8.814
42.322 -8.821
42.329 -8.82
42.333 -8.821
42.336 -8.828
42.34 -8.829
42.343 -8.824
42.339 -8.807
42.341 -8.801
42.341 -8.795
42.34 -8.793
42.338 -8.791
42.332 -8.789
42.331 -8.784
42.332 -8.774
42.336 -8.76
42.345 -8.749
42.354 -8.746
42.36 -8.742
42.37 -8.739
42.372 -8.735
42.377 -8.732
42.378 -8.727
42.383 -8.721
42.39 -8.717
42.398 -8.707
42.398 -8.697
42.4 -8.689
42.403 -8.684
42.407 -8.679
42.412 -8.667
42.42 -8.66
42.423 -8.667
42.424 -8.672
42.427 -8.677
42.438 -8.684
42.435 -8.699
42.427 -8.705
42.424 -8.716
42.419 -8.722
42.418 -8.729
42.406 -8.743
42.404 -8.75
42.395 -8.759
42.394 -8.763
42.39 -8.769
42.394 -8.773
42.397 -8.783
42.398 -8.784
42.403 -8.791
42.404 -8.796
42.401 -8.803
42.399 -8.816
42.395 -8.815
42.389 -8.822
42.389 -8.826
42.386 -8.832
42.398 -8.843
42.398 -8.849
42.403 -8.853
42.409 -8.853
42.415 -8.857
42.417 -8.862
42.417 -8.873
42.424 -8.874
42.429 -8.87
42.434 -8.873
42.441 -8.869
42.445 -8.872
42.449 -8.876
42.454 -8.884
42.461 -8.908
42.46 -8.912
42.453 -8.92
42.463 -8.935
42.468 -8.928
42.474 -8.93
42.477 -8.929
42.479 -8.914
42.478 -8.899
42.48 -8.893
42.489 -8.88
42.491 -8.884
42.495 -8.884
42.496 -8.881
42.496 -8.871
42.501 -8.866
42.495 -8.855
42.489 -8.852
42.479 -8.855
42.47 -8.849
42.467 -8.853
42.466 -8.86
42.461 -8.862
42.452 -8.862
42.451 -8.859
42.458 -8.849
42.458 -8.841
42.462 -8.838
42.459 -8.833
42.455 -8.833
42.455 -8.829
42.458 -8.826
42.455 -8.82
42.456 -8.817
42.464 -8.817
42.468 -8.816
42.468 -8.827
42.47 -8.828
42.476 -8.823
42.48 -8.826
42.491 -8.821
42.493 -8.819
42.491 -8.812
42.492 -8.806
42.498 -8.8
42.497 -8.807
42.498 -8.81
42.506 -8.814
42.522 -8.811
42.518 -8.822
42.522 -8.823
42.531 -8.82
42.538 -8.821
42.554 -8.828
42.559 -8.827
42.559 -8.823
42.554 -8.818
42.559 -8.815
42.563 -8.819
42.565 -8.825
42.571 -8.826
42.574 -8.824
42.575 -8.814
42.576 -8.805
42.582 -8.798
42.583 -8.793
42.588 -8.791
42.589 -8.785
42.593 -8.781
42.601 -8.778
42.601 -8.766
42.606 -8.763
42.617 -8.769
42.624 -8.767
42.645 -8.749
42.651 -8.741
42.653 -8.746
42.652 -8.753
42.655 -8.759
42.653 -8.765
42.645 -8.776
42.643 -8.789
42.64 -8.793
42.64 -8.8
42.646 -8.81
42.658 -8.813
42.663 -8.817
42.665 -8.825
42.673 -8.831
42.665 -8.835
42.668 -8.84
42.645 -8.851
42.643 -8.85
42.64 -8.841
42.636 -8.836
42.632 -8.836
42.628 -8.839
42.628 -8.845
42.624 -8.849
42.613 -8.854
42.607 -8.849
42.604 -8.852
42.612 -8.864
42.612 -8.868
42.609 -8.873
42.611 -8.876
42.61 -8.882
42.615 -8.882
42.624 -8.878
42.625 -8.867
42.629 -8.867
42.634 -8.872
42.639 -8.885
42.636 -8.891
42.632 -8.896
42.631 -8.901
42.622 -8.911
42.619 -8.919
42.615 -8.924
42.6 -8.929
42.596 -8.926
42.591 -8.918
42.587 -8.918
42.587 -8.925
42.584 -8.931
42.585 -8.94
42.583 -8.945
42.58 -8.95
42.572 -8.955
42.571 -8.962
42.569 -8.965
42.568 -8.975
42.566 -8.978
42.564 -8.98
42.56 -8.982
42.546 -8.975
42.541 -8.977
42.528 -8.992
42.527 -9.001
42.517 -9.017
42.521 -9.024
42.521 -9.036
42.524 -9.038
42.538 -9.034
42.542 -9.028
42.547 -9.026
42.569 -9.038
42.572 -9.043
42.575 -9.048
42.575 -9.057
42.568 -9.07
42.575 -9.079
42.581 -9.072
42.595 -9.07
42.598 -9.062
42.601 -9.059
42.622 -9.051
42.629 -9.04
42.643 -9.035
42.656 -9.039
42.67 -9.036
42.673 -9.033
42.674 -9.027
42.675 -9.025
42.686 -9.023
42.692 -9.024
42.695 -9.027
42.697 -9.026
42.712 -9.011
42.717 -9.003
42.726 -8.996
42.728 -8.991
42.738 -8.985
42.744 -8.972
42.741 -8.971
42.741 -8.966
42.746 -8.958
42.751 -8.949
42.754 -8.948
42.761 -8.942
42.782 -8.93
42.784 -8.919
42.789 -8.911
42.79 -8.904
42.785 -8.894
42.785 -8.887
42.789 -8.887
42.793 -8.895
42.797 -8.896
42.809 -8.893
42.813 -8.889
42.815 -8.881
42.822 -8.876
42.824 -8.876
42.819 -8.883
42.819 -8.887
42.824 -8.894
42.8 -8.91
42.8 -8.928
42.803 -8.932
42.801 -8.935
42.791 -8.94
42.779 -8.955
42.778 -8.96
42.787 -8.967
42.788 -8.973
42.783 -8.977
42.78 -8.979
42.777 -8.983
42.776 -8.988
42.783 -9.007
42.787 -9.01
42.796 -9.009
42.797 -9.012
42.795 -9.023
42.788 -9.032
42.789 -9.045
42.787 -9.05
42.785 -9.054
42.778 -9.056
42.773 -9.049
42.77 -9.048
42.761 -9.052
42.759 -9.056
42.758 -9.066
42.755 -9.068
42.747 -9.071
42.74 -9.073
42.739 -9.084
42.753 -9.095
42.755 -9.1
42.754 -9.107
42.757 -9.109
42.761 -9.109
42.77 -9.119
42.779 -9.12
42.8 -9.142
42.803 -9.142
42.808 -9.132
42.806 -9.127
42.81 -9.11
42.81 -9.107
42.817 -9.102
42.824 -9.101
42.835 -9.102
42.844 -9.107
42.849 -9.114
42.845 -9.125
42.845 -9.128
42.861 -9.141
42.868 -9.144
42.881 -9.142
42.889 -9.136
42.892 -9.139
42.896 -9.135
42.898 -9.129
42.905 -9.125
42.908 -9.131
42.911 -9.152
42.923 -9.162
42.943 -9.171
42.95 -9.181
42.946 -9.183
42.939 -9.18
42.933 -9.182
42.92 -9.178
42.916 -9.188
42.916 -9.193
42.915 -9.199
42.917 -9.203
42.923 -9.201
42.925 -9.203
42.928 -9.205
42.93 -9.21
42.937 -9.212
42.937 -9.221
42.934 -9.224
42.924 -9.225
42.922 -9.229
42.923 -9.242
42.917 -9.249
42.896 -9.252
42.882 -9.26
42.882 -9.265
42.897 -9.274
42.909 -9.272
42.913 -9.271
42.918 -9.274
42.921 -9.283
42.925 -9.29
42.927 -9.291
42.932 -9.286
42.938 -9.286
42.941 -9.28
42.944 -9.276
42.957 -9.273
42.962 -9.266
42.974 -9.256
42.982 -9.254
42.996 -9.255
43.002 -9.25
43.006 -9.252
43.008 -9.257
43.005 -9.265
43.01 -9.269
43.018 -9.269
43.023 -9.273
43.035 -9.276
43.036 -9.283
43.038 -9.286
43.051 -9.288
43.054 -9.285
43.051 -9.279
43.045 -9.277
43.043 -9.274
43.044 -9.261
43.05 -9.256
43.047 -9.251
43.048 -9.249
43.065 -9.245
43.069 -9.244
43.086 -9.246
43.088 -9.243
43.089 -9.235
43.084 -9.232
43.087 -9.225
43.087 -9.215
43.09 -9.213
43.098 -9.218
43.111 -9.211
43.107 -9.208
43.101 -9.207
43.1 -9.203
43.101 -9.196
43.095 -9.187
43.088 -9.182
43.09 -9.178
43.098 -9.177
43.1 -9.173
43.103 -9.163
43.112 -9.159
43.123 -9.148
43.124 -9.137
43.127 -9.127
43.132 -9.123
segment Spain
40.012 4.197
40.013 4.203
40.018 4.208
40.016 4.212
40 4.211
39.986 4.256
39.978 4.25
39.971 4.248
39.969 4.25
39.969 4.255
39.963 4.262
39.961 4.262
39.958 4.259
39.955 4.263
39.957 4.266
39.956 4.27
39.95 4.274
39.944 4.269
39.938 4.269
39.932 4.275
39.928 4.278
39.922 4.281
39.918 4.279
39.915 4.284
39.903 4.291
39.902 4.3
39.895 4.3
39.886 4.306
39.883 4.314
39.881 4.315
39.877 4.311
39.875 4.303
39.877 4.299
39.891 4.289
39.894 4.282
39.897 4.262
39.9 4.258
39.899 4.255
39.899 4.253
39.897 4.254
39.895 4.263
39.888 4.283
39.882 4.288
39.874 4.297
39.856 4.301
39.843 4.294
39.837 4.298
39.834 4.297
39.834 4.293
39.82 4.28
39.819 4.275
39.814 4.27
39.816 4.26
39.82 4.23
39.831 4.214
39.83 4.201
39.836 4.195
39.841 4.178
39.855 4.16
39.854 4.154
39.866 4.137
39.871 4.123
39.876 4.107
39.885 4.087
39.892 4.08
39.895 4.074
39.908 4.055
39.911 4.049
39.914 4.038
39.926 4.013
39.926 4.002
39.927 4
39.927 3.996
39.927 3.99
39.931 3.977
39.934 3.951
39.938 3.944
39.938 3.929
39.94 3.925
39.929 3.898
39.921 3.888
39.92 3.884
39.922 3.883
39.928 3.884
39.929 3.88
39.924 3.868
39.925 3.851
39.926 3.832
39.919 3.816
39.921 3.813
39.93 3.813
39.964 3.823
39.977 3.823
39.981 3.818
39.99 3.815
40 3.806
40.015 3.795
40.024 3.798
40.029 3.802
40.032 3.806
40.038 3.806
40.039 3.811
40.057 3.822
40.055 3.834
40.061 3.851
40.06 3.873
40.063 3.901
40.057 3.906
40.056 3.908
40.051 3.916
40.053 3.926
40.06 3.92
40.063 3.924
40.064 3.928
40.069 3.932
40.067 3.938
40.063 3.945
40.067 3.955
40.065 3.963
40.061 3.969
40.057 3.984
40.065 3.993
40.065 4.008
40.066 4.015
40.073 4.022
40.075 4.026
40.073 4.03
40.058 4.052
40.061 4.056
40.063 4.058
40.066 4.069
40.072 4.076
40.072 4.082
40.078 4.081
40.077 4.085
40.09 4.087
40.096 4.078
40.097 4.079
40.097 4.087
40.096 4.093
40.089 4.098
40.08 4.092
40.078 4.093
40.077 4.098
40.074 4.098
40.074 4.094
40.073 4.093
40.071 4.094
40.068 4.092
40.065 4.094
40.064 4.098
40.059 4.1
40.054 4.107
40.063 4.114
40.064 4.123
40.071 4.129
40.067 4.131
40.046 4.121
40.041 4.122
40.038 4.125
40.038 4.129
40.041 4.132
40.043 4.139
40.056 4.143
40.067 4.138
40.073 4.138
40.074 4.154
40.07 4.162
40.069 4.165
40.068 4.171
40.066 4.171
40.063 4.165
40.058 4.165
40.052 4.157
40.042 4.158
40.04 4.162
40.043 4.167
40.042 4.174
40.04 4.174
40.035 4.169
40.031 4.172
40.027 4.184
40.04 4.189
40.041 4.192
40.024 4.202
40.014 4.196
40.012 4.197
segment Spain
39.816 3.115
39.799 3.121
39.779 3.135
39.769 3.146
39.757 3.168
39.744 3.206
39.742 3.207
39.735 3.227
39.731 3.236
39.729 3.245
39.73 3.251
39.734 3.26
39.735 3.271
39.753 3.305
39.756 3.32
39.762 3.329
39.769 3.331
39.778 3.33
39.783 3.332
39.787 3.341
39.784 3.348
39.772 3.368
39.766 3.373
39.764 3.378
39.762 3.397
39.759 3.402
39.753 3.41
39.75 3.423
39.743 3.433
39.743 3.443
39.745 3.454
39.742 3.457
39.74 3.458
39.726 3.449
39.721 3.449
39.719 3.451
39.718 3.453
39.718 3.465
39.716 3.469
39.713 3.471
39.709 3.467
39.705 3.453
39.696 3.449
39.691 3.45
39.686 3.455
39.682 3.455
39.68 3.452
39.675 3.45
39.654 3.454
39.651 3.452
39.656 3.441
39.656 3.438
39.65 3.434
39.642 3.436
39.636 3.435
39.632 3.434
39.63 3.432
39.63 3.428
39.635 3.414
39.635 3.408
39.633 3.403
39.612 3.39
39.597 3.385
39.583 3.39
39.581 3.393
39.581 3.4
39.579 3.403
39.574 3.4
39.573 3.395
39.573 3.382
39.571 3.378
39.566 3.373
39.559 3.374
39.554 3.372
39.549 3.366
39.548 3.359
39.538 3.339
39.527 3.33
39.519 3.315
39.51 3.309
39.502 3.299
39.491 3.291
39.486 3.291
39.47 3.283
39.463 3.28
39.434 3.274
39.423 3.276
39.419 3.274
39.419 3.271
39.425 3.264
39.424 3.261
39.42 3.259
39.413 3.262
39.407 3.259
39.398 3.251
39.373 3.237
39.373 3.232
39.372 3.231
39.37 3.229
39.365 3.231
39.36 3.227
39.359 3.223
39.364 3.214
39.366 3.208
39.363 3.207
39.354 3.211
39.352 3.205
39.352 3.191
39.349 3.188
39.342 3.19
39.339 3.189
39.335 3.184
39.331 3.173
39.325 3.166
39.327 3.158
39.326 3.15
39.33 3.142
39.325 3.137
39.322 3.138
39.32 3.138
39.318 3.136
39.312 3.115
39.306 3.107
39.292 3.095
39.266 3.066
39.264 3.059
39.264 3.051
39.269 3.045
39.277 3.04
39.289 3.028
39.289 3.026
39.291 3.02
39.296 3.017
39.303 3.019
39.308 3.013
39.316 3.002
39.313 2.997
39.313 2.99
39.315 2.985
39.322 2.983
39.333 2.991
39.335 2.991
39.341 2.987
39.354 2.973
39.359 2.964
39.362 2.956
39.361 2.949
39.362 2.938
39.363 2.929
39.359 2.918
39.354 2.913
39.354 2.909
39.364 2.885
39.365 2.876
39.362 2.862
39.364 2.848
39.363 2.841
39.357 2.828
39.356 2.822
39.358 2.817
39.364 2.809
39.365 2.802
39.363 2.789
39.364 2.787
39.369 2.784
39.373 2.776
39.38 2.771
39.392 2.751
39.401 2.742
39.411 2.737
39.418 2.737
39.435 2.743
39.442 2.743
39.448 2.741
39.459 2.731
39.467 2.726
39.474 2.722
39.477 2.724
39.48 2.731
39.49 2.736
39.495 2.743
39.5 2.747
39.513 2.74
39.522 2.733
39.531 2.719
39.535 2.704
39.548 2.688
39.551 2.681
39.558 2.672
39.563 2.65
39.561 2.64
39.563 2.635
39.56 2.629
39.555 2.625
39.552 2.625
39.545 2.632
39.542 2.628
39.549 2.609
39.549 2.602
39.534 2.592
39.529 2.585
39.53 2.574
39.526 2.557
39.523 2.544
39.519 2.539
39.515 2.539
39.51 2.544
39.509 2.539
39.507 2.538
39.498 2.538
39.477 2.527
39.464 2.522
39.459 2.524
39.455 2.523
39.462 2.502
39.47 2.487
39.467 2.479
39.466 2.477
39.473 2.48
39.481 2.477
39.488 2.48
39.492 2.479
39.49 2.471
39.491 2.463
39.497 2.458
39.503 2.456
39.507 2.458
39.51 2.463
39.511 2.475
39.512 2.477
39.515 2.477
39.519 2.464
39.533 2.453
39.533 2.443
39.526 2.435
39.525 2.429
39.523 2.421
39.526 2.42
39.531 2.422
39.535 2.42
39.536 2.415
39.535 2.41
39.526 2.406
39.522 2.398
39.522 2.389
39.527 2.391
39.53 2.389
39.53 2.383
39.534 2.378
39.528 2.371
39.528 2.366
39.531 2.363
39.535 2.367
39.54 2.382
39.543 2.388
39.545 2.388
39.546 2.386
39.544 2.381
39.545 2.372
39.548 2.368
39.562 2.35
39.565 2.349
39.573 2.352
39.577 2.351
39.581 2.345
39.583 2.344
39.593 2.351
39.594 2.354
39.601 2.359
39.614 2.375
39.613 2.389
39.621 2.409
39.627 2.419
39.631 2.422
39.637 2.427
39.643 2.437
39.652 2.459
39.66 2.471
39.669 2.48
39.672 2.489
39.683 2.499
39.687 2.505
39.691 2.517
39.699 2.526
39.7 2.531
39.699 2.548
39.701 2.559
39.705 2.568
39.721 2.593
39.732 2.6
39.751 2.624
39.765 2.635
39.76 2.642
39.762 2.65
39.768 2.659
39.774 2.662
39.792 2.672
39.795 2.68
39.788 2.691
39.792 2.695
39.8 2.694
39.804 2.695
39.827 2.732
39.83 2.741
39.826 2.751
39.827 2.757
39.832 2.762
39.839 2.766
39.841 2.766
39.84 2.772
39.853 2.774
39.855 2.777
39.853 2.785
39.855 2.793
39.852 2.804
39.857 2.803
39.86 2.806
39.858 2.824
39.864 2.845
39.875 2.857
39.877 2.871
39.881 2.879
39.888 2.886
39.893 2.891
39.899 2.904
39.897 2.913
39.902 2.92
39.903 2.927
39.906 2.936
39.92 2.95
39.92 2.955
39.909 2.967
39.91 2.982
39.926 3.008
39.929 3.017
39.936 3.035
39.937 3.042
39.93 3.041
39.929 3.044
39.932 3.054
39.93 3.06
39.924 3.055
39.919 3.056
39.92 3.062
39.935 3.092
39.936 3.096
39.933 3.099
39.931 3.097
39.928 3.098
39.93 3.117
39.934 3.125
39.937 3.127
39.945 3.135
39.952 3.147
39.959 3.168
39.959 3.176
39.957 3.177
39.954 3.174
39.951 3.176
39.952 3.183
39.959 3.206
39.958 3.21
39.953 3.203
39.944 3.199
39.942 3.195
39.942 3.189
39.941 3.184
39.932 3.169
39.926 3.158
39.923 3.151
39.924 3.132
39.916 3.122
39.91 3.116
39.909 3.109
39.897 3.109
39.907 3.096
39.907 3.088
39.902 3.082
39.893 3.079
39.881 3.082
39.872 3.087
39.867 3.09
39.859 3.102
39.861 3.118
39.867 3.13
39.868 3.134
39.865 3.139
39.865 3.144
39.87 3.151
39.874 3.166
39.878 3.175
39.887 3.184
39.89 3.19
39.89 3.197
39.888 3.202
39.876 3.186
39.875 3.185
39.867 3.182
39.863 3.184
39.86 3.188
39.861 3.193
39.857 3.193
39.852 3.187
39.84 3.176
39.836 3.169
39.837 3.156
39.832 3.144
39.833 3.139
39.837 3.135
39.839 3.129
39.839 3.126
39.836 3.121
39.829 3.117
39.82 3.114
39.816 3.115
