1. 1.
3
-.1 .0 .1
.2 .6 .2 
.12 3
   1  1   SAF - Mojave (mp.sa-mojave)                         2
     7.40000    1.571E-03
     90.0000    12.0000  0.   103.2364
   4
     34.6985   -118.5089
     34.5478   -118.1039
     34.3986   -117.7364
     34.2895   -117.4982
   1  1   SAF - San Bernadino
     7.50000    1.841E-03
     90.0000    18.0000  0.    103.1310
   4
     34.2895   -117.4982
     34.1547   -117.2382
     33.9878   -116.7748
     33.9240   -116.4770
   1  1   SAF - Cholame (mp.sa-cholame)                       2
     7.30000    3.637E-03
     90.0000    12.0000  0.    62.5581
   3
     35.7520   -120.3000
     35.4139   -119.9703
     35.3142   -119.8660
   1  1   SAF - 1857 (Ch-Moj)                                 2
     7.80000    7.091E-03
     90.0000    12.0000  0.    311.532
   12
     35.7520   -120.3000
     35.4139   -119.9703
     35.3142   -119.8660
     35.1607   -119.7068
     35.0489   -119.5606
     34.9157   -119.3629
     34.8639   -119.2100
     34.8064   -118.8816
     34.6985   -118.5089
     34.5478   -118.1039
     34.3986   -117.7364
     34.2895   -117.4982
   1  1   SAF - Southern 2 segments (SB-Coachella)            2
     7.70000    7.943E-03
     90.0000    12.0000  0.    198.748
   7
     34.2895   -117.4982
     34.1547   -117.2382
     33.9878   -116.7748
     33.9240   -116.4770
     33.9223   -116.4697
     33.7882   -116.2463
     33.3501   -115.7119
