1. 1.
3
-.2 .0 .2
.2 .6 .2
.12 3
   1  2   North Channel Slope (bnchanslp)                     1
     7.40000    6.63236E-04
     26.0000    23.0000   10.00000    67.8876
   2
      34.40030     -119.66200
      34.46020     -120.39860
   1  2   San Joaquin Hills Thrust (no equivelant)            1
     6.60000    6.93050E-04
    -23.0000    15.0000    2.00000    27.4526
   4
      33.59700     -117.67400
      33.64700     -117.73600
      33.68800     -117.82300
      33.69500     -117.93300
   1  2   Puente Hills blind thrust (new)                     1
     7.10000    3.51709E-04
     25.0000    19.0000    5.00000    44.1786
   4
      33.92690     -117.86730
      33.93150     -118.04320
      33.95410     -118.14350
      34.05860     -118.29760
