1. 1.
3
-.2 .0 .2
.2 .6 .2 
.12 3
   1  1   Eureka Peak (mp.eurekapk)                           1
     6.40000    2.00E-04
     90.0000    13.0000  0.    18.8639
   6
     33.9607   -116.3421
     33.9947   -116.3432
     34.0099   -116.3465
     34.0239   -116.3531
     34.0445   -116.3551
     34.1224   -116.3946
   1  1   Burnt Mtn (bb.burntmtn)                             1
     6.50000    2.00E-04
     90.0000    13.0000  0.    21.1282
   7
     33.9348   -116.3905
     33.9892   -116.3955
     34.0131   -116.3954
     34.0350   -116.3998
     34.0607   -116.4127
     34.0936   -116.4101
     34.1221   -116.4120
