1. 1.
1
0
1.0
.0 3
  1  1 scz --sas 1-1
 7.03 1.0478e-3
 90    15.0000 0.00
   6
 36.8059 -121.4816
 36.8701 -121.5645
 36.9260 -121.6520
 37.0530 -121.8120
 37.1040 -121.9070
 37.1762 -122.0036
  1  1 pn --sap 1-2
 7.15 1.5864e-3
 90    13.0000 0.00
   5
 37.1762 -122.0036
 37.2970 -122.1400
 37.3670 -122.2100
 37.4380 -122.2830
 37.7856 -122.5741
  1  1 ncs --san -1-3
 7.45 2.823e-4
 90    12.0000 0.00
   7
 37.7856 -122.5741
 37.9617 -122.7224
 38.1810 -122.9170
 38.3290 -123.0419
 38.4080 -123.1144
 39.1014 -123.7894
 39.1706 -123.8407
  1  1 ncn -- sao - 1-4
 7.29 3.480e-4 
 90    12.0000 0.00
   9
 39.1706 -123.8407
 39.2589 -123.8726
 39.3965 -123.9224
 39.6730 -123.9953
 39.9135 -124.0067
 40.0259 -124.0490
 40.0506 -124.0635
 40.0965 -124.1381
 40.2440 -124.4032
  1  1 scz+pn--sas+sap -1-5
 7.42 1.3045e-3
 90    14.0000 0.00
 10
 36.8059 -121.4816
 36.8701 -121.5645
 36.9260 -121.6520
 37.0530 -121.8120
 37.1040 -121.9070
 37.1762 -122.0036
 37.2970 -122.1400
 37.3670 -122.2100
 37.4380 -122.2830
 37.7856 -122.5741
  1  1 ncs+ncn --san+sao -1-7
 7.7  1.2761e-3
 90    12.0000 0.00
  15
 37.7856 -122.5741
 37.9617 -122.7224
 38.1810 -122.9170
 38.3290 -123.0419
 38.4080 -123.1144
 39.1014 -123.7894
 39.1706 -123.8407
 39.2589 -123.8726
 39.3965 -123.9224
 39.6730 -123.9953
 39.9135 -124.0067
 40.0259 -124.0490
 40.0506 -124.0635
 40.0965 -124.1381
 40.2440 -124.4032
  1  1 scz+pn+ncs -- sas+sap+san 1-8
 7.76 2.08e-5
 90    13.0000 0.00
  16
 36.8059 -121.4816
 36.8701 -121.5645
 36.9260 -121.6520
 37.0530 -121.8120
 37.1040 -121.9070
 37.1762 -122.0036
 37.2970 -122.1400
 37.3670 -122.2100
 37.4380 -122.2830
 37.7856 -122.5741
 37.9617 -122.7224
 38.1810 -122.9170
 38.3290 -123.0419
 38.4080 -123.1144
 39.1014 -123.7894
 39.1706 -123.8407
  1  1 pn+ncs+ncn--sap+san+sao-1-9
 7.83 5.85e-5
 90    12.0000  0.00
  19
 37.1762 -122.0036
 37.2970 -122.1400
 37.3670 -122.2100
 37.4380 -122.2830
 37.7856 -122.5741
 37.9617 -122.7224
 38.1810 -122.9170
 38.3290 -123.0419
 38.4080 -123.1144
 39.1014 -123.7894
 39.1706 -123.8407
 39.2589 -123.8726
 39.3965 -123.9224
 39.6730 -123.9953
 39.9135 -124.0067
 40.0259 -124.0490
 40.0506 -124.0635
 40.0965 -124.1381
 40.2440 -124.4032
  1  1 scz+pn+ncs+ncn --sas+sap+san+sao 1-10
 7.9 1.8648e-3
 90    13.0000  0.00
  24
 36.8059 -121.4816
 36.8701 -121.5645
 36.9260 -121.6520
 37.0530 -121.8120
 37.1040 -121.9070
 37.1762 -122.0036
 37.2970 -122.1400
 37.3670 -122.2100
 37.4380 -122.2830
 37.7856 -122.5741
 37.9617 -122.7224
 38.1810 -122.9170
 38.3290 -123.0419
 38.4080 -123.1144
 39.1014 -123.7894
 39.1706 -123.8407
 39.2589 -123.8726
 39.3965 -123.9224
 39.6730 -123.9953
 39.9135 -124.0067
 40.0259 -124.0490
 40.0506 -124.0635
 40.0965 -124.1381
 40.2440 -124.4032
  1  1 sh -- hs 2-1
 6.67 4.4103e-3
 90    12.0000 0.00
   4
 37.4535 -121.8485
 37.6760 -122.0824
 37.7299 -122.1284
 37.8273 -122.2128
  1  1 nh -- hn 2-2
 6.49 4.6633e-3
 90    12.0000 0.00
   2
 37.8273 -122.2128
 38.0875 -122.4342
  1  1 sh+nh -- hs+hn 2-5
 6.91 3.2588e-3
 90    12.0000 0.00
   5
 37.4535 -121.8485
 37.6760 -122.0824
 37.7299 -122.1284
 37.8273 -122.2128
 38.0875 -122.4342
  1  1 rc 2-7
 6.98 6.0006e-3
 90    12.0000 0.00
   3
 38.0875 -122.4342
 38.3315 -122.6136
 38.5752 -122.7883
  1  1 nh+rc-- hn+rc 2-9
 7.11 6.791e-4
 90    12.0000 0.00
   4
 37.8273 -122.2128
 38.0875 -122.4342
 38.3315 -122.6136
 38.5752 -122.7883
  1  1 sh+nh+rc-- hs+hn+rc 2-10
 7.26 3.829e-4
 90    12.0000 0.00
   7
 37.4535 -121.8485
 37.6760 -122.0824
 37.7299 -122.1284
 37.8273 -122.2128
 38.0875 -122.4342
 38.3315 -122.6136
 38.5752 -122.7883
  1  1 sc -- cs -- average used-3-1
 5.79 8.3795e-3
 90    11.0000 0.00
   2
 36.8257 -121.3956
 36.9898 -121.4678
  1  1 cc -- average used-3-2
 6.23 5.3650e-3 
 90    11.0000 0.00
   7
 36.9898 -121.4678
 37.0958 -121.5424
 37.1523 -121.5801
 37.2481 -121.6483
 37.3430 -121.7149
 37.3996 -121.7618
 37.4450 -121.8071
  1  1 sc+cc -- cs+cc -- average used-3-5
 6.36 1.8391e-3
 90    11.0000 0.00
   8
 36.8257 -121.3956
 36.9898 -121.4678
 37.0958 -121.5424
 37.1523 -121.5801
 37.2481 -121.6483
 37.3430 -121.7149
 37.3996 -121.7618
 37.4450 -121.8071
  1  1 nc  -- cn--3-7
 6.78 4.8139e-3
 90    13.0000 0.00
   8
 37.4450 -121.8071
 37.4888 -121.8235
 37.5101 -121.8349
 37.5385 -121.8511
 37.5675 -121.8620
 37.6939 -121.9327
 37.7149 -121.9379
 37.8173 -122.0094
  1  1 cc+nc -- cc+cn-3-9
 6.9 1.147e-4
 90    12.0000 0.00
  14
 36.9898 -121.4678
 37.0958 -121.5424
 37.1523 -121.5801
 37.2481 -121.6483
 37.3430 -121.7149
 37.3996 -121.7618
 37.4450 -121.8071
 37.4888 -121.8235
 37.5101 -121.8349
 37.5385 -121.8511
 37.5675 -121.8620
 37.6939 -121.9327
 37.7149 -121.9379
 37.8173 -122.0094
  1  1 sc+cc+nc--cs+cc+cn-3-10
 6.93 7.269e-4
 90    12.0000 0.00
  15
 36.8257 -121.3956
 36.9898 -121.4678
 37.0958 -121.5424
 37.1523 -121.5801
 37.2481 -121.6483
 37.3430 -121.7149
 37.3996 -121.7618
 37.4450 -121.8071
 37.4888 -121.8235
 37.5101 -121.8349
 37.5385 -121.8511
 37.5675 -121.8620
 37.6939 -121.9327
 37.7149 -121.9379
 37.8173 -122.0094
  1  1 con -- average -4-1
 6.25 1.8258e-3
 90    16.0000 0.00
   2
 37.9003 -121.9896
 38.0389 -122.0766
  1  1 sgv --gvs -- average - 4-2
 6.24 8.416e-4
 90    14.0000 0.00
   2
 38.0389 -122.0766
 38.2587 -122.1459
  1  1 con+sgv--con+gvs--4-5
 6.58 5.776e-4
 90    15.0000 0.00
   3
 37.9003 -121.9896
 38.0389 -122.0766
 38.2587 -122.1459
  1  1 ngv --gvn--average-4-7
 6.02 2.2384e-3
 90    14.0000 0.00
   2
 38.2587 -122.1459
 38.3825 -122.1789
  1  1 sgv+ngv --gvs+gvn-4-9
 6.48 1.1505e-3
 90    14.0000 0.00
   3
 38.0389 -122.0766
 38.2587 -122.1459
 38.3825 -122.1789
  1  1 con+sgv+ngv--con+gvs+gvn-4-10
 6.71 2.2160e-3
 90    15.0000 0.00
   4
 37.9003 -121.9896
 38.0389 -122.0766
 38.2587 -122.1459
 38.3825 -122.1789
  1  1 sgs--5-1
 6.96 8.659e-4
 90    12.0000 0.00
   8
 36.3131 -121.8593
 36.4194 -121.9351
 36.4669 -121.9538
 36.5172 -121.9803
 36.5561 -122.0212
 36.6696 -122.0945
 36.7496 -122.1295
 36.8528 -122.1555
  1  1 sgn -- 5-9
 7.23 1.4743e-3
 90    13.0000 0.00
   3
 36.8528 -122.1555
 37.2906 -122.3936
 37.7682 -122.6166
  1  1 sgs+sgn --5-10
 7.44 9.442e-4
 90    13.0000 0.00
  10
 36.3131 -121.8593
 36.4194 -121.9351
 36.4669 -121.9538
 36.5172 -121.9803
 36.5561 -122.0212
 36.6696 -122.0945
 36.7496 -122.1295
 36.8528 -122.1555
 37.2906 -122.3936
 37.7682 -122.6166
  1  1 sg --gs --6-1
 6.6 1.1718e-3
 90    15.0000 0.00
   5
 37.4994 -121.5408
 37.5256 -121.5539
 37.5754 -121.5808
 37.6439 -121.6438
 37.6858 -121.6647
  1  1 ng -- gn -- 6-9
 6.66 1.0783e-3
 90    15.0000 0.00
   4
 37.6858 -121.6647
 37.7219 -121.6997
 37.7930 -121.7630
 37.8839 -121.8328
  1  1 sg+ng --gs+gn -- 6-10
 6.94 5.634e-4
 90    15.0000 0.00
   8
 37.4994 -121.5408
 37.5256 -121.5539
 37.5754 -121.5808
 37.6439 -121.6438
 37.6858 -121.6647
 37.7219 -121.6997
 37.7930 -121.7630
 37.8839 -121.8328
  1  2 mtd-- 7-10
 6.65 2.8628e-3
 38    14.0000 8.00
  2
37.7301 -121.8229
37.8771 -122.0388
