1. 1.
1
0
1.0
.0 3
  1  1 scz -- 1-1
     6.70000    1.10635E-06
 90    15.0000 0.00
   6
     36.8059   -121.482
     36.8701   -121.564
     36.9260   -121.652
     37.0530   -121.812
     37.1040   -121.907
     37.1762   -122.004
  1  1 scz
     6.80000    2.25677E-05
 90    15.0000 0.00
   6
     36.8059   -121.482
     36.8701   -121.564
     36.9260   -121.652
     37.0530   -121.812
     37.1040   -121.907
     37.1762   -122.004
  1  1 scz
     6.90000    1.18304E-04
 90    15.0000 0.00
   6
     36.8059   -121.482
     36.8701   -121.564
     36.9260   -121.652
     37.0530   -121.812
     37.1040   -121.907
     37.1762   -122.004
  1  1 scz
     7.00000    2.54592E-04
 90    15.0000 0.00
   6
     36.8059   -121.482
     36.8701   -121.564
     36.9260   -121.652
     37.0530   -121.812
     37.1040   -121.907
     37.1762   -122.004
  1  1 scz
     7.10000    1.88828E-04
 90    15.0000 0.00
   6
     36.8059   -121.482
     36.8701   -121.564
     36.9260   -121.652
     37.0530   -121.812
     37.1040   -121.907
     37.1762   -122.004
  1  1 scz
     7.20000    7.45880E-05
 90    15.0000 0.00
   6
     36.8059   -121.482
     36.8701   -121.564
     36.9260   -121.652
     37.0530   -121.812
     37.1040   -121.907
     37.1762   -122.004
  1  1 scz
     7.30000    4.11420E-06
 90    15.0000 0.00
   6
     36.8059   -121.482
     36.8701   -121.564
     36.9260   -121.652
     37.0530   -121.812
     37.1040   -121.907
     37.1762   -122.004
  1  1 pn --1-2
     6.80000    3.57699E-06
 90    13.0000 0.00
   5
     37.1762   -122.004
     37.2970   -122.140
     37.3670   -122.210
     37.4380   -122.283
     37.7856   -122.574
  1  1 pn
     6.90000    5.30442E-05
 90    13.0000 0.00
   5
     37.1762   -122.004
     37.2970   -122.140
     37.3670   -122.210
     37.4380   -122.283
     37.7856   -122.574
  1  1 pn
     7.00000    2.50186E-04
 90    13.0000 0.00
   5
     37.1762   -122.004
     37.2970   -122.140
     37.3670   -122.210
     37.4380   -122.283
     37.7856   -122.574
  1  1 pn
     7.10000    5.26952E-04
 90    13.0000 0.00
   5
     37.1762   -122.004
     37.2970   -122.140
     37.3670   -122.210
     37.4380   -122.283
     37.7856   -122.574
  1  1 pn
     7.20000    4.84203E-04
 90    13.0000 0.00
   5
     37.1762   -122.004
     37.2970   -122.140
     37.3670   -122.210
     37.4380   -122.283
     37.7856   -122.574
  1  1 pn
     7.30000    1.69107E-04
 90    13.0000 0.00
   5
     37.1762   -122.004
     37.2970   -122.140
     37.3670   -122.210
     37.4380   -122.283
     37.7856   -122.574
  1  1 pn
     7.40000    3.19312E-05
 90    13.0000 0.00
   5
     37.1762   -122.004
     37.2970   -122.140
     37.3670   -122.210
     37.4380   -122.283
     37.7856   -122.574
  1  1 ncs --san -1-3
     7.20000    7.96827E-06
 90    12.0000 0.00
   7
     37.7856   -122.574
     37.9617   -122.722
     38.1810   -122.917
     38.3290   -123.042
     38.4080   -123.114
     39.1014   -123.789
     39.1706   -123.841
  1  1 ncs -- san
     7.30000    5.36840E-05
 90    12.0000 0.00
   7
     37.7856   -122.574
     37.9617   -122.722
     38.1810   -122.917
     38.3290   -123.042
     38.4080   -123.114
     39.1014   -123.789
     39.1706   -123.841
  1  1 ncs -- san
     7.40000    1.11405E-04
 90    12.0000 0.00
   7
     37.7856   -122.574
     37.9617   -122.722
     38.1810   -122.917
     38.3290   -123.042
     38.4080   -123.114
     39.1014   -123.789
     39.1706   -123.841
  1  1 ncs --san
     7.50000    8.31636E-05
 90    12.0000 0.00
   7
     37.7856   -122.574
     37.9617   -122.722
     38.1810   -122.917
     38.3290   -123.042
     38.4080   -123.114
     39.1014   -123.789
     39.1706   -123.841
  1  1 ncs -- san
     7.60000    1.39790E-05
 90    12.0000 0.00
   7
     37.7856   -122.574
     37.9617   -122.722
     38.1810   -122.917
     38.3290   -123.042
     38.4080   -123.114
     39.1014   -123.789
     39.1706   -123.841
  1  1 ncn -- sao - 1-4
     7.00000    2.15405E-07
 90    12.0000 0.00
   9
     39.1706   -123.841
     39.2589   -123.873
     39.3965   -123.922
     39.6730   -123.995
     39.9135   -124.007
     40.0259   -124.049
     40.0506   -124.063
     40.0965   -124.138
     40.2440   -124.403
  1  1 ncn -- sao
     7.10000    8.77743E-06
 90    12.0000 0.00
   9
     39.1706   -123.841
     39.2589   -123.873
     39.3965   -123.922
     39.6730   -123.995
     39.9135   -124.007
     40.0259   -124.049
     40.0506   -124.063
     40.0965   -124.138
     40.2440   -124.403
  1  1 ncn -- sao
     7.20000    6.72645E-05
 90    12.0000 0.00
   9
     39.1706   -123.841
     39.2589   -123.873
     39.3965   -123.922
     39.6730   -123.995
     39.9135   -124.007
     40.0259   -124.049
     40.0506   -124.063
     40.0965   -124.138
     40.2440   -124.403
  1  1 ncn -- sao
     7.30000    1.20838E-04
 90    12.0000 0.00
   9
     39.1706   -123.841
     39.2589   -123.873
     39.3965   -123.922
     39.6730   -123.995
     39.9135   -124.007
     40.0259   -124.049
     40.0506   -124.063
     40.0965   -124.138
     40.2440   -124.403
  1  1 ncn -- sao
     7.40000    9.08269E-05
 90    12.0000 0.00
   9
     39.1706   -123.841
     39.2589   -123.873
     39.3965   -123.922
     39.6730   -123.995
     39.9135   -124.007
     40.0259   -124.049
     40.0506   -124.063
     40.0965   -124.138
     40.2440   -124.403
  1  1 ncn -- sao
     7.50000    1.66774E-05
 90    12.0000 0.00
   9
     39.1706   -123.841
     39.2589   -123.873
     39.3965   -123.922
     39.6730   -123.995
     39.9135   -124.007
     40.0259   -124.049
     40.0506   -124.063
     40.0965   -124.138
     40.2440   -124.403
  1  1 scz+pn --sas+sap -1-5
     7.10000    5.64782E-08
 90    14.0000 0.00
   10
     36.8059   -121.482
     36.8701   -121.564
     36.9260   -121.652
     37.0530   -121.812
     37.1040   -121.907
     37.1762   -122.004
     37.2970   -122.140
     37.3670   -122.210
     37.4380   -122.283
     37.7856   -122.574
  1  1 scz+pn
     7.20000    2.65752E-05
 90    14.0000 0.00
   10
     36.8059   -121.482
     36.8701   -121.564
     36.9260   -121.652
     37.0530   -121.812
     37.1040   -121.907
     37.1762   -122.004
     37.2970   -122.140
     37.3670   -122.210
     37.4380   -122.283
     37.7856   -122.574
  1  1 scz+pn
     7.30000    2.84919E-04
 90    14.0000 0.00
   10
     36.8059   -121.482
     36.8701   -121.564
     36.9260   -121.652
     37.0530   -121.812
     37.1040   -121.907
     37.1762   -122.004
     37.2970   -122.140
     37.3670   -122.210
     37.4380   -122.283
     37.7856   -122.574
  1  1 scz+pn
     7.40000    5.16805E-04
 90    14.0000 0.00
   10
     36.8059   -121.482
     36.8701   -121.564
     36.9260   -121.652
     37.0530   -121.812
     37.1040   -121.907
     37.1762   -122.004
     37.2970   -122.140
     37.3670   -122.210
     37.4380   -122.283
     37.7856   -122.574
  1  1 scz+pn
     7.50000    3.40656E-04
 90    14.0000 0.00
   10
     36.8059   -121.482
     36.8701   -121.564
     36.9260   -121.652
     37.0530   -121.812
     37.1040   -121.907
     37.1762   -122.004
     37.2970   -122.140
     37.3670   -122.210
     37.4380   -122.283
     37.7856   -122.574
  1  1 scz+pn
     7.60000    3.03851E-05
 90    14.0000 0.00
   10
     36.8059   -121.482
     36.8701   -121.564
     36.9260   -121.652
     37.0530   -121.812
     37.1040   -121.907
     37.1762   -122.004
     37.2970   -122.140
     37.3670   -122.210
     37.4380   -122.283
     37.7856   -122.574
  1  1 ncs+ncn --san+sao -1-7
     7.40000    1.26474E-06
 90    12.0000 0.00
   15
     37.7856   -122.574
     37.9617   -122.722
     38.1810   -122.917
     38.3290   -123.042
     38.4080   -123.114
     39.1014   -123.789
     39.1706   -123.841
     39.2589   -123.873
     39.3965   -123.922
     39.6730   -123.995
     39.9135   -124.007
     40.0259   -124.049
     40.0506   -124.063
     40.0965   -124.138
     40.2440   -124.403
  1  1 ncs+ncn -- san+sao
     7.50000    8.53609E-05
 90    12.0000 0.00
   15
     37.7856   -122.574
     37.9617   -122.722
     38.1810   -122.917
     38.3290   -123.042
     38.4080   -123.114
     39.1014   -123.789
     39.1706   -123.841
     39.2589   -123.873
     39.3965   -123.922
     39.6730   -123.995
     39.9135   -124.007
     40.0259   -124.049
     40.0506   -124.063
     40.0965   -124.138
     40.2440   -124.403
  1  1 ncs+ncn -- san+sao
     7.60000    3.51256E-04
 90    12.0000 0.00
   15
     37.7856   -122.574
     37.9617   -122.722
     38.1810   -122.917
     38.3290   -123.042
     38.4080   -123.114
     39.1014   -123.789
     39.1706   -123.841
     39.2589   -123.873
     39.3965   -123.922
     39.6730   -123.995
     39.9135   -124.007
     40.0259   -124.049
     40.0506   -124.063
     40.0965   -124.138
     40.2440   -124.403
  1  1 ncs+ncn -- san+sao
     7.70000    4.56470E-04
 90    12.0000 0.00
   15
     37.7856   -122.574
     37.9617   -122.722
     38.1810   -122.917
     38.3290   -123.042
     38.4080   -123.114
     39.1014   -123.789
     39.1706   -123.841
     39.2589   -123.873
     39.3965   -123.922
     39.6730   -123.995
     39.9135   -124.007
     40.0259   -124.049
     40.0506   -124.063
     40.0965   -124.138
     40.2440   -124.403
  1  1 ncs+ncn -- san+sao
     7.80000    2.76208E-04
 90    12.0000 0.00
   15
     37.7856   -122.574
     37.9617   -122.722
     38.1810   -122.917
     38.3290   -123.042
     38.4080   -123.114
     39.1014   -123.789
     39.1706   -123.841
     39.2589   -123.873
     39.3965   -123.922
     39.6730   -123.995
     39.9135   -124.007
     40.0259   -124.049
     40.0506   -124.063
     40.0965   -124.138
     40.2440   -124.403
  1  1 ncs+ncn -- san+sao
     7.90000    2.03612E-05
 90    12.0000 0.00
   15
     37.7856   -122.574
     37.9617   -122.722
     38.1810   -122.917
     38.3290   -123.042
     38.4080   -123.114
     39.1014   -123.789
     39.1706   -123.841
     39.2589   -123.873
     39.3965   -123.922
     39.6730   -123.995
     39.9135   -124.007
     40.0259   -124.049
     40.0506   -124.063
     40.0965   -124.138
     40.2440   -124.403
  1  1 ncs+ncn -- san+sao
     8.00000    1.17933E-06
 90    12.0000 0.00
   15
     37.7856   -122.574
     37.9617   -122.722
     38.1810   -122.917
     38.3290   -123.042
     38.4080   -123.114
     39.1014   -123.789
     39.1706   -123.841
     39.2589   -123.873
     39.3965   -123.922
     39.6730   -123.995
     39.9135   -124.007
     40.0259   -124.049
     40.0506   -124.063
     40.0965   -124.138
     40.2440   -124.403
  1  1 scz+pn+ncs -- sas+sap+san 1-8
     7.50000    2.61591E-07
 90    13.0000 0.00
   16
     36.8059   -121.482
     36.8701   -121.564
     36.9260   -121.652
     37.0530   -121.812
     37.1040   -121.907
     37.1762   -122.004
     37.2970   -122.140
     37.3670   -122.210
     37.4380   -122.283
     37.7856   -122.574
     37.9617   -122.722
     38.1810   -122.917
     38.3290   -123.042
     38.4080   -123.114
     39.1014   -123.789
     39.1706   -123.841
  1  1 scz+pn+ncs -- sas+sap+san
     7.60000    3.56188E-06
 90    13.0000 0.00
   16
     36.8059   -121.482
     36.8701   -121.564
     36.9260   -121.652
     37.0530   -121.812
     37.1040   -121.907
     37.1762   -122.004
     37.2970   -122.140
     37.3670   -122.210
     37.4380   -122.283
     37.7856   -122.574
     37.9617   -122.722
     38.1810   -122.917
     38.3290   -123.042
     38.4080   -123.114
     39.1014   -123.789
     39.1706   -123.841
  1  1 scz+pn+ncs -- sas+sap+san
     7.70000    7.63455E-06
 90    13.0000 0.00
   16
     36.8059   -121.482
     36.8701   -121.564
     36.9260   -121.652
     37.0530   -121.812
     37.1040   -121.907
     37.1762   -122.004
     37.2970   -122.140
     37.3670   -122.210
     37.4380   -122.283
     37.7856   -122.574
     37.9617   -122.722
     38.1810   -122.917
     38.3290   -123.042
     38.4080   -123.114
     39.1014   -123.789
     39.1706   -123.841
  1  1 scz+pn+ncs -- sas+sap+san
     7.80000    6.89902E-06
 90    13.0000 0.00
   16
     36.8059   -121.482
     36.8701   -121.564
     36.9260   -121.652
     37.0530   -121.812
     37.1040   -121.907
     37.1762   -122.004
     37.2970   -122.140
     37.3670   -122.210
     37.4380   -122.283
     37.7856   -122.574
     37.9617   -122.722
     38.1810   -122.917
     38.3290   -123.042
     38.4080   -123.114
     39.1014   -123.789
     39.1706   -123.841
  1  1 scz+pn+ncs -- sas+sap+san
     7.90000    1.56845E-06
 90    13.0000 0.00
   16
     36.8059   -121.482
     36.8701   -121.564
     36.9260   -121.652
     37.0530   -121.812
     37.1040   -121.907
     37.1762   -122.004
     37.2970   -122.140
     37.3670   -122.210
     37.4380   -122.283
     37.7856   -122.574
     37.9617   -122.722
     38.1810   -122.917
     38.3290   -123.042
     38.4080   -123.114
     39.1014   -123.789
     39.1706   -123.841
  1  1 scz+pn+ncs -- sas+sap+san
     8.00000    7.45067E-08
 90    13.0000 0.00
   16
     36.8059   -121.482
     36.8701   -121.564
     36.9260   -121.652
     37.0530   -121.812
     37.1040   -121.907
     37.1762   -122.004
     37.2970   -122.140
     37.3670   -122.210
     37.4380   -122.283
     37.7856   -122.574
     37.9617   -122.722
     38.1810   -122.917
     38.3290   -123.042
     38.4080   -123.114
     39.1014   -123.789
     39.1706   -123.841
  1  1 pn+ncs+ncn --sap+san+sao-1-9
     7.60000    2.56325E-06
 90    12.0000  0.00
   19
     37.1762   -122.004
     37.2970   -122.140
     37.3670   -122.210
     37.4380   -122.283
     37.7856   -122.574
     37.9617   -122.722
     38.1810   -122.917
     38.3290   -123.042
     38.4080   -123.114
     39.1014   -123.789
     39.1706   -123.841
     39.2589   -123.873
     39.3965   -123.922
     39.6730   -123.995
     39.9135   -124.007
     40.0259   -124.049
     40.0506   -124.063
     40.0965   -124.138
     40.2440   -124.403
  1  1 pn+ncs+ncn --sap+san+sao
     7.70000    1.38409E-05
 90    12.0000  0.00
   19
     37.1762   -122.004
     37.2970   -122.140
     37.3670   -122.210
     37.4380   -122.283
     37.7856   -122.574
     37.9617   -122.722
     38.1810   -122.917
     38.3290   -123.042
     38.4080   -123.114
     39.1014   -123.789
     39.1706   -123.841
     39.2589   -123.873
     39.3965   -123.922
     39.6730   -123.995
     39.9135   -124.007
     40.0259   -124.049
     40.0506   -124.063
     40.0965   -124.138
     40.2440   -124.403
  1  1 pn+ncs+ncn --sap+san+sao
     7.80000    2.17247E-05
 90    12.0000  0.00
   19
     37.1762   -122.004
     37.2970   -122.140
     37.3670   -122.210
     37.4380   -122.283
     37.7856   -122.574
     37.9617   -122.722
     38.1810   -122.917
     38.3290   -123.042
     38.4080   -123.114
     39.1014   -123.789
     39.1706   -123.841
     39.2589   -123.873
     39.3965   -123.922
     39.6730   -123.995
     39.9135   -124.007
     40.0259   -124.049
     40.0506   -124.063
     40.0965   -124.138
     40.2440   -124.403
  1  1 pn+ncs+ncn --sap+san+sao
     7.90000    1.61488E-05
 90    12.0000  0.00
   19
     37.1762   -122.004
     37.2970   -122.140
     37.3670   -122.210
     37.4380   -122.283
     37.7856   -122.574
     37.9617   -122.722
     38.1810   -122.917
     38.3290   -123.042
     38.4080   -123.114
     39.1014   -123.789
     39.1706   -123.841
     39.2589   -123.873
     39.3965   -123.922
     39.6730   -123.995
     39.9135   -124.007
     40.0259   -124.049
     40.0506   -124.063
     40.0965   -124.138
     40.2440   -124.403
  1  1 pn+ncs+ncn --sap+san+sao
     8.00000    1.03960E-06
 90    12.0000  0.00
   19
     37.1762   -122.004
     37.2970   -122.140
     37.3670   -122.210
     37.4380   -122.283
     37.7856   -122.574
     37.9617   -122.722
     38.1810   -122.917
     38.3290   -123.042
     38.4080   -123.114
     39.1014   -123.789
     39.1706   -123.841
     39.2589   -123.873
     39.3965   -123.922
     39.6730   -123.995
     39.9135   -124.007
     40.0259   -124.049
     40.0506   -124.063
     40.0965   -124.138
     40.2440   -124.403
  1  1 pn+ncs+ncn --sap+san+sao
     8.10000    8.27866E-08
 90    12.0000  0.00
   19
     37.1762   -122.004
     37.2970   -122.140
     37.3670   -122.210
     37.4380   -122.283
     37.7856   -122.574
     37.9617   -122.722
     38.1810   -122.917
     38.3290   -123.042
     38.4080   -123.114
     39.1014   -123.789
     39.1706   -123.841
     39.2589   -123.873
     39.3965   -123.922
     39.6730   -123.995
     39.9135   -124.007
     40.0259   -124.049
     40.0506   -124.063
     40.0965   -124.138
     40.2440   -124.403
  1  1 scz+pn+ncs+ncn --sas+sap+san+sao 1-10
     7.70000    1.11396E-04
 90    13.0000  0.00
   24
     36.8059   -121.482
     36.8701   -121.564
     36.9260   -121.652
     37.0530   -121.812
     37.1040   -121.907
     37.1762   -122.004
     37.2970   -122.140
     37.3670   -122.210
     37.4380   -122.283
     37.7856   -122.574
     37.9617   -122.722
     38.1810   -122.917
     38.3290   -123.042
     38.4080   -123.114
     39.1014   -123.789
     39.1706   -123.841
     39.2589   -123.873
     39.3965   -123.922
     39.6730   -123.995
     39.9135   -124.007
     40.0259   -124.049
     40.0506   -124.063
     40.0965   -124.138
     40.2440   -124.403
  1  1 scz+pn+ncs+ncn --sas+sap+san+sao
     7.80000    6.13926E-04
 90    13.0000  0.00
   24
     36.8059   -121.482
     36.8701   -121.564
     36.9260   -121.652
     37.0530   -121.812
     37.1040   -121.907
     37.1762   -122.004
     37.2970   -122.140
     37.3670   -122.210
     37.4380   -122.283
     37.7856   -122.574
     37.9617   -122.722
     38.1810   -122.917
     38.3290   -123.042
     38.4080   -123.114
     39.1014   -123.789
     39.1706   -123.841
     39.2589   -123.873
     39.3965   -123.922
     39.6730   -123.995
     39.9135   -124.007
     40.0259   -124.049
     40.0506   -124.063
     40.0965   -124.138
     40.2440   -124.403
  1  1 scz+pn+ncs+ncn --sas+sap+san+sao
     7.90000    6.49353E-04
 90    13.0000  0.00
   24
     36.8059   -121.482
     36.8701   -121.564
     36.9260   -121.652
     37.0530   -121.812
     37.1040   -121.907
     37.1762   -122.004
     37.2970   -122.140
     37.3670   -122.210
     37.4380   -122.283
     37.7856   -122.574
     37.9617   -122.722
     38.1810   -122.917
     38.3290   -123.042
     38.4080   -123.114
     39.1014   -123.789
     39.1706   -123.841
     39.2589   -123.873
     39.3965   -123.922
     39.6730   -123.995
     39.9135   -124.007
     40.0259   -124.049
     40.0506   -124.063
     40.0965   -124.138
     40.2440   -124.403
  1  1 scz+pn+ncs+ncn --sas+sap+san+sao
     8.00000    3.02628E-04
 90    13.0000  0.00
   24
     36.8059   -121.482
     36.8701   -121.564
     36.9260   -121.652
     37.0530   -121.812
     37.1040   -121.907
     37.1762   -122.004
     37.2970   -122.140
     37.3670   -122.210
     37.4380   -122.283
     37.7856   -122.574
     37.9617   -122.722
     38.1810   -122.917
     38.3290   -123.042
     38.4080   -123.114
     39.1014   -123.789
     39.1706   -123.841
     39.2589   -123.873
     39.3965   -123.922
     39.6730   -123.995
     39.9135   -124.007
     40.0259   -124.049
     40.0506   -124.063
     40.0965   -124.138
     40.2440   -124.403
  1  1 scz+pn+ncs+ncn --sas+sap+san+sao
     8.10000    6.51786E-05
 90    13.0000  0.00
   24
     36.8059   -121.482
     36.8701   -121.564
     36.9260   -121.652
     37.0530   -121.812
     37.1040   -121.907
     37.1762   -122.004
     37.2970   -122.140
     37.3670   -122.210
     37.4380   -122.283
     37.7856   -122.574
     37.9617   -122.722
     38.1810   -122.917
     38.3290   -123.042
     38.4080   -123.114
     39.1014   -123.789
     39.1706   -123.841
     39.2589   -123.873
     39.3965   -123.922
     39.6730   -123.995
     39.9135   -124.007
     40.0259   -124.049
     40.0506   -124.063
     40.0965   -124.138
     40.2440   -124.403
  1  1 scz+pn+ncs+ncn --sas+sap+san+sao
     8.20000    6.51786E-06
 90    13.0000  0.00
   24
     36.8059   -121.482
     36.8701   -121.564
     36.9260   -121.652
     37.0530   -121.812
     37.1040   -121.907
     37.1762   -122.004
     37.2970   -122.140
     37.3670   -122.210
     37.4380   -122.283
     37.7856   -122.574
     37.9617   -122.722
     38.1810   -122.917
     38.3290   -123.042
     38.4080   -123.114
     39.1014   -123.789
     39.1706   -123.841
     39.2589   -123.873
     39.3965   -123.922
     39.6730   -123.995
     39.9135   -124.007
     40.0259   -124.049
     40.0506   -124.063
     40.0965   -124.138
     40.2440   -124.403
  1  1 sh -- hs 2-1
     6.20000    8.89839E-06
 90    12.0000 0.00
   4
     37.4535   -121.849
     37.6760   -122.082
     37.7299   -122.128
     37.8273   -122.213
  1  1 sh -- hs
     6.30000    5.76341E-05
 90    12.0000 0.00
   4
     37.4535   -121.849
     37.6760   -122.082
     37.7299   -122.128
     37.8273   -122.213
  1  1 sh -- hs
     6.40000    2.31613E-04
 90    12.0000 0.00
   4
     37.4535   -121.849
     37.6760   -122.082
     37.7299   -122.128
     37.8273   -122.213
  1  1 sh -- hs
     6.50000    6.44841E-04
 90    12.0000 0.00
   4
     37.4535   -121.849
     37.6760   -122.082
     37.7299   -122.128
     37.8273   -122.213
  1  1 sh -- hs
     6.60000    1.19008E-03
 90    12.0000 0.00
   4
     37.4535   -121.849
     37.6760   -122.082
     37.7299   -122.128
     37.8273   -122.213
  1  1 sh -- hs
     6.70000    1.06581E-03
 90    12.0000 0.00
   4
     37.4535   -121.849
     37.6760   -122.082
     37.7299   -122.128
     37.8273   -122.213
  1  1 sh -- hs
     6.80000    9.34193E-04
 90    12.0000 0.00
   4
     37.4535   -121.849
     37.6760   -122.082
     37.7299   -122.128
     37.8273   -122.213
  1  1 sh -- hs
     6.90000    4.32256E-04
 90    12.0000 0.00
   4
     37.4535   -121.849
     37.6760   -122.082
     37.7299   -122.128
     37.8273   -122.213
  1  1 sh -- hs
     7.00000    7.24495E-05
 90    12.0000 0.00
   4
     37.4535   -121.849
     37.6760   -122.082
     37.7299   -122.128
     37.8273   -122.213
  1  1 sh -- hs
     7.10000    1.47235E-05
 90    12.0000 0.00
   4
     37.4535   -121.849
     37.6760   -122.082
     37.7299   -122.128
     37.8273   -122.213
  1  1 nh -- hn 2-2
     5.80000    3.56813E-06
 90    12.0000 0.00
   2
     37.8273   -122.213
     38.0875   -122.434
  1  1 nh -- hn
     5.90000    1.64314E-05
 90    12.0000 0.00
   2
     37.8273   -122.213
     38.0875   -122.434
  1  1 nh -- hn
     6.00000    9.10463E-05
 90    12.0000 0.00
   2
     37.8273   -122.213
     38.0875   -122.434
  1  1 nh -- hn
     6.10000    2.34933E-04
 90    12.0000 0.00
   2
     37.8273   -122.213
     38.0875   -122.434
  1  1 nh -- hn
     6.20000    5.15862E-04
 90    12.0000 0.00
   2
     37.8273   -122.213
     38.0875   -122.434
  1  1 nh -- hn
     6.30000    9.10153E-04
 90    12.0000 0.00
   2
     37.8273   -122.213
     38.0875   -122.434
  1  1 nh -- hn
     6.40000    1.48254E-03
 90    12.0000 0.00
   2
     37.8273   -122.213
     38.0875   -122.434
  1  1 nh -- hn
     6.50000    1.01144E-03
 90    12.0000 0.00
   2
     37.8273   -122.213
     38.0875   -122.434
  1  1 nh -- hn
     6.60000    6.78627E-04
 90    12.0000 0.00
   2
     37.8273   -122.213
     38.0875   -122.434
  1  1 nh -- hn
     6.70000    3.42721E-04
 90    12.0000 0.00
   2
     37.8273   -122.213
     38.0875   -122.434
  1  1 nh -- hn
     6.80000    5.54888E-05
 90    12.0000 0.00
   2
     37.8273   -122.213
     38.0875   -122.434
  1  1 nh -- hn
     6.90000    5.69601E-06
 90    12.0000 0.00
   2
     37.8273   -122.213
     38.0875   -122.434
  1  1 sh+nh -- hs+hn 2-5
     6.50000    8.30581E-06
 90    12.0000 0.00
   5
     37.4535   -121.849
     37.6760   -122.082
     37.7299   -122.128
     37.8273   -122.213
     38.0875   -122.434
  1  1 sh+nh -- hs+hn
     6.60000    9.13173E-05
 90    12.0000 0.00
   5
     37.4535   -121.849
     37.6760   -122.082
     37.7299   -122.128
     37.8273   -122.213
     38.0875   -122.434
  1  1 sh+nh -- hs+hn
     6.70000    4.09538E-04
 90    12.0000 0.00
   5
     37.4535   -121.849
     37.6760   -122.082
     37.7299   -122.128
     37.8273   -122.213
     38.0875   -122.434
  1  1 sh+nh -- hs+hn
     6.80000    9.03722E-04
 90    12.0000 0.00
   5
     37.4535   -121.849
     37.6760   -122.082
     37.7299   -122.128
     37.8273   -122.213
     38.0875   -122.434
  1  1 sh+nh -- hs+hn
     6.90000    1.14780E-03
 90    12.0000 0.00
   5
     37.4535   -121.849
     37.6760   -122.082
     37.7299   -122.128
     37.8273   -122.213
     38.0875   -122.434
  1  1 sh+nh -- hs+hn
     7.00000    7.51139E-04
 90    12.0000 0.00
   5
     37.4535   -121.849
     37.6760   -122.082
     37.7299   -122.128
     37.8273   -122.213
     38.0875   -122.434
  1  1 sh+nh -- hs+hn
     7.10000    2.38189E-04
 90    12.0000 0.00
   5
     37.4535   -121.849
     37.6760   -122.082
     37.7299   -122.128
     37.8273   -122.213
     38.0875   -122.434
  1  1 sh+nh -- hs+hn
     7.20000    1.65048E-05
 90    12.0000 0.00
   5
     37.4535   -121.849
     37.6760   -122.082
     37.7299   -122.128
     37.8273   -122.213
     38.0875   -122.434
  1  1 sh+nh -- hs+hn
     7.30000    2.77226E-07
 90    12.0000 0.00
   5
     37.4535   -121.849
     37.6760   -122.082
     37.7299   -122.128
     37.8273   -122.213
     38.0875   -122.434
  1  1 rc 2-7
     6.70000    5.01983E-05
 90    12.0000 0.00
   3
     38.0875   -122.434
     38.3315   -122.614
     38.5752   -122.788
  1  1 rc
     6.80000    6.06038E-04
 90    12.0000 0.00
   3
     38.0875   -122.434
     38.3315   -122.614
     38.5752   -122.788
  1  1 rc
     6.90000    2.41156E-03
 90    12.0000 0.00
   3
     38.0875   -122.434
     38.3315   -122.614
     38.5752   -122.788
  1  1 rc
     7.00000    2.05231E-03
 90    12.0000 0.00
   3
     38.0875   -122.434
     38.3315   -122.614
     38.5752   -122.788
  1  1 rc
     7.10000    1.11057E-03
 90    12.0000 0.00
   3
     38.0875   -122.434
     38.3315   -122.614
     38.5752   -122.788
  1  1 rc
     7.20000    6.83254E-05
 90    12.0000 0.00
   3
     38.0875   -122.434
     38.3315   -122.614
     38.5752   -122.788
  1  1 nh+rc -- hn+rc 2-9
     6.80000    1.29841E-06
 90    12.0000 0.00
   4
     37.8273   -122.213
     38.0875   -122.434
     38.3315   -122.614
     38.5752   -122.788
  1  1 nh+rc -- hn+rc
     6.90000    7.21766E-05
 90    12.0000 0.00
   4
     37.8273   -122.213
     38.0875   -122.434
     38.3315   -122.614
     38.5752   -122.788
  1  1 nh+rc -- hn+rc
     7.00000    2.52227E-04
 90    12.0000 0.00
   4
     37.8273   -122.213
     38.0875   -122.434
     38.3315   -122.614
     38.5752   -122.788
  1  1 nh+rc -- hn+rc
     7.10000    2.66888E-04
 90    12.0000 0.00
   4
     37.8273   -122.213
     38.0875   -122.434
     38.3315   -122.614
     38.5752   -122.788
  1  1 nh+rc -- hn+rc
     7.20000    1.54069E-04
 90    12.0000 0.00
   4
     37.8273   -122.213
     38.0875   -122.434
     38.3315   -122.614
     38.5752   -122.788
  1  1 nh+rc -- hn+rc
     7.30000    1.80410E-05
 90    12.0000 0.00
   4
     37.8273   -122.213
     38.0875   -122.434
     38.3315   -122.614
     38.5752   -122.788
  1  1 sh+nh+rc -- hs+hn+rc 2-10
     7.00000    5.97514E-06
 90    12.0000 0.00
   7
     37.4535   -121.849
     37.6760   -122.082
     37.7299   -122.128
     37.8273   -122.213
     38.0875   -122.434
     38.3315   -122.614
     38.5752   -122.788
  1  1 sh+nh+rc -- hs+hn+rc
     7.10000    6.01520E-05
 90    12.0000 0.00
   7
     37.4535   -121.849
     37.6760   -122.082
     37.7299   -122.128
     37.8273   -122.213
     38.0875   -122.434
     38.3315   -122.614
     38.5752   -122.788
  1  1 sh+nh+rc -- hs+hn+rc
     7.20000    1.62769E-04
 90    12.0000 0.00
   7
     37.4535   -121.849
     37.6760   -122.082
     37.7299   -122.128
     37.8273   -122.213
     38.0875   -122.434
     38.3315   -122.614
     38.5752   -122.788
  1  1 sh+nh+rc -- hs+hn+rc
     7.30000    1.47012E-04
 90    12.0000 0.00
   7
     37.4535   -121.849
     37.6760   -122.082
     37.7299   -122.128
     37.8273   -122.213
     38.0875   -122.434
     38.3315   -122.614
     38.5752   -122.788
  1  1 sh+nh+rc -- hs+hn+rc
     7.40000    4.96914E-05
 90    12.0000 0.00
   7
     37.4535   -121.849
     37.6760   -122.082
     37.7299   -122.128
     37.8273   -122.213
     38.0875   -122.434
     38.3315   -122.614
     38.5752   -122.788
  1  1 sh+nh+rc -- hs+hn+rc
     7.50000    1.50009E-06
 90    12.0000 0.00
   7
     37.4535   -121.849
     37.6760   -122.082
     37.7299   -122.128
     37.8273   -122.213
     38.0875   -122.434
     38.3315   -122.614
     38.5752   -122.788
  1  1 sc -- cs -- average used-3-1
     5.80000    1.12150E-02
 90    11.0000 0.00
   2
     36.8257   -121.396
     36.9898   -121.468
  1  1 cc -- average used-3-2
     6.20000    6.48600E-03
 90    11.0000 0.00
   7
     36.9898   -121.468
     37.0958   -121.542
     37.1523   -121.580
     37.2481   -121.648
     37.3430   -121.715
     37.3996   -121.762
     37.4450   -121.807
  1  1 sc+cc -- cs+cc -- average used-3-5
     6.40000    2.24050E-03
 90    11.0000 0.00
   8
     36.8257   -121.396
     36.9898   -121.468
     37.0958   -121.542
     37.1523   -121.580
     37.2481   -121.648
     37.3430   -121.715
     37.3996   -121.762
     37.4450   -121.807
  1  1 nc  -- cn--3-7
     6.50000    1.93876E-05
 90    13.0000 0.00
   8
     37.4450   -121.807
     37.4888   -121.824
     37.5101   -121.835
     37.5385   -121.851
     37.5675   -121.862
     37.6939   -121.933
     37.7149   -121.938
     37.8173   -122.009
  1  1 nc  -- cn
     6.60000    3.68750E-04
 90    13.0000 0.00
   8
     37.4450   -121.807
     37.4888   -121.824
     37.5101   -121.835
     37.5385   -121.851
     37.5675   -121.862
     37.6939   -121.933
     37.7149   -121.938
     37.8173   -122.009
  1  1 nc  -- cn
     6.70000    1.26049E-03
 90    13.0000 0.00
   8
     37.4450   -121.807
     37.4888   -121.824
     37.5101   -121.835
     37.5385   -121.851
     37.5675   -121.862
     37.6939   -121.933
     37.7149   -121.938
     37.8173   -122.009
  1  1 nc  -- cn
     6.80000    1.80500E-03
 90    13.0000 0.00
   8
     37.4450   -121.807
     37.4888   -121.824
     37.5101   -121.835
     37.5385   -121.851
     37.5675   -121.862
     37.6939   -121.933
     37.7149   -121.938
     37.8173   -122.009
  1  1 nc  -- cn
     6.90000    1.30176E-03
 90    13.0000 0.00
   8
     37.4450   -121.807
     37.4888   -121.824
     37.5101   -121.835
     37.5385   -121.851
     37.5675   -121.862
     37.6939   -121.933
     37.7149   -121.938
     37.8173   -122.009
  1  1 nc  -- cn
     7.00000    4.35404E-04
 90    13.0000 0.00
   8
     37.4450   -121.807
     37.4888   -121.824
     37.5101   -121.835
     37.5385   -121.851
     37.5675   -121.862
     37.6939   -121.933
     37.7149   -121.938
     37.8173   -122.009
  1  1 nc  -- cn
     7.10000    1.95063E-05
 90    13.0000 0.00
   8
     37.4450   -121.807
     37.4888   -121.824
     37.5101   -121.835
     37.5385   -121.851
     37.5675   -121.862
     37.6939   -121.933
     37.7149   -121.938
     37.8173   -122.009
  1  1 cc+nc -- cc+cn-3-9
     6.60000    5.13784E-07
 90    12.0000 0.00
   14
     36.9898   -121.468
     37.0958   -121.542
     37.1523   -121.580
     37.2481   -121.648
     37.3430   -121.715
     37.3996   -121.762
     37.4450   -121.807
     37.4888   -121.824
     37.5101   -121.835
     37.5385   -121.851
     37.5675   -121.862
     37.6939   -121.933
     37.7149   -121.938
     37.8173   -122.009
  1  1 cc+nc -- cc+cn-3-9
     6.70000    5.68289E-06
 90    12.0000 0.00
   14
     36.9898   -121.468
     37.0958   -121.542
     37.1523   -121.580
     37.2481   -121.648
     37.3430   -121.715
     37.3996   -121.762
     37.4450   -121.807
     37.4888   -121.824
     37.5101   -121.835
     37.5385   -121.851
     37.5675   -121.862
     37.6939   -121.933
     37.7149   -121.938
     37.8173   -122.009
  1  1 cc+nc -- cc+cn-3-9
     6.80000    2.36541E-05
 90    12.0000 0.00
   14
     36.9898   -121.468
     37.0958   -121.542
     37.1523   -121.580
     37.2481   -121.648
     37.3430   -121.715
     37.3996   -121.762
     37.4450   -121.807
     37.4888   -121.824
     37.5101   -121.835
     37.5385   -121.851
     37.5675   -121.862
     37.6939   -121.933
     37.7149   -121.938
     37.8173   -122.009
  1  1 cc+nc -- cc+cn-3-9
     6.90000    4.34622E-05
 90    12.0000 0.00
   14
     36.9898   -121.468
     37.0958   -121.542
     37.1523   -121.580
     37.2481   -121.648
     37.3430   -121.715
     37.3996   -121.762
     37.4450   -121.807
     37.4888   -121.824
     37.5101   -121.835
     37.5385   -121.851
     37.5675   -121.862
     37.6939   -121.933
     37.7149   -121.938
     37.8173   -122.009
  1  1 cc+nc -- cc+cn-3-9
     7.00000    3.72331E-05
 90    12.0000 0.00
   14
     36.9898   -121.468
     37.0958   -121.542
     37.1523   -121.580
     37.2481   -121.648
     37.3430   -121.715
     37.3996   -121.762
     37.4450   -121.807
     37.4888   -121.824
     37.5101   -121.835
     37.5385   -121.851
     37.5675   -121.862
     37.6939   -121.933
     37.7149   -121.938
     37.8173   -122.009
  1  1 cc+nc -- cc+cn-3-9
     7.10000    1.51245E-05
 90    12.0000 0.00
   14
     36.9898   -121.468
     37.0958   -121.542
     37.1523   -121.580
     37.2481   -121.648
     37.3430   -121.715
     37.3996   -121.762
     37.4450   -121.807
     37.4888   -121.824
     37.5101   -121.835
     37.5385   -121.851
     37.5675   -121.862
     37.6939   -121.933
     37.7149   -121.938
     37.8173   -122.009
  1  1 cc+nc -- cc+cn-3-9
     7.20000    2.32884E-06
 90    12.0000 0.00
   14
     36.9898   -121.468
     37.0958   -121.542
     37.1523   -121.580
     37.2481   -121.648
     37.3430   -121.715
     37.3996   -121.762
     37.4450   -121.807
     37.4888   -121.824
     37.5101   -121.835
     37.5385   -121.851
     37.5675   -121.862
     37.6939   -121.933
     37.7149   -121.938
     37.8173   -122.009
  1  1 sc+cc+nc --cs+cc+cn-3-10
     6.60000    8.24520E-07
 90    12.0000 0.00
   15
     36.8257   -121.396
     36.9898   -121.468
     37.0958   -121.542
     37.1523   -121.580
     37.2481   -121.648
     37.3430   -121.715
     37.3996   -121.762
     37.4450   -121.807
     37.4888   -121.824
     37.5101   -121.835
     37.5385   -121.851
     37.5675   -121.862
     37.6939   -121.933
     37.7149   -121.938
     37.8173   -122.009
  1  1 sc+cc+nc --cs+cc+cn-3-10
     6.70000    1.67917E-05
 90    12.0000 0.00
   15
     36.8257   -121.396
     36.9898   -121.468
     37.0958   -121.542
     37.1523   -121.580
     37.2481   -121.648
     37.3430   -121.715
     37.3996   -121.762
     37.4450   -121.807
     37.4888   -121.824
     37.5101   -121.835
     37.5385   -121.851
     37.5675   -121.862
     37.6939   -121.933
     37.7149   -121.938
     37.8173   -122.009
  1  1 sc+cc+nc --cs+cc+cn-3-10
     6.80000    1.07409E-04
 90    12.0000 0.00
   15
     36.8257   -121.396
     36.9898   -121.468
     37.0958   -121.542
     37.1523   -121.580
     37.2481   -121.648
     37.3430   -121.715
     37.3996   -121.762
     37.4450   -121.807
     37.4888   -121.824
     37.5101   -121.835
     37.5385   -121.851
     37.5675   -121.862
     37.6939   -121.933
     37.7149   -121.938
     37.8173   -122.009
  1  1 sc+cc+nc --cs+cc+cn-3-10
     6.90000    2.58923E-04
 90    12.0000 0.00
   15
     36.8257   -121.396
     36.9898   -121.468
     37.0958   -121.542
     37.1523   -121.580
     37.2481   -121.648
     37.3430   -121.715
     37.3996   -121.762
     37.4450   -121.807
     37.4888   -121.824
     37.5101   -121.835
     37.5385   -121.851
     37.5675   -121.862
     37.6939   -121.933
     37.7149   -121.938
     37.8173   -122.009
  1  1 sc+cc+nc --cs+cc+cn-3-10
     7.00000    2.86140E-04
 90    12.0000 0.00
   15
     36.8257   -121.396
     36.9898   -121.468
     37.0958   -121.542
     37.1523   -121.580
     37.2481   -121.648
     37.3430   -121.715
     37.3996   -121.762
     37.4450   -121.807
     37.4888   -121.824
     37.5101   -121.835
     37.5385   -121.851
     37.5675   -121.862
     37.6939   -121.933
     37.7149   -121.938
     37.8173   -122.009
  1  1 sc+cc+nc --cs+cc+cn-3-10
     7.10000    1.38635E-04
 90    12.0000 0.00
   15
     36.8257   -121.396
     36.9898   -121.468
     37.0958   -121.542
     37.1523   -121.580
     37.2481   -121.648
     37.3430   -121.715
     37.3996   -121.762
     37.4450   -121.807
     37.4888   -121.824
     37.5101   -121.835
     37.5385   -121.851
     37.5675   -121.862
     37.6939   -121.933
     37.7149   -121.938
     37.8173   -122.009
  1  1 sc+cc+nc --cs+cc+cn-3-10
     7.20000    2.60746E-05
 90    12.0000 0.00
   15
     36.8257   -121.396
     36.9898   -121.468
     37.0958   -121.542
     37.1523   -121.580
     37.2481   -121.648
     37.3430   -121.715
     37.3996   -121.762
     37.4450   -121.807
     37.4888   -121.824
     37.5101   -121.835
     37.5385   -121.851
     37.5675   -121.862
     37.6939   -121.933
     37.7149   -121.938
     37.8173   -122.009
  1  1 sc+cc+nc --cs+cc+cn-3-10
     7.30000    1.02974E-07
 90    12.0000 0.00
   15
     36.8257   -121.396
     36.9898   -121.468
     37.0958   -121.542
     37.1523   -121.580
     37.2481   -121.648
     37.3430   -121.715
     37.3996   -121.762
     37.4450   -121.807
     37.4888   -121.824
     37.5101   -121.835
     37.5385   -121.851
     37.5675   -121.862
     37.6939   -121.933
     37.7149   -121.938
     37.8173   -122.009
  1  1 con -- average -4-1
     6.20000    1.98140E-03
 90    16.0000 0.00
   2
     37.9003   -121.990
     38.0389   -122.077
  1  1 sgv --gvs -- average - 4-2
     6.20000    9.37000E-04
 90    14.0000 0.00
   2
     38.0389   -122.077
     38.2587   -122.146
  1  1 con+sgv --con+gvs--4-5
     6.00000    1.65154E-06
 90    15.0000 0.00
   3
     37.9003   -121.990
     38.0389   -122.077
     38.2587   -122.146
  1  1 con+sgv --con+gvs--4-5
     6.10000    1.98649E-05
 90    15.0000 0.00
   3
     37.9003   -121.990
     38.0389   -122.077
     38.2587   -122.146
  1  1 con+sgv --con+gvs--4-5
     6.20000    4.46822E-05
 90    15.0000 0.00
   3
     37.9003   -121.990
     38.0389   -122.077
     38.2587   -122.146
  1  1 con+sgv --con+gvs--4-5
     6.30000    5.48524E-05
 90    15.0000 0.00
   3
     37.9003   -121.990
     38.0389   -122.077
     38.2587   -122.146
  1  1 con+sgv --con+gvs--4-5
     6.40000    8.21680E-05
 90    15.0000 0.00
   3
     37.9003   -121.990
     38.0389   -122.077
     38.2587   -122.146
  1  1 con+sgv --con+gvs--4-5
     6.50000    1.03757E-04
 90    15.0000 0.00
   3
     37.9003   -121.990
     38.0389   -122.077
     38.2587   -122.146
  1  1 con+sgv --con+gvs--4-5
     6.60000    1.25800E-04
 90    15.0000 0.00
   3
     37.9003   -121.990
     38.0389   -122.077
     38.2587   -122.146
  1  1 con+sgv --con+gvs--4-5
     6.70000    1.08146E-04
 90    15.0000 0.00
   3
     37.9003   -121.990
     38.0389   -122.077
     38.2587   -122.146
  1  1 con+sgv --con+gvs--4-5
     6.80000    6.44477E-05
 90    15.0000 0.00
   3
     37.9003   -121.990
     38.0389   -122.077
     38.2587   -122.146
  1  1 con+sgv --con+gvs--4-5
     6.90000    2.65308E-05
 90    15.0000 0.00
   3
     37.9003   -121.990
     38.0389   -122.077
     38.2587   -122.146
  1  1 con+sgv --con+gvs--4-5
     7.00000    4.25045E-06
 90    15.0000 0.00
   3
     37.9003   -121.990
     38.0389   -122.077
     38.2587   -122.146
  1  1 con+sgv --con+gvs--4-5
     7.10000    4.87503E-08
 90    15.0000 0.00
   3
     37.9003   -121.990
     38.0389   -122.077
     38.2587   -122.146
  1  1 ngv --gvn--average-4-7
     6.20000    2.49810E-03
 90    14.0000 0.00
   2
     38.2587   -122.146
     38.3825   -122.179
  1  1 sgv+ngv --gvs+gvn-4-9
     5.90000    2.12140E-07
 90    14.0000 0.00
   3
     38.0389   -122.077
     38.2587   -122.146
     38.3825   -122.179
  1  1 sgv+ngv --gvs+gvn-4-9
     6.00000    1.49957E-05
 90    14.0000 0.00
   3
     38.0389   -122.077
     38.2587   -122.146
     38.3825   -122.179
  1  1 sgv+ngv --gvs+gvn-4-9
     6.10000    6.64705E-05
 90    14.0000 0.00
   3
     38.0389   -122.077
     38.2587   -122.146
     38.3825   -122.179
  1  1 sgv+ngv --gvs+gvn-4-9
     6.20000    7.43694E-05
 90    14.0000 0.00
   3
     38.0389   -122.077
     38.2587   -122.146
     38.3825   -122.179
  1  1 sgv+ngv --gvs+gvn-4-9
     6.30000    1.08838E-04
 90    14.0000 0.00
   3
     38.0389   -122.077
     38.2587   -122.146
     38.3825   -122.179
  1  1 sgv+ngv --gvs+gvn-4-9
     6.40000    1.73624E-04
 90    14.0000 0.00
   3
     38.0389   -122.077
     38.2587   -122.146
     38.3825   -122.179
  1  1 sgv+ngv --gvs+gvn-4-9
     6.50000    2.43735E-04
 90    14.0000 0.00
   3
     38.0389   -122.077
     38.2587   -122.146
     38.3825   -122.179
  1  1 sgv+ngv --gvs+gvn-4-9
     6.60000    2.52913E-04
 90    14.0000 0.00
   3
     38.0389   -122.077
     38.2587   -122.146
     38.3825   -122.179
  1  1 sgv+ngv --gvs+gvn-4-9
     6.70000    1.93785E-04
 90    14.0000 0.00
   3
     38.0389   -122.077
     38.2587   -122.146
     38.3825   -122.179
  1  1 sgv+ngv --gvs+gvn-4-9
     6.80000    1.12209E-04
 90    14.0000 0.00
   3
     38.0389   -122.077
     38.2587   -122.146
     38.3825   -122.179
  1  1 sgv+ngv --gvs+gvn-4-9
     6.90000    3.59735E-05
 90    14.0000 0.00
   3
     38.0389   -122.077
     38.2587   -122.146
     38.3825   -122.179
  1  1 sgv+ngv --gvs+gvn-4-9
     7.00000    4.37520E-06
 90    14.0000 0.00
   3
     38.0389   -122.077
     38.2587   -122.146
     38.3825   -122.179
  1  1 con+sgv+ngv --con+gvs+gvn-4-10
     6.20000    4.87102E-06
 90    15.0000 0.00
   4
     37.9003   -121.990
     38.0389   -122.077
     38.2587   -122.146
     38.3825   -122.179
  1  1 con+sgv+ngv --con+gvs+gvn-4-10
     6.30000    3.22633E-05
 90    15.0000 0.00
   4
     37.9003   -121.990
     38.0389   -122.077
     38.2587   -122.146
     38.3825   -122.179
  1  1 con+sgv+ngv --con+gvs+gvn-4-10
     6.40000    8.15479E-05
 90    15.0000 0.00
   4
     37.9003   -121.990
     38.0389   -122.077
     38.2587   -122.146
     38.3825   -122.179
  1  1 con+sgv+ngv --con+gvs+gvn-4-10
     6.50000    1.90106E-04
 90    15.0000 0.00
   4
     37.9003   -121.990
     38.0389   -122.077
     38.2587   -122.146
     38.3825   -122.179
  1  1 con+sgv+ngv --con+gvs+gvn-4-10
     6.60000    3.47710E-04
 90    15.0000 0.00
   4
     37.9003   -121.990
     38.0389   -122.077
     38.2587   -122.146
     38.3825   -122.179
  1  1 con+sgv+ngv --con+gvs+gvn-4-10
     6.70000    4.77576E-04
 90    15.0000 0.00
   4
     37.9003   -121.990
     38.0389   -122.077
     38.2587   -122.146
     38.3825   -122.179
  1  1 con+sgv+ngv --con+gvs+gvn-4-10
     6.80000    5.48042E-04
 90    15.0000 0.00
   4
     37.9003   -121.990
     38.0389   -122.077
     38.2587   -122.146
     38.3825   -122.179
  1  1 con+sgv+ngv --con+gvs+gvn-4-10
     6.90000    4.48156E-04
 90    15.0000 0.00
   4
     37.9003   -121.990
     38.0389   -122.077
     38.2587   -122.146
     38.3825   -122.179
  1  1 con+sgv+ngv --con+gvs+gvn-4-10
     7.00000    1.96130E-04
 90    15.0000 0.00
   4
     37.9003   -121.990
     38.0389   -122.077
     38.2587   -122.146
     38.3825   -122.179
  1  1 con+sgv+ngv --con+gvs+gvn-4-10
     7.10000    5.05594E-05
 90    15.0000 0.00
   4
     37.9003   -121.990
     38.0389   -122.077
     38.2587   -122.146
     38.3825   -122.179
  1  1 con+sgv+ngv --con+gvs+gvn-4-10
     7.20000    3.33561E-06
 90    15.0000 0.00
   4
     37.9003   -121.990
     38.0389   -122.077
     38.2587   -122.146
     38.3825   -122.179
  1  1 sgs --5-1
     6.70000    9.55378E-07
 90    12.0000 0.00
   8
     36.3131   -121.859
     36.4194   -121.935
     36.4669   -121.954
     36.5172   -121.980
     36.5561   -122.021
     36.6696   -122.094
     36.7496   -122.130
     36.8528   -122.156
  1  1 sgs --5-1
     6.80000    4.12526E-05
 90    12.0000 0.00
   8
     36.3131   -121.859
     36.4194   -121.935
     36.4669   -121.954
     36.5172   -121.980
     36.5561   -122.021
     36.6696   -122.094
     36.7496   -122.130
     36.8528   -122.156
  1  1 sgs --5-1
     6.90000    1.56621E-04
 90    12.0000 0.00
   8
     36.3131   -121.859
     36.4194   -121.935
     36.4669   -121.954
     36.5172   -121.980
     36.5561   -122.021
     36.6696   -122.094
     36.7496   -122.130
     36.8528   -122.156
  1  1 sgs --5-1
     7.00000    3.18245E-04
 90    12.0000 0.00
   8
     36.3131   -121.859
     36.4194   -121.935
     36.4669   -121.954
     36.5172   -121.980
     36.5561   -122.021
     36.6696   -122.094
     36.7496   -122.130
     36.8528   -122.156
  1  1 sgs --5-1
     7.10000    2.57572E-04
 90    12.0000 0.00
   8
     36.3131   -121.859
     36.4194   -121.935
     36.4669   -121.954
     36.5172   -121.980
     36.5561   -122.021
     36.6696   -122.094
     36.7496   -122.130
     36.8528   -122.156
  1  1 sgs --5-1
     7.20000    9.95399E-05
 90    12.0000 0.00
   8
     36.3131   -121.859
     36.4194   -121.935
     36.4669   -121.954
     36.5172   -121.980
     36.5561   -122.021
     36.6696   -122.094
     36.7496   -122.130
     36.8528   -122.156
  1  1 sgs --5-1
     7.30000    1.22129E-05
 90    12.0000 0.00
   8
     36.3131   -121.859
     36.4194   -121.935
     36.4669   -121.954
     36.5172   -121.980
     36.5561   -122.021
     36.6696   -122.094
     36.7496   -122.130
     36.8528   -122.156
  1  1 sgn -- 5-9
     6.90000    1.16251E-06
 90    13.0000 0.00
   3
     36.8528   -122.156
     37.2906   -122.394
     37.7682   -122.617
  1  1 sgn -- 5-9
     7.00000    4.20139E-05
 90    13.0000 0.00
   3
     36.8528   -122.156
     37.2906   -122.394
     37.7682   -122.617
  1  1 sgn -- 5-9
     7.10000    2.38756E-04
 90    13.0000 0.00
   3
     36.8528   -122.156
     37.2906   -122.394
     37.7682   -122.617
  1  1 sgn -- 5-9
     7.20000    5.51003E-04
 90    13.0000 0.00
   3
     36.8528   -122.156
     37.2906   -122.394
     37.7682   -122.617
  1  1 sgn -- 5-9
     7.30000    4.93028E-04
 90    13.0000 0.00
   3
     36.8528   -122.156
     37.2906   -122.394
     37.7682   -122.617
  1  1 sgn -- 5-9
     7.40000    1.77774E-04
 90    13.0000 0.00
   3
     36.8528   -122.156
     37.2906   -122.394
     37.7682   -122.617
  1  1 sgn -- 5-9
     7.50000    1.09563E-05
 90    13.0000 0.00
   3
     36.8528   -122.156
     37.2906   -122.394
     37.7682   -122.617
  1  1 sgs+sgn --5-10
     7.20000    1.84251E-06
 90    13.0000 0.00
   10
     36.3131   -121.859
     36.4194   -121.935
     36.4669   -121.954
     36.5172   -121.980
     36.5561   -122.021
     36.6696   -122.094
     36.7496   -122.130
     36.8528   -122.156
     37.2906   -122.394
     37.7682   -122.617
  1  1 sgs+sgn --5-10
     7.30000    7.07597E-05
 90    13.0000 0.00
   10
     36.3131   -121.859
     36.4194   -121.935
     36.4669   -121.954
     36.5172   -121.980
     36.5561   -122.021
     36.6696   -122.094
     36.7496   -122.130
     36.8528   -122.156
     37.2906   -122.394
     37.7682   -122.617
  1  1 sgs+sgn --5-10
     7.40000    3.25974E-04
 90    13.0000 0.00
   10
     36.3131   -121.859
     36.4194   -121.935
     36.4669   -121.954
     36.5172   -121.980
     36.5561   -122.021
     36.6696   -122.094
     36.7496   -122.130
     36.8528   -122.156
     37.2906   -122.394
     37.7682   -122.617
  1  1 sgs+sgn --5-10
     7.50000    3.82867E-04
 90    13.0000 0.00
   10
     36.3131   -121.859
     36.4194   -121.935
     36.4669   -121.954
     36.5172   -121.980
     36.5561   -122.021
     36.6696   -122.094
     36.7496   -122.130
     36.8528   -122.156
     37.2906   -122.394
     37.7682   -122.617
  1  1 sgs+sgn --5-10
     7.60000    1.60838E-04
 90    13.0000 0.00
   10
     36.3131   -121.859
     36.4194   -121.935
     36.4669   -121.954
     36.5172   -121.980
     36.5561   -122.021
     36.6696   -122.094
     36.7496   -122.130
     36.8528   -122.156
     37.2906   -122.394
     37.7682   -122.617
  1  1 sgs+sgn --5-10
     7.70000    9.81881E-06
 90    13.0000 0.00
   10
     36.3131   -121.859
     36.4194   -121.935
     36.4669   -121.954
     36.5172   -121.980
     36.5561   -122.021
     36.6696   -122.094
     36.7496   -122.130
     36.8528   -122.156
     37.2906   -122.394
     37.7682   -122.617
  1  1 sg --gs --6-1
     6.10000    2.58423E-07
 90    15.0000 0.00
   5
     37.4994   -121.541
     37.5256   -121.554
     37.5754   -121.581
     37.6439   -121.644
     37.6858   -121.665
  1  1 sg --gs --6-1
     6.20000    5.69135E-06
 90    15.0000 0.00
   5
     37.4994   -121.541
     37.5256   -121.554
     37.5754   -121.581
     37.6439   -121.644
     37.6858   -121.665
  1  1 sg --gs --6-1
     6.30000    4.12701E-05
 90    15.0000 0.00
   5
     37.4994   -121.541
     37.5256   -121.554
     37.5754   -121.581
     37.6439   -121.644
     37.6858   -121.665
  1  1 sg --gs --6-1
     6.40000    1.51906E-04
 90    15.0000 0.00
   5
     37.4994   -121.541
     37.5256   -121.554
     37.5754   -121.581
     37.6439   -121.644
     37.6858   -121.665
  1  1 sg --gs --6-1
     6.50000    3.26129E-04
 90    15.0000 0.00
   5
     37.4994   -121.541
     37.5256   -121.554
     37.5754   -121.581
     37.6439   -121.644
     37.6858   -121.665
  1  1 sg --gs --6-1
     6.60000    3.44133E-04
 90    15.0000 0.00
   5
     37.4994   -121.541
     37.5256   -121.554
     37.5754   -121.581
     37.6439   -121.644
     37.6858   -121.665
  1  1 sg --gs --6-1
     6.70000    2.22846E-04
 90    15.0000 0.00
   5
     37.4994   -121.541
     37.5256   -121.554
     37.5754   -121.581
     37.6439   -121.644
     37.6858   -121.665
  1  1 sg --gs --6-1
     6.80000    7.91010E-05
 90    15.0000 0.00
   5
     37.4994   -121.541
     37.5256   -121.554
     37.5754   -121.581
     37.6439   -121.644
     37.6858   -121.665
  1  1 sg --gs --6-1
     6.90000    1.06129E-05
 90    15.0000 0.00
   5
     37.4994   -121.541
     37.5256   -121.554
     37.5754   -121.581
     37.6439   -121.644
     37.6858   -121.665
  1  1 sg --gs --6-1
     7.00000    3.54375E-07
 90    15.0000 0.00
   5
     37.4994   -121.541
     37.5256   -121.554
     37.5754   -121.581
     37.6439   -121.644
     37.6858   -121.665
  1  1 ng -- gn -- 6-9
     6.20000    1.47397E-06
 90    15.0000 0.00
   4
     37.6858   -121.665
     37.7219   -121.700
     37.7930   -121.763
     37.8839   -121.833
  1  1 ng -- gn -- 6-9
     6.30000    1.68604E-05
 90    15.0000 0.00
   4
     37.6858   -121.665
     37.7219   -121.700
     37.7930   -121.763
     37.8839   -121.833
  1  1 ng -- gn -- 6-9
     6.40000    8.11473E-05
 90    15.0000 0.00
   4
     37.6858   -121.665
     37.7219   -121.700
     37.7930   -121.763
     37.8839   -121.833
  1  1 ng -- gn -- 6-9
     6.50000    1.83481E-04
 90    15.0000 0.00
   4
     37.6858   -121.665
     37.7219   -121.700
     37.7930   -121.763
     37.8839   -121.833
  1  1 ng -- gn -- 6-9
     6.60000    2.82871E-04
 90    15.0000 0.00
   4
     37.6858   -121.665
     37.7219   -121.700
     37.7930   -121.763
     37.8839   -121.833
  1  1 ng -- gn -- 6-9
     6.70000    3.20221E-04
 90    15.0000 0.00
   4
     37.6858   -121.665
     37.7219   -121.700
     37.7930   -121.763
     37.8839   -121.833
  1  1 ng -- gn -- 6-9
     6.80000    1.60058E-04
 90    15.0000 0.00
   4
     37.6858   -121.665
     37.7219   -121.700
     37.7930   -121.763
     37.8839   -121.833
  1  1 ng -- gn -- 6-9
     6.90000    3.45121E-05
 90    15.0000 0.00
   4
     37.6858   -121.665
     37.7219   -121.700
     37.7930   -121.763
     37.8839   -121.833
  1  1 ng -- gn -- 6-9
     7.00000    3.87220E-06
 90    15.0000 0.00
   4
     37.6858   -121.665
     37.7219   -121.700
     37.7930   -121.763
     37.8839   -121.833
  1  1 sg+ng --gs+gn -- 6-10
     6.60000    8.88113E-07
 90    15.0000 0.00
   8
     37.4994   -121.541
     37.5256   -121.554
     37.5754   -121.581
     37.6439   -121.644
     37.6858   -121.665
     37.7219   -121.700
     37.7930   -121.763
     37.8839   -121.833
  1  1 sg+ng --gs+gn -- 6-10
     6.70000    2.60073E-05
 90    15.0000 0.00
   8
     37.4994   -121.541
     37.5256   -121.554
     37.5754   -121.581
     37.6439   -121.644
     37.6858   -121.665
     37.7219   -121.700
     37.7930   -121.763
     37.8839   -121.833
  1  1 sg+ng --gs+gn -- 6-10
     6.80000    1.18089E-04
 90    15.0000 0.00
   8
     37.4994   -121.541
     37.5256   -121.554
     37.5754   -121.581
     37.6439   -121.644
     37.6858   -121.665
     37.7219   -121.700
     37.7930   -121.763
     37.8839   -121.833
  1  1 sg+ng --gs+gn -- 6-10
     6.90000    2.11754E-04
 90    15.0000 0.00
   8
     37.4994   -121.541
     37.5256   -121.554
     37.5754   -121.581
     37.6439   -121.644
     37.6858   -121.665
     37.7219   -121.700
     37.7930   -121.763
     37.8839   -121.833
  1  1 sg+ng --gs+gn -- 6-10
     7.00000    1.51541E-04
 90    15.0000 0.00
   8
     37.4994   -121.541
     37.5256   -121.554
     37.5754   -121.581
     37.6439   -121.644
     37.6858   -121.665
     37.7219   -121.700
     37.7930   -121.763
     37.8839   -121.833
  1  1 sg+ng --gs+gn -- 6-10
     7.10000    5.85456E-05
 90    15.0000 0.00
   8
     37.4994   -121.541
     37.5256   -121.554
     37.5754   -121.581
     37.6439   -121.644
     37.6858   -121.665
     37.7219   -121.700
     37.7930   -121.763
     37.8839   -121.833
  1  1 sg+ng --gs+gn -- 6-10
     7.20000    3.17524E-06
 90    15.0000 0.00
   8
     37.4994   -121.541
     37.5256   -121.554
     37.5754   -121.581
     37.6439   -121.644
     37.6858   -121.665
     37.7219   -121.700
     37.7930   -121.763
     37.8839   -121.833
  1  2 mtd -- 7-10
     6.20000    2.12358E-06
 38    14.0000 8.00
   2
     37.7301   -121.823
     37.8771   -122.039
  1  2 mtd -- 7-10
     6.30000    2.91258E-05
 38    14.0000 8.00
   2
     37.7301   -121.823
     37.8771   -122.039
  1  2 mtd -- 7-10
     6.40000    1.66128E-04
 38    14.0000 8.00
   2
     37.7301   -121.823
     37.8771   -122.039
  1  2 mtd -- 7-10
     6.50000    5.84758E-04
 38    14.0000 8.00
   2
     37.7301   -121.823
     37.8771   -122.039
  1  2 mtd -- 7-10
     6.60000    7.83557E-04
 38    14.0000 8.00
   2
     37.7301   -121.823
     37.8771   -122.039
  1  2 mtd -- 7-10
     6.70000    8.15160E-04
 38    14.0000 8.00
   2
     37.7301   -121.823
     37.8771   -122.039
  1  2 mtd -- 7-10
     6.80000    4.68276E-04
 38    14.0000 8.00
   2
     37.7301   -121.823
     37.8771   -122.039
  1  2 mtd -- 7-10
     6.90000    6.35899E-05
 38    14.0000 8.00
   2
     37.7301   -121.823
     37.8771   -122.039
  1  2 mtd -- 7-10
     7.00000    5.68316E-06
 38    14.0000 8.00
   2
     37.7301   -121.823
     37.8771   -122.039
