0.8 5.0 7.2 .1 3.   
1 0 0
-125.000	42.9000	1.87813E-5 	
-124.900	42.9000	1.828E-5 	
-124.800	42.9000	1.68551E-5 	
-124.700	42.9000	1.47222E-5 	
-124.600	42.9000	1.21824E-5 	
-124.500	42.9000	9.54978E-6 	
-124.400	42.9000	7.09165E-6 	
-124.300	42.9000	4.98907E-6 	
-124.200	42.9000	3.3249E-6 	
-124.100	42.9000	2.09915E-6 	
-124.000	42.9000	1.25557E-6 	
-123.900	42.9000	7.11355E-7 	
-123.800	42.9000	3.81844E-7 	
-123.700	42.9000	1.94155E-7 	
-123.600	42.9000	9.35308E-8 	
-123.500	42.9000	4.26793E-8 	
-123.400	42.9000	1.84518E-8 	
-125.000	42.8000	6.47474E-5 	
-124.900	42.8000	6.31187E-5 	
-124.800	42.8000	5.83922E-5 	
-124.700	42.8000	5.13677E-5 	
-124.600	42.8000	4.31569E-5 	
-124.500	42.8000	3.4928E-5 	
-124.400	42.8000	2.76879E-5 	
-124.300	42.8000	2.21152E-5 	
-124.200	42.8000	1.84962E-5 	
-124.100	42.8000	1.67468E-5 	
-124.000	42.8000	1.64899E-5 	
-123.900	42.8000	1.71722E-5 	
-123.800	42.8000	1.81843E-5 	
-123.700	42.8000	1.89729E-5 	
-123.600	42.8000	1.91324E-5 	
-123.500	42.8000	1.84548E-5 	
-123.400	42.8000	1.69408E-5 	
-123.300	42.8000	1.47362E-5 	
-123.200	42.8000	1.21863E-5 	
-123.100	42.8000	9.54571E-6 	
-123.000	42.8000	7.08179E-6 	
-122.900	42.8000	4.97668E-6 	
-122.800	42.8000	3.3125E-6 	
-122.700	42.8000	2.08818E-6 	
-122.600	42.8000	1.24688E-6 	
-122.500	42.8000	7.0521E-7 	
-122.400	42.8000	3.77806E-7 	
-122.300	42.8000	1.91686E-7 	
-122.200	42.8000	9.21177E-8 	
-122.100	42.8000	4.19349E-8 	
-122.000	42.8000	1.80817E-8 	
-125.000	42.7000	2.01947E-4 	
-124.900	42.7000	1.96889E-4 	
-124.800	42.7000	1.82181E-4 	
-124.700	42.7000	1.60349E-4 	
-124.600	42.7000	1.34881E-4 	
-124.500	42.7000	1.09466E-4 	
-124.400	42.7000	8.72677E-5 	
-124.300	42.7000	7.04287E-5 	
-124.200	42.7000	5.98373E-5 	
-124.100	42.7000	5.52012E-5 	
-124.000	42.7000	5.52825E-5 	
-123.900	42.7000	5.82631E-5 	
-123.800	42.7000	6.21364E-5 	
-123.700	42.7000	6.5077E-5 	
-123.600	42.7000	6.57466E-5 	
-123.500	42.7000	6.34718E-5 	
-123.400	42.7000	5.82817E-5 	
-123.300	42.7000	5.07059E-5 	
-123.200	42.7000	4.19196E-5 	
-123.100	42.7000	3.2823E-5 	
-123.000	42.7000	2.43393E-5 	
-122.900	42.7000	1.70944E-5 	
-122.800	42.7000	1.13708E-5 	
-122.700	42.7000	7.16281E-6 	
-122.600	42.7000	4.27343E-6 	
-122.500	42.7000	2.41481E-6 	
-122.400	42.7000	1.29237E-6 	
-122.300	42.7000	6.55006E-7 	
-122.200	42.7000	3.14405E-7 	
-122.100	42.7000	1.42945E-7 	
-122.000	42.7000	6.15518E-8 	
-125.000	42.6000	5.70674E-4 	
-124.900	42.6000	5.56453E-4 	
-124.800	42.6000	5.15007E-4 	
-124.700	42.6000	4.53546E-4 	
-124.600	42.6000	3.82035E-4 	
-124.500	42.6000	3.10998E-4 	
-124.400	42.6000	2.49474E-4 	
-124.300	42.6000	2.03573E-4 	
-124.200	42.6000	1.75812E-4 	
-124.100	42.6000	1.65264E-4 	
-124.000	42.6000	1.6824E-4 	
-123.900	42.6000	1.79321E-4 	
-123.800	42.6000	1.92497E-4 	
-123.700	42.6000	2.02308E-4 	
-123.600	42.6000	2.04736E-4 	
-123.500	42.6000	1.97803E-4 	
-123.400	42.6000	1.81671E-4 	
-123.300	42.6000	1.5808E-4 	
-123.200	42.6000	1.30647E-4 	
-123.100	42.6000	1.02257E-4 	
-123.000	42.6000	7.57913E-5 	
-122.900	42.6000	5.32006E-5 	
-122.800	42.6000	3.53645E-5 	
-122.700	42.6000	2.2261E-5 	
-122.600	42.6000	1.32702E-5 	
-122.500	42.6000	7.49179E-6 	
-122.400	42.6000	4.0055E-6 	
-122.300	42.6000	2.02788E-6 	
-122.200	42.6000	9.72249E-7 	
-122.100	42.6000	4.41483E-7 	
-122.000	42.6000	1.89846E-7 	
-125.000	42.5000	0.00146128 	
-124.900	42.5000	0.00142541 	
-124.800	42.5000	0.00132019 	
-124.700	42.5000	0.00116438 	
-124.600	42.5000	9.83843E-4 	
-124.500	42.5000	8.05853E-4 	
-124.400	42.5000	6.53854E-4 	
-124.300	42.5000	5.43585E-4 	
-124.200	42.5000	4.81282E-4 	
-124.100	42.5000	4.64056E-4 	
-124.000	42.5000	4.81587E-4 	
-123.900	42.5000	5.18899E-4 	
-123.800	42.5000	5.59452E-4 	
-123.700	42.5000	5.88284E-4 	
-123.600	42.5000	5.94562E-4 	
-123.500	42.5000	5.73208E-4 	
-123.400	42.5000	5.25199E-4 	
-123.300	42.5000	4.55954E-4 	
-123.200	42.5000	3.75891E-4 	
-123.100	42.5000	2.93517E-4 	
-123.000	42.5000	2.17061E-4 	
-122.900	42.5000	1.52036E-4 	
-122.800	42.5000	1.00854E-4 	
-122.700	42.5000	6.33565E-5 	
-122.600	42.5000	3.76939E-5 	
-122.500	42.5000	2.12391E-5 	
-122.400	42.5000	1.13337E-5 	
-122.300	42.5000	5.727E-6 	
-122.200	42.5000	2.74052E-6 	
-122.100	42.5000	1.23514E-6 	
-122.000	42.5000	5.30426E-7 	
-125.000	42.4000	0.00338949 	
-124.900	42.4000	0.00330717 	
-124.800	42.4000	0.00306468 	
-124.700	42.4000	0.00270604 	
-124.600	42.4000	0.00229207 	
-124.500	42.4000	0.00188684 	
-124.400	42.4000	0.00154538 	
-124.300	42.4000	0.00130456 	
-124.200	42.4000	0.00117868 	
-124.100	42.4000	0.00116002 	
-124.000	42.4000	0.00122294 	
-123.900	42.4000	0.00133028 	
-123.800	42.4000	0.00144104 	
-123.700	42.4000	0.00151816 	
-123.600	42.4000	0.00153494 	
-123.500	42.4000	0.00147929 	
-123.400	42.4000	0.00135443 	
-123.300	42.4000	0.00117499 	
-123.200	42.4000	9.67661E-4 	
-123.100	42.4000	7.54802E-4 	
-123.000	42.4000	5.57592E-4 	
-122.900	42.4000	3.90121E-4 	
-122.800	42.4000	2.58499E-4 	
-122.700	42.4000	1.62198E-4 	
-122.600	42.4000	9.63824E-5 	
-122.500	42.4000	5.42393E-5 	
-122.400	42.4000	2.8906E-5 	
-122.300	42.4000	1.45862E-5 	
-122.200	42.4000	6.96997E-6 	
-122.100	42.4000	3.13077E-6 	
-122.000	42.4000	1.3427E-6 	
-125.000	42.3000	0.00712336 	
-124.900	42.3000	0.0069527 	
-124.800	42.3000	0.00644731 	
-124.700	42.3000	0.00570093 	
-124.600	42.3000	0.00484319 	
-124.500	42.3000	0.00401075 	
-124.400	42.3000	0.00332079 	
-124.300	42.3000	0.0028516 	
-124.200	42.3000	0.00263251 	
-124.100	42.3000	0.00264497 	
-124.000	42.3000	0.00283066 	
-123.900	42.3000	0.00310577 	
-123.800	42.3000	0.00337771 	
-123.700	42.3000	0.00356302 	
-123.600	42.3000	0.00360211 	
-123.500	42.3000	0.00346897 	
-123.400	42.3000	0.00317292 	
-123.300	42.3000	0.00274971 	
-123.200	42.3000	0.00226161 	
-123.100	42.3000	0.00176188 	
-123.000	42.3000	0.00129989 	
-122.900	42.3000	9.08317E-4 	
-122.800	42.3000	6.0108E-4 	
-122.700	42.3000	3.76663E-4 	
-122.600	42.3000	2.23521E-4 	
-122.500	42.3000	1.25614E-4 	
-122.400	42.3000	6.6849E-5 	
-122.300	42.3000	3.3684E-5 	
-122.200	42.3000	1.60713E-5 	
-122.100	42.3000	7.18953E-6 	
-122.000	42.3000	3.07926E-6 	
-125.000	42.2000	0.0135631 	
-124.900	42.2000	0.0132441 	
-124.800	42.2000	0.012292 	
-124.700	42.2000	0.0108887 	
-124.600	42.2000	0.00928468 	
-124.500	42.2000	0.0077443 	
-124.400	42.2000	0.00649415 	
-124.300	42.2000	0.00568455 	
-124.200	42.2000	0.00536974 	
-124.100	42.2000	0.00550843 	
-124.000	42.2000	0.00597976 	
-123.900	42.2000	0.0066112 	
-123.800	42.2000	0.00721258 	
-123.700	42.2000	0.00761284 	
-123.600	42.2000	0.00769164 	
-123.500	42.2000	0.00739846 	
-123.400	42.2000	0.00675751 	
-123.300	42.2000	0.00584793 	
-123.200	42.2000	0.00480226 	
-123.100	42.2000	0.00373535 	
-123.000	42.2000	0.0027517 	
-122.900	42.2000	0.00191988 	
-122.800	42.2000	0.00126858 	
-122.700	42.2000	7.93753E-4 	
-122.600	42.2000	4.70319E-4 	
-122.500	42.2000	2.63905E-4 	
-122.400	42.2000	1.40226E-4 	
-122.300	42.2000	7.05456E-5 	
-122.200	42.2000	3.36045E-5 	
-122.100	42.2000	1.49574E-5 	
-122.000	42.2000	6.3976E-6 	
-125.000	42.1000	0.0234006 	
-124.900	42.1000	0.0228637 	
-124.800	42.1000	0.0212442 	
-124.700	42.1000	0.0188624 	
-124.600	42.1000	0.0161588 	
-124.500	42.1000	0.0135973 	
-124.400	42.1000	0.0115751 	
-124.300	42.1000	0.0103537 	
-124.200	42.1000	0.0100223 	
-124.100	42.1000	0.010497 	
-124.000	42.1000	0.0115483 	
-123.900	42.1000	0.0128518 	
-123.800	42.1000	0.0140515 	
-123.700	42.1000	0.014829 	
-123.600	42.1000	0.0149635 	
-123.500	42.1000	0.0143681 	
-123.400	42.1000	0.0130982 	
-123.300	42.1000	0.0113142 	
-123.200	42.1000	0.00927268 	
-123.100	42.1000	0.00719874 	
-123.000	42.1000	0.00529318 	
-122.900	42.1000	0.00368643 	
-122.800	42.1000	0.00243152 	
-122.700	42.1000	0.00151875 	
-122.600	42.1000	8.98334E-4 	
-122.500	42.1000	5.03204E-4 	
-122.400	42.1000	2.66912E-4 	
-122.300	42.1000	1.34045E-4 	
-122.200	42.1000	6.37405E-5 	
-122.100	42.1000	2.81924E-5 	
-122.000	42.1000	1.20424E-5 	
-125.000	42.0000	0.0365829 	
-124.900	42.0000	0.0357713 	
-124.800	42.0000	0.0332879 	
-124.700	42.0000	0.0296459 	
-124.600	42.0000	0.0255481 	
-124.500	42.0000	0.0217348 	
-124.400	42.0000	0.0188377 	
-124.300	42.0000	0.0172682 	
-124.200	42.0000	0.0171553 	
-124.100	42.0000	0.0183418 	
-124.000	42.0000	0.0204283 	
-123.900	42.0000	0.0228569 	
-123.800	42.0000	0.0250196 	
-123.700	42.0000	0.026377 	
-123.600	42.0000	0.0265625 	
-123.500	42.0000	0.0254441 	
-123.400	42.0000	0.0231368 	
-123.300	42.0000	0.0199373 	
-123.200	42.0000	0.0162993 	
-123.100	42.0000	0.0126238 	
-123.000	42.0000	0.00926106 	
-122.900	42.0000	0.00643568 	
-122.800	42.0000	0.00423589 	
-122.700	42.0000	0.00264027 	
-122.600	42.0000	0.00155855 	
-122.500	42.0000	8.71284E-4 	
-122.400	42.0000	4.61242E-4 	
-122.300	42.0000	2.31183E-4 	
-122.200	42.0000	1.09716E-4 	
-122.100	42.0000	4.81412E-5 	
-122.000	42.0000	2.05362E-5 	
-125.000	41.9000	0.0518279 	
-124.900	41.9000	0.0507318 	
-124.800	41.9000	0.0473066 	
-124.700	41.9000	0.0423014 	
-124.600	41.9000	0.036737 	
-124.500	41.9000	0.0316865 	
-124.400	41.9000	0.0280624 	
-124.300	41.9000	0.0264488 	
-124.200	41.9000	0.0270068 	
-124.100	41.9000	0.0294646 	
-124.000	41.9000	0.0331828 	
-123.900	41.9000	0.0372817 	
-123.800	41.9000	0.0408119 	
-123.700	41.9000	0.0429426 	
-123.600	41.9000	0.0431222 	
-123.500	41.9000	0.0411769 	
-123.400	41.9000	0.0373236 	
-123.300	41.9000	0.0320655 	
-123.200	41.9000	0.0261353 	
-123.100	41.9000	0.0201837 	
-123.000	41.9000	0.0147671 	
-122.900	41.9000	0.0102354 	
-122.800	41.9000	0.00672021 	
-122.700	41.9000	0.00417893 	
-122.600	41.9000	0.00246122 	
-122.500	41.9000	0.0013729 	
-122.400	41.9000	7.25251E-4 	
-122.300	41.9000	3.62763E-4 	
-122.200	41.9000	1.71814E-4 	
-122.100	41.9000	7.46442E-5 	
-122.000	41.9000	3.18071E-5 	
-121.900	41.9000	3.57711E-8 	
-121.800	41.9000	1.5058E-8 	
-125.000	41.8000	0.0665479 	
-124.900	41.8000	0.0652353 	
-124.800	41.8000	0.061002 	
-124.700	41.8000	0.0548449 	
-124.600	41.8000	0.0481158 	
-124.500	41.8000	0.0422303 	
-124.400	41.8000	0.0383843 	
-124.300	41.8000	0.0373251 	
-124.200	41.8000	0.0392183 	
-124.100	41.8000	0.0436296 	
-124.000	41.8000	0.0496136 	
-123.900	41.8000	0.0558967 	
-123.800	41.8000	0.0611214 	
-123.700	41.8000	0.0641203 	
-123.600	41.8000	0.0641461 	
-123.500	41.8000	0.0610072 	
-123.400	41.8000	0.0550776 	
-123.300	41.8000	0.0471396 	
-123.200	41.8000	0.0382781 	
-123.100	41.8000	0.0294575 	
-123.000	41.8000	0.0214805 	
-122.900	41.8000	0.0148419 	
-122.800	41.8000	0.00971579 	
-122.700	41.8000	0.0060247 	
-122.600	41.8000	0.00353879 	
-122.500	41.8000	0.00196895 	
-122.400	41.8000	0.00103758 	
-122.300	41.8000	5.17771E-4 	
-122.200	41.8000	2.44678E-4 	
-122.100	41.8000	1.04961E-4 	
-122.000	41.8000	4.46812E-5 	
-121.900	41.8000	1.21934E-7 	
-121.800	41.8000	5.12601E-8 	
-125.000	41.7000	0.0774592 	
-124.900	41.7000	0.0760854 	
-124.800	41.7000	0.0714248 	
-124.700	41.7000	0.0646924 	
-124.600	41.7000	0.0575208 	
-124.500	41.7000	0.0516129 	
-124.400	41.7000	0.0483924 	
-124.300	41.7000	0.0487173 	
-124.200	41.7000	0.0527099 	
-124.100	41.7000	0.0597263 	
-124.000	41.7000	0.0684743 	
-123.900	41.7000	0.0772534 	
-123.800	41.7000	0.084283 	
-123.700	41.7000	0.0880655 	
-123.600	41.7000	0.0876883 	
-123.500	41.7000	0.0829924 	
-123.400	41.7000	0.0745667 	
-123.300	41.7000	0.0635298 	
-123.200	41.7000	0.051359 	
-123.100	41.7000	0.0393597 	
-123.000	41.7000	0.0285892 	
-122.900	41.7000	0.0196814 	
-122.800	41.7000	0.0128397 	
-122.700	41.7000	0.00793639 	
-122.600	41.7000	0.00464774 	
-122.500	41.7000	0.00257876 	
-122.400	41.7000	0.00135539 	
-122.300	41.7000	6.74719E-4 	
-122.200	41.7000	3.18125E-4 	
-122.100	41.7000	1.34337E-4 	
-122.000	41.7000	5.7158E-5 	
-121.900	41.7000	3.76556E-7 	
-121.800	41.7000	1.58092E-7 	
-125.000	41.6000	0.0817522 	
-124.900	41.6000	0.0805311 	
-124.800	41.6000	0.076009 	
-124.700	41.6000	0.0695439 	
-124.600	41.6000	0.0629418 	
-124.500	41.6000	0.0580733 	
-124.400	41.6000	0.0564792 	
-124.300	41.6000	0.0590393 	
-124.200	41.6000	0.0657724 	
-124.100	41.6000	0.0757958 	
-124.000	41.6000	0.0874707 	
-123.900	41.6000	0.0986979 	
-123.800	41.6000	0.107326 	
-123.700	41.6000	0.1116 	
-123.600	41.6000	0.110515 	
-123.500	41.6000	0.104012 	
-123.400	41.6000	0.0929399 	
-123.300	41.6000	0.0787729 	
-123.200	41.6000	0.0633631 	
-123.100	41.6000	0.0483321 	
-123.000	41.6000	0.0349538 	
-122.900	41.6000	0.0239665 	
-122.800	41.6000	0.0155777 	
-122.700	41.6000	0.00959642 	
-122.600	41.6000	0.00560282 	
-122.500	41.6000	0.0031002 	
-122.400	41.6000	0.00162551 	
-122.300	41.6000	8.07472E-4 	
-122.200	41.6000	3.80019E-4 	
-122.100	41.6000	1.5752E-4 	
-122.000	41.6000	6.70647E-5 	
-121.900	41.6000	1.05358E-6 	
-121.800	41.6000	4.41732E-7 	
-125.000	41.5000	0.0782687 	
-124.900	41.5000	0.0774109 	
-124.800	41.5000	0.0736206 	
-124.700	41.5000	0.0682972 	
-124.600	41.5000	0.0632758 	
-124.500	41.5000	0.060439 	
-124.400	41.5000	0.0613051 	
-124.300	41.5000	0.066674 	
-124.200	41.5000	0.0764088 	
-124.100	41.5000	0.089391 	
-124.000	41.5000	0.103688 	
-123.900	41.5000	0.116899 	
-123.800	41.5000	0.126621 	
-123.700	41.5000	0.130962 	
-123.600	41.5000	0.128931 	
-123.500	41.5000	0.120626 	
-123.400	41.5000	0.107166 	
-123.300	41.5000	0.0903412 	
-123.200	41.5000	0.0722969 	
-123.100	41.5000	0.0548893 	
-123.000	41.5000	0.0395294 	
-122.900	41.5000	0.0270034 	
-122.800	41.5000	0.0174954 	
-122.700	41.5000	0.0107491 	
-122.600	41.5000	0.00626245 	
-122.500	41.5000	0.00345978 	
-122.400	41.5000	0.00181226 	
-122.300	41.5000	8.99893E-4 	
-122.200	41.5000	4.23615E-4 	
-122.100	41.5000	1.72379E-4 	
-122.000	41.5000	7.36844E-5 	
-121.900	41.5000	2.83261E-6 	
-121.800	41.5000	1.19377E-6 	
-121.700	41.5000	3.33265E-8 	
-121.600	41.5000	1.38829E-8 	
-125.000	41.4000	0.0680135 	
-124.900	41.4000	0.0676548 	
-124.800	41.4000	0.0650312 	
-124.700	41.4000	0.0614777 	
-124.600	41.4000	0.0587167 	
-124.500	41.4000	0.0584916 	
-124.400	41.4000	0.062169 	
-124.300	41.4000	0.0703859 	
-124.200	41.4000	0.0828299 	
-124.100	41.4000	0.0981932 	
-124.000	41.4000	0.114358 	
-123.900	41.4000	0.128767 	
-123.800	41.4000	0.13893 	
-123.700	41.4000	0.142961 	
-123.600	41.4000	0.139972 	
-123.500	41.4000	0.130245 	
-123.400	41.4000	0.115117 	
-123.300	41.4000	0.0965951 	
-123.200	41.4000	0.0769814 	
-123.100	41.4000	0.0582436 	
-123.000	41.4000	0.041832 	
-122.900	41.4000	0.0285236 	
-122.800	41.4000	0.0184641 	
-122.700	41.4000	0.0113465 	
-122.600	41.4000	0.00662021 	
-122.500	41.4000	0.00366821 	
-122.400	41.4000	0.00193059 	
-122.300	41.4000	9.65396E-4 	
-122.200	41.4000	4.58995E-4 	
-122.100	41.4000	1.86582E-4 	
-122.000	41.4000	8.1605E-5 	
-121.900	41.4000	8.6237E-6 	
-121.800	41.4000	3.95308E-6 	
-121.700	41.4000	7.37214E-7 	
-121.600	41.4000	3.72264E-7 	
-121.500	41.4000	1.6005E-7 	
-121.400	41.4000	7.44691E-8 	
-121.300	41.4000	3.27437E-8 	
-121.200	41.4000	1.36023E-8 	
-125.000	41.3000	0.0536904 	
-124.900	41.3000	0.0538454 	
-124.800	41.3000	0.052534 	
-124.700	41.3000	0.0509435 	
-124.600	41.3000	0.0505759 	
-124.500	41.3000	0.0529269 	
-124.400	41.3000	0.0591284 	
-124.300	41.3000	0.0696184 	
-124.200	41.3000	0.0839366 	
-124.100	41.3000	0.100679 	
-124.000	41.3000	0.117688 	
-123.900	41.3000	0.132425 	
-123.800	41.3000	0.142478 	
-123.700	41.3000	0.146083 	
-123.600	41.3000	0.142499 	
-123.500	41.3000	0.132148 	
-123.400	41.3000	0.116476 	
-123.300	41.3000	0.0975488 	
-123.200	41.3000	0.0776633 	
-123.100	41.3000	0.0587688 	
-123.000	41.3000	0.0422716 	
-122.900	41.3000	0.0289093 	
-122.800	41.3000	0.0188014 	
-122.700	41.3000	0.0116307 	
-122.600	41.3000	0.00684671 	
-122.500	41.3000	0.00383803 	
-122.400	41.3000	0.00205031 	
-122.300	41.3000	0.00104493 	
-122.200	41.3000	5.08957E-4 	
-122.100	41.3000	2.13248E-4 	
-122.000	41.3000	9.73535E-5 	
-121.900	41.3000	2.11187E-5 	
-121.800	41.3000	1.00012E-5 	
-121.700	41.3000	2.48623E-6 	
-121.600	41.3000	1.25751E-6 	
-121.500	41.3000	5.46911E-7 	
-121.400	41.3000	2.54168E-7 	
-121.300	41.3000	1.11617E-7 	
-121.200	41.3000	4.63064E-8 	
-125.000	41.2000	0.0385531 	
-124.900	41.2000	0.0391181 	
-124.800	41.2000	0.0389647 	
-124.700	41.2000	0.0390845 	
-124.600	41.2000	0.0407049 	
-124.500	41.2000	0.0450286 	
-124.400	41.2000	0.0529317 	
-124.300	41.2000	0.0646743 	
-124.200	41.2000	0.0797209 	
-124.100	41.2000	0.0966959 	
-124.000	41.2000	0.113561 	
-123.900	41.2000	0.127961 	
-123.800	41.2000	0.137687 	
-123.700	41.2000	0.141155 	
-123.600	41.2000	0.137745 	
-123.500	41.2000	0.127908 	
-123.400	41.2000	0.113028 	
-123.300	41.2000	0.0950533 	
-123.200	41.2000	0.0761189 	
-123.100	41.2000	0.058054 	
-123.000	41.2000	0.0421823 	
-122.900	41.2000	0.0292163 	
-122.800	41.2000	0.0192993 	
-122.700	41.2000	0.0121664 	
-122.600	41.2000	0.00732701 	
-122.500	41.2000	0.00422111 	
-122.400	41.2000	0.0023302 	
-122.300	41.2000	0.00123535 	
-122.200	41.2000	6.30843E-4 	
-122.100	41.2000	2.862E-4 	
-122.000	41.2000	1.39717E-4 	
-121.900	41.2000	4.95065E-5 	
-121.800	41.2000	2.42964E-5 	
-121.700	41.2000	7.60566E-6 	
-121.600	41.2000	3.85263E-6 	
-121.500	41.2000	1.69307E-6 	
-121.400	41.2000	7.85913E-7 	
-121.300	41.2000	3.44696E-7 	
-121.200	41.2000	1.42812E-7 	
-125.000	41.1000	0.0252312 	
-124.900	41.1000	0.0260324 	
-124.800	41.1000	0.0266852 	
-124.700	41.1000	0.0279739 	
-124.600	41.1000	0.0308517 	
-124.500	41.1000	0.0362419 	
-124.400	41.1000	0.0447991 	
-124.300	41.1000	0.0566711 	
-124.200	41.1000	0.0713463 	
-124.100	41.1000	0.0876064 	
-124.000	41.1000	0.103672 	
-123.900	41.1000	0.117489 	
-123.800	41.1000	0.127116 	
-123.700	41.1000	0.131141 	
-123.600	41.1000	0.128964 	
-123.500	41.1000	0.120907 	
-123.400	41.1000	0.108108 	
-123.300	41.1000	0.0922242 	
-123.200	41.1000	0.0751146 	
-123.100	41.1000	0.0584377 	
-123.000	41.1000	0.0434506 	
-122.900	41.1000	0.030901 	
-122.800	41.1000	0.0210377 	
-122.700	41.1000	0.0137256 	
-122.600	41.1000	0.00859499 	
-122.500	41.1000	0.00517617 	
-122.400	41.1000	0.00300498 	
-122.300	41.1000	0.00168636 	
-122.200	41.1000	9.1773E-4 	
-122.100	41.1000	4.61955E-4 	
-122.000	41.1000	2.41783E-4 	
-121.900	41.1000	1.11419E-4 	
-121.800	41.1000	5.66238E-5 	
-121.700	41.1000	2.11048E-5 	
-121.600	41.1000	1.07046E-5 	
-121.500	41.1000	4.74844E-6 	
-121.400	41.1000	2.20163E-6 	
-121.300	41.1000	9.64421E-7 	
-121.200	41.1000	3.99038E-7 	
-125.000	41.0000	0.0151029 	
-124.900	41.0000	0.0159648 	
-124.800	41.0000	0.0170289 	
-124.700	41.0000	0.0188909 	
-124.600	41.0000	0.0222693 	
-124.500	41.0000	0.0278619 	
-124.400	41.0000	0.0361707 	
-124.300	41.0000	0.0473124 	
-124.200	41.0000	0.0608945 	
-124.100	41.0000	0.0759571 	
-124.000	41.0000	0.0910678 	
-123.900	41.0000	0.104528 	
-123.800	41.0000	0.114666 	
-123.700	41.0000	0.120171 	
-123.600	41.0000	0.120337 	
-123.500	41.0000	0.11519 	
-123.400	41.0000	0.10546 	
-123.300	41.0000	0.092389 	
-123.200	41.0000	0.0774977 	
-123.100	41.0000	0.0622734 	
-123.000	41.0000	0.0479635 	
-122.900	41.0000	0.0354393 	
-122.800	41.0000	0.0251454 	
-122.700	41.0000	0.0171558 	
-122.600	41.0000	0.0112754 	
-122.500	41.0000	0.00715467 	
-122.400	41.0000	0.00439358 	
-122.300	41.0000	0.00261722 	
-122.200	41.0000	0.00151557 	
-122.100	41.0000	8.33684E-4 	
-122.000	41.0000	4.61047E-4 	
-121.900	41.0000	2.3993E-4 	
-121.800	41.0000	1.25725E-4 	
-121.700	41.0000	5.31139E-5 	
-121.600	41.0000	2.69696E-5 	
-121.500	41.0000	1.20651E-5 	
-121.400	41.0000	5.58753E-6 	
-121.300	41.0000	2.44456E-6 	
-121.200	41.0000	1.0101E-6 	
-125.000	40.9000	0.0083276 	
-124.900	40.9000	0.00912984 	
-124.800	40.9000	0.0103008 	
-124.700	40.9000	0.0122855 	
-124.600	40.9000	0.0156279 	
-124.500	40.9000	0.0208716 	
-124.400	40.9000	0.0284399 	
-124.300	40.9000	0.0384889 	
-124.200	40.9000	0.0508068 	
-124.100	40.9000	0.0647377 	
-124.000	40.9000	0.0792193 	
-123.900	40.9000	0.0928966 	
-123.800	40.9000	0.104318 	
-123.700	40.9000	0.112185 	
-123.600	40.9000	0.115572 	
-123.500	40.9000	0.114097 	
-123.400	40.9000	0.107978 	
-123.300	40.9000	0.097982 	
-123.200	40.9000	0.0852798 	
-123.100	40.9000	0.0712172 	
-123.000	40.9000	0.0570938 	
-122.900	40.9000	0.0439794 	
-122.800	40.9000	0.0325899 	
-122.700	40.9000	0.0232681 	
-122.600	40.9000	0.0160373 	
-122.500	40.9000	0.0106933 	
-122.400	40.9000	0.00691078 	
-122.300	40.9000	0.00433482 	
-122.200	40.9000	0.00264088 	
-122.100	40.9000	0.00154558 	
-122.000	40.9000	8.8958E-4 	
-121.900	40.9000	4.90309E-4 	
-121.800	40.9000	2.63299E-4 	
-121.700	40.9000	1.21221E-4 	
-121.600	40.9000	6.16119E-5 	
-121.500	40.9000	2.77722E-5 	
-121.400	40.9000	1.2847E-5 	
-121.300	40.9000	5.61351E-6 	
-121.200	40.9000	2.31647E-6 	
-125.000	40.8000	0.00430761 	
-124.900	40.8000	0.00501008 	
-124.800	40.8000	0.00613925 	
-124.700	40.8000	0.00803593 	
-124.600	40.8000	0.0111344 	
-124.500	40.8000	0.0158921 	
-124.400	40.8000	0.022714 	
-124.300	40.8000	0.0318327 	
-124.200	40.8000	0.0432283 	
-124.100	40.8000	0.0565309 	
-124.000	40.8000	0.0710027 	
-123.900	40.8000	0.0855701 	
-123.800	40.8000	0.0989288 	
-123.700	40.8000	0.109729 	
-123.600	40.8000	0.116774 	
-123.500	40.8000	0.119238 	
-123.400	40.8000	0.11682 	
-123.300	40.8000	0.109815 	
-123.200	40.8000	0.0990664 	
-123.100	40.8000	0.0857983 	
-123.000	40.8000	0.0713877 	
-122.900	40.8000	0.0571298 	
-122.800	40.8000	0.044038 	
-122.700	40.8000	0.032753 	
-122.600	40.8000	0.0235467 	
-122.500	40.8000	0.0163898 	
-122.400	40.8000	0.0110567 	
-122.300	40.8000	0.00723065 	
-122.200	40.8000	0.00458098 	
-122.100	40.8000	0.00279462 	
-122.000	40.8000	0.00165562 	
-121.900	40.8000	9.41145E-4 	
-121.800	40.8000	5.14733E-4 	
-121.700	40.8000	2.50897E-4 	
-121.600	40.8000	1.27622E-4 	
-121.500	40.8000	5.79202E-5 	
-121.400	40.8000	2.67616E-5 	
-121.300	40.8000	1.16792E-5 	
-121.200	40.8000	4.81305E-6 	
-125.000	40.7000	0.00220409 	
-124.900	40.7000	0.00283991 	
-124.800	40.7000	0.0039291 	
-124.700	40.7000	0.00575479 	
-124.600	40.7000	0.00870149 	
-124.500	40.7000	0.0131946 	
-124.400	40.7000	0.019656 	
-124.300	40.7000	0.0283935 	
-124.200	40.7000	0.0395405 	
-124.100	40.7000	0.0529362 	
-124.000	40.7000	0.0680704 	
-123.900	40.7000	0.0840589 	
-123.800	40.7000	0.0996791 	
-123.700	40.7000	0.113512 	
-123.600	40.7000	0.12412 	
-123.500	40.7000	0.130303 	
-123.400	40.7000	0.13132 	
-123.300	40.7000	0.127057 	
-123.200	40.7000	0.118055 	
-123.100	40.7000	0.105407 	
-123.000	40.7000	0.0905255 	
-122.900	40.7000	0.0748825 	
-122.800	40.7000	0.0597515 	
-122.700	40.7000	0.0460597 	
-122.600	40.7000	0.0343447 	
-122.500	40.7000	0.0247917 	
-122.400	40.7000	0.017324 	
-122.300	40.7000	0.0117082 	
-122.200	40.7000	0.00764113 	
-122.100	40.7000	0.0047948 	
-122.000	40.7000	0.00290034 	
-121.900	40.7000	0.00168002 	
-121.800	40.7000	9.30872E-4 	
-121.700	40.7000	4.70827E-4 	
-121.600	40.7000	2.39652E-4 	
-121.500	40.7000	1.09427E-4 	
-121.400	40.7000	5.05017E-5 	
-121.300	40.7000	2.20121E-5 	
-121.200	40.7000	9.05939E-6 	
-125.000	40.6000	0.00127276 	
-124.900	40.6000	0.00192013 	
-124.800	40.6000	0.00306991 	
-124.700	40.6000	0.00498951 	
-124.600	40.6000	0.008062 	
-124.500	40.6000	0.0127177 	
-124.400	40.6000	0.0194076 	
-124.300	40.6000	0.0284816 	
-124.200	40.6000	0.0401506 	
-124.100	40.6000	0.0543505 	
-124.000	40.6000	0.0706753 	
-123.900	40.6000	0.0883269 	
-123.800	40.6000	0.106122 	
-123.700	40.6000	0.122605 	
-123.600	40.6000	0.136206 	
-123.500	40.6000	0.145501 	
-123.400	40.6000	0.149458 	
-123.300	40.6000	0.147653 	
-123.200	40.6000	0.140355 	
-123.100	40.6000	0.12847 	
-123.000	40.6000	0.113343 	
-122.900	40.6000	0.0964978 	
-122.800	40.6000	0.079371 	
-122.700	40.6000	0.0631236 	
-122.600	40.6000	0.048561 	
-122.500	40.6000	0.0361288 	
-122.400	40.6000	0.0259686 	
-122.300	40.6000	0.0180026 	
-122.200	40.6000	0.0120118 	
-122.100	40.6000	0.00768566 	
-122.000	40.6000	0.00471856 	
-121.900	40.6000	0.00276699 	
-121.800	40.6000	0.00154694 	
-121.700	40.6000	8.01132E-4 	
-121.600	40.6000	4.07987E-4 	
-121.500	40.6000	1.87303E-4 	
-121.400	40.6000	8.63431E-5 	
-121.300	40.6000	3.75877E-5 	
-121.200	40.6000	1.54491E-5 	
-125.000	40.5000	9.86583E-4 	
-124.900	40.5000	0.00173322 	
-124.800	40.5000	0.0030752 	
-124.700	40.5000	0.00529772 	
-124.600	40.5000	0.0088171 	
-124.500	40.5000	0.0140902 	
-124.400	40.5000	0.0215925 	
-124.300	40.5000	0.0316678 	
-124.200	40.5000	0.044517 	
-124.100	40.5000	0.060052 	
-124.000	40.5000	0.0778443 	
-123.900	40.5000	0.0970904 	
-123.800	40.5000	0.116622 	
-123.700	40.5000	0.135012 	
-123.600	40.5000	0.150704 	
-123.500	40.5000	0.162243 	
-123.400	40.5000	0.168492 	
-123.300	40.5000	0.168841 	
-123.200	40.5000	0.163317 	
-123.100	40.5000	0.15257 	
-123.000	40.5000	0.137738 	
-122.900	40.5000	0.120239 	
-122.800	40.5000	0.101529 	
-122.700	40.5000	0.0829189 	
-122.600	40.5000	0.0654612 	
-122.500	40.5000	0.0498986 	
-122.400	40.5000	0.0366614 	
-122.300	40.5000	0.025907 	
-122.200	40.5000	0.0175679 	
-122.100	40.5000	0.0113943 	
-122.000	40.5000	0.00706896 	
-121.900	40.5000	0.00417967 	
-121.800	40.5000	0.00235094 	
-121.700	40.5000	0.00123584 	
-121.600	40.5000	6.29625E-4 	
-121.500	40.5000	2.90452E-4 	
-121.400	40.5000	1.33737E-4 	
-121.300	40.5000	5.81476E-5 	
-121.200	40.5000	2.38679E-5 	
-125.000	40.4000	0.00101512 	
-124.900	40.4000	0.00192512 	
-124.800	40.4000	0.00355889 	
-124.700	40.4000	0.00624164 	
-124.600	40.4000	0.0104425 	
-124.500	40.4000	0.0166537 	
-124.400	40.4000	0.025364 	
-124.300	40.4000	0.0368675 	
-124.200	40.4000	0.0512801 	
-124.100	40.4000	0.0683902 	
-124.000	40.4000	0.0876471 	
-123.900	40.4000	0.108168 	
-123.800	40.4000	0.128785 	
-123.700	40.4000	0.148163 	
-123.600	40.4000	0.164895 	
-123.500	40.4000	0.177677 	
-123.400	40.4000	0.185445 	
-123.300	40.4000	0.187537 	
-123.200	40.4000	0.183784 	
-123.100	40.4000	0.17454 	
-123.000	40.4000	0.160623 	
-122.900	40.4000	0.14319 	
-122.800	40.4000	0.123575 	
-122.700	40.4000	0.103131 	
-122.600	40.4000	0.0831098 	
-122.500	40.4000	0.0645531 	
-122.400	40.4000	0.0482207 	
-122.300	40.4000	0.03456 	
-122.200	40.4000	0.0237109 	
-122.100	40.4000	0.0155253 	
-122.000	40.4000	0.00970277 	
-121.900	40.4000	0.00576936 	
-121.800	40.4000	0.00325823 	
-121.700	40.4000	0.00172901 	
-121.600	40.4000	8.81117E-4 	
-121.500	40.4000	4.08211E-4 	
-121.400	40.4000	1.8774E-4 	
-121.300	40.4000	8.15214E-5 	
-121.200	40.4000	3.34179E-5 	
-125.000	40.3000	0.00115817 	
-124.900	40.3000	0.00224817 	
-124.800	40.3000	0.00419651 	
-124.700	40.3000	0.00737669 	
-124.600	40.3000	0.0123139 	
-124.500	40.3000	0.0195349 	
-124.400	40.3000	0.0295313 	
-124.300	40.3000	0.0425235 	
-124.200	40.3000	0.0585029 	
-124.100	40.3000	0.077082 	
-124.000	40.3000	0.0975308 	
-123.900	40.3000	0.118843 	
-123.800	40.3000	0.139837 	
-123.700	40.3000	0.159295 	
-123.600	40.3000	0.176042 	
-123.500	40.3000	0.18904 	
-123.400	40.3000	0.197438 	
-123.300	40.3000	0.200646 	
-123.200	40.3000	0.198381 	
-123.100	40.3000	0.190727 	
-123.000	40.3000	0.178137 	
-122.900	40.3000	0.161427 	
-122.800	40.3000	0.141697 	
-122.700	40.3000	0.120239 	
-122.600	40.3000	0.0984182 	
-122.500	40.3000	0.0775215 	
-122.400	40.3000	0.0586156 	
-122.300	40.3000	0.0424413 	
-122.200	40.3000	0.029362 	
-122.100	40.3000	0.0193539 	
-122.000	40.3000	0.0121577 	
-121.900	40.3000	0.00725702 	
-121.800	40.3000	0.00410917 	
-121.700	40.3000	0.00219349 	
-121.600	40.3000	0.001118 	
-121.500	40.3000	5.19919E-4 	
-121.400	40.3000	2.38836E-4 	
-121.300	40.3000	1.0357E-4 	
-121.200	40.3000	4.23995E-5 	
-125.000	40.2000	0.00128655 	
-124.900	40.2000	0.00251742 	
-124.800	40.2000	0.00470987 	
-124.700	40.2000	0.00827935 	
-124.600	40.2000	0.0137944 	
-124.500	40.2000	0.0218083 	
-124.400	40.2000	0.0328091 	
-124.300	40.2000	0.0469492 	
-124.200	40.2000	0.0641008 	
-124.100	40.2000	0.083707 	
-124.000	40.2000	0.104859 	
-123.900	40.2000	0.126414 	
-123.800	40.2000	0.147158 	
-123.700	40.2000	0.16597 	
-123.600	40.2000	0.181898 	
-123.500	40.2000	0.1942 	
-123.400	40.2000	0.202303 	
-123.300	40.2000	0.205784 	
-123.200	40.2000	0.204365 	
-123.100	40.2000	0.197958 	
-123.000	40.2000	0.186721 	
-122.900	40.2000	0.171135 	
-122.800	40.2000	0.152027 	
-122.700	40.2000	0.130539 	
-122.600	40.2000	0.108039 	
-122.500	40.2000	0.0859505 	
-122.400	40.2000	0.0655506 	
-122.300	40.2000	0.0478058 	
-122.200	40.2000	0.0332676 	
-122.100	40.2000	0.0220301 	
-122.000	40.2000	0.0138878 	
-121.900	40.2000	0.00831148 	
-121.800	40.2000	0.00471363 	
-121.700	40.2000	0.00252544 	
-121.600	40.2000	0.00128723 	
-121.500	40.2000	6.00618E-4 	
-121.400	40.2000	2.75575E-4 	
-121.300	40.2000	1.1932E-4 	
-121.200	40.2000	4.87823E-5 	
-125.000	40.1000	0.00134173 	
-124.900	40.1000	0.00262834 	
-124.800	40.1000	0.00491676 	
-124.700	40.1000	0.00864568 	
-124.600	40.1000	0.0144031 	
-124.500	40.1000	0.0227557 	
-124.400	40.1000	0.0341889 	
-124.300	40.1000	0.0488185 	
-124.200	40.1000	0.0664453 	
-124.100	40.1000	0.0864037 	
-124.000	40.1000	0.107658 	
-123.900	40.1000	0.128952 	
-123.800	40.1000	0.149013 	
-123.700	40.1000	0.166755 	
-123.600	40.1000	0.181364 	
-123.500	40.1000	0.192325 	
-123.400	40.1000	0.199324 	
-123.300	40.1000	0.202168 	
-123.200	40.1000	0.200702 	
-123.100	40.1000	0.194827 	
-123.000	40.1000	0.184558 	
-122.900	40.1000	0.170151 	
-122.800	40.1000	0.152188 	
-122.700	40.1000	0.131615 	
-122.600	40.1000	0.109691 	
-122.500	40.1000	0.0878259 	
-122.400	40.1000	0.0673601 	
-122.300	40.1000	0.0493609 	
-122.200	40.1000	0.034484 	
-122.100	40.1000	0.022906 	
-122.000	40.1000	0.0144735 	
-121.900	40.1000	0.00867636 	
-121.800	40.1000	0.00492382 	
-121.700	40.1000	0.00264392 	
-121.600	40.1000	0.00134744 	
-121.500	40.1000	6.30554E-4 	
-121.400	40.1000	2.88937E-4 	
-121.300	40.1000	1.24857E-4 	
-121.200	40.1000	5.09761E-5 	
-125.000	40.0000	0.00128381 	
-124.900	40.0000	0.0025223 	
-124.800	40.0000	0.00472782 	
-124.700	40.0000	0.00833721 	
-124.600	40.0000	0.0139297 	
-124.500	40.0000	0.0220701 	
-124.400	40.0000	0.033247 	
-124.300	40.0000	0.047586 	
-124.200	40.0000	0.0648888 	
-124.100	40.0000	0.0844747 	
-124.000	40.0000	0.105266 	
-123.900	40.0000	0.125942 	
-123.800	40.0000	0.145153 	
-123.700	40.0000	0.161762 	
-123.600	40.0000	0.174965 	
-123.500	40.0000	0.18434 	
-123.400	40.0000	0.189753 	
-123.300	40.0000	0.191239 	
-123.200	40.0000	0.188866 	
-123.100	40.0000	0.182686 	
-123.000	40.0000	0.172763 	
-122.900	40.0000	0.159284 	
-122.800	40.0000	0.142676 	
-122.700	40.0000	0.123689 	
-122.600	40.0000	0.103389 	
-122.500	40.0000	0.0830347 	
-122.400	40.0000	0.0638717 	
-122.300	40.0000	0.0469257 	
-122.200	40.0000	0.0328532 	
-122.100	40.0000	0.0218595 	
-122.000	40.0000	0.0138288 	
-121.900	40.0000	0.00829611 	
-121.800	40.0000	0.00470657 	
-121.700	40.0000	0.00253013 	
-121.600	40.0000	0.00128892 	
-121.500	40.0000	6.04702E-4 	
-121.400	40.0000	2.76668E-4 	
-121.300	40.0000	1.19171E-4 	
-121.200	40.0000	4.85839E-5 	
-125.000	39.9000	0.00112717 	
-124.900	39.9000	0.00222589 	
-124.800	39.9000	0.00419118 	
-124.700	39.9000	0.00743374 	
-124.600	39.9000	0.012499 	
-124.500	39.9000	0.0199366 	
-124.400	39.9000	0.0302443 	
-124.300	39.9000	0.0436019 	
-124.200	39.9000	0.0598834 	
-124.100	39.9000	0.0784889 	
-124.000	39.9000	0.0983935 	
-123.900	39.9000	0.118271 	
-123.800	39.9000	0.1367 	
-123.700	39.9000	0.152425 	
-123.600	39.9000	0.164529 	
-123.500	39.9000	0.172542 	
-123.400	39.9000	0.176391 	
-123.300	39.9000	0.176288 	
-123.200	39.9000	0.172552 	
-123.100	39.9000	0.165496 	
-123.000	39.9000	0.155377 	
-122.900	39.9000	0.142459 	
-122.800	39.9000	0.127119 	
-122.700	39.9000	0.109953 	
-122.600	39.9000	0.091808 	
-122.500	39.9000	0.0737128 	
-122.400	39.9000	0.0567093 	
-122.300	39.9000	0.0416762 	
-122.200	39.9000	0.0291856 	
-122.100	39.9000	0.0194218 	
-122.000	39.9000	0.0122851 	
-121.900	39.9000	0.00736731 	
-121.800	39.9000	0.00417285 	
-121.700	39.9000	0.00224331 	
-121.600	39.9000	0.00114166 	
-121.500	39.9000	5.36746E-4 	
-121.400	39.9000	2.45058E-4 	
-121.300	39.9000	1.04889E-4 	
-121.200	39.9000	4.26899E-5 	
-125.000	39.8000	9.11534E-4 	
-124.900	39.8000	0.00181433 	
-124.800	39.8000	0.00344263 	
-124.700	39.8000	0.00616329 	
-124.600	39.8000	0.0104713 	
-124.500	39.8000	0.0168887 	
-124.400	39.8000	0.0259248 	
-124.300	39.8000	0.037839 	
-124.200	39.8000	0.0526273 	
-124.100	39.8000	0.0698409 	
-124.000	39.8000	0.0885865 	
-123.900	39.8000	0.107602 	
-123.800	39.8000	0.125429 	
-123.700	39.8000	0.140682 	
-123.600	39.8000	0.152268 	
-123.500	39.8000	0.15957 	
-123.400	39.8000	0.162465 	
-123.300	39.8000	0.161242 	
-123.200	39.8000	0.156417 	
-123.100	39.8000	0.148548 	
-123.000	39.8000	0.138121 	
-122.900	39.8000	0.125545 	
-122.800	39.8000	0.111223 	
-122.700	39.8000	0.0956612 	
-122.600	39.8000	0.0795329 	
-122.500	39.8000	0.0636504 	
-122.400	39.8000	0.048844 	
-122.300	39.8000	0.0358196 	
-122.200	39.8000	0.0250359 	
-122.100	39.8000	0.0166301 	
-122.000	39.8000	0.0104983 	
-121.900	39.8000	0.00628265 	
-121.800	39.8000	0.00354585 	
-121.700	39.8000	0.0019033 	
-121.600	39.8000	9.66418E-4 	
-121.500	39.8000	4.55029E-4 	
-121.400	39.8000	2.07033E-4 	
-121.300	39.8000	8.74275E-5 	
-121.200	39.8000	3.55052E-5 	
-125.000	39.7000	6.83787E-4 	
-124.900	39.7000	0.00137667 	
-124.800	39.7000	0.00264252 	
-124.700	39.7000	0.00479509 	
-124.600	39.7000	0.00827054 	
-124.500	39.7000	0.0135514 	
-124.400	39.7000	0.0211517 	
-124.300	39.7000	0.0314091 	
-124.200	39.7000	0.0444552 	
-124.100	39.7000	0.0600257 	
-124.000	39.7000	0.077413 	
-123.900	39.7000	0.0954893 	
-123.800	39.7000	0.112837 	
-123.700	39.7000	0.128002 	
-123.600	39.7000	0.139748 	
-123.500	39.7000	0.147286 	
-123.400	39.7000	0.150367 	
-123.300	39.7000	0.149234 	
-123.200	39.7000	0.14444 	
-123.100	39.7000	0.136648 	
-123.000	39.7000	0.126461 	
-122.900	39.7000	0.11438 	
-122.800	39.7000	0.100848 	
-122.700	39.7000	0.0863515 	
-122.600	39.7000	0.0714961 	
-122.500	39.7000	0.0569947 	
-122.400	39.7000	0.0435694 	
-122.300	39.7000	0.0318289 	
-122.200	39.7000	0.0221591 	
-122.100	39.7000	0.0146615 	
-122.000	39.7000	0.00921589 	
-121.900	39.7000	0.00549093 	
-121.800	39.7000	0.00308097 	
-121.700	39.7000	0.00164721 	
-121.600	39.7000	8.3264E-4 	
-121.500	39.7000	3.92163E-4 	
-121.400	39.7000	1.77401E-4 	
-121.300	39.7000	7.29624E-5 	
-121.200	39.7000	2.95374E-5 	
-125.000	39.6000	4.80193E-4 	
-124.900	39.6000	9.81945E-4 	
-124.800	39.6000	0.00191493 	
-124.700	39.6000	0.00353706 	
-124.600	39.6000	0.00622309 	
-124.500	39.6000	0.0104024 	
-124.400	39.6000	0.0165779 	
-124.300	39.6000	0.0251393 	
-124.200	39.6000	0.036335 	
-124.100	39.6000	0.0500826 	
-124.000	39.6000	0.0658906 	
-123.900	39.6000	0.0828368 	
-123.800	39.6000	0.0996552 	
-123.700	39.6000	0.114957 	
-123.600	39.6000	0.127472 	
-123.500	39.6000	0.136303 	
-123.400	39.6000	0.141037 	
-123.300	39.6000	0.141735 	
-123.200	39.6000	0.138774 	
-123.100	39.6000	0.132662 	
-123.000	39.6000	0.123885 	
-122.900	39.6000	0.112875 	
-122.800	39.6000	0.100062 	
-122.700	39.6000	0.0859704 	
-122.600	39.6000	0.0712843 	
-122.500	39.6000	0.0568072 	
-122.400	39.6000	0.0433454 	
-122.300	39.6000	0.0315662 	
-122.200	39.6000	0.0218853 	
-122.100	39.6000	0.014412 	
-122.000	39.6000	0.00900833 	
-121.900	39.6000	0.00533503 	
-121.800	39.6000	0.00297339 	
-121.700	39.6000	0.00157972 	
-121.600	39.6000	7.93225E-4 	
-121.500	39.6000	3.73124E-4 	
-121.400	39.6000	1.67442E-4 	
-121.300	39.6000	6.6185E-5 	
-121.200	39.6000	2.66806E-5 	
-125.000	39.5000	3.19132E-4 	
-124.900	39.5000	6.65537E-4 	
-124.800	39.5000	0.00132367 	
-124.700	39.5000	0.00249721 	
-124.600	39.5000	0.00449978 	
-124.500	39.5000	0.00769394 	
-124.400	39.5000	0.0125502 	
-124.300	39.5000	0.0194696 	
-124.200	39.5000	0.0287796 	
-124.100	39.5000	0.0405545 	
-124.000	39.5000	0.054528 	
-123.900	39.5000	0.0700477 	
-123.800	39.5000	0.0861203 	
-123.700	39.5000	0.101581 	
-123.600	39.5000	0.115289 	
-123.500	39.5000	0.126341 	
-123.400	39.5000	0.134167 	
-123.300	39.5000	0.138526 	
-123.200	39.5000	0.13939 	
-123.100	39.5000	0.136818 	
-123.000	39.5000	0.130897 	
-122.900	39.5000	0.121776 	
-122.800	39.5000	0.10978 	
-122.700	39.5000	0.0955098 	
-122.600	39.5000	0.0798702 	
-122.500	39.5000	0.0639662 	
-122.400	39.5000	0.0489075 	
-122.300	39.5000	0.0356065 	
-122.200	39.5000	0.0246352 	
-122.100	39.5000	0.0161703 	
-122.000	39.5000	0.0100619 	
-121.900	39.5000	0.00592806 	
-121.800	39.5000	0.00328789 	
-121.700	39.5000	0.00173577 	
-121.600	39.5000	8.65849E-4 	
-121.500	39.5000	4.06335E-4 	
-121.400	39.5000	1.80943E-4 	
-121.300	39.5000	6.87346E-5 	
-121.200	39.5000	2.75873E-5 	
-125.000	39.4000	2.027E-4 	
-124.900	39.4000	4.32335E-4 	
-124.800	39.4000	8.78916E-4 	
-124.700	39.4000	0.00169594 	
-124.600	39.4000	0.00313799 	
-124.500	39.4000	0.00549067 	
-124.400	39.4000	0.00917227 	
-124.300	39.4000	0.0145557 	
-124.200	39.4000	0.022005 	
-124.100	39.4000	0.0317152 	
-124.000	39.4000	0.0436382 	
-123.900	39.4000	0.0574305 	
-123.800	39.4000	0.0724653 	
-123.700	39.4000	0.0879376 	
-123.600	39.4000	0.102981 	
-123.500	39.4000	0.116796 	
-123.400	39.4000	0.128684 	
-123.300	39.4000	0.138028 	
-123.200	39.4000	0.144227 	
-123.100	39.4000	0.146663 	
-123.000	39.4000	0.144788 	
-122.900	39.4000	0.138288 	
-122.800	39.4000	0.127292 	
-122.700	39.4000	0.112492 	
-122.600	39.4000	0.0951158 	
-122.500	39.4000	0.076727 	
-122.400	39.4000	0.0589082 	
-122.300	39.4000	0.0429647 	
-122.200	39.4000	0.0297266 	
-122.100	39.4000	0.0194889 	
-122.000	39.4000	0.0120986 	
-121.900	39.4000	0.00710629 	
-121.800	39.4000	0.00393295 	
-121.700	39.4000	0.00206717 	
-121.600	39.4000	0.00102645 	
-121.500	39.4000	4.80605E-4 	
-121.400	39.4000	2.12883E-4 	
-121.300	39.4000	7.87653E-5 	
-121.200	39.4000	3.1506E-5 	
-125.000	39.3000	1.23743E-4 	
-124.900	39.3000	2.70093E-4 	
-124.800	39.3000	5.61163E-4 	
-124.700	39.3000	0.00110621 	
-124.600	39.3000	0.00210494 	
-124.500	39.3000	0.00376384 	
-124.400	39.3000	0.00643612 	
-124.300	39.3000	0.0104392 	
-124.200	39.3000	0.0161379 	
-124.100	39.3000	0.0238098 	
-124.000	39.3000	0.0335985 	
-123.900	39.3000	0.0454683 	
-123.800	39.3000	0.0591916 	
-123.700	39.3000	0.0743884 	
-123.600	39.3000	0.0905466 	
-123.500	39.3000	0.107045 	
-123.400	39.3000	0.1231 	
-123.300	39.3000	0.137719 	
-123.200	39.3000	0.149676 	
-123.100	39.3000	0.157597 	
-123.000	39.3000	0.160209 	
-122.900	39.3000	0.156661 	
-122.800	39.3000	0.146836 	
-122.700	39.3000	0.131506 	
-122.600	39.3000	0.112245 	
-122.500	39.3000	0.0911185 	
-122.400	39.3000	0.0702331 	
-122.300	39.3000	0.0513337 	
-122.200	39.3000	0.0355451 	
-122.100	39.3000	0.0233001 	
-122.000	39.3000	0.0144508 	
-121.900	39.3000	0.00847535 	
-121.800	39.3000	0.00468763 	
-121.700	39.3000	0.00245747 	
-121.600	39.3000	0.00121695 	
-121.500	39.3000	5.68779E-4 	
-121.400	39.3000	2.51154E-4 	
-121.300	39.3000	9.17014E-5 	
-121.200	39.3000	3.65944E-5 	
-125.000	39.2000	7.25431E-5 	
-124.900	39.2000	1.61733E-4 	
-124.800	39.2000	3.42582E-4 	
-124.700	39.2000	6.87755E-4 	
-124.600	39.2000	0.00134849 	
-124.500	39.2000	0.00245923 	
-124.400	39.2000	0.00430472 	
-124.300	39.2000	0.0071356 	
-124.200	39.2000	0.0112919 	
-124.100	39.2000	0.0170963 	
-124.000	39.2000	0.0248375 	
-123.900	39.2000	0.0347396 	
-123.800	39.2000	0.0469324 	
-123.700	39.2000	0.0614341 	
-123.600	39.2000	0.0780836 	
-123.500	39.2000	0.096461 	
-123.400	39.2000	0.115751 	
-123.300	39.2000	0.134663 	
-123.200	39.2000	0.151447 	
-123.100	39.2000	0.16408 	
-123.000	39.2000	0.170655 	
-122.900	39.2000	0.169842 	
-122.800	39.2000	0.161299 	
-122.700	39.2000	0.14584 	
-122.600	39.2000	0.125313 	
-122.500	39.2000	0.102183 	
-122.400	39.2000	0.0789859 	
-122.300	39.2000	0.0578251 	
-122.200	39.2000	0.040069 	
-122.100	39.2000	0.0262676 	
-122.000	39.2000	0.016284 	
-121.900	39.2000	0.00954275 	
-121.800	39.2000	0.00527679 	
-121.700	39.2000	0.00276191 	
-121.600	39.2000	0.0013654 	
-121.500	39.2000	6.37264E-4 	
-121.400	39.2000	2.80845E-4 	
-121.300	39.2000	1.01928E-4 	
-121.200	39.2000	4.06043E-5 	
-125.000	39.1000	4.05594E-5 	
-124.900	39.1000	9.20344E-5 	
-124.800	39.1000	1.98014E-4 	
-124.700	39.1000	4.03238E-4 	
-124.600	39.1000	8.18481E-4 	
-124.500	39.1000	0.00152068 	
-124.400	39.1000	0.00273022 	
-124.300	39.1000	0.00463326 	
-124.200	39.1000	0.00752896 	
-124.100	39.1000	0.011749 	
-124.000	39.1000	0.017666 	
-123.900	39.1000	0.0256773 	
-123.800	39.1000	0.0361675 	
-123.700	39.1000	0.0494506 	
-123.600	39.1000	0.0656405 	
-123.500	39.1000	0.0844967 	
-123.400	39.1000	0.105228 	
-123.300	39.1000	0.126395 	
-123.200	39.1000	0.145941 	
-123.100	39.1000	0.161455 	
-123.000	39.1000	0.170647 	
-122.900	39.1000	0.171889 	
-122.800	39.1000	0.164682 	
-122.700	39.1000	0.149831 	
-122.600	39.1000	0.129298 	
-122.500	39.1000	0.105736 	
-122.400	39.1000	0.0818794 	
-122.300	39.1000	0.0600037 	
-122.200	39.1000	0.0415959 	
-122.100	39.1000	0.0272681 	
-122.000	39.1000	0.0168981 	
-121.900	39.1000	0.00989653 	
-121.800	39.1000	0.00547096 	
-121.700	39.1000	0.00286021 	
-121.600	39.1000	0.00141222 	
-121.500	39.1000	6.58326E-4 	
-121.400	39.1000	2.89709E-4 	
-121.300	39.1000	1.04844E-4 	
-121.200	39.1000	4.17043E-5 	
-125.000	39.0000	2.1403E-5 	
-124.900	39.0000	4.92283E-5 	
-124.800	39.0000	1.07167E-4 	
-124.700	39.0000	2.20536E-4 	
-124.600	39.0000	4.67926E-4 	
-124.500	39.0000	8.86329E-4 	
-124.400	39.0000	0.00163995 	
-124.300	39.0000	0.00286044 	
-124.200	39.0000	0.00479683 	
-124.100	39.0000	0.00775746 	
-124.000	39.0000	0.012134 	
-123.900	39.0000	0.0183959 	
-123.800	39.0000	0.0270527 	
-123.700	39.0000	0.0385757 	
-123.600	39.0000	0.0532411 	
-123.500	39.0000	0.0709404 	
-123.400	39.0000	0.0909627 	
-123.300	39.0000	0.111887 	
-123.200	39.0000	0.13163 	
-123.100	39.0000	0.147723 	
-123.000	39.0000	0.157813 	
-122.900	39.0000	0.160211 	
-122.800	39.0000	0.154357 	
-122.700	39.0000	0.140989 	
-122.600	39.0000	0.121993 	
-122.500	39.0000	0.0999346 	
-122.400	39.0000	0.0774667 	
-122.300	39.0000	0.0567991 	
-122.200	39.0000	0.0393793 	
-122.100	39.0000	0.0258106 	
-122.000	39.0000	0.0159884 	
-121.900	39.0000	0.00935818 	
-121.800	39.0000	0.00517126 	
-121.700	39.0000	0.00270085 	
-121.600	39.0000	0.00133211 	
-121.500	39.0000	6.20293E-4 	
-121.400	39.0000	2.7263E-4 	
-121.300	39.0000	9.85045E-5 	
-121.200	39.0000	3.91288E-5 	
-125.000	38.9000	1.05444E-5 	
-124.900	38.9000	2.44934E-5 	
-124.800	38.9000	5.37738E-5 	
-124.700	38.9000	1.11486E-4 	
-124.600	38.9000	2.51551E-4 	
-124.500	38.9000	4.87203E-4 	
-124.400	38.9000	9.35977E-4 	
-124.300	38.9000	0.00168716 	
-124.200	38.9000	0.0029359 	
-124.100	38.9000	0.00494316 	
-124.000	38.9000	0.00806489 	
-123.900	38.9000	0.0127536 	
-123.800	38.9000	0.0195238 	
-123.700	38.9000	0.0288745 	
-123.600	38.9000	0.0411335 	
-123.500	38.9000	0.0562732 	
-123.400	38.9000	0.0737035 	
-123.300	38.9000	0.0921729 	
-123.200	38.9000	0.109816 	
-123.100	38.9000	0.12441 	
-123.000	38.9000	0.133828 	
-122.900	38.9000	0.136539 	
-122.800	38.9000	0.132011 	
-122.700	38.9000	0.120869 	
-122.600	38.9000	0.10475 	
-122.500	38.9000	0.0858935 	
-122.400	38.9000	0.0666171 	
-122.300	38.9000	0.0488528 	
-122.200	38.9000	0.0338669 	
-122.100	38.9000	0.0221909 	
-122.000	38.9000	0.0137396 	
-121.900	38.9000	0.00803699 	
-121.800	38.9000	0.00443879 	
-121.700	38.9000	0.00231617 	
-121.600	38.9000	0.00114123 	
-121.500	38.9000	5.30842E-4 	
-121.400	38.9000	2.33043E-4 	
-121.300	38.9000	8.41047E-5 	
-121.200	38.9000	3.33645E-5 	
-125.000	38.8000	4.80449E-6 	
-124.900	38.8000	1.12389E-5 	
-124.800	38.8000	2.48194E-5 	
-124.700	38.8000	5.17245E-5 	
-124.600	38.8000	1.27494E-4 	
-124.500	38.8000	2.53723E-4 	
-124.400	38.8000	5.10604E-4 	
-124.300	38.8000	9.5623E-4 	
-124.200	38.8000	0.00173336 	
-124.100	38.8000	0.00304306 	
-124.000	38.8000	0.00517183 	
-123.900	38.8000	0.00849566 	
-123.800	38.8000	0.0134531 	
-123.700	38.8000	0.0204785 	
-123.600	38.8000	0.0298722 	
-123.500	38.8000	0.0416454 	
-123.400	38.8000	0.055349 	
-123.300	38.8000	0.0699922 	
-123.200	38.8000	0.0840836 	
-123.100	38.8000	0.0958386 	
-123.000	38.8000	0.103548 	
-122.900	38.8000	0.105976 	
-122.800	38.8000	0.102683 	
-122.700	38.8000	0.0941534 	
-122.600	38.8000	0.0816712 	
-122.500	38.8000	0.0670036 	
-122.400	38.8000	0.0519769 	
-122.300	38.8000	0.038115 	
-122.200	38.8000	0.0264167 	
-122.100	38.8000	0.0173025 	
-122.000	38.8000	0.0107072 	
-121.900	38.8000	0.00625914 	
-121.800	38.8000	0.00345474 	
-121.700	38.8000	0.00180107 	
-121.600	38.8000	8.86567E-4 	
-121.500	38.8000	4.11952E-4 	
-121.400	38.8000	1.80644E-4 	
-121.300	38.8000	6.5131E-5 	
-121.200	38.8000	2.58037E-5 	
-125.000	38.7000	1.93529E-6 	
-124.900	38.7000	4.57846E-6 	
-124.800	38.7000	1.02081E-5 	
-124.700	38.7000	2.14476E-5 	
-124.600	38.7000	6.05482E-5 	
-124.500	38.7000	1.24922E-4 	
-124.400	38.7000	2.66178E-4 	
-124.300	38.7000	5.20421E-4 	
-124.200	38.7000	9.84393E-4 	
-124.100	38.7000	0.00179917 	
-124.000	38.7000	0.00317119 	
-123.900	38.7000	0.00537652 	
-123.800	38.7000	0.00874155 	
-123.700	38.7000	0.0135937 	
-123.600	38.7000	0.0201654 	
-123.500	38.7000	0.0284791 	
-123.400	38.7000	0.0382224 	
-123.300	38.7000	0.0486876 	
-123.200	38.7000	0.0588035 	
-123.100	38.7000	0.0672847 	
-123.000	38.7000	0.0728988 	
-122.900	38.7000	0.0747525 	
-122.800	38.7000	0.0725244 	
-122.700	38.7000	0.0665559 	
-122.600	38.7000	0.0577602 	
-122.500	38.7000	0.0473965 	
-122.400	38.7000	0.0367667 	
-122.300	38.7000	0.026956 	
-122.200	38.7000	0.0186764 	
-122.100	38.7000	0.012227 	
-122.000	38.7000	0.00756205 	
-121.900	38.7000	0.00441758 	
-121.800	38.7000	0.00243658 	
-121.700	38.7000	0.00126915 	
-121.600	38.7000	6.24127E-4 	
-121.500	38.7000	2.89702E-4 	
-121.400	38.7000	1.26893E-4 	
-121.300	38.7000	4.5709E-5 	
-121.200	38.7000	1.80854E-5 	
-125.000	38.6000	7.51259E-7 	
-124.900	38.6000	1.77947E-6 	
-124.800	38.6000	3.97197E-6 	
-124.700	38.6000	8.35396E-6 	
-124.600	38.6000	2.80444E-5 	
-124.500	38.6000	5.99839E-5 	
-124.400	38.6000	1.35177E-4 	
-124.300	38.6000	2.74796E-4 	
-124.200	38.6000	5.3907E-4 	
-124.100	38.6000	0.00101786 	
-124.000	38.6000	0.00184488 	
-123.900	38.6000	0.00320103 	
-123.800	38.6000	0.00530211 	
-123.700	38.6000	0.00836617 	
-123.600	38.6000	0.0125505 	
-123.500	38.6000	0.0178758 	
-123.400	38.6000	0.0241439 	
-123.300	38.6000	0.030899 	
-123.200	38.6000	0.0374468 	
-123.100	38.6000	0.0429536 	
-123.000	38.6000	0.046619 	
-122.900	38.6000	0.047862 	
-122.800	38.6000	0.0464723 	
-122.700	38.6000	0.042668 	
-122.600	38.6000	0.0370377 	
-122.500	38.6000	0.0303931 	
-122.400	38.6000	0.0235735 	
-122.300	38.6000	0.0172786 	
-122.200	38.6000	0.0119668 	
-122.100	38.6000	0.0078305 	
-122.000	38.6000	0.00484009 	
-121.900	38.6000	0.00282552 	
-121.800	38.6000	0.00155732 	
-121.700	38.6000	8.10454E-4 	
-121.600	38.6000	3.98175E-4 	
-121.500	38.6000	1.8463E-4 	
-121.400	38.6000	8.07794E-5 	
-121.300	38.6000	2.90732E-5 	
-121.200	38.6000	1.14883E-5 	
-125.000	38.5000	2.64204E-7 	
-124.900	38.5000	6.26561E-7 	
-124.800	38.5000	1.40012E-6 	
-124.700	38.5000	2.94789E-6 	
-124.600	38.5000	1.24595E-5 	
-124.500	38.5000	2.76806E-5 	
-124.400	38.5000	6.58364E-5 	
-124.300	38.5000	1.38524E-4 	
-124.200	38.5000	2.80061E-4 	
-124.100	38.5000	5.42407E-4 	
-124.000	38.5000	0.00100372 	
-123.900	38.5000	0.00177053 	
-123.800	38.5000	0.00297062 	
-123.700	38.5000	0.00473376 	
-123.600	38.5000	0.00715451 	
-123.500	38.5000	0.0102473 	
-123.400	38.5000	0.013898 	
-123.300	38.5000	0.0178408 	
-123.200	38.5000	0.0216696 	
-123.100	38.5000	0.0248958 	
-123.000	38.5000	0.0270505 	
-122.900	38.5000	0.0277927 	
-122.800	38.5000	0.0269985 	
-122.700	38.5000	0.0247945 	
-122.600	38.5000	0.0215242 	
-122.500	38.5000	0.0176612 	
-122.400	38.5000	0.0136955 	
-122.300	38.5000	0.0100351 	
-122.200	38.5000	0.00694715 	
-122.100	38.5000	0.00454352 	
-122.000	38.5000	0.00280666 	
-121.900	38.5000	0.00163731 	
-121.800	38.5000	9.01748E-4 	
-121.700	38.5000	4.68872E-4 	
-121.600	38.5000	2.30137E-4 	
-121.500	38.5000	1.06601E-4 	
-121.400	38.5000	4.65884E-5 	
-121.300	38.5000	1.67532E-5 	
-121.200	38.5000	6.61143E-6 	
-125.000	38.4000	8.41823E-8 	
-124.900	38.4000	1.99877E-7 	
-124.800	38.4000	4.47161E-7 	
-124.700	38.4000	9.42451E-7 	
-124.600	38.4000	5.31877E-6 	
-124.500	38.4000	1.22463E-5 	
-124.400	38.4000	3.05139E-5 	
-124.300	38.4000	6.60028E-5 	
-124.200	38.4000	1.36537E-4 	
-124.100	38.4000	2.69378E-4 	
-124.000	38.4000	5.0582E-4 	
-123.900	38.4000	9.0241E-4 	
-123.800	38.4000	0.00152725 	
-123.700	38.4000	0.00244976 	
-123.600	38.4000	0.00372081 	
-123.500	38.4000	0.005349 	
-123.400	38.4000	0.00727445 	
-123.300	38.4000	0.00935703 	
-123.200	38.4000	0.0113818 	
-123.100	38.4000	0.0130902 	
-123.000	38.4000	0.0142335 	
-122.900	38.4000	0.014631 	
-122.800	38.4000	0.0142168 	
-122.700	38.4000	0.0130576 	
-122.600	38.4000	0.011335 	
-122.500	38.4000	0.00929928 	
-122.400	38.4000	0.00720933 	
-122.300	38.4000	0.00528066 	
-122.200	38.4000	0.00365404 	
-122.100	38.4000	0.00238853 	
-122.000	38.4000	0.00147454 	
-121.900	38.4000	8.59592E-4 	
-121.800	38.4000	4.73056E-4 	
-121.700	38.4000	2.45754E-4 	
-121.600	38.4000	1.20509E-4 	
-121.500	38.4000	5.57627E-5 	
-121.400	38.4000	2.43429E-5 	
-121.300	38.4000	8.7463E-6 	
-121.200	38.4000	3.44714E-6 	
-125.000	38.3000	2.42996E-8 	
-124.900	38.3000	5.7765E-8 	
-124.800	38.3000	1.29376E-7 	
-124.700	38.3000	2.72954E-7 	
-124.600	38.3000	2.17094E-6 	
-124.500	38.3000	5.15221E-6 	
-124.400	38.3000	1.33156E-5 	
-124.300	38.3000	2.94014E-5 	
-124.200	38.3000	6.18302E-5 	
-124.100	38.3000	1.23571E-4 	
-124.000	38.3000	2.34356E-4 	
-123.900	38.3000	4.21311E-4 	
-123.800	38.3000	7.17168E-4 	
-123.700	38.3000	0.00115541 	
-123.600	38.3000	0.00176071 	
-123.500	38.3000	0.00253744 	
-123.400	38.3000	0.00345724 	
-123.300	38.3000	0.0044531 	
-123.200	38.3000	0.00542212 	
-123.100	38.3000	0.00624044 	
-123.000	38.3000	0.00678877 	
-122.900	38.3000	0.00698052 	
-122.800	38.3000	0.0067839 	
-122.700	38.3000	0.00623096 	
-122.600	38.3000	0.00540843 	
-122.500	38.3000	0.00443628 	
-122.400	38.3000	0.00343827 	
-122.300	38.3000	0.00251748 	
-122.200	38.3000	0.00174122 	
-122.100	38.3000	0.00113755 	
-122.000	38.3000	7.01816E-4 	
-121.900	38.3000	4.08843E-4 	
-121.800	38.3000	2.2482E-4 	
-121.700	38.3000	1.16694E-4 	
-121.600	38.3000	5.71677E-5 	
-121.500	38.3000	2.64257E-5 	
-121.400	38.3000	1.15231E-5 	
-121.300	38.3000	4.13667E-6 	
-121.200	38.3000	1.62826E-6 	
-124.600	38.2000	6.96888E-7 	
-124.500	38.2000	1.77253E-6 	
-124.400	38.2000	4.94235E-6 	
-124.300	38.2000	1.13455E-5 	
-124.200	38.2000	2.45716E-5 	
-124.100	38.2000	5.02049E-5 	
-124.000	38.2000	9.67993E-5 	
-123.900	38.2000	1.76168E-4 	
-123.800	38.2000	3.02623E-4 	
-123.700	38.2000	4.90842E-4 	
-123.600	38.2000	7.51716E-4 	
-123.500	38.2000	0.00108731 	
-123.400	38.2000	0.00148546 	
-123.300	38.2000	0.00191714 	
-123.200	38.2000	0.00233768 	
-123.100	38.2000	0.00269325 	
-123.000	38.2000	0.00293196 	
-122.900	38.2000	0.00301616 	
-122.800	38.2000	0.00293197 	
-122.700	38.2000	0.00269326 	
-122.600	38.2000	0.00233763 	
-122.500	38.2000	0.00191715 	
-122.400	38.2000	0.00148547 	
-122.300	38.2000	0.00108726 	
-122.200	38.2000	7.51677E-4 	
-122.100	38.2000	4.90811E-4 	
-122.000	38.2000	3.02623E-4 	
-121.900	38.2000	1.76168E-4 	
-121.800	38.2000	9.67995E-5 	
-121.700	38.2000	5.02002E-5 	
-121.600	38.2000	2.45694E-5 	
-121.500	38.2000	1.13455E-5 	
-121.400	38.2000	4.94178E-6 	
-121.300	38.2000	1.77253E-6 	
-121.200	38.2000	6.96794E-7 	
-124.600	38.1000	2.70179E-7 	
-124.500	38.1000	6.88074E-7 	
-124.400	38.1000	1.92024E-6 	
-124.300	38.1000	4.41291E-6 	
-124.200	38.1000	9.5672E-6 	
-124.100	38.1000	1.95663E-5 	
-124.000	38.1000	3.77582E-5 	
-123.900	38.1000	6.87721E-5 	
-123.800	38.1000	1.18221E-4 	
-123.700	38.1000	1.91873E-4 	
-123.600	38.1000	2.94011E-4 	
-123.500	38.1000	4.25477E-4 	
-123.400	38.1000	5.81515E-4 	
-123.300	38.1000	7.50748E-4 	
-123.200	38.1000	9.1567E-4 	
-123.100	38.1000	0.00105514 	
-123.000	38.1000	0.00114879 	
-122.900	38.1000	0.00118182 	
-122.800	38.1000	0.00114879 	
-122.700	38.1000	0.00105514 	
-122.600	38.1000	9.15652E-4 	
-122.500	38.1000	7.50752E-4 	
-122.400	38.1000	5.81517E-4 	
-122.300	38.1000	4.25458E-4 	
-122.200	38.1000	2.93996E-4 	
-122.100	38.1000	1.91861E-4 	
-122.000	38.1000	1.18221E-4 	
-121.900	38.1000	6.87721E-5 	
-121.800	38.1000	3.77582E-5 	
-121.700	38.1000	1.95644E-5 	
-121.600	38.1000	9.56634E-6 	
-121.500	38.1000	4.41291E-6 	
-121.400	38.1000	1.92001E-6 	
-121.300	38.1000	6.88074E-7 	
-121.200	38.1000	2.70143E-7 	
-124.600	38.0000	9.48957E-8 	
-124.500	38.0000	2.4199E-7 	
-124.400	38.0000	6.75908E-7 	
-124.300	38.0000	1.55503E-6 	
-124.200	38.0000	3.37478E-6 	
-124.100	38.0000	6.90842E-6 	
-124.000	38.0000	1.33433E-5 	
-123.900	38.0000	2.4322E-5 	
-123.800	38.0000	4.18403E-5 	
-123.700	38.0000	6.79492E-5 	
-123.600	38.0000	1.04179E-4 	
-123.500	38.0000	1.50835E-4 	
-123.400	38.0000	2.06237E-4 	
-123.300	38.0000	2.66346E-4 	
-123.200	38.0000	3.24937E-4 	
-123.100	38.0000	3.74498E-4 	
-123.000	38.0000	4.07779E-4 	
-122.900	38.0000	4.19522E-4 	
-122.800	38.0000	4.0778E-4 	
-122.700	38.0000	3.74499E-4 	
-122.600	38.0000	3.24931E-4 	
-122.500	38.0000	2.66347E-4 	
-122.400	38.0000	2.06238E-4 	
-122.300	38.0000	1.50829E-4 	
-122.200	38.0000	1.04174E-4 	
-122.100	38.0000	6.7945E-5 	
-122.000	38.0000	4.18404E-5 	
-121.900	38.0000	2.43221E-5 	
-121.800	38.0000	1.33433E-5 	
-121.700	38.0000	6.90778E-6 	
-121.600	38.0000	3.37448E-6 	
-121.500	38.0000	1.55504E-6 	
-121.400	38.0000	6.75828E-7 	
-121.300	38.0000	2.41991E-7 	
-121.200	38.0000	9.48829E-8 	
-124.600	37.9000	3.01979E-8 	
-124.500	37.9000	7.71059E-8 	
-124.400	37.9000	2.1555E-7 	
-124.300	37.9000	4.96456E-7 	
-124.200	37.9000	1.07853E-6 	
-124.100	37.9000	2.20995E-6 	
-124.000	37.9000	4.27204E-6 	
-123.900	37.9000	7.79327E-6 	
-123.800	37.9000	1.34159E-5 	
-123.700	37.9000	2.18015E-5 	
-123.600	37.9000	3.34447E-5 	
-123.500	37.9000	4.84457E-5 	
-123.400	37.9000	6.62664E-5 	
-123.300	37.9000	8.56082E-5 	
-123.200	37.9000	1.04468E-4 	
-123.100	37.9000	1.20423E-4 	
-123.000	37.9000	1.3114E-4 	
-122.900	37.9000	1.34921E-4 	
-122.800	37.9000	1.31141E-4 	
-122.700	37.9000	1.20424E-4 	
-122.600	37.9000	1.04466E-4 	
-122.500	37.9000	8.56086E-5 	
-122.400	37.9000	6.62666E-5 	
-122.300	37.9000	4.84436E-5 	
-122.200	37.9000	3.3443E-5 	
-122.100	37.9000	2.18002E-5 	
-122.000	37.9000	1.34159E-5 	
-121.900	37.9000	7.79328E-6 	
-121.800	37.9000	4.27205E-6 	
-121.700	37.9000	2.20975E-6 	
-121.600	37.9000	1.07844E-6 	
-121.500	37.9000	4.96457E-7 	
-121.400	37.9000	2.15525E-7 	
-121.300	37.9000	7.7106E-8 	
-121.200	37.9000	3.0194E-8 	
-124.600	37.8000	8.70529E-9 	
-124.500	37.8000	2.22564E-8 	
-124.400	37.8000	6.22698E-8 	
-124.300	37.8000	1.43581E-7 	
-124.200	37.8000	3.12242E-7 	
-124.100	37.8000	6.40402E-7 	
-124.000	37.8000	1.23903E-6 	
-123.900	37.8000	2.26209E-6 	
-123.800	37.8000	3.89691E-6 	
-123.700	37.8000	6.33668E-6 	
-123.600	37.8000	9.72614E-6 	
-123.500	37.8000	1.40955E-5 	
-123.400	37.8000	1.92882E-5 	
-123.300	37.8000	2.49261E-5 	
-123.200	37.8000	3.04254E-5 	
-123.100	37.8000	3.50784E-5 	
-123.000	37.8000	3.82045E-5 	
-122.900	37.8000	3.93074E-5 	
-122.800	37.8000	3.82046E-5 	
-122.700	37.8000	3.50785E-5 	
-122.600	37.8000	3.04247E-5 	
-122.500	37.8000	2.49262E-5 	
-122.400	37.8000	1.92883E-5 	
-122.300	37.8000	1.40948E-5 	
-122.200	37.8000	9.72565E-6 	
-122.100	37.8000	6.33629E-6 	
-122.000	37.8000	3.89692E-6 	
-121.900	37.8000	2.2621E-6 	
-121.800	37.8000	1.23903E-6 	
-121.700	37.8000	6.40343E-7 	
-121.600	37.8000	3.12216E-7 	
-121.500	37.8000	1.43582E-7 	
-121.400	37.8000	6.22624E-8 	
-121.300	37.8000	2.22564E-8 	
-121.200	37.8000	8.70412E-9 	
