0.9 5.0 6.0 .1 3.   
2 0 0
137.5
-122.000	37.2000	1.24078 	
-121.900	37.2000	3.42824 	
-121.800	37.2000	4.42779 	
-121.700	37.2000	3.62995 	
-121.600	37.2000	1.91978 	
-121.500	37.2000	0.633737 	
-121.400	37.2000	0.112945 	
-121.300	37.2000	0.00962683 	
-121.200	37.2000	3.65062E-4 	
-121.100	37.2000	5.87133E-6 	
-122.000	37.1000	3.48471 	
-121.900	37.1000	10.7464 	
-121.800	37.1000	14.3475 	
-121.700	37.1000	12.0337 	
-121.600	37.1000	8.98854 	
-121.500	37.1000	5.50559 	
-121.400	37.1000	2.21361 	
-121.300	37.1000	0.452201 	
-121.200	37.1000	0.041719 	
-121.100	37.1000	0.00164345 	
-121.000	37.1000	1.73151E-5 	
-122.000	37.0000	1.00356 	
-121.900	37.0000	5.76443 	
-121.800	37.0000	16.472 	
-121.700	37.0000	23.0245 	
-121.600	37.0000	19.8334 	
-121.500	37.0000	14.0383 	
-121.400	37.0000	8.75349 	
-121.300	37.0000	3.72371 	
-121.200	37.0000	0.807866 	
-121.100	37.0000	0.0777133 	
-121.000	37.0000	0.00243577 	
-120.900	37.0000	1.13509E-5 	
-122.000	36.9000	0.095686 	
-121.900	36.9000	1.1998 	
-121.800	36.9000	6.52833 	
-121.700	36.9000	19.3857 	
-121.600	36.9000	31.8294 	
-121.500	36.9000	29.0404 	
-121.400	36.9000	19.1536 	
-121.300	36.9000	11.1154 	
-121.200	36.9000	4.78574 	
-121.100	36.9000	1.0743 	
-121.000	36.9000	0.0916691 	
-120.900	36.9000	0.00148652 	
-120.800	36.9000	5.57996E-6 	
-122.000	36.8000	0.00291578 	
-121.900	36.8000	0.0912232 	
-121.800	36.8000	1.67356 	
-121.700	36.8000	8.39421 	
-121.600	36.8000	24.4045 	
-121.500	36.8000	43.2723 	
-121.400	36.8000	42.645 	
-121.300	36.8000	26.3399 	
-121.200	36.8000	12.8188 	
-121.100	36.8000	5.07118 	
-121.000	36.8000	1.06712 	
-120.900	36.8000	0.0506952 	
-120.800	36.8000	5.74824E-4 	
-122.000	36.7000	2.80321E-5 	
-121.900	36.7000	0.00233292 	
-121.800	36.7000	0.253518 	
-121.700	36.7000	1.85077 	
-121.600	36.7000	8.78968 	
-121.500	36.7000	25.3631 	
-121.400	36.7000	42.3919 	
-121.300	36.7000	41.8087 	
-121.200	36.7000	24.9548 	
-121.100	36.7000	12.2834 	
-121.000	36.7000	5.43345 	
-120.900	36.7000	1.01168 	
-120.800	36.7000	0.114469 	
-120.700	36.7000	0.00878886 	
-120.600	36.7000	3.38308E-4 	
-120.500	36.7000	5.39182E-6 	
-121.900	36.6000	5.51414E-6 	
-121.800	36.6000	0.0187597 	
-121.700	36.6000	0.21372 	
-121.600	36.6000	1.42342 	
-121.500	36.6000	6.44854 	
-121.400	36.6000	17.2174 	
-121.300	36.6000	31.0146 	
-121.200	36.6000	34.1393 	
-121.100	36.6000	21.4665 	
-121.000	36.6000	9.3602 	
-120.900	36.6000	3.56145 	
-120.800	36.6000	0.78084 	
-120.700	36.6000	0.130915 	
-120.600	36.6000	0.0131353 	
-120.500	36.6000	5.48936E-4 	
-121.800	36.5000	5.5887E-4 	
-121.700	36.5000	0.0143345 	
-121.600	36.5000	0.178672 	
-121.500	36.5000	1.28874 	
-121.400	36.5000	4.79793 	
-121.300	36.5000	12.1967 	
-121.200	36.5000	22.2231 	
-121.100	36.5000	26.3494 	
-121.000	36.5000	18.0743 	
-120.900	36.5000	6.92312 	
-120.800	36.5000	2.69409 	
-120.700	36.5000	0.739232 	
-120.600	36.5000	0.170884 	
-120.500	36.5000	0.0181479 	
-120.400	36.5000	5.21616E-6 	
-121.800	36.4000	5.33462E-6 	
-121.700	36.4000	3.45198E-4 	
-121.600	36.4000	0.00998186 	
-121.500	36.4000	0.146229 	
-121.400	36.4000	0.982495 	
-121.300	36.4000	4.24413 	
-121.200	36.4000	9.2547 	
-121.100	36.4000	14.3409 	
-121.000	36.4000	16.5101 	
-120.900	36.4000	11.897 	
-120.800	36.4000	4.1142 	
-120.700	36.4000	1.80717 	
-120.600	36.4000	0.765988 	
-120.500	36.4000	0.197287 	
-120.400	36.4000	5.35025E-4 	
-121.600	36.3000	5.24545E-6 	
-121.500	36.3000	8.86128E-4 	
-121.400	36.3000	0.0224077 	
-121.300	36.3000	0.427848 	
-121.200	36.3000	2.4079 	
-121.100	36.3000	4.36861 	
-121.000	36.3000	4.42806 	
-120.900	36.3000	3.4433 	
-120.800	36.3000	2.92249 	
-120.700	36.3000	2.59186 	
-120.600	36.3000	1.40323 	
-120.500	36.3000	0.768831 	
-120.400	36.3000	0.0174939 	
-121.500	36.2000	5.15411E-6 	
-121.400	36.2000	3.28604E-4 	
-121.300	36.2000	0.0263922 	
-121.200	36.2000	0.441157 	
-121.100	36.2000	1.67415 	
-121.000	36.2000	2.65234 	
-120.900	36.2000	2.98116 	
-120.800	36.2000	9.32304 	
-120.700	36.2000	10.9556 	
-120.600	36.2000	6.23352 	
-120.500	36.2000	1.79191 	
-120.400	36.2000	0.286932 	
-120.300	36.2000	0.0039003 	
-120.200	36.2000	5.95266E-5 	
-121.300	36.1000	5.30214E-4 	
-121.200	36.1000	0.0304224 	
-121.100	36.1000	0.289959 	
-121.000	36.1000	1.14302 	
-120.900	36.1000	2.22592 	
-120.800	36.1000	5.33639 	
-120.700	36.1000	10.6817 	
-120.600	36.1000	12.8461 	
-120.500	36.1000	7.55844 	
-120.400	36.1000	2.18672 	
-120.300	36.1000	0.154289 	
-120.200	36.1000	0.00618015 	
-121.300	36.0000	4.98562E-6 	
-121.200	36.0000	8.46718E-4 	
-121.100	36.0000	0.0214309 	
-121.000	36.0000	0.224084 	
-120.900	36.0000	0.999664 	
-120.800	36.0000	2.4192 	
-120.700	36.0000	5.01463 	
-120.600	36.0000	10.29546 	
-120.500	36.0000	13.1553 	
-120.400	36.0000	7.74703 	
-120.300	36.0000	1.95813 	
-120.200	36.0000	0.204665 	
-121.200	35.9000	4.90587E-6 	
-121.100	35.9000	3.20263E-4 	
-121.000	35.9000	0.00861709 	
-120.900	35.9000	0.0962474 	
-120.800	35.9000	0.48013 	
-120.700	35.9000	1.3686 	
-120.600	35.9000	3.82677 	
-120.500	35.9000	9.19261 	
-120.400	35.9000	12.8004 	
-120.300	35.9000	8.11384 	
-120.200	35.9000	2.16868 	
-120.900	35.8000	9.64805E-6 	
-120.800	35.8000	0.00120289 	
-120.700	35.8000	0.0336356 	
-120.600	35.8000	0.422219 	
-120.500	35.8000	2.54372 	
-120.400	35.8000	7.6982 	
-120.300	35.8000	11.4355 	
-120.200	35.8000	7.40682 	
-120.800	35.7000	4.74282E-6 	
-120.700	35.7000	3.14893E-4 	
-120.600	35.7000	0.00856863 	
-120.500	35.7000	0.0953958 	
-120.400	35.7000	0.433249 	
-120.300	35.7000	0.800949 	
-120.200	35.7000	0.601238 	
