0
24.6 50. 0.05    Seattle fault char and gr, dip 45 d
-125. -100. 0.05
760 2
1. 200.
3
0. 1. 0. PGA
0.375 0.210 0.245
0.230 0.225 0.23
0.400 0.360 0.31
NGA/SeattleFZ.pga
19
 .005 .007 .0098 .0137 .0192 .0269 .0376 .0527 .0738 .103 .145 .203 .284 .397 .556 .778 1.09 1.52 2.13   
3
13 0.333 1000. 0.00 0 BA07
14 0.333 1000. 0.00 0 CB07
15 0.334 1000. 0.00 0 CY11/07
0.20 1. 0. PSA
0.375 0.210 0.245
0.230 0.225 0.23
0.400 0.360 0.31
NGA/SeattleFZ.5hz
19
.005 .0075 .0113 .0169 .0253 .0380 .0570 .0854 .128 .192 .288 .432 .649 .973 1.46 2.19 3.28 4.92 7.38
3
13 0.333 1000. 0.00 0 BA07
14 0.333 1000. 0.00 0 CB07
15 0.334 1000. 0.00 0 CY11/07
1.00 1. 0. PSA
0.375 0.210 0.245
0.230 0.225 0.23
0.400 0.360 0.31
NGA/SeattleFZ.1hz
20
.0025 .00375 .00563 .00844 .0127 .0190 .0285 .0427 .0641 .0961 .144 .216 .324 .487 .730 1.09 1.64 2.46 3.69 5.54
3
13 0.333 1000. 0.00 0 BA07
14 0.333 1000. 0.00 0 CB07
15 0.334 1000. 0.00 0 CY11/07
1. 1.
3
-.2 0. .2
.2 .6 .2
.12 5
   2  2  1  570s  'Seattle fault zone                         
     1.16   0.800000    6.50000    7.10000    1.00000E-01 1.0	!1-wt for run
     45.0000    21.2132  0.    55.6578
   14
      47.55468     -122.83775
      47.55914     -122.76653
      47.57049     -122.75823
      47.55848     -122.68445
      47.56104     -122.63577
      47.55732     -122.53688
      47.54517     -122.40593
      47.51861     -122.34637
      47.51644     -122.33403
      47.51837     -122.29825
      47.53182     -122.26525
      47.53767     -122.23296
      47.53329     -122.20190
      47.51413     -122.13624
   2  2  1  570m  'Seattle fault zone                         
     1.11   0.800000    6.50000    7.20000    1.00000E-01 1.0	!1-wt for run
     45.0000    21.2132  0.    64.2915
   12
      47.59231     -122.83975
      47.59931     -122.78531
      47.60292     -122.68174
      47.59384     -122.49931
      47.58866     -122.44908
      47.56135     -122.43532
      47.55725     -122.37994
      47.55548     -122.22049
      47.53124     -122.12252
      47.52741     -122.08935
      47.52781     -122.04664
      47.53319     -122.02247
   2  2  1  570n  'Seattle fault zone                         
     1.15   0.800000    6.50000    7.20000    1.00000E-01 1.0	!1-wt for run
     45.0000    21.2132  0.    70.8763
   15
      47.59327     -122.86139
      47.60415     -122.80168
      47.60928     -122.69327
      47.62177     -122.59585
      47.60498     -122.46463
      47.58404     -122.43938
      47.58278     -122.40179
      47.57425     -122.34623
      47.57787     -122.30441
      47.57270     -122.26027
      47.58423     -122.16961
      47.58031     -122.03445
      47.58937     -121.98685
      47.58788     -121.96100
      47.58305     -121.94521
   1  2  1  570n  'Seattle fault zone Northern Trace                       
     7.20000    2.0e-4 1.0	!1wt for now   
     45.0000    21.2132  0.    70.8763
   15
      47.59327     -122.86139
      47.60415     -122.80168
      47.60928     -122.69327
      47.62177     -122.59585
      47.60498     -122.46463
      47.58404     -122.43938
      47.58278     -122.40179
      47.57425     -122.34623
      47.57787     -122.30441
      47.57270     -122.26027
      47.58423     -122.16961
      47.58031     -122.03445
      47.58937     -121.98685
      47.58788     -121.96100
      47.58305     -121.94521
