#FaultID	MinisectionID	StartLat	StartLon	EndLat	EndLon	Rake	SlipRate(mm/y)	StdDev
7500	1	19.61053	-67.9235	19.612803	-67.90615	90.0	0.8771351006101323	0.08771351006101323
7500	2	19.612803	-67.90615	19.618523	-67.86193	90.0	0.8137589477759103	0.08137589477759102
7500	3	19.618523	-67.86193	19.621618	-67.82077	90.0	0.7261489743589344	0.07261489743589344
7500	4	19.621618	-67.82077	19.62523	-67.77952	90.0	0.6418032935050089	0.0641803293505009
7500	5	19.62523	-67.77952	19.629671	-67.72759	90.0	0.5463923914899322	0.0546392391489932
7500	6	19.629671	-67.72759	19.633121	-67.687904	90.0	0.4525812134083922	0.0452581213408392
7500	7	19.633121	-67.687904	19.634813	-67.667404	90.0	0.39094075731574773	0.03909407573157475
7500	8	19.634813	-67.667404	19.634848	-67.62808	90.0	0.3298240060225355	0.03298240060225355
7500	9	19.634848	-67.62808	19.635422	-67.588394	90.0	0.24922945480914138	0.02492294548091417
7500	10	19.635422	-67.588394	19.636572	-67.55848	90.0	0.17823365087831178	0.017823365087831194
7500	11	19.636572	-67.55848	19.636293	-67.53245	90.0	0.12116370356878114	0.012116370356878126
7500	12	19.636293	-67.53245	19.639448	-67.49406	90.0	0.05532817629900477	0.005532817629900488
7500	13	19.639448	-67.49406	19.643965	-67.4583	90.0	0.03	0.003
7500	14	19.643965	-67.4583	19.645777	-67.42216	90.0	0.030341169936831693	0.0030341169936831695
7500	15	19.645777	-67.42216	19.648077	-67.37844	90.0	0.030854337585741843	0.0030854337585741846
7500	16	19.648077	-67.37844	19.649078	-67.34835	90.0	0.03132845551085168	0.003132845551085168
7500	17	19.649078	-67.34835	19.652678	-67.30136	90.0	0.03182440971735021	0.0031824409717350214
7500	18	19.652678	-67.30136	19.65498	-67.2611	90.0	0.03238609471341665	0.003238609471341665
7500	19	19.65498	-67.2611	19.65675	-67.243515	90.0	0.03275847522967242	0.003275847522967242
7500	20	19.65675	-67.243515	19.65728	-67.217384	90.0	0.033039625066135295	0.00330396250661353
7500	21	19.65728	-67.217384	19.659306	-67.18726	90.0	0.033400948126566916	0.003340094812656692
7500	22	19.659306	-67.18726	19.663607	-67.15756	90.0	0.03378735312638743	0.0033787353126387425
7500	23	19.663607	-67.15756	19.671085	-67.09832	90.0	0.034363418397719815	0.0034363418397719814
7500	24	19.671085	-67.09832	19.675533	-67.07915	90.0	0.03487338900009805	0.003487338900009805
7500	25	19.675533	-67.07915	19.680809	-67.04394	90.0	0.03522867685355756	0.0035228676853557555
7500	26	19.680809	-67.04394	19.686604	-67.0084	90.0	0.03568879389480664	0.0035688793894806644
7500	27	19.686604	-67.0084	19.68999	-66.98271	90.0	0.03608659971784438	0.003608659971784438
7500	28	19.68999	-66.98271	19.695488	-66.950455	90.0	0.036463171153279614	0.003646317115327961
7500	29	19.695488	-66.950455	19.702055	-66.91183	90.0	0.036925056588842355	0.003692505658884236
7500	30	19.702055	-66.91183	19.70669	-66.88015	90.0	0.037382260301940036	0.003738226030194004
7500	31	19.70669	-66.88015	19.710445	-66.86253	90.0	0.037703595455112336	0.0037703595455112334
7500	32	19.710445	-66.86253	19.714417	-66.82839	90.0	0.03803997523872135	0.003803997523872135
7500	33	19.714417	-66.82839	19.718279	-66.798256	90.0	0.03845549012624284	0.0038455490126242838
7500	34	19.718279	-66.798256	19.722528	-66.76929	90.0	0.038838475145403235	0.0038838475145403237
7500	35	19.722528	-66.76929	19.725618	-66.7407	90.0	0.039210991466092124	0.003921099146609212
7500	36	19.725618	-66.7407	19.729095	-66.71057	90.0	0.039590082561976235	0.003959008256197624
7500	37	19.729095	-66.71057	19.733458	-66.68099	90.0	0.03997660469541574	0.003997660469541574
7500	38	19.733458	-66.68099	19.737593	-66.64529	90.0	0.03974937415886442	0.003974937415886442
7500	39	19.737593	-66.64529	19.741842	-66.61091	90.0	0.039281858197298125	0.0039281858197298125
7500	40	19.741842	-66.61091	19.746092	-66.57228	90.0	0.038795051774707975	0.0038795051774707973
7500	41	19.746092	-66.57228	19.750727	-66.532875	90.0	0.03827499122490347	0.003827499122490347
7500	42	19.750727	-66.532875	19.754591	-66.50082	90.0	0.03779840568594781	0.0037798405685947815
7500	43	19.754591	-66.50082	19.758066	-66.46914	90.0	0.03737355296970819	0.0037373552969708194
7500	44	19.758066	-66.46914	19.761158	-66.43592	90.0	0.03694170527075753	0.0036941705270757534
7500	45	19.761158	-66.43592	19.76502	-66.40772	90.0	0.03653232050553707	0.0036532320505537072
7500	46	19.76502	-66.40772	19.771973	-66.36407	90.0	0.03605091176796713	0.0036050911767967135
7500	47	19.771973	-66.36407	19.778927	-66.31887	90.0	0.03545508141680541	0.003545508141680541
7500	48	19.778927	-66.31887	19.779936	-66.30743	90.0	0.03507606566204335	0.0035076065662043346
7500	49	19.779936	-66.30743	19.787153	-66.26677	90.0	0.03472632839398448	0.003472632839398448
7500	50	19.787153	-66.26677	19.800316	-66.20967	90.0	0.0340637876485683	0.0034063787648568305
7500	51	19.800316	-66.20967	19.811638	-66.1566	90.0	0.033314996488731055	0.0033314996488731053
7500	52	19.811638	-66.1566	19.824375	-66.09999	90.0	0.03256992143107011	0.0032569921431070117
7500	53	19.824375	-66.09999	19.834282	-66.05612	90.0	0.031886400010189914	0.0031886400010189913
7500	54	19.834282	-66.05612	19.84702	-65.99456	90.0	0.03117105205582516	0.0031171052055825165
7500	55	19.84702	-65.99456	19.854055	-65.96781	90.0	0.030570408140754745	0.0030570408140754746
7500	56	19.854055	-65.96781	19.8684	-65.93433	90.0	0.030143359821150663	0.0030143359821150663
7500	57	19.8684	-65.93433	19.880983	-65.86507	90.0	0.031699313399702014	0.0031699313399702017
7500	58	19.880983	-65.86507	19.893013	-65.80987	90.0	0.03422243574274352	0.003422243574274352
7500	59	19.893013	-65.80987	19.901505	-65.76034	90.0	0.036345974084851435	0.003634597408485143
7500	60	19.901505	-65.76034	19.90575	-65.72071	90.0	0.03813649252852552	0.003813649252852552
7500	61	19.90575	-65.72071	19.90905	-65.70479	90.0	0.03925071097891421	0.003925071097891421
7500	62	19.90905	-65.70479	19.909288	-65.67047	90.0	0.04025520084090065	0.004025520084090066
7500	63	19.909288	-65.67047	19.909885	-65.64033	90.0	0.04153422902163009	0.00415342290216301
7500	64	19.909885	-65.64033	19.907166	-65.592636	90.0	0.043079669517596064	0.004307966951759607
7500	65	19.907166	-65.592636	19.90437	-65.56828	90.0	0.044513607375805876	0.004451360737580588
7500	66	19.90437	-65.56828	19.901987	-65.52981	90.0	0.045764622745728414	0.004576462274572842
7500	67	19.901987	-65.52981	19.900227	-65.48974	90.0	0.047324707858633505	0.004732470785863351
7500	68	19.900227	-65.48974	19.898905	-65.44923	90.0	0.048924134534695116	0.004892413453469512
7500	69	19.898905	-65.44923	19.896263	-65.40696	90.0	0.050568383181428464	0.005056838318142846
7500	70	19.896263	-65.40696	19.894503	-65.37261	90.0	0.05209078354968158	0.005209078354968158
7500	71	19.894503	-65.37261	19.89274	-65.334305	90.0	0.05353352331469765	0.005353352331469765
7500	72	19.89274	-65.334305	19.89098	-65.3048	90.0	0.05488041942109874	0.0054880419421098735
7500	73	19.89098	-65.3048	19.890234	-65.28407	90.0	0.055878425057602196	0.005587842505760221
7500	74	19.890234	-65.28407	19.886135	-65.25725	90.0	0.05682935575355379	0.005682935575355379
7500	75	19.886135	-65.25725	19.880411	-65.22598	90.0	0.05800032817544095	0.005800032817544095
7500	76	19.880411	-65.22598	19.874247	-65.18987	90.0	0.05935992269242997	0.005935992269242997
7500	77	19.874247	-65.18987	19.868523	-65.15861	90.0	0.06	0.006
7500	78	19.868523	-65.15861	19.86368	-65.129105	90.0	0.06	0.006
7500	79	19.86368	-65.129105	19.859716	-65.10489	90.0	0.06	0.006
7500	80	19.859716	-65.10489	19.858837	-65.099846	90.0	0.06	0.006
7500	81	19.858837	-65.099846	19.856634	-65.06482	90.0	0.06	0.006
7500	82	19.856634	-65.06482	19.85267	-65.017265	90.0	0.06046652505712604	0.006046652505712604
7500	83	19.85267	-65.017265	19.851349	-64.9882	90.0	0.061432933498369424	0.006143293349836943
7500	84	19.851349	-64.9882	19.848707	-64.95297	90.0	0.06224329530221985	0.006224329530221985
7500	85	19.848707	-64.95297	19.847397	-64.93396	90.0	0.06292749447442522	0.006292749447442522
7500	86	19.847397	-64.93396	19.846506	-64.89221	90.0	0.06369253278053658	0.006369253278053657
7500	87	19.846506	-64.89221	19.846066	-64.86667	90.0	0.06453905099828514	0.006453905099828513
7500	88	19.846066	-64.86667	19.845184	-64.837166	90.0	0.06523156839897706	0.006523156839897707
7500	89	19.845184	-64.837166	19.844305	-64.80062	90.0	0.06606262805731682	0.006606262805731682
7500	90	19.844305	-64.80062	19.844427	-64.78988	90.0	0.06665754714687955	0.006665754714687955
7500	91	19.844427	-64.78988	19.844305	-64.76011	90.0	0.06716705220215338	0.006716705220215339
7500	92	19.844305	-64.76011	19.845184	-64.724884	90.0	0.06798478764525656	0.0067984787645256565
7500	93	19.845184	-64.724884	19.845913	-64.69184	90.0	0.06884384447216559	0.006884384447216558
7500	94	19.845913	-64.69184	19.846508	-64.66241	90.0	0.06962977483797225	0.006962977483797226
7500	95	19.846508	-64.66241	19.847397	-64.62054	90.0	0.07052670417262472	0.0070526704172624724
7500	96	19.847397	-64.62054	19.840395	-64.55466	90.0	0.07188724072133625	0.007188724072133624
7500	97	19.840395	-64.55466	19.833384	-64.484535	90.0	0.07360800881806011	0.007360800881806011
7500	98	19.833384	-64.484535	19.828318	-64.421425	90.0	0.07529160047375577	0.007529160047375577
7500	99	19.828318	-64.421425	19.824812	-64.37468	90.0	0.07667815073130782	0.0076678150731307815
7500	100	19.824812	-64.37468	19.821306	-64.320526	90.0	0.07795082568291438	0.007795082568291438
7500	101	19.821306	-64.320526	19.816204	-64.25661	90.0	0.07944062606274405	0.007944062606274406
7500	102	19.816204	-64.25661	19.816242	-64.19937	90.0	0.08145223915002134	0.008145223915002135
7500	103	19.816242	-64.19937	19.816242	-64.1573	90.0	0.0833270983736641	0.008332709837366411
7500	104	19.816242	-64.1573	19.816425	-64.09369	90.0	0.08532151056436604	0.008532151056436604
7500	105	19.816425	-64.09369	19.816204	-64.03379	90.0	0.08765204982183267	0.008765204982183267
7500	106	19.816204	-64.03379	19.815714	-63.974754	90.0	0.08989627380767774	0.008989627380767775
7500	107	19.815714	-63.974754	19.81429	-63.91137	90.0	0.09220660491069617	0.009220660491069618
7500	108	19.81429	-63.91137	19.816021	-63.86914	90.0	0.09420146394422327	0.009420146394422327
7500	109	19.816021	-63.86914	19.816204	-63.842175	90.0	0.09550884734880408	0.009550884734880409
7500	110	19.816204	-63.842175	19.807878	-63.761097	90.0	0.09755664385002384	0.009755664385002385
7500	111	19.807878	-63.761097	19.802181	-63.69415	90.0	0.1003645671427248	0.010036456714272482
7500	112	19.802181	-63.69415	19.792923	-63.623642	90.0	0.10297695286647468	0.010297695286647469
7500	113	19.792923	-63.623642	19.784376	-63.558834	90.0	0.10555540740057089	0.010555540740057089
7500	114	19.784376	-63.558834	19.776096	-63.49161	90.0	0.10806991383712633	0.010806991383712633
7500	115	19.776096	-63.49161	19.76871	-63.42138	90.0	0.11012153447016164	0.011012153447016164
7500	116	19.76871	-63.42138	19.762299	-63.36013	90.0	0.11173300296910561	0.011173300296910563
7500	117	19.762299	-63.36013	19.761242	-63.3401	90.0	0.11272809860789863	0.011272809860789865
7500	118	19.761242	-63.3401	19.74948	-63.273956	90.0	0.11379253304043077	0.011379253304043078
7500	119	19.74948	-63.273956	19.741646	-63.224815	90.0	0.11521973823386236	0.011521973823386237
7500	120	19.741646	-63.224815	19.736015	-63.190063	90.0	0.11625655552416672	0.011625655552416674
7500	121	19.736015	-63.190063	19.71387	-63.134365	90.0	0.11742308491040436	0.011742308491040437
7500	122	19.71387	-63.134365	19.698202	-63.091633	90.0	0.11871926726221319	0.011871926726221319
7500	123	19.698202	-63.091633	19.687668	-63.06423	90.0	0.1196392707576406	0.011963927075764061
7500	124	19.687668	-63.06423	19.669138	-63.01568	90.0	0.12063847849381432	0.012063847849381432
7500	125	19.669138	-63.01568	19.647997	-62.95226	90.0	0.122097010801439	0.0122097010801439
7500	126	19.647997	-62.95226	19.63201	-62.895954	90.0	0.12363407446100753	0.012363407446100753
7500	127	19.63201	-62.895954	19.611483	-62.833103	90.0	0.12516222927633158	0.012516222927633158
7500	128	19.611483	-62.833103	19.59803	-62.781216	90.0	0.12662961195664282	0.012662961195664282
7500	129	19.59803	-62.781216	19.584476	-62.7385	90.0	0.1278354607323656	0.012783546073236559
7500	130	19.584476	-62.7385	19.571123	-62.69665	90.0	0.12892390358512873	0.012892390358512872
7500	131	19.571123	-62.69665	19.54734	-62.636005	90.0	0.13	0.013000000000000001
7500	132	19.54734	-62.636005	19.52692	-62.58134	90.0	0.13	0.013000000000000001
7500	133	19.52692	-62.58134	19.507702	-62.52753	90.0	0.13	0.013000000000000001
7500	134	19.507702	-62.52753	19.492327	-62.483326	90.0	0.13	0.013000000000000001
7500	135	19.492327	-62.483326	19.483467	-62.45627	90.0	0.13	0.013000000000000001
7500	136	19.483467	-62.45627	19.471027	-62.41628	90.0	0.13	0.013000000000000001
7500	137	19.471027	-62.41628	19.455812	-62.3734	90.0	0.13	0.013000000000000001
7500	138	19.455812	-62.3734	19.444191	-62.332882	90.0	0.13	0.013000000000000001
7500	139	19.444191	-62.332882	19.425383	-62.280727	90.0	0.13	0.013000000000000001
7500	140	19.425383	-62.280727	19.409744	-62.239384	90.0	0.13	0.013000000000000001
7500	141	19.409744	-62.239384	19.396336	-62.20327	90.0	0.13	0.013000000000000001
7500	142	19.396336	-62.20327	19.382458	-62.159184	90.0	0.13	0.013000000000000001
7500	143	19.382458	-62.159184	19.371439	-62.121662	90.0	0.13	0.013000000000000001
7500	144	19.371439	-62.121662	19.360373	-62.07325	90.0	0.13	0.013000000000000001
7500	145	19.360373	-62.07325	19.345158	-62.023457	90.0	0.13	0.013000000000000001
7500	146	19.345158	-62.023457	19.334925	-61.988358	90.0	0.13	0.013000000000000001
7500	147	19.334925	-61.988358	19.309557	-61.932888	90.0	0.13	0.013000000000000001
7500	148	19.309557	-61.932888	19.292597	-61.892056	90.0	0.13	0.013000000000000001
7500	149	19.292597	-61.892056	19.27511	-61.854153	90.0	0.13	0.013000000000000001
7500	150	19.27511	-61.854153	19.246952	-61.793846	90.0	0.13	0.013000000000000001
7500	151	19.246952	-61.793846	19.230354	-61.752354	90.0	0.13	0.013000000000000001
7500	152	19.230354	-61.752354	19.210989	-61.71224	90.0	0.13	0.013000000000000001
7500	153	19.210989	-61.71224	19.193008	-61.66936	90.0	0.13	0.013000000000000001
7500	154	19.193008	-61.66936	19.17226	-61.627865	90.0	0.13	0.013000000000000001
7500	155	19.17226	-61.627865	19.154278	-61.59052	90.0	0.13	0.013000000000000001
7500	156	19.154278	-61.59052	19.130764	-61.54349	90.0	0.13	0.013000000000000001
7500	157	19.130764	-61.54349	19.105867	-61.49508	90.0	0.13	0.013000000000000001
7500	158	19.105867	-61.49508	19.076439	-61.429863	90.0	0.13	0.013000000000000001
7500	159	19.076439	-61.429863	19.05214	-61.381264	90.0	0.13	0.013000000000000001
7500	160	19.05214	-61.381264	19.024672	-61.32633	90.0	0.13	0.013000000000000001
7500	161	19.024672	-61.32633	18.999315	-61.273506	90.0	0.13	0.013000000000000001
7500	162	18.999315	-61.273506	18.97001	-61.21935	90.0	0.13	0.013000000000000001
7500	163	18.97001	-61.21935	18.933813	-61.159405	90.0	0.13	0.013000000000000001
7500	164	18.933813	-61.159405	18.902119	-61.10447	90.0	0.13	0.013000000000000001
7500	165	18.902119	-61.10447	18.881433	-61.07172	90.0	0.13	0.013000000000000001
7500	166	18.881433	-61.07172	18.830278	-60.970295	90.0	0.13	0.013000000000000001
7500	167	18.830278	-60.970295	18.80281	-60.916416	90.0	0.13	0.013000000000000001
7500	168	18.80281	-60.916416	18.770004	-60.85311	90.0	0.13	0.013000000000000001
7500	169	18.770004	-60.85311	18.739422	-60.805485	90.0	0.13	0.013000000000000001
7500	170	18.739422	-60.805485	18.697163	-60.746323	90.0	0.13	0.013000000000000001
7500	171	18.697163	-60.746323	18.686598	-60.72625	90.0	0.13	0.013000000000000001
7501	1	20.176981	-70.884285	20.142412	-70.73326	90.0	1.76	0.17600000000000002
7501	2	20.142412	-70.73326	20.123775	-70.65005	90.0	1.76	0.17600000000000002
7501	3	20.123775	-70.65005	20.109474	-70.588936	90.0	1.76	0.17600000000000002
7501	4	20.109474	-70.588936	20.089104	-70.50139	90.0	1.76	0.17600000000000002
7501	5	20.089104	-70.50139	20.0722	-70.42511	90.0	1.76	0.17600000000000002
7501	6	20.0722	-70.42511	20.054775	-70.35397	90.0	1.76	0.17600000000000002
7501	7	20.054775	-70.35397	20.039543	-70.2913	90.0	1.76	0.17600000000000002
7501	8	20.039543	-70.2913	20.02344	-70.22341	90.0	1.76	0.17600000000000002
7501	9	20.02344	-70.22341	20.007338	-70.15987	90.0	1.76	0.17600000000000002
7501	10	20.007338	-70.15987	19.99167	-70.093285	90.0	1.76	0.17600000000000002
7501	11	19.99167	-70.093285	19.986128	-70.0712	90.0	1.76	0.17600000000000002
7501	12	19.986128	-70.0712	19.953373	-69.96925	90.0	1.76	0.17600000000000002
7501	13	19.953373	-69.96925	19.931612	-69.90136	90.0	1.76	0.17600000000000002
7501	14	19.931612	-69.90136	19.910723	-69.83739	90.0	1.76	0.17600000000000002
7501	15	19.910723	-69.83739	19.889399	-69.77994	90.0	1.76	0.17600000000000002
7501	16	19.889399	-69.77994	19.866333	-69.72075	90.0	1.76	0.17600000000000002
7501	17	19.866333	-69.72075	19.855785	-69.69327	90.0	1.76	0.17600000000000002
7501	18	19.855785	-69.69327	19.833693	-69.62849	90.0	1.76	0.17600000000000002
7501	19	19.833693	-69.62849	19.811497	-69.5619	90.0	1.76	0.17600000000000002
7501	20	19.811497	-69.5619	19.791477	-69.50097	90.0	1.76	0.17600000000000002
7501	21	19.791477	-69.50097	19.77705	-69.46198	90.0	1.76	0.17600000000000002
7501	22	19.77705	-69.46198	19.750568	-69.40131	90.0	1.76	0.17600000000000002
7501	23	19.750568	-69.40131	19.727068	-69.34821	90.0	1.76	0.17600000000000002
7501	24	19.727068	-69.34821	19.703236	-69.29467	90.0	1.76	0.17600000000000002
7501	25	19.703236	-69.29467	19.683546	-69.22375	90.0	1.76	0.17600000000000002
7501	26	19.683546	-69.22375	19.661352	-69.14106	90.0	1.76	0.17600000000000002
7501	27	19.661352	-69.14106	19.637415	-69.06185	90.0	1.76	0.17600000000000002
7501	28	19.637415	-69.06185	19.616526	-68.99701	90.0	1.76	0.17600000000000002
7501	29	19.616526	-68.99701	19.594975	-68.9256	90.0	1.76	0.17600000000000002
7501	30	19.594975	-68.9256	19.581274	-68.85687	90.0	1.76	0.17600000000000002
7501	31	19.581274	-68.85687	19.57037	-68.802574	90.0	1.76	0.17600000000000002
7501	32	19.57037	-68.802574	19.573006	-68.7311	90.0	1.76	0.17600000000000002
7501	33	19.573006	-68.7311	19.576487	-68.64884	90.0	1.76	0.17600000000000002
7501	34	19.576487	-68.64884	19.579533	-68.5766	90.0	1.76	0.17600000000000002
7501	35	19.579533	-68.5766	19.57997	-68.52655	90.0	1.76	0.17600000000000002
7501	36	19.57997	-68.52655	19.580212	-68.47779	90.0	1.76	0.17600000000000002
7501	37	19.580212	-68.47779	19.576487	-68.42515	90.0	1.76	0.17600000000000002
7501	38	19.576487	-68.42515	19.574928	-68.38135	90.0	1.76	0.17600000000000002
7501	39	19.574928	-68.38135	19.58258	-68.30982	90.0	1.759051090397891	0.17590510903978912
7501	40	19.58258	-68.30982	19.587803	-68.25107	90.0	1.6254464700765285	0.16254464700765286
7501	41	19.587803	-68.25107	19.590849	-68.2032	90.0	1.5163163850983397	0.15163163850983397
7501	42	19.590849	-68.2032	19.592827	-68.125656	90.0	1.3882637556498238	0.1388263755649824
7501	43	19.592827	-68.125656	19.597813	-68.065674	90.0	1.2477463430512197	0.12477463430512198
7501	44	19.597813	-68.065674	19.60347	-67.99169	90.0	1.1106433916384213	0.11106433916384213
7501	45	19.60347	-67.99169	19.606066	-67.95967	90.0	1.0021751704144397	0.100217517041444
7501	46	19.606066	-67.95967	19.61053	-67.9235	90.0	0.9322015699726217	0.09322015699726217
7550	1	17.321175	-64.88469	17.313492	-65.01532	90.0	0.56	0.05600000000000001
7550	2	17.313492	-65.01532	17.317202	-65.72213	90.0	0.56	0.05600000000000001
7550	3	17.317202	-65.72213	17.30236	-65.86312	90.0	0.56	0.05600000000000001
7550	4	17.30236	-65.86312	17.294939	-65.9466	90.0	0.56	0.05600000000000001
7550	5	17.294939	-65.9466	17.280098	-66.161804	90.0	0.56	0.05600000000000001
7550	6	17.280098	-66.161804	17.293085	-66.27682	90.0	0.56	0.05600000000000001
7550	7	17.293085	-66.27682	17.30236	-66.31949	90.0	0.56	0.05600000000000001
7550	8	17.30236	-66.31949	17.326477	-66.37144	90.0	0.56	0.05600000000000001
7550	9	17.326477	-66.37144	17.333897	-66.42523	90.0	0.56	0.05600000000000001
7550	10	17.333897	-66.42523	17.328333	-66.5588	90.0	0.56	0.05600000000000001
7550	11	17.328333	-66.5588	17.320911	-66.66454	90.0	0.56	0.05600000000000001
7550	12	17.320911	-66.66454	17.317202	-66.79255	90.0	0.56	0.05600000000000001
7550	13	17.317202	-66.79255	17.324621	-66.920555	90.0	0.56	0.05600000000000001
7550	14	17.324621	-66.920555	17.335752	-67.01146	90.0	0.56	0.05600000000000001
7550	15	17.335752	-67.01146	17.326477	-67.165436	90.0	0.56	0.05600000000000001
7550	16	17.326477	-67.165436	17.3243	-67.189095	90.0	0.56	0.05600000000000001
7550	17	17.3243	-67.189095	17.29123	-67.284164	90.0	0.56	0.05600000000000001
7550	18	17.29123	-67.284164	17.23743	-67.568	90.0	0.56	0.05600000000000001
7550	19	17.23743	-67.568	17.182703	-67.99561	90.0	0.70717714702145	0.07071771470214501
7550	20	17.182703	-67.99561	17.179457	-68.164925	90.0	1.1072222163541205	0.11072222163541205
7550	21	17.179457	-68.164925	17.219807	-68.563286	90.0	1.4867478550381208	0.14867478550381208
7550	22	17.219807	-68.563286	17.223516	-68.80075	90.0	1.88	0.188
7550	23	17.223516	-68.80075	17.333168	-69.66608	90.0	1.88	0.188
7550	24	17.333168	-69.66608	17.446135	-70.19953	90.0	1.88	0.188
7550	25	17.446135	-70.19953	17.498077	-70.39617	90.0	1.88	0.188
