1. 1.
3
-.2 .0 .2
.2 .6 .2 
.12 3
   2  1   Chino-Central Ave (bb.chinocentral)                 2
     2.18416   0.800000    6.50000    6.70000    1.00000E-01
     65.0000    17.0000  0.    28.1211
   2
     34.0332   -117.7455
     33.8275   -117.5682
   2  1   Rose Canyon (bb.rosecny-osz)                        2
     2.12666   0.800000    6.50000    7.00000    1.00000E-01
     90.0000    13.0000  0.    69.9349
   14
     32.5603   -117.1473
     32.6033   -117.1505
     32.6478   -117.1654
     32.7099   -117.1621
     32.7290   -117.1704
     32.7595   -117.1976
     32.8011   -117.2100
     32.8355   -117.2413
     32.8545   -117.2636
     33.0189   -117.3251
     33.0858   -117.3769
     33.0971   -117.3961
     33.1083   -117.4110
     33.1225   -117.4234
   2  1   Newport-Inglewood offshore (bb.nwprting-osz)        2
     2.10467   0.800000    6.50000    7.00000    1.00000E-01
     90.0000    13.0000  0.    66.4813
   6
     33.5910   -117.9146
     33.5080   -117.7989
     33.4024   -117.6882
     33.2515   -117.5473
     33.2163   -117.4870
     33.1559   -117.4291
   2  1   Coronado Bank (bb.palsv-crndbk)                     2
     2.25417   0.800000    6.50000    7.60000    1.00000E-01
     90.0000    13.0000  0.    185.084
   6
     33.2685   -117.9274
     32.9479   -117.6067
     32.8778   -117.5199
     32.4669   -117.2527
     32.4460   -117.2380
     31.8900   -116.8350
   2  1   Newport-Inglewood (bb.newporting)                   2
     1.92370   0.800000    6.50000    7.00000    1.00000E-01
     90.0000    13.0000  0.    65.7394
   10
     33.6060   -117.9247
     33.6780   -117.9949
     33.6954   -118.0326
     33.7512   -118.0927
     33.8204   -118.1951
     33.8503   -118.2157
     33.8715   -118.2479
     33.9132   -118.2811
     33.9566   -118.3315
     34.0433   -118.3895
   2  1   Big Pine (bb.bigpine)                               2
     2.13165   0.800000    6.50000    6.70000    1.00000E-01
     90.0000    13.0000  0.    40.7323
   6
     34.6646   -119.4025
     34.6780   -119.3167
     34.7160   -119.2468
     34.7528   -119.1389
     34.7896   -119.0507
     34.8215   -119.0065
   2  2   Sierra Madre  (mp.sierramad-cn)                     2
     2.18452   0.800000    6.50000    7.10000    1.00000E-01
     45.0000    18.0000  0.    56.9608
   18
     34.1231   -117.7400
     34.1219   -117.7550
     34.1317   -117.7690
     34.1305   -117.8070
     34.1323   -117.8180
     34.1587   -117.8600
     34.1470   -117.8810
     34.1501   -117.9400
     34.1611   -117.9850
     34.1752   -118.0030
     34.1758   -118.0680
     34.2010   -118.1120
     34.2028   -118.1490
     34.2107   -118.1890
     34.2349   -118.2227
     34.2495   -118.2623
     34.2585   -118.2793
     34.2751   -118.2900
   2  1   San Gabriel (bb.sangab)                             2
     1.96144   0.800000    6.50000    7.00000    1.00000E-01
     90.0000    13.0000  0.    71.7073
   10
     34.3179   -118.2802
     34.3394   -118.3118
     34.3598   -118.3904
     34.3853   -118.4577
     34.4363   -118.5587
     34.4649   -118.5975
     34.5536   -118.6873
     34.5700   -118.7026
     34.5792   -118.7312
     34.7138   -118.8761
   2  1   Malibu Coast (bb.malibucoast)                       2
     1.66377   0.800000    6.50000    6.70000    1.00000E-01
     75.0000    13.0000  0.    36.9850
   4
     34.0299   -118.5333
     34.0412   -118.6339
     34.0387   -118.6666
     34.0513   -118.9332
   2  1   Santa Monica (mp.santamonica)                       2
     2.40662   0.800000    6.50000    6.60000    1.00000E-01
    -75.0000    13.0000  0.    28.2201
   7
     34.0115   -118.7053
     34.0152   -118.6091
     34.0327   -118.5207
     34.0335   -118.4849
     34.0459   -118.4515
     34.0586   -118.4219
     34.0685   -118.4161
   2  2   Verdugo (mp.verdugo)                                2
     1.92173   0.800000    6.50000    6.70000    1.00000E-01
     45.0000    18.0000  0.    29.0273
   7
     34.1313   -118.1536
     34.1496   -118.1865
     34.1551   -118.2285
     34.1971   -118.2907
     34.2227   -118.3657
     34.2538   -118.4078
     34.2612   -118.4205
   2  2   Mission Ridge-Arroyo Parida-Santa Ana (mp.arroyo-m  2
     1.48897   0.800000    6.50000    7.10000    1.00000E-01
     60.0000    15.0000  0.    68.8919
   15
     34.4701   -119.1658
     34.4499   -119.2023
     34.4298   -119.2878
     34.4235   -119.3456
     34.4160   -119.4261
     34.4273   -119.4714
     34.4311   -119.5104
     34.4411   -119.6109
     34.4499   -119.6914
     34.4424   -119.7430
     34.4411   -119.7505
     34.4336   -119.7858
     34.4336   -119.8071
     34.4248   -119.8688
     34.4298   -119.8977
   2  1   Santa Ynez-west segment (mp.sntaynez-w)             2
     2.21620   0.800000    6.50000    7.00000    1.00000E-01
     80.0000    13.0000  0.    64.4602
   6
     34.5116   -120.3089
     34.5392   -120.1303
     34.5669   -120.0272
     34.5493   -119.9165
     34.5518   -119.7983
     34.4939   -119.6298
   2  1   Santa Ynez-east segment (mp.sntaynez-e)             2
     2.23882   0.800000    6.50000    7.00000    1.00000E-01
     80.0000    13.0000  0.    67.9067
   6
     34.4939   -119.6298
     34.4864   -119.5091
     34.5065   -119.3783
     34.5367   -119.1972
     34.5317   -119.1168
     34.5870   -118.9055
   2  2   Oak Ridge-onshore (mp.oakr-on)                      2
     2.56958   0.800000    6.50000    6.90000    1.00000E-01
    65.0000    14.0000  1.0   49.3582
   9
     34.2481   -119.2050
     34.2631   -119.1582
     34.3165   -119.0974
     34.3522   -119.0402
     34.3631   -118.9589
     34.3813   -118.8805
     34.3850   -118.8104
     34.4013   -118.7742
     34.3978   -118.7227
   2  2   Red Mountain (mp.redmtn)                            2
     2.35898   0.800000    6.50000    6.80000    1.00000E-01
     60.0000    15.0000  0.    38.9597
   6
     34.4020   -119.2800
     34.3507   -119.3038
     34.3416   -119.3678
     34.3690   -119.4245
     34.3727   -119.4921
     34.3635   -119.6512
   2  2   San Cayetano (bb.sancayetano)                       2
     2.86949   0.800000    6.50000    6.80000    1.00000E-01
    -60.0000    15.0000  0.    42.0724
   13
     34.4500   -119.1591
     34.4329   -119.1038
     34.4357   -119.0818
     34.4229   -119.0367
     34.4218   -119.0075
     34.4221   -118.9769
     34.4484   -118.9436
     34.4495   -118.9279
     34.4270   -118.9239
     34.4173   -118.9130
     34.4021   -118.8650
     34.4047   -118.8310
     34.4361   -118.7620
   2  2   Santa Susana (bb.santasusana)                       2
     2.84239   0.800000    6.50000    6.70000    1.00000E-01
     55.0000    16.0000  0.    27.2033
   8
     34.3242   -118.4955
     34.3053   -118.5232
     34.3003   -118.5458
     34.3204   -118.5810
     34.3229   -118.6163
     34.3330   -118.6339
     34.3506   -118.7081
     34.3594   -118.7672
   2  2   Ventura-Pitas Point (mp.ventura)                    2
     2.22419   0.800000    6.50000    6.70000    1.00000E-01
     75.0000    13.0000  1.0   40.3241
   6
     34.3453   -119.1411
     34.3088   -119.1940
     34.2928   -119.2243
     34.2892   -119.3034
     34.3166   -119.4040
     34.3093   -119.5527
   2  1   Simi-Santa Rosa (bb.simi)                           2
     2.07112   0.800000    6.50000    6.80000    1.00000E-01
    -60.0000    15.0000  1.0   40.1592
   7
     34.2240   -119.1011
     34.2478   -118.9989
     34.2472   -118.9106
     34.2634   -118.8630
     34.2784   -118.7995
     34.2864   -118.7520
     34.3105   -118.6813
   2  2   White Wolf (bb.whitewolf)                           2
     2.11341   0.800000    6.50000    7.30000    1.00000E-01
     60.0000    21.0000  0.    66.8867
   4
     35.0845   -119.0977
     35.2162   -118.7069
     35.3357   -118.5337
     35.3921   -118.4813
   2  1   Santa Cruz Island (bb.santacruzisl)                 2
     2.10720   0.800000    6.50000    6.80000    1.00000E-01
     90.0000    13.0000  0.    50.3516
   4
     33.9897   -119.5154
     33.9897   -119.6462
     34.0588   -119.9606
     34.0966   -120.0385
   2  1   Santa Rosa Island (bb.santarosaisl)                 2
     2.00038   0.800000    6.50000    6.90000    1.00000E-01
     90.0000    13.0000  0.    57.3326
   6
     34.0236   -119.9065
     33.9972   -119.9731
     33.9859   -120.0926
     33.9897   -120.2259
     33.9997   -120.4246
     34.0324   -120.5114
   2  2   Anacapa-Dume (mp.anacapa-d)                         2
     2.28079   0.800000    6.50000    7.50000    1.00000E-01
     45.0000    28.0000  0.    74.9821
   6
     33.9849   -118.6945
     33.9530   -118.7913
     33.9508   -118.9120
     33.9838   -119.1410
     33.9792   -119.3403
     33.9883   -119.4963
   2  1   Pinto Mtn (bb.pintomtn)                             2
     2.25443   0.800000    6.50000    7.10000    1.00000E-01
     90.0000    13.0000  0.    74.1135
   16
     34.0550   -116.7204
     34.0602   -116.7015
     34.0725   -116.6796
     34.0801   -116.6383
     34.0787   -116.5913
     34.0830   -116.5586
     34.1110   -116.4794
     34.1243   -116.4593
     34.1305   -116.4146
     34.1447   -116.2831
     34.1476   -116.2286
     34.1381   -116.0817
     34.1305   -116.0536
     34.1257   -116.0112
     34.1081   -115.9589
     34.1062   -115.9434
   2  2   North Frontal fault zone-western (bb.nfrontal)      2
     1.95003   0.800000    6.50000    7.00000    1.00000E-01
     45.0000    18.0000  0.    50.4458
   14
     34.3169   -117.2691
     34.3452   -117.2266
     34.3707   -117.2238
     34.3707   -117.2011
     34.4047   -117.2011
     34.4386   -117.1672
     34.4443   -117.1445
     34.4415   -117.1077
     34.4217   -117.0596
     34.3962   -117.0030
     34.3820   -116.9888
     34.3651   -116.9379
     34.3707   -116.8501
     34.3707   -116.8473
   2  2   North Frontal fault zone-eastern (bb.nfrontal-e)    2
     1.88731   0.800000    6.50000    6.70000    1.00000E-01
     45.0000    18.0000  0.    26.8154
   9
     34.3369   -116.7999
     34.3334   -116.7435
     34.3457   -116.7101
     34.3316   -116.6696
     34.3404   -116.6432
     34.3334   -116.6220
     34.3210   -116.5886
     34.3193   -116.5393
     34.3105   -116.5252
   2  1   Hosgri (bb.hosgri)                                  2
     2.18768   0.800000    6.50000    7.50000    1.00000E-01
     90.0000    12.0000  0.    169.435
   7
     34.8670   -120.7500
     35.3286   -120.9767
     35.5640   -121.1337
     35.6452   -121.1996
     35.7018   -121.2489
     35.8714   -121.4490
     36.1490   -121.7264
   2  2   Lions Head (bb.lionshead)                           2
    0.760169   0.800000    6.50000    6.60000    1.00000E-01
     75.0000   10.00000  0.    41.4017
   6
     34.6977   -120.2350
     34.7124   -120.3343
     34.7160   -120.4066
     34.7295   -120.4410
     34.8423   -120.5562
     34.8681   -120.6102
   2  2   Los Alamos-W. Baseline (bb.losalamos)               2
     2.09476   0.800000    6.50000    6.70000    1.00000E-01
     30.0000    20.0000  0.    27.7938
   4
     34.7589   -120.3184
     34.7308   -120.2117
     34.6719   -120.1443
     34.6315   -120.0646
   2  2   Los Osos (bb.lososos)                               2
     1.78411   0.800000    6.50000    6.80000    1.00000E-01
     45.0000    14.0000  0.    44.4390
   8
     35.3021   -120.8664
     35.2996   -120.7818
     35.2849   -120.7352
     35.2457   -120.6837
     35.2089   -120.6543
     35.1697   -120.5317
     35.1255   -120.4814
     35.1219   -120.4569
   2  2   San Luis Range -s. margin (bb.sanluisrng)           2
     1.24387   0.800000    6.50000    7.00000    1.00000E-01
     45.0000    14.0000  0.    63.7938
   8
     34.8497   -120.2375
     34.8644   -120.2693
     34.9110   -120.3098
     34.9760   -120.4140
     35.1084   -120.5636
     35.1415   -120.6445
     35.1684   -120.7131
     35.1819   -120.7879
   2  1   San Juan (bb.sanjuan)                               2
     1.93691   0.800000    6.50000    7.00000    1.00000E-01
     90.0000    13.0000  0.    67.7697
   5
     35.6797   -120.2954
     35.5019   -120.2292
     35.3045   -120.1249
     35.2825   -120.0820
     35.1476   -119.9607
   2  1   Rinconada (jl0.rinconada)                           2
     1.76031   0.800000    6.50000    7.50000    1.00000E-01
     90.0000   10.00000  0.    190.001
   4
     35.3071   -120.5096
     35.6109   -120.7024
     36.4520   -121.4629
     36.6752   -121.7565
   2  1   Monterey Bay-Tularcitos (bb.montbay-tul)            2
     1.53153   0.800000    6.50000    7.20000    1.00000E-01
     90.0000    14.0000  0.    83.5085
   7
     36.3683   -121.5253
     36.4002   -121.5957
     36.4387   -121.6489
     36.4693   -121.7353
     36.5849   -121.8656
     36.8136   -122.0105
     36.9213   -122.1222
   2  1   Ortigalita (jl0.ortigalita)                         2
     2.01566   0.800000    6.50000    6.90000    1.00000E-01
     90.0000    11.0000  0.    70.1823
   7
     36.7322   -120.8954
     36.7940   -120.9036
     36.9071   -121.0114
     37.0381   -121.1259
     37.1176   -121.1512
     37.1920   -121.2248
     37.2705   -121.2806
   2  1   Zayante-Vergeles (jl0.zayante-v)                    2
    0.969991   0.800000    6.50000    6.90000    1.00000E-01
     90.0000    12.0000  0.    57.9128
   4
     36.7927   -121.4638
     36.8129   -121.6096
     36.9378   -121.7419
     37.0887   -121.9734
   2  2   Point Reyes (jl0.ptreyes)                           2
     1.52392   0.800000    6.50000    6.80000    1.00000E-01
     50.0000    12.0000  0.    47.4647
   3
     37.9433   -122.8337
     37.9908   -123.0664
     38.1843   -123.2410
   2  1   Hunting Creek-Berryessa (jl0.huntcrk)               2
     2.45995   0.800000    6.50000    6.90000    1.00000E-01
     90.0000    12.0000  0.    59.6509
   2
     38.4533   -122.1975
     38.9334   -122.5041
   2  1   Bartlett Springs-fault system (jl0.bartlettspr)     2
     2.59093   0.800000    6.50000    7.60000    1.00000E-01
     90.0000    15.0000  0.    174.162
   9
     38.9334   -122.5041
     39.5660   -123.0521
     39.5752   -123.0397
     39.7193   -123.1866
     39.8244   -123.2930
     39.9617   -123.3956
     40.0063   -123.4171
     40.1438   -123.4399
     40.2649   -123.5033
   2  1   Mendocino fault zone  (mp.mendocino)                2
     3.34588   0.800000    6.50000    7.60000    1.00000E-01
     90.0000    15.0000  15.0  169.819
   5
     40.2622   -124.4119
     40.3717   -124.6960
     40.3991   -125.3541
     40.4151   -125.8410
     40.4122   -126.3812
   2  2   Little Salmon-onshore (pm.ltsalmon-on)              2
     2.64099   0.800000    6.50000    7.00000    1.00000E-01
     30.0000    26.0000  0.    34.2862
   4
     40.5340   -123.9900
     40.5840   -124.1040
     40.6460   -124.1780
     40.7640   -124.2310
   2  2   Little Salmon-offshore (pm.ltsalmon-off)            2
     1.83812   0.800000    6.50000    7.20000    1.00000E-01
     30.0000    26.0000  0.    45.5458
   4
     40.7640   -124.2310
     40.7960   -124.3520
     40.9410   -124.4750
     41.0040   -124.6410
   2  2   Table Bluff (pm.tablebluff)                         2
     1.71602   0.800000    6.50000    7.00000    1.00000E-01
     45.0000    18.0000  0.    49.0529
   4
     40.6470   -124.1780
     40.6960   -124.2820
     40.6980   -124.4750
     40.8280   -124.6790
   2  2   Trinidad (pm.trinidad)                              2
     2.18797   0.800000    6.50000    7.50000    1.00000E-01
     35.0000    23.0000  0.    88.4591
   9
     40.7900   -123.8410
     40.8543   -123.9221
     40.9365   -123.9994
     40.9821   -124.0287
     41.0404   -124.1117
     41.1873   -124.2507
     41.2442   -124.3186
     41.2970   -124.3430
     41.4490   -124.3940
   2  2   Fickle hill (pm.ficklehill)                         2
     1.77508   0.800000    6.50000    6.90000    1.00000E-01
     35.0000    23.0000  0.    32.1489
   4
     40.7439   -123.9646
     40.7846   -123.9896
     40.8579   -124.0470
     40.9786   -124.1840
   2  2   Mad River (pm.madriver)                             2
     1.69908   0.800000    6.50000    7.10000    1.00000E-01
     35.0000    23.0000  0.    41.6495
   7
     40.7470   -123.9246
     40.8085   -123.9590
     40.8372   -123.9963
     40.8995   -124.0696
     40.9332   -124.1117
     40.9837   -124.1487
     41.0321   -124.2332
   2  2   McKinleyvile (pm.mckinleyvl)                        2
     1.68814   0.800000    6.50000    7.10000    1.00000E-01
     35.0000    23.0000  0.    47.3824
   8
     40.7571   -123.8638
     40.7918   -123.9034
     40.8175   -123.9420
     40.8580   -123.9985
     40.9095   -124.0513
     40.9620   -124.0908
     41.0581   -124.1831
     41.0659   -124.2327
   2  2   Big Lagoon-Bald Mtn (pm.biglagoon)                  2
     1.49726   0.800000    6.50000    7.50000    1.00000E-01
     35.0000    23.0000  0.    90.1573
   7
     41.0330   -123.9341
     41.1055   -123.9933
     41.1655   -124.0945
     41.5254   -124.3113
     41.5770   -124.3760
     41.6621   -124.4323
     41.7295   -124.4437
   2  2   Great Valley 1 (jl0.grtvly01)                       2
     1.14537   0.800000    6.50000    6.70000    1.00000E-01
     15.0000   10.00000  7.0   43.7203
   2
     39.6786   -122.2997
     39.2857   -122.2808
   2  2   Great Valley 3 (jl0.grtvly03)                       2
     2.41928   0.800000    6.50000    6.70000    1.00000E-01
     15.0000   10.00000  7.0   54.7650
   2
     39.1169   -122.2777
     38.6732   -122.0031
   2  2   Great Valley 4 (jl0.grtvly04)                       2
     2.64079   0.800000    6.50000    6.60000    1.00000E-01
     15.0000   10.00000  7.0   41.9355
   2
     38.6520   -122.0511
     38.2958   -121.8929
   2  2   Great Valley 7 (jl0.grtvly07)                       2
     2.33028   0.800000    6.50000    6.70000    1.00000E-01
     15.0000   10.00000  7.0   44.6174
   2
     37.7344   -121.5241
     37.4544   -121.1614
   2  2   Great Valley 8 (jl0.grtvly08)                       2
     2.62910   0.800000    6.50000    6.60000    1.00000E-01
     15.0000   10.00000  7.0   40.8213
   2
     37.4340   -121.1580
     37.0923   -120.9894
   2  2   Great Valley 9 (jl0.grtvly09)                       2
     2.60930   0.800000    6.50000    6.60000    1.00000E-01
     15.0000   10.00000  7.0   39.0020
   2
     37.1031   -120.9867
     36.8083   -120.7489
   2  2   Northridge (bnoridge)                               2
     2.13184   0.800000    6.50000    6.90000    1.00000E-01
     42.0000    22.0000  5.0   30.5693
   2
     34.4057   -118.7027
     34.2781   -118.4078
   2  2   Pleito Thrust  (bb.pleito)                          2
     2.27285   0.800000    6.50000    6.90000    1.00000E-01
    -45.0000    16.0000  0.    43.6182
   15
     34.9350   -118.8790
     34.9391   -118.9107
     34.9327   -118.9278
     34.9315   -118.9486
     34.9350   -118.9687
     34.9439   -118.9795
     34.9684   -118.9941
     34.9782   -119.0129
     34.9917   -119.0361
     35.0075   -119.0505
     35.0071   -119.0809
     34.9869   -119.1282
     34.9556   -119.2062
     34.9562   -119.2371
     34.9415   -119.2959
   2  2   Monte Vista-Shannon (cc.montevista)                 2
     1.76127   0.800000    6.50000    6.70000    1.00000E-01
     60.0000    10.0000  0.    45.1364
   5
     37.4375   -122.2500
     37.3050   -122.0650
     37.2650   -122.0000
     37.2275   -121.9275
     37.2100   -121.8375
