1. 1.
3
-.2 .0 .2 
.2 .6 .2
0.12 3
   2  1   Owens Valley (bb.ownsvlly)                          2
     1.76868   0.800000    6.50000    7.60000    1.00000E-01
     90.0000    13.0000  0.    121.036
   7
     36.1918   -117.9849
     36.2983   -118.0131
     36.4852   -118.0146
     36.5511   -118.0503
     36.7127   -118.1098
     36.7496   -118.1165
     37.2358   -118.3290
   2  1   Honey Lake (jl0.honeylk)                            2
     2.32690   0.800000    6.50000    6.90000    1.00000E-01
     90.0000    11.0000  0.    57.4821
   9
     39.9947   -120.0381
     40.0178   -120.0734
     40.0629   -120.1390
     40.1413   -120.2399
     40.1825   -120.3004
     40.2198   -120.4081
     40.2294   -120.4366
     40.2827   -120.4795
     40.3213   -120.5485
