1. 1.
3
-.2 0. .2
.2 .6 .2
.12 3
   1  2   874  'Bolton fault                                
     6.20000    3.16765E-05
     60.0000    17.3205  0.    9.09160
   5
      45.40898     -122.68888
      45.40247     -122.66183
      45.37459     -122.63108
      45.36511     -122.61493
      45.36171     -122.59910
   1  3   878  'Grant Butte fault                           
     6.20000    2.76805E-04
     60.0000    17.3205  0.    9.38920
   5
      45.49852     -122.43016
      45.48833     -122.45483
      45.48831     -122.47087
      45.47810     -122.49764
      45.47622     -122.54284
   1  3   865  'Mount Hood fault                            
     6.30000    3.35868E-04
     60.0000    17.3205  0.    11.0636
   5
      45.33102     -121.80502
      45.32919     -121.81636
      45.33451     -121.82938
      45.35466     -121.85692
      45.38604     -121.91734
   1  2   885  'Yaquina Bay fault                           
     6.10000    9.28915E-04
     60.0000    17.3205  0.    8.17907
   3
      44.64161     -123.98547
      44.63209     -124.03199
      44.60888     -124.07622
   1  1   OR4  'Sandy River fault zone                      
     6.50000    1.89431E-05
     90.0000    15.0000  0.    16.6003
   2
      45.54627     -122.38144
      45.43929     -122.23291
   1  2   890  'South Slough thrust and reverse faults      
     6.30000    1.28936E-03
     60.0000    17.3205  0.    10.9606
   3
      43.28866     -124.29808
      43.27776     -124.30997
      43.19506     -124.33475
   1  3   895  'Beaver Creek fault zone                     
     6.50000    3.32022E-04
     60.0000    17.3205  0.    17.4576
   7
      42.76524     -124.48923
      42.78415     -124.45662
      42.79651     -124.44897
      42.81318     -124.42086
      42.82685     -124.38939
      42.83488     -124.35291
      42.85549     -124.32017
   1  3   805  'Juniper Mountain fault                      
     6.50000    1.68455E-05
     60.0000    17.3205  0.    17.7146
   6
      44.25637     -117.65131
      44.24886     -117.68797
      44.24825     -117.76694
      44.25404     -117.79604
      44.25668     -117.83809
      44.27012     -117.86509
   1  2   886  'Waldport fault                              
     6.40000    2.73965E-04
     60.0000    17.3205  0.    14.5686
   4
      44.33875     -124.08855
      44.42179     -124.06400
      44.45139     -124.06021
      44.46633     -124.05067
   1  2   OR2  'Helvetia fault                              
     6.40000    2.56364E-05
     60.0000    17.3205  0.    13.6326
   2
      45.52155     -122.89682
      45.63563     -122.96098
