Red Mountain
mag	mean	min	max
5.0	0.0012808071669730078	0.0011100348542596613	0.0014515794796863513
5.1	0.0012808071669730078	0.0011100348542596613	0.0014515794796863513
5.2	0.0012808071669730078	0.0011100348542596613	0.0014515794796863513
5.3	0.0012808071669730078	0.0011100348542596613	0.0014515794796863513
5.3999999999999995	0.0012808071669730078	0.0011100348542596613	0.0014515794796863513
5.5	0.0012808071669730078	0.0011100348542596613	0.0014515794796863513
5.6	0.0012808071669730078	0.0011100348542596613	0.0014515794796863513
5.699999999999999	0.0012808071669730078	0.0011100348542596613	0.0014515794796863513
5.8	0.0012808071669730078	0.0011100348542596613	0.0014515794796863513
5.8999999999999995	0.0012808071669730078	0.0011100348542596613	0.0014515794796863513
6.0	0.0012808071669730078	0.0011100348542596613	0.0014515794796863513
6.1	0.0012808071669730078	0.0011100348542596613	0.0014515794796863513
6.199999999999999	0.0012808071669730078	0.0011100348542596613	0.0014515794796863513
6.3	0.0012808071669730078	0.0011100348542596613	0.0014515794796863513
6.3999999999999995	0.0012808071669730078	0.0011100348542596613	0.0014515794796863513
6.5	0.0012808071669730078	0.0011100348542596613	0.0014515794796863513
6.6	0.0011328419181488808	0.0010316721876279568	0.0012340116486698012
6.699999999999999	0.0010031780650348583	9.53309520995342E-4	0.0010530466090743714
6.799999999999999	8.887366498324176E-4	8.749468543634891E-4	9.025264453013449E-4
6.8999999999999995	7.869567069928276E-4	7.773292262544235E-4	7.965841877312292E-4
6.999999999999999	6.957081181540791E-4	6.731947152088122E-4	7.182215210993449E-4
7.1	6.132191280335585E-4	5.865794015997371E-4	6.398588544673789E-4
7.199999999999999	5.224975880610374E-4	4.99017455001959E-4	5.459777211201144E-4
7.299999999999999	3.9111954814925905E-4	3.7685917015098825E-4	4.053799261475286E-4
7.399999999999999	2.0238542728545896E-4	2.0238542728545858E-4	2.0238542728545858E-4
7.499999999999999	7.775359505563585E-5	7.775359505563558E-5	7.775359505563558E-5
7.6	1.5518466715204172E-5	1.5518466715204152E-5	1.5518466715204152E-5
7.699999999999999	0.0	0.0	0.0
7.799999999999999	0.0	0.0	0.0
7.899999999999999	0.0	0.0	0.0
7.999999999999999	0.0	0.0	0.0
8.099999999999998	0.0	0.0	0.0
8.2	0.0	0.0	0.0
8.299999999999999	0.0	0.0	0.0
8.399999999999999	0.0	0.0	0.0
8.499999999999998	0.0	0.0	0.0
8.599999999999998	0.0	0.0	0.0
8.7	0.0	0.0	0.0
8.799999999999999	0.0	0.0	0.0
8.899999999999999	0.0	0.0	0.0
