Whittier, alt 2
mag	mean	min	max
5.0	9.144158811814018E-4	3.737013918854822E-4	0.001499211263561636
5.1	9.144158811814018E-4	3.737013918854822E-4	0.001499211263561636
5.2	9.144158811814018E-4	3.737013918854822E-4	0.001499211263561636
5.3	9.144158811814018E-4	3.737013918854822E-4	0.001499211263561636
5.3999999999999995	9.144158811814018E-4	3.737013918854822E-4	0.001499211263561636
5.5	9.144158811814018E-4	3.737013918854822E-4	0.001499211263561636
5.6	9.144158811814018E-4	3.737013918854822E-4	0.001499211263561636
5.699999999999999	9.144158811814018E-4	3.737013918854822E-4	0.001499211263561636
5.8	9.144158811814018E-4	3.737013918854822E-4	0.001499211263561636
5.8999999999999995	9.144158811814018E-4	3.737013918854822E-4	0.001499211263561636
6.0	9.144158811814018E-4	3.737013918854822E-4	0.001499211263561636
6.1	9.144158811814018E-4	3.737013918854822E-4	0.001499211263561636
6.199999999999999	9.144158811814018E-4	3.737013918854822E-4	0.001499211263561636
6.3	9.144158811814018E-4	3.737013918854822E-4	0.001499211263561636
6.3999999999999995	9.144158811814018E-4	3.737013918854822E-4	0.001499211263561636
6.5	9.144158811814018E-4	3.737013918854822E-4	0.001499211263561636
6.6	9.10065061881821E-4	3.301931988896763E-4	0.001499211263561636
6.699999999999999	8.610993161712805E-4	2.882031740701994E-4	0.0013685092280396422
6.799999999999999	7.289830324537455E-4	2.5257103861347076E-4	0.001017523526167175
6.8999999999999995	5.233127584140203E-4	2.1737451221554073E-4	8.372366746680892E-4
6.999999999999999	3.106094259565245E-4	5.503542228065882E-5	5.862388866866788E-4
7.1	1.444886272254558E-4	0.0	2.7789834348137664E-4
7.199999999999999	6.014904726122957E-5	0.0	1.4037671632496728E-4
7.299999999999999	2.8240571995452777E-5	0.0	1.1736019844817491E-4
7.399999999999999	2.1278274183480616E-5	0.0	9.806509223065191E-5
7.499999999999999	1.559644742241062E-5	0.0	7.903663681762323E-5
7.6	1.0978882545840654E-5	0.0	6.030785868127857E-5
7.699999999999999	7.093502161139736E-6	0.0	3.8468473278869456E-5
7.799999999999999	1.853140839110456E-6	0.0	4.979753093701917E-6
7.899999999999999	6.92957661471854E-7	0.0	2.0925453223099753E-6
7.999999999999999	1.3736172368805792E-7	0.0	4.827585507368346E-7
8.099999999999998	0.0	0.0	0.0
8.2	0.0	0.0	0.0
8.299999999999999	0.0	0.0	0.0
8.399999999999999	0.0	0.0	0.0
8.499999999999998	0.0	0.0	0.0
8.599999999999998	0.0	0.0	0.0
8.7	0.0	0.0	0.0
8.799999999999999	0.0	0.0	0.0
8.899999999999999	0.0	0.0	0.0
