Santa Cruz Island
mag	mean	min	max
5.05	0.0	0.0	0.0
5.1499999999999995	0.0	0.0	0.0
5.25	0.0	0.0	0.0
5.35	0.0	0.0	0.0
5.45	0.0	0.0	0.0
5.55	0.0	0.0	0.0
5.6499999999999995	0.0	0.0	0.0
5.75	0.0	0.0	0.0
5.85	0.0	0.0	0.0
5.949999999999999	0.0	0.0	0.0
6.05	0.0	0.0	0.0
6.1499999999999995	0.0	0.0	0.0
6.25	0.0	0.0	0.0
6.35	0.0	0.0	0.0
6.449999999999999	0.0	0.0	0.0
6.55	9.676444925111864E-5	4.407761146423878E-5	1.5417838779729733E-4
6.6499999999999995	8.643704162791982E-5	4.407761146367646E-5	1.2823999725723089E-4
6.75	8.615002453638847E-5	4.407761146351416E-5	1.2327127656180787E-4
6.85	1.0400032413027639E-4	4.4077611463699496E-5	1.640309281220671E-4
6.949999999999999	1.3560336735617552E-4	5.205365835019318E-5	2.307999586715573E-4
7.05	1.0348401512308807E-4	6.975099048377669E-5	1.333651634604985E-4
7.1499999999999995	8.530154249358001E-5	6.659613291085391E-5	1.1091852880074158E-4
7.25	4.172340508718697E-5	1.6605892837395347E-5	6.684091733697842E-5
7.35	1.6688565811907608E-5	0.0	3.3377131623815175E-5
7.449999999999999	4.16133074652178E-6	0.0	8.322661493043544E-6
7.55	0.0	0.0	0.0
7.6499999999999995	0.0	0.0	0.0
7.75	0.0	0.0	0.0
7.85	0.0	0.0	0.0
7.949999999999999	0.0	0.0	0.0
8.049999999999999	0.0	0.0	0.0
8.149999999999999	0.0	0.0	0.0
8.25	0.0	0.0	0.0
8.35	0.0	0.0	0.0
8.45	0.0	0.0	0.0
8.549999999999999	0.0	0.0	0.0
8.649999999999999	0.0	0.0	0.0
8.75	0.0	0.0	0.0
8.85	0.0	0.0	0.0
8.95	0.0	0.0	0.0
