San Gregorio (No)
mag	mean	min	max
5.0	0.0028418585808833775	0.0014215849614275502	0.0040602816004272945
5.1	0.0028418585808833775	0.0014215849614275502	0.0040602816004272945
5.2	0.0028418585808833775	0.0014215849614275502	0.0040602816004272945
5.3	0.0028418585808833775	0.0014215849614275502	0.0040602816004272945
5.3999999999999995	0.0028418585808833775	0.0014215849614275502	0.0040602816004272945
5.5	0.0028418585808833775	0.0014215849614275502	0.0040602816004272945
5.6	0.0028418585808833775	0.0014215849614275502	0.0040602816004272945
5.699999999999999	0.0028418585808833775	0.0014215849614275502	0.0040602816004272945
5.8	0.0028418585808833775	0.0014215849614275502	0.0040602816004272945
5.8999999999999995	0.0028418585808833775	0.0014215849614275502	0.0040602816004272945
6.0	0.0028418585808833775	0.0014215849614275502	0.0040602816004272945
6.1	0.0028418585808833775	0.0014215849614275502	0.0040602816004272945
6.199999999999999	0.0028418585808833775	0.0014215849614275502	0.0040602816004272945
6.3	0.0028418585808833775	0.0014215849614275502	0.0040602816004272945
6.3999999999999995	0.0028418585808833775	0.0014215849614275502	0.0040602816004272945
6.5	0.0028418585808833775	0.0014215849614275502	0.0040602816004272945
6.6	0.002575822915526185	0.001349369009803972	0.003556625425461611
6.699999999999999	0.0023259324982004962	0.0012716490927034473	0.003106671135706752
6.799999999999999	0.0020990481636448725	0.001191333419418805	0.0027208475560948587
6.8999999999999995	0.0018800622706064477	0.0011034953312344805	0.002430784616286924
6.999999999999999	0.0016653773767111744	9.675682583295147E-4	0.002191660155276106
7.1	0.0014718926141306626	8.428348013484298E-4	0.001952535694264882
7.199999999999999	0.0012752335085733538	7.390561565636515E-4	0.0016660564768575827
7.299999999999999	0.0010158588498401105	6.32636810665874E-4	0.0012370208992418324
7.399999999999999	6.404801097013224E-4	3.663268108939197E-4	8.734631633845446E-4
7.499999999999999	2.9607950575856104E-4	1.407375367599245E-4	4.3721397563399703E-4
7.6	9.452269710137374E-5	2.8089129232259637E-5	1.6797137457007208E-4
7.699999999999999	1.4716447150643411E-5	0.0	3.35246001616749E-5
7.799999999999999	0.0	0.0	0.0
7.899999999999999	0.0	0.0	0.0
7.999999999999999	0.0	0.0	0.0
8.099999999999998	0.0	0.0	0.0
8.2	0.0	0.0	0.0
8.299999999999999	0.0	0.0	0.0
8.399999999999999	0.0	0.0	0.0
8.499999999999998	0.0	0.0	0.0
8.599999999999998	0.0	0.0	0.0
8.7	0.0	0.0	0.0
8.799999999999999	0.0	0.0	0.0
8.899999999999999	0.0	0.0	0.0
