Whittier, alt 2
mag	mean	min	max
5.05	0.0	0.0	0.0
5.1499999999999995	0.0	0.0	0.0
5.25	0.0	0.0	0.0
5.35	0.0	0.0	0.0
5.45	0.0	0.0	0.0
5.55	0.0	0.0	0.0
5.6499999999999995	0.0	0.0	0.0
5.75	0.0	0.0	0.0
5.85	0.0	0.0	0.0
5.949999999999999	0.0	0.0	0.0
6.05	0.0	0.0	0.0
6.1499999999999995	0.0	0.0	0.0
6.25	0.0	0.0	0.0
6.35	0.0	0.0	0.0
6.449999999999999	0.0	0.0	0.0
6.55	4.841967507856501E-6	0.0	5.597650298075587E-5
6.6499999999999995	8.679625701998601E-5	0.0	6.362455579194487E-4
6.75	2.4203473874578554E-4	8.918590295294312E-6	0.0017368368018739365
6.85	3.7923684255858526E-4	3.386578430392474E-5	0.0023503275841403122
6.949999999999999	3.9334863923085696E-4	3.564819400372071E-5	0.0015789988949822572
7.05	3.0890536445026277E-4	3.0269482254360795E-5	0.00145469820823886
7.1499999999999995	1.586382767081808E-4	0.0	8.908369016278822E-4
7.25	6.151339879293168E-5	0.0	2.8492368079927765E-4
7.35	1.7465655403042876E-5	0.0	9.122096782118269E-5
7.449999999999999	1.6840977411717966E-5	0.0	1.0708548396356495E-4
7.55	1.8355392065623517E-5	0.0	1.3683145173203992E-4
7.6499999999999995	2.477658926791593E-5	0.0	2.0524717759779659E-4
7.75	3.2607498719957606E-5	0.0	2.736629034636514E-4
7.85	7.254867911675772E-6	0.0	3.3734562782594004E-5
7.949999999999999	3.532352202064207E-6	0.0	1.8888141185621126E-5
8.049999999999999	8.926937818935265E-7	0.0	5.683836292863173E-6
8.149999999999999	0.0	0.0	0.0
8.25	0.0	0.0	0.0
8.35	0.0	0.0	0.0
8.45	0.0	0.0	0.0
8.549999999999999	0.0	0.0	0.0
8.649999999999999	0.0	0.0	0.0
8.75	0.0	0.0	0.0
8.85	0.0	0.0	0.0
8.95	0.0	0.0	0.0
