McKinleyville
mag	mean	min	max
5.05	0.0	0.0	0.0
5.1499999999999995	0.0	0.0	0.0
5.25	0.0	0.0	0.0
5.35	0.0	0.0	0.0
5.45	0.0	0.0	0.0
5.55	0.0	0.0	0.0
5.6499999999999995	0.0	0.0	0.0
5.75	0.0	0.0	0.0
5.85	0.0	0.0	0.0
5.949999999999999	0.0	0.0	0.0
6.05	0.0	0.0	0.0
6.1499999999999995	0.0	0.0	0.0
6.25	0.0	0.0	0.0
6.35	0.0	0.0	0.0
6.449999999999999	0.0	0.0	0.0
6.55	5.243067405553916E-5	2.5010889898156764E-5	8.206616143208982E-5
6.6499999999999995	4.663723574080843E-5	2.5010889898156764E-5	6.825965991264197E-5
6.75	4.181846364046957E-5	2.501088989799157E-5	5.677591214320758E-5
6.85	4.169340692794563E-5	2.5010889898167667E-5	5.5459615173124645E-5
6.949999999999999	5.279802194826463E-5	2.9536725665266405E-5	7.84778873733984E-5
7.05	7.391345770112503E-5	3.9578695063960346E-5	1.115910867247905E-4
7.1499999999999995	6.553875034695165E-5	5.35739284869127E-5	7.770163792997089E-5
7.25	3.7649958289357546E-5	2.6752237012238006E-5	4.6823996080553565E-5
7.35	1.4907469521349071E-5	6.670729388711791E-6	2.3381646192192022E-5
7.449999999999999	2.74897000545286E-6	0.0	5.8302651229094874E-6
7.55	0.0	0.0	0.0
7.6499999999999995	0.0	0.0	0.0
7.75	0.0	0.0	0.0
7.85	0.0	0.0	0.0
7.949999999999999	0.0	0.0	0.0
8.049999999999999	0.0	0.0	0.0
8.149999999999999	0.0	0.0	0.0
8.25	0.0	0.0	0.0
8.35	0.0	0.0	0.0
8.45	0.0	0.0	0.0
8.549999999999999	0.0	0.0	0.0
8.649999999999999	0.0	0.0	0.0
8.75	0.0	0.0	0.0
8.85	0.0	0.0	0.0
8.95	0.0	0.0	0.0
