Hunter Mountain-Saline Valley
mag	mean	min	max
5.05	0.0	0.0	0.0
5.1499999999999995	0.0	0.0	0.0
5.25	0.0	0.0	0.0
5.35	0.0	0.0	0.0
5.45	0.0	0.0	0.0
5.55	0.0	0.0	0.0
5.6499999999999995	0.0	0.0	0.0
5.75	0.0	0.0	0.0
5.85	0.0	0.0	0.0
5.949999999999999	0.0	0.0	0.0
6.05	0.0	0.0	0.0
6.1499999999999995	0.0	0.0	0.0
6.25	0.0	0.0	0.0
6.35	0.0	0.0	0.0
6.449999999999999	0.0	0.0	0.0
6.55	1.4273094469976816E-4	2.506007574055224E-5	3.7627940754231764E-4
6.6499999999999995	1.2782655330091E-4	2.6428908083437013E-5	3.1297557900587515E-4
6.75	1.2609097974476674E-4	2.8966715499049037E-5	3.0084918888033233E-4
6.85	1.447232658850806E-4	3.192448517948682E-5	4.003249828594356E-4
6.949999999999999	1.7986484388084296E-4	3.519893163375561E-5	5.632778559329502E-4
7.05	1.4272487993080554E-4	3.8879954178920824E-5	3.2548378155083983E-4
7.1499999999999995	1.2319328730034398E-4	4.5364757679493976E-5	2.707017429541369E-4
7.25	7.591073912617382E-5	3.0351167133572686E-5	1.6312831606596188E-4
7.35	5.512358038802882E-5	0.0	8.145841639873048E-5
7.449999999999999	5.778214191784888E-5	0.0	1.1809716765961909E-4
7.55	7.679744761811846E-5	0.0	1.7118252442682535E-4
7.6499999999999995	5.145759582282849E-5	0.0	1.0603324961148324E-4
7.75	2.5695442511130278E-5	0.0	5.2947892844463944E-5
7.85	6.4072153456797E-6	0.0	1.3202674030900979E-5
7.949999999999999	0.0	0.0	0.0
8.049999999999999	0.0	0.0	0.0
8.149999999999999	0.0	0.0	0.0
8.25	0.0	0.0	0.0
8.35	0.0	0.0	0.0
8.45	0.0	0.0	0.0
8.549999999999999	0.0	0.0	0.0
8.649999999999999	0.0	0.0	0.0
8.75	0.0	0.0	0.0
8.85	0.0	0.0	0.0
8.95	0.0	0.0	0.0
