Pinto Mtn
mag	mean	min	max
5.05	0.0	0.0	0.0
5.1499999999999995	0.0	0.0	0.0
5.25	0.0	0.0	0.0
5.35	0.0	0.0	0.0
5.45	0.0	0.0	0.0
5.55	0.0	0.0	0.0
5.6499999999999995	0.0	0.0	0.0
5.75	0.0	0.0	0.0
5.85	0.0	0.0	0.0
5.949999999999999	0.0	0.0	0.0
6.05	0.0	0.0	0.0
6.1499999999999995	0.0	0.0	0.0
6.25	0.0	0.0	0.0
6.35	0.0	0.0	0.0
6.449999999999999	0.0	0.0	0.0
6.55	2.2243474012787924E-4	9.4723189530136E-5	3.657739618224562E-4
6.6499999999999995	1.9751725662782985E-4	9.472318953033352E-5	3.0423752985665373E-4
6.75	1.7679179658531681E-4	9.472318953015857E-5	2.53053755144779E-4
6.85	1.779061059789363E-4	9.472318953012844E-5	2.471869380637144E-4
6.949999999999999	2.1881729616009943E-4	9.472318953016575E-5	3.4978080220924874E-4
7.05	2.898831158178719E-4	1.0863409792665798E-4	4.973683815963938E-4
7.1499999999999995	2.2673009859675133E-4	1.4883377126977582E-4	2.947929824304954E-4
7.25	1.8676401689478753E-4	1.472054030431961E-4	2.4246966888710834E-4
7.35	9.222623587494423E-5	3.670599239281509E-5	1.477464793570736E-4
7.449999999999999	3.688873436310251E-5	0.0	7.377746872620509E-5
7.55	9.19828739241653E-6	0.0	1.8396574784833056E-5
7.6499999999999995	0.0	0.0	0.0
7.75	0.0	0.0	0.0
7.85	0.0	0.0	0.0
7.949999999999999	0.0	0.0	0.0
8.049999999999999	0.0	0.0	0.0
8.149999999999999	0.0	0.0	0.0
8.25	0.0	0.0	0.0
8.35	0.0	0.0	0.0
8.45	0.0	0.0	0.0
8.549999999999999	0.0	0.0	0.0
8.649999999999999	0.0	0.0	0.0
8.75	0.0	0.0	0.0
8.85	0.0	0.0	0.0
8.95	0.0	0.0	0.0
