   70.0000  25
   80.0000  324
   90.0000  1524
   100.000  4518
   110.000  8699
   120.000  16801
   130.000  27270
   140.000  40110
   150.000  53078
   160.000  66640
   170.000  77120
   180.000  89007
   190.000  101787
   200.000  114663
   210.000  128350
   220.000  143481
   230.000  158311
   240.000  172629
   250.000  184754
   260.000  197638
   270.000  209634
   280.000  219582
   290.000  226357
   300.000  233743
   310.000  239853
   320.000  245926
   330.000  251310
   340.000  255962
   350.000  259244
   360.000  264172
   370.000  266261
   380.000  269304
   390.000  271487
   400.000  273296
   410.000  275544
   420.000  276121
   430.000  276839
   440.000  277088
   450.000  276918
   460.000  276254
   470.000  275511
   480.000  275079
   490.000  274210
   500.000  272850
   510.000  271224
   520.000  270102
   530.000  269118
   540.000  268705
   550.000  266301
   560.000  264234
   570.000  261948
   580.000  260046
   590.000  258698
   600.000  256884
   610.000  254853
   620.000  252469
   630.000  251097
   640.000  248356
   650.000  246054
   660.000  244671
   670.000  242292
   680.000  240139
   690.000  238107
   700.000  236074
   710.000  233930
   720.000  231390
   730.000  228624
   740.000  226651
   750.000  224123
   760.000  221953
   770.000  219928
   780.000  217359
   790.000  215297
   800.000  213392
   810.000  210805
   820.000  208560
   830.000  205936
   840.000  203897
   850.000  201903
   860.000  200058
   870.000  197851
   880.000  196515
   890.000  194238
   900.000  192475
   910.000  190434
   920.000  188309
   930.000  186342
   940.000  184359
   950.000  182243
   960.000  180406
   970.000  178606
   980.000  176718
   990.000  175502
   1000.00  173512
   1010.00  171752
   1020.00  169742
   1030.00  168325
   1040.00  166550
   1050.00  165113
   1060.00  163239
   1070.00  161354
   1080.00  159434
   1090.00  157850
   1100.00  156426
   1110.00  154548
   1120.00  152957
   1130.00  151357
   1140.00  149620
   1150.00  147765
   1160.00  146312
   1170.00  144702
   1180.00  143146
   1190.00  141748
   1200.00  140390
   1210.00  138894
   1220.00  137971
   1230.00  136494
   1240.00  135456
   1250.00  133993
   1260.00  132810
   1270.00  131325
   1280.00  129765
   1290.00  128354
   1300.00  127135
   1310.00  125813
   1320.00  124707
   1330.00  123613
   1340.00  122219
   1350.00  120758
   1360.00  119340
   1370.00  118337
   1380.00  117062
   1390.00  115781
   1400.00  114631
   1410.00  113660
   1420.00  112266
   1430.00  111154
   1440.00  109877
   1450.00  108883
   1460.00  107874
   1470.00  107114
   1480.00  106203
   1490.00  105119
   1500.00  104451
   1510.00  103259
   1520.00  102155
   1530.00  101262
   1540.00  100173
   1550.00  99185
   1560.00  98284
   1570.00  97312
   1580.00  96389
   1590.00  95228
   1600.00  94428
   1610.00  93486
   1620.00  92460
   1630.00  91854
   1640.00  90710
   1650.00  89689
   1660.00  88831
   1670.00  87881
   1680.00  87123
   1690.00  86287
   1700.00  85341
   1710.00  84619
   1720.00  83993
   1730.00  83145
   1740.00  82444
   1750.00  81597
   1760.00  80842
   1770.00  80052
   1780.00  79388
   1790.00  78823
   1800.00  78096
   1810.00  77313
   1820.00  76575
   1830.00  76028
   1840.00  75457
   1850.00  74567
   1860.00  73940
   1870.00  73198
   1880.00  72508
   1890.00  71783
   1900.00  71150
   1910.00  70456
   1920.00  69813
   1930.00  69137
   1940.00  68475
   1950.00  67843
   1960.00  67292
   1970.00  66820
   1980.00  66399
   1990.00  65646
   2000.00  65121
   2010.00  64525
   2020.00  63978
   2030.00  63493
   2040.00  63034
   2050.00  62412
   2060.00  61918
   2070.00  61497
   2080.00  61031
   2090.00  60521
   2100.00  59975
   2110.00  59398
   2120.00  58911
   2130.00  58369
   2140.00  58018
   2150.00  57482
   2160.00  56863
   2170.00  56470
   2180.00  56093
   2190.00  55610
   2200.00  55043
   2210.00  54550
   2220.00  54138
   2230.00  53601
   2240.00  53139
   2250.00  52743
   2260.00  52439
   2270.00  52023
   2280.00  51500
   2290.00  51187
   2300.00  50750
   2310.00  50473
   2320.00  49975
   2330.00  49441
   2340.00  49081
   2350.00  48695
   2360.00  48285
   2370.00  47792
   2380.00  47477
   2390.00  47037
   2400.00  46658
   2410.00  46283
   2420.00  45802
   2430.00  45408
   2440.00  45054
   2450.00  44694
   2460.00  44530
   2470.00  44249
   2480.00  43878
   2490.00  43445
   2500.00  43051
   2510.00  42660
   2520.00  42368
   2530.00  42044
   2540.00  41737
   2550.00  41360
   2560.00  41043
   2570.00  40632
   2580.00  40261
   2590.00  39983
   2600.00  39635
   2610.00  39309
   2620.00  38878
   2630.00  38603
   2640.00  38298
   2650.00  37998
   2660.00  37826
   2670.00  37565
   2680.00  37317
   2690.00  37012
   2700.00  36664
   2710.00  36438
   2720.00  36153
   2730.00  35925
   2740.00  35730
   2750.00  35476
   2760.00  35280
   2770.00  34945
   2780.00  34752
   2790.00  34472
   2800.00  34201
   2810.00  33965
   2820.00  33669
   2830.00  33274
   2840.00  33064
   2850.00  32845
   2860.00  32700
   2870.00  32471
   2880.00  32167
   2890.00  31894
   2900.00  31648
   2910.00  31491
   2920.00  31248
   2930.00  30998
   2940.00  30830
   2950.00  30605
   2960.00  30423
   2970.00  30205
   2980.00  29963
   2990.00  29715
   3000.00  29519
   3010.00  29360
   3020.00  29123
   3030.00  28897
   3040.00  28601
   3050.00  28455
   3060.00  28276
   3070.00  28097
   3080.00  27936
   3090.00  27715
   3100.00  27551
   3110.00  27420
   3120.00  27203
   3130.00  26936
   3140.00  26779
   3150.00  26580
   3160.00  26388
   3170.00  26173
   3180.00  25941
   3190.00  25778
   3200.00  25596
   3210.00  25434
   3220.00  25361
   3230.00  25215
   3240.00  25087
   3250.00  24890
   3260.00  24759
   3270.00  24588
   3280.00  24397
   3290.00  24276
   3300.00  24096
   3310.00  23973
   3320.00  23807
   3330.00  23677
   3340.00  23484
   3350.00  23376
   3360.00  23247
   3370.00  23066
   3380.00  22830
   3390.00  22669
   3400.00  22474
   3410.00  22409
   3420.00  22218
   3430.00  22042
   3440.00  21936
   3450.00  21769
   3460.00  21611
   3470.00  21456
   3480.00  21364
   3490.00  21304
   3500.00  21166
   3510.00  21041
   3520.00  20954
   3530.00  20776
   3540.00  20598
   3550.00  20499
   3560.00  20336
   3570.00  20154
   3580.00  20028
   3590.00  19898
   3600.00  19762
   3610.00  19626
   3620.00  19489
   3630.00  19351
   3640.00  19256
   3650.00  19134
   3660.00  19054
   3670.00  18870
   3680.00  18750
   3690.00  18531
   3700.00  18369
   3710.00  18299
   3720.00  18199
   3730.00  18077
   3740.00  17937
   3750.00  17864
   3760.00  17745
   3770.00  17640
   3780.00  17530
   3790.00  17424
   3800.00  17269
   3810.00  17181
   3820.00  17107
   3830.00  16991
   3840.00  16893
   3850.00  16768
   3860.00  16670
   3870.00  16568
   3880.00  16432
   3890.00  16371
   3900.00  16273
   3910.00  16253
   3920.00  16139
   3930.00  16049
   3940.00  15983
   3950.00  15825
   3960.00  15686
   3970.00  15643
   3980.00  15539
   3990.00  15456
   4000.00  15293
   4010.00  15207
   4020.00  15116
   4030.00  15045
   4040.00  14948
   4050.00  14859
   4060.00  14798
   4070.00  14715
   4080.00  14602
   4090.00  14501
   4100.00  14433
   4110.00  14371
   4120.00  14320
   4130.00  14280
   4140.00  14211
   4150.00  14140
   4160.00  14099
   4170.00  13971
   4180.00  13879
   4190.00  13797
   4200.00  13718
   4210.00  13660
   4220.00  13631
   4230.00  13571
   4240.00  13496
   4250.00  13452
   4260.00  13340
   4270.00  13252
   4280.00  13182
   4290.00  13076
   4300.00  13021
   4310.00  12952
   4320.00  12873
   4330.00  12779
   4340.00  12699
   4350.00  12617
   4360.00  12540
   4370.00  12429
   4380.00  12394
   4390.00  12340
   4400.00  12282
   4410.00  12244
   4420.00  12169
   4430.00  12062
   4440.00  11998
   4450.00  11946
   4460.00  11907
   4470.00  11818
   4480.00  11770
   4490.00  11708
   4500.00  11640
   4510.00  11578
   4520.00  11456
   4530.00  11404
   4540.00  11362
   4550.00  11262
   4560.00  11195
   4570.00  11133
   4580.00  11108
   4590.00  11048
   4600.00  11018
   4610.00  10987
   4620.00  10920
   4630.00  10842
   4640.00  10775
   4650.00  10686
   4660.00  10650
   4670.00  10581
   4680.00  10529
   4690.00  10478
   4700.00  10435
   4710.00  10411
   4720.00  10383
   4730.00  10330
   4740.00  10342
   4750.00  10296
   4760.00  10216
   4770.00  10168
   4780.00  10135
   4790.00  10040
   4800.00  10003
   4810.00  9931
   4820.00  9910
   4830.00  9875
   4840.00  9834
   4850.00  9766
   4860.00  9728
   4870.00  9699
   4880.00  9626
   4890.00  9564
   4900.00  9533
   4910.00  9471
   4920.00  9440
   4930.00  9415
   4940.00  9364
   4950.00  9308
   4960.00  9283
   4970.00  9257
   4980.00  9193
   4990.00  9133
   5000.00  9093
