   500.000  1
   510.000  2
   520.000  2
   530.000  2
   550.000  1
   560.000  3
   590.000  1
   600.000  1
   620.000  1
   690.000  2
   700.000  1
   710.000  2
   720.000  1
   730.000  1
   750.000  1
   760.000  2
   780.000  2
   790.000  2
   800.000  4
   810.000  2
   830.000  1
   840.000  5
   850.000  2
   860.000  1
   870.000  2
   880.000  1
   890.000  1
   900.000  3
   940.000  1
   950.000  2
   960.000  2
   970.000  1
   980.000  1
   1000.00  1
   1020.00  1
   1040.00  2
   1050.00  2
   1060.00  4
   1070.00  1
   1080.00  2
   1090.00  2
   1100.00  1
   1110.00  2
   1120.00  1
   1130.00  1
   1150.00  1
   1160.00  1
   1170.00  3
   1180.00  2
   1190.00  1
   1200.00  1
   1220.00  3
   1230.00  1
   1240.00  1
   1280.00  2
   1290.00  2
   1300.00  5
   1310.00  2
   1320.00  3
   1340.00  1
   1350.00  2
   1360.00  2
   1370.00  1
   1380.00  3
   1390.00  4
   1400.00  1
   1410.00  1
   1420.00  2
   1430.00  1
   1440.00  5
   1460.00  1
   1470.00  2
   1480.00  4
   1490.00  5
   1500.00  3
   1510.00  1
   1560.00  1
   1570.00  2
   1580.00  2
   1590.00  1
   1600.00  1
   1640.00  1
   1650.00  1
   1660.00  1
   1670.00  2
   1680.00  4
   1690.00  2
   1700.00  4
   1710.00  2
   1720.00  1
   1730.00  3
   1770.00  1
   1790.00  1
   1800.00  1
   1810.00  1
   1830.00  1
   1840.00  4
   1850.00  3
   1860.00  1
   1900.00  1
   1910.00  1
   1920.00  2
   1930.00  3
   1940.00  3
   1950.00  3
   1960.00  1
   1970.00  1
   1980.00  2
   1990.00  1
   2000.00  1
   2050.00  1
   2060.00  1
   2070.00  1
   2080.00  1
   2130.00  1
   2160.00  1
   2200.00  1
   2220.00  1
   2230.00  2
   2240.00  2
   2250.00  1
   2280.00  1
   2290.00  1
   2330.00  1
   2420.00  1
   2440.00  1
   2450.00  1
   2460.00  1
   2470.00  1
   2490.00  1
   2510.00  1
   2640.00  1
   2650.00  1
   2820.00  1
   2830.00  2
   2840.00  3
   2860.00  1
   2990.00  1
   3000.00  1
   3500.00  1
   3510.00  1
   3520.00  1
   3530.00  1
   3540.00  1
   3550.00  2
   3810.00  1
   3820.00  1
   3830.00  1
   4500.00  1
   4610.00  1
   4620.00  1
   4630.00  1
   4640.00  1
