   90.0000  14
   100.000  77
   110.000  240
   120.000  776
   130.000  1986
   140.000  3587
   150.000  5387
   160.000  7317
   170.000  9583
   180.000  12296
   190.000  15361
   200.000  19088
   210.000  23591
   220.000  28512
   230.000  33427
   240.000  39045
   250.000  43943
   260.000  49703
   270.000  55049
   280.000  60142
   290.000  63831
   300.000  67355
   310.000  71688
   320.000  74706
   330.000  78060
   340.000  81096
   350.000  83851
   360.000  86403
   370.000  88279
   380.000  90659
   390.000  91792
   400.000  93499
   410.000  94626
   420.000  95618
   430.000  96030
   440.000  96304
   450.000  96145
   460.000  95766
   470.000  95792
   480.000  95767
   490.000  95149
   500.000  94224
   510.000  92972
   520.000  91674
   530.000  91418
   540.000  90204
   550.000  89159
   560.000  88448
   570.000  87102
   580.000  85487
   590.000  84493
   600.000  82914
   610.000  81644
   620.000  80060
   630.000  78901
   640.000  77589
   650.000  76567
   660.000  75215
   670.000  73834
   680.000  71807
   690.000  70148
   700.000  68627
   710.000  67594
   720.000  66027
   730.000  64209
   740.000  62806
   750.000  61479
   760.000  60298
   770.000  58845
   780.000  57707
   790.000  56525
   800.000  55548
   810.000  54410
   820.000  53380
   830.000  51977
   840.000  51026
   850.000  49768
   860.000  48451
   870.000  47467
   880.000  46405
   890.000  45383
   900.000  44243
   910.000  42961
   920.000  42260
   930.000  41122
   940.000  40124
   950.000  39032
   960.000  38167
   970.000  37356
   980.000  36397
   990.000  35791
   1000.00  35076
   1010.00  34209
   1020.00  33349
   1030.00  32622
   1040.00  31715
   1050.00  31085
   1060.00  30300
   1070.00  29519
   1080.00  28868
   1090.00  28287
   1100.00  27762
   1110.00  27122
   1120.00  26469
   1130.00  25835
   1140.00  25155
   1150.00  24737
   1160.00  24417
   1170.00  23796
   1180.00  23384
   1190.00  22666
   1200.00  21994
   1210.00  21365
   1220.00  20882
   1230.00  20480
   1240.00  20191
   1250.00  19609
   1260.00  19225
   1270.00  18769
   1280.00  18354
   1290.00  17916
   1300.00  17467
   1310.00  17018
   1320.00  16607
   1330.00  16410
   1340.00  16015
   1350.00  15757
   1360.00  15497
   1370.00  15121
   1380.00  14731
   1390.00  14411
   1400.00  14141
   1410.00  13837
   1420.00  13429
   1430.00  13194
   1440.00  12934
   1450.00  12586
   1460.00  12325
   1470.00  11990
   1480.00  11637
   1490.00  11369
   1500.00  11226
   1510.00  10934
   1520.00  10756
   1530.00  10564
   1540.00  10402
   1550.00  10177
   1560.00  10014
   1570.00  9840
   1580.00  9724
   1590.00  9454
   1600.00  9290
   1610.00  9142
   1620.00  8828
   1630.00  8634
   1640.00  8358
   1650.00  8157
   1660.00  8038
   1670.00  7858
   1680.00  7719
   1690.00  7555
   1700.00  7357
   1710.00  7226
   1720.00  7083
   1730.00  6975
   1740.00  6850
   1750.00  6745
   1760.00  6653
   1770.00  6468
   1780.00  6359
   1790.00  6248
   1800.00  6107
   1810.00  6009
   1820.00  5889
   1830.00  5798
   1840.00  5648
   1850.00  5562
   1860.00  5494
   1870.00  5384
   1880.00  5270
   1890.00  5262
   1900.00  5200
   1910.00  5158
   1920.00  5072
   1930.00  4971
   1940.00  4836
   1950.00  4786
   1960.00  4729
   1970.00  4594
   1980.00  4514
   1990.00  4410
   2000.00  4344
   2010.00  4272
   2020.00  4149
   2030.00  4104
   2040.00  4055
   2050.00  3967
   2060.00  3890
   2070.00  3832
   2080.00  3768
   2090.00  3711
   2100.00  3656
   2110.00  3595
   2120.00  3489
   2130.00  3402
   2140.00  3333
   2150.00  3270
   2160.00  3186
   2170.00  3112
   2180.00  3076
   2190.00  3009
   2200.00  3011
   2210.00  2963
   2220.00  2907
   2230.00  2876
   2240.00  2884
   2250.00  2833
   2260.00  2758
   2270.00  2710
   2280.00  2675
   2290.00  2624
   2300.00  2581
   2310.00  2539
   2320.00  2507
   2330.00  2442
   2340.00  2400
   2350.00  2371
   2360.00  2303
   2370.00  2245
   2380.00  2225
   2390.00  2195
   2400.00  2129
   2410.00  2098
   2420.00  2013
   2430.00  2002
   2440.00  2026
   2450.00  1974
   2460.00  1982
   2470.00  1951
   2480.00  1910
   2490.00  1878
   2500.00  1825
   2510.00  1811
   2520.00  1776
   2530.00  1748
   2540.00  1746
   2550.00  1720
   2560.00  1681
   2570.00  1635
   2580.00  1617
   2590.00  1615
   2600.00  1617
   2610.00  1608
   2620.00  1580
   2630.00  1554
   2640.00  1510
   2650.00  1467
   2660.00  1448
   2670.00  1420
   2680.00  1413
   2690.00  1418
   2700.00  1395
   2710.00  1370
   2720.00  1358
   2730.00  1347
   2740.00  1316
   2750.00  1290
   2760.00  1281
   2770.00  1249
   2780.00  1235
   2790.00  1210
   2800.00  1194
   2810.00  1187
   2820.00  1152
   2830.00  1133
   2840.00  1096
   2850.00  1084
   2860.00  1064
   2870.00  1039
   2880.00  1021
   2890.00  1014
   2900.00  1016
   2910.00  1004
   2920.00  997
   2930.00  954
   2940.00  947
   2950.00  936
   2960.00  920
   2970.00  889
   2980.00  867
   2990.00  843
   3000.00  830
   3010.00  818
   3020.00  810
   3030.00  811
   3040.00  801
   3050.00  801
   3060.00  794
   3070.00  776
   3080.00  756
   3090.00  746
   3100.00  745
   3110.00  742
   3120.00  731
   3130.00  727
   3140.00  719
   3150.00  706
   3160.00  716
   3170.00  691
   3180.00  683
   3190.00  682
   3200.00  676
   3210.00  673
   3220.00  670
   3230.00  654
   3240.00  652
   3250.00  640
   3260.00  626
   3270.00  620
   3280.00  604
   3290.00  601
   3300.00  583
   3310.00  582
   3320.00  561
   3330.00  549
   3340.00  550
   3350.00  547
   3360.00  544
   3370.00  528
   3380.00  511
   3390.00  514
   3400.00  503
   3410.00  498
   3420.00  500
   3430.00  494
   3440.00  490
   3450.00  492
   3460.00  467
   3470.00  454
   3480.00  452
   3490.00  459
   3500.00  457
   3510.00  462
   3520.00  457
   3530.00  455
   3540.00  470
   3550.00  463
   3560.00  456
   3570.00  449
   3580.00  449
   3590.00  451
   3600.00  439
   3610.00  437
   3620.00  421
   3630.00  413
   3640.00  415
   3650.00  401
   3660.00  394
   3670.00  395
   3680.00  390
   3690.00  387
   3700.00  388
   3710.00  377
   3720.00  362
   3730.00  355
   3740.00  350
   3750.00  354
   3760.00  357
   3770.00  343
   3780.00  344
   3790.00  333
   3800.00  321
   3810.00  318
   3820.00  312
   3830.00  308
   3840.00  307
   3850.00  307
   3860.00  300
   3870.00  293
   3880.00  290
   3890.00  292
   3900.00  291
   3910.00  290
   3920.00  274
   3930.00  278
   3940.00  276
   3950.00  272
   3960.00  270
   3970.00  260
   3980.00  274
   3990.00  270
   4000.00  268
   4010.00  263
   4020.00  256
   4030.00  258
   4040.00  266
   4050.00  258
   4060.00  253
   4070.00  255
   4080.00  255
   4090.00  251
   4100.00  255
   4110.00  255
   4120.00  252
   4130.00  239
   4140.00  238
   4150.00  231
   4160.00  233
   4170.00  237
   4180.00  239
   4190.00  235
   4200.00  238
   4210.00  244
   4220.00  245
   4230.00  240
   4240.00  243
   4250.00  238
   4260.00  233
   4270.00  225
   4280.00  221
   4290.00  222
   4300.00  216
   4310.00  222
   4320.00  224
   4330.00  223
   4340.00  223
   4350.00  218
   4360.00  215
   4370.00  218
   4380.00  214
   4390.00  211
   4400.00  206
   4410.00  197
   4420.00  193
   4430.00  186
   4440.00  187
   4450.00  183
   4460.00  178
   4470.00  174
   4480.00  174
   4490.00  171
   4500.00  171
   4510.00  166
   4520.00  163
   4530.00  164
   4540.00  156
   4550.00  144
   4560.00  144
   4570.00  145
   4580.00  146
   4590.00  151
   4600.00  149
   4610.00  143
   4620.00  147
   4630.00  148
   4640.00  142
   4650.00  141
   4660.00  138
   4670.00  140
   4680.00  135
   4690.00  132
   4700.00  131
   4710.00  133
   4720.00  132
   4730.00  131
   4740.00  129
   4750.00  131
   4760.00  129
   4770.00  128
   4780.00  125
   4790.00  118
   4800.00  118
   4810.00  113
   4820.00  112
   4830.00  112
   4840.00  109
   4850.00  105
   4860.00  105
   4870.00  105
   4880.00  101
   4890.00  103
   4900.00  103
   4910.00  101
   4920.00  97
   4930.00  97
   4940.00  97
   4950.00  96
   4960.00  95
   4970.00  95
   4980.00  98
   4990.00  96
   5000.00  94
