   90.0000  1
   100.000  3
   110.000  7
   120.000  21
   130.000  38
   140.000  63
   150.000  93
   160.000  129
   170.000  156
   180.000  192
   190.000  225
   200.000  242
   210.000  296
   220.000  329
   230.000  305
   240.000  334
   250.000  339
   260.000  345
   270.000  329
   280.000  316
   290.000  287
   300.000  282
   310.000  257
   320.000  264
   330.000  264
   340.000  227
   350.000  218
   360.000  222
   370.000  181
   380.000  160
   390.000  171
   400.000  142
   410.000  164
   420.000  141
   430.000  117
   440.000  111
   450.000  105
   460.000  102
   470.000  94
   480.000  68
   490.000  92
   500.000  95
   510.000  68
   520.000  74
   530.000  72
   540.000  65
   550.000  52
   560.000  44
   570.000  42
   580.000  42
   590.000  35
   600.000  42
   610.000  45
   620.000  34
   630.000  34
   640.000  19
   650.000  22
   660.000  27
   670.000  25
   680.000  22
   690.000  17
   700.000  13
   710.000  14
   720.000  14
   730.000  16
   740.000  21
   750.000  16
   760.000  9
   770.000  8
   780.000  10
   790.000  10
   800.000  13
   810.000  12
   820.000  9
   830.000  10
   840.000  10
   850.000  8
   860.000  8
   870.000  9
   880.000  5
   890.000  8
   900.000  4
   910.000  6
   920.000  5
   930.000  2
   940.000  3
   950.000  3
   960.000  3
   970.000  4
   980.000  6
   990.000  3
   1000.00  3
   1010.00  1
   1020.00  3
   1030.00  2
   1040.00  2
   1050.00  4
   1070.00  2
   1080.00  3
   1090.00  2
   1100.00  1
   1110.00  1
   1140.00  1
   1150.00  1
   1160.00  1
   1170.00  2
   1180.00  1
   1190.00  1
   1220.00  1
   1230.00  3
   1240.00  3
   1250.00  2
   1280.00  2
   1290.00  1
   1470.00  1
   1480.00  1
   2050.00  1
   2060.00  1
   2070.00  1
   2080.00  1
