   50.0000  38
   60.0000  975
   70.0000  5684
   80.0000  15952
   90.0000  30810
   100.000  48730
   110.000  64609
   120.000  80725
   130.000  97516
   140.000  114641
   150.000  130654
   160.000  148043
   170.000  160436
   180.000  173408
   190.000  182354
   200.000  186982
   210.000  189681
   220.000  192614
   230.000  194434
   240.000  194750
   250.000  193979
   260.000  191671
   270.000  190245
   280.000  186818
   290.000  183346
   300.000  179744
   310.000  175064
   320.000  170557
   330.000  167046
   340.000  161566
   350.000  157407
   360.000  153235
   370.000  149088
   380.000  144200
   390.000  139183
   400.000  135075
   410.000  130536
   420.000  126523
   430.000  122889
   440.000  118947
   450.000  114654
   460.000  111132
   470.000  107873
   480.000  104320
   490.000  100834
   500.000  97258
   510.000  94039
   520.000  90842
   530.000  87886
   540.000  85207
   550.000  82374
   560.000  80281
   570.000  77400
   580.000  75298
   590.000  72994
   600.000  70787
   610.000  68805
   620.000  66169
   630.000  64012
   640.000  61734
   650.000  60057
   660.000  58327
   670.000  56476
   680.000  54801
   690.000  53143
   700.000  51609
   710.000  50227
   720.000  48898
   730.000  47170
   740.000  45938
   750.000  44424
   760.000  43077
   770.000  41991
   780.000  40511
   790.000  39549
   800.000  38635
   810.000  37584
   820.000  36562
   830.000  35472
   840.000  34590
   850.000  33442
   860.000  32585
   870.000  31758
   880.000  30782
   890.000  29880
   900.000  29207
   910.000  28504
   920.000  27788
   930.000  26847
   940.000  26091
   950.000  25358
   960.000  24722
   970.000  24161
   980.000  23636
   990.000  23193
   1000.00  22496
   1010.00  21919
   1020.00  21523
   1030.00  21032
   1040.00  20494
   1050.00  19930
   1060.00  19367
   1070.00  18937
   1080.00  18401
   1090.00  18021
   1100.00  17547
   1110.00  17079
   1120.00  16767
   1130.00  16425
   1140.00  16066
   1150.00  15695
   1160.00  15184
   1170.00  14923
   1180.00  14486
   1190.00  14204
   1200.00  13731
   1210.00  13440
   1220.00  13119
   1230.00  12783
   1240.00  12656
   1250.00  12412
   1260.00  12070
   1270.00  11936
   1280.00  11629
   1290.00  11389
   1300.00  11145
   1310.00  10901
   1320.00  10680
   1330.00  10559
   1340.00  10366
   1350.00  10242
   1360.00  10006
   1370.00  9736
   1380.00  9471
   1390.00  9256
   1400.00  9036
   1410.00  8807
   1420.00  8624
   1430.00  8405
   1440.00  8263
   1450.00  8136
   1460.00  7939
   1470.00  7787
   1480.00  7689
   1490.00  7518
   1500.00  7433
   1510.00  7283
   1520.00  7136
   1530.00  7041
   1540.00  6966
   1550.00  6807
   1560.00  6648
   1570.00  6482
   1580.00  6404
   1590.00  6226
   1600.00  6087
   1610.00  5915
   1620.00  5782
   1630.00  5718
   1640.00  5555
   1650.00  5445
   1660.00  5284
   1670.00  5171
   1680.00  5111
   1690.00  5003
   1700.00  4934
   1710.00  4867
   1720.00  4764
   1730.00  4735
   1740.00  4683
   1750.00  4619
   1760.00  4544
   1770.00  4391
   1780.00  4346
   1790.00  4243
   1800.00  4225
   1810.00  4189
   1820.00  4152
   1830.00  4069
   1840.00  3999
   1850.00  3942
   1860.00  3822
   1870.00  3794
   1880.00  3772
   1890.00  3716
   1900.00  3659
   1910.00  3633
   1920.00  3544
   1930.00  3474
   1940.00  3368
   1950.00  3322
   1960.00  3268
   1970.00  3234
   1980.00  3237
   1990.00  3192
   2000.00  3171
   2010.00  3126
   2020.00  3076
   2030.00  3023
   2040.00  2950
   2050.00  2889
   2060.00  2844
   2070.00  2816
   2080.00  2779
   2090.00  2720
   2100.00  2623
   2110.00  2589
   2120.00  2557
   2130.00  2497
   2140.00  2458
   2150.00  2401
   2160.00  2330
   2170.00  2272
   2180.00  2242
   2190.00  2194
   2200.00  2124
   2210.00  2109
   2220.00  2074
   2230.00  2044
   2240.00  2023
   2250.00  2010
   2260.00  1964
   2270.00  1946
   2280.00  1926
   2290.00  1902
   2300.00  1893
   2310.00  1837
   2320.00  1800
   2330.00  1780
   2340.00  1733
   2350.00  1707
   2360.00  1676
   2370.00  1645
   2380.00  1592
   2390.00  1566
   2400.00  1579
   2410.00  1571
   2420.00  1550
   2430.00  1541
   2440.00  1540
   2450.00  1529
   2460.00  1498
   2470.00  1453
   2480.00  1446
   2490.00  1442
   2500.00  1422
   2510.00  1407
   2520.00  1406
   2530.00  1368
   2540.00  1347
   2550.00  1329
   2560.00  1321
   2570.00  1320
   2580.00  1305
   2590.00  1291
   2600.00  1279
   2610.00  1261
   2620.00  1226
   2630.00  1187
   2640.00  1174
   2650.00  1147
   2660.00  1158
   2670.00  1141
   2680.00  1113
   2690.00  1113
   2700.00  1093
   2710.00  1077
   2720.00  1062
   2730.00  1031
   2740.00  1017
   2750.00  1019
   2760.00  1009
   2770.00  1001
   2780.00  995
   2790.00  982
   2800.00  962
   2810.00  945
   2820.00  931
   2830.00  916
   2840.00  895
   2850.00  905
   2860.00  895
   2870.00  886
   2880.00  877
   2890.00  869
   2900.00  846
   2910.00  841
   2920.00  807
   2930.00  801
   2940.00  806
   2950.00  812
   2960.00  806
   2970.00  794
   2980.00  796
   2990.00  781
   3000.00  773
   3010.00  757
   3020.00  740
   3030.00  724
   3040.00  711
   3050.00  711
   3060.00  705
   3070.00  706
   3080.00  716
   3090.00  702
   3100.00  692
   3110.00  688
   3120.00  675
   3130.00  668
   3140.00  648
   3150.00  641
   3160.00  653
   3170.00  661
   3180.00  656
   3190.00  635
   3200.00  631
   3210.00  620
   3220.00  614
   3230.00  618
   3240.00  613
   3250.00  599
   3260.00  607
   3270.00  607
   3280.00  606
   3290.00  593
   3300.00  589
   3310.00  594
   3320.00  586
   3330.00  579
   3340.00  566
   3350.00  567
   3360.00  560
   3370.00  559
   3380.00  548
   3390.00  540
   3400.00  519
   3410.00  517
   3420.00  513
   3430.00  504
   3440.00  505
   3450.00  498
   3460.00  502
   3470.00  501
   3480.00  492
   3490.00  489
   3500.00  486
   3510.00  487
   3520.00  485
   3530.00  478
   3540.00  471
   3550.00  459
   3560.00  447
   3570.00  437
   3580.00  425
   3590.00  421
   3600.00  413
   3610.00  405
   3620.00  399
   3630.00  385
   3640.00  382
   3650.00  372
   3660.00  372
   3670.00  361
   3680.00  349
   3690.00  342
   3700.00  342
   3710.00  325
   3720.00  324
   3730.00  311
   3740.00  314
   3750.00  313
   3760.00  305
   3770.00  300
   3780.00  296
   3790.00  293
   3800.00  291
   3810.00  297
   3820.00  295
   3830.00  294
   3840.00  288
   3850.00  289
   3860.00  287
   3870.00  284
   3880.00  280
   3890.00  282
   3900.00  275
   3910.00  271
   3920.00  277
   3930.00  275
   3940.00  270
   3950.00  270
   3960.00  270
   3970.00  266
   3980.00  264
   3990.00  255
   4000.00  259
   4010.00  263
   4020.00  261
   4030.00  268
   4040.00  257
   4050.00  246
   4060.00  242
   4070.00  246
   4080.00  246
   4090.00  247
   4100.00  251
   4110.00  240
   4120.00  238
   4130.00  238
   4140.00  237
   4150.00  244
   4160.00  243
   4170.00  237
   4180.00  236
   4190.00  232
   4200.00  235
   4210.00  236
   4220.00  233
   4230.00  235
   4240.00  239
   4250.00  239
   4260.00  234
   4270.00  235
   4280.00  240
   4290.00  234
   4300.00  230
   4310.00  224
   4320.00  223
   4330.00  216
   4340.00  212
   4350.00  212
   4360.00  209
   4370.00  214
   4380.00  210
   4390.00  216
   4400.00  219
   4410.00  215
   4420.00  213
   4430.00  210
   4440.00  208
   4450.00  201
   4460.00  194
   4470.00  192
   4480.00  189
   4490.00  187
   4500.00  189
   4510.00  191
   4520.00  187
   4530.00  182
   4540.00  180
   4550.00  181
   4560.00  179
   4570.00  180
   4580.00  175
   4590.00  171
   4600.00  177
   4610.00  176
   4620.00  174
   4630.00  174
   4640.00  170
   4650.00  168
   4660.00  164
   4670.00  167
   4680.00  173
   4690.00  172
   4700.00  166
   4710.00  167
   4720.00  160
   4730.00  159
   4740.00  157
   4750.00  149
   4760.00  147
   4770.00  144
   4780.00  141
   4790.00  141
   4800.00  141
   4810.00  135
   4820.00  140
   4830.00  141
   4840.00  139
   4850.00  138
   4860.00  139
   4870.00  143
   4880.00  141
   4890.00  137
   4900.00  134
   4910.00  133
   4920.00  131
   4930.00  130
   4940.00  133
   4950.00  133
   4960.00  131
   4970.00  130
   4980.00  129
   4990.00  128
   5000.00  128
