   140.000  9
   150.000  58
   160.000  160
   170.000  447
   180.000  1058
   190.000  1982
   200.000  3420
   210.000  5496
   220.000  8086
   230.000  11812
   240.000  16470
   250.000  21361
   260.000  26448
   270.000  30935
   280.000  34214
   290.000  36126
   300.000  37751
   310.000  38918
   320.000  40958
   330.000  42779
   340.000  45971
   350.000  48640
   360.000  52673
   370.000  56121
   380.000  59843
   390.000  63559
   400.000  67525
   410.000  71785
   420.000  76138
   430.000  80697
   440.000  83106
   450.000  87157
   460.000  90898
   470.000  95596
   480.000  98922
   490.000  102955
   500.000  105571
   510.000  108284
   520.000  110731
   530.000  113710
   540.000  116446
   550.000  119081
   560.000  121613
   570.000  124260
   580.000  126662
   590.000  129099
   600.000  130548
   610.000  133024
   620.000  135037
   630.000  137048
   640.000  138556
   650.000  139934
   660.000  141871
   670.000  143476
   680.000  144496
   690.000  146143
   700.000  146959
   710.000  148119
   720.000  149148
   730.000  149847
   740.000  150982
   750.000  151770
   760.000  152320
   770.000  152229
   780.000  152620
   790.000  153401
   800.000  153516
   810.000  153940
   820.000  154461
   830.000  154161
   840.000  154291
   850.000  154635
   860.000  154260
   870.000  154015
   880.000  154030
   890.000  154182
   900.000  153874
   910.000  154046
   920.000  153788
   930.000  152952
   940.000  152456
   950.000  152173
   960.000  152533
   970.000  152300
   980.000  151562
   990.000  151072
   1000.00  150296
   1010.00  149878
   1020.00  149539
   1030.00  149174
   1040.00  148856
   1050.00  148629
   1060.00  148142
   1070.00  147762
   1080.00  147339
   1090.00  146663
   1100.00  146101
   1110.00  145356
   1120.00  144844
   1130.00  143736
   1140.00  143302
   1150.00  142694
   1160.00  142141
   1170.00  141523
   1180.00  140744
   1190.00  139658
   1200.00  138819
   1210.00  138394
   1220.00  137496
   1230.00  137065
   1240.00  136006
   1250.00  135408
   1260.00  135058
   1270.00  133954
   1280.00  133753
   1290.00  133009
   1300.00  132510
   1310.00  131832
   1320.00  130980
   1330.00  130590
   1340.00  129864
   1350.00  129260
   1360.00  128290
   1370.00  127526
   1380.00  126770
   1390.00  126352
   1400.00  125682
   1410.00  125280
   1420.00  124431
   1430.00  123595
   1440.00  122904
   1450.00  122390
   1460.00  121437
   1470.00  120692
   1480.00  119751
   1490.00  119112
   1500.00  118467
   1510.00  117892
   1520.00  117131
   1530.00  116449
   1540.00  115589
   1550.00  115137
   1560.00  114715
   1570.00  114267
   1580.00  113602
   1590.00  113343
   1600.00  112731
   1610.00  112097
   1620.00  111328
   1630.00  110670
   1640.00  109866
   1650.00  109235
   1660.00  108739
   1670.00  108159
   1680.00  107320
   1690.00  106636
   1700.00  106130
   1710.00  105639
   1720.00  105230
   1730.00  104712
   1740.00  104142
   1750.00  103495
   1760.00  102855
   1770.00  102179
   1780.00  101651
   1790.00  101097
   1800.00  100289
   1810.00  99873
   1820.00  99407
   1830.00  98841
   1840.00  98209
   1850.00  97520
   1860.00  96940
   1870.00  96003
   1880.00  95817
   1890.00  95235
   1900.00  94735
   1910.00  94215
   1920.00  93885
   1930.00  93176
   1940.00  92541
   1950.00  92039
   1960.00  91715
   1970.00  90965
   1980.00  90463
   1990.00  90003
   2000.00  89597
   2010.00  89162
   2020.00  88649
   2030.00  88131
   2040.00  87637
   2050.00  87010
   2060.00  86569
   2070.00  86257
   2080.00  85842
   2090.00  85291
   2100.00  84872
   2110.00  84580
   2120.00  84012
   2130.00  83471
   2140.00  82883
   2150.00  82341
   2160.00  81647
   2170.00  81255
   2180.00  80904
   2190.00  80392
   2200.00  80014
   2210.00  79518
   2220.00  79124
   2230.00  78814
   2240.00  78315
   2250.00  77967
   2260.00  77528
   2270.00  77146
   2280.00  76675
   2290.00  76213
   2300.00  75840
   2310.00  75565
   2320.00  75182
   2330.00  74845
   2340.00  74526
   2350.00  74200
   2360.00  73899
   2370.00  73348
   2380.00  72984
   2390.00  72462
   2400.00  72103
   2410.00  71654
   2420.00  71237
   2430.00  70798
   2440.00  70633
   2450.00  70252
   2460.00  69815
   2470.00  69307
   2480.00  68932
   2490.00  68482
   2500.00  68361
   2510.00  68087
   2520.00  67711
   2530.00  67221
   2540.00  66719
   2550.00  66434
   2560.00  66035
   2570.00  65661
   2580.00  65211
   2590.00  64900
   2600.00  64502
   2610.00  64073
   2620.00  63603
   2630.00  63296
   2640.00  63022
   2650.00  62684
   2660.00  62330
   2670.00  62048
   2680.00  61721
   2690.00  61331
   2700.00  60819
   2710.00  60584
   2720.00  60312
   2730.00  59969
   2740.00  59839
   2750.00  59556
   2760.00  59294
   2770.00  58872
   2780.00  58482
   2790.00  58086
   2800.00  57692
   2810.00  57282
   2820.00  57084
   2830.00  56718
   2840.00  56431
   2850.00  56105
   2860.00  55845
   2870.00  55639
   2880.00  55322
   2890.00  55071
   2900.00  54729
   2910.00  54341
   2920.00  54025
   2930.00  53745
   2940.00  53444
   2950.00  53182
   2960.00  52852
   2970.00  52554
   2980.00  52305
   2990.00  52132
   3000.00  51810
   3010.00  51487
   3020.00  51172
   3030.00  50801
   3040.00  50517
   3050.00  50335
   3060.00  50011
   3070.00  49770
   3080.00  49452
   3090.00  49166
   3100.00  48979
   3110.00  48768
   3120.00  48667
   3130.00  48371
   3140.00  48118
   3150.00  47959
   3160.00  47634
   3170.00  47448
   3180.00  47159
   3190.00  46929
   3200.00  46897
   3210.00  46666
   3220.00  46467
   3230.00  46253
   3240.00  46028
   3250.00  45719
   3260.00  45447
   3270.00  45299
   3280.00  45020
   3290.00  44824
   3300.00  44468
   3310.00  44346
   3320.00  44009
   3330.00  43797
   3340.00  43560
   3350.00  43237
   3360.00  43012
   3370.00  42719
   3380.00  42469
   3390.00  42245
   3400.00  42077
   3410.00  41938
   3420.00  41657
   3430.00  41449
   3440.00  41247
   3450.00  41011
   3460.00  40819
   3470.00  40669
   3480.00  40549
   3490.00  40276
   3500.00  40135
   3510.00  39979
   3520.00  39829
   3530.00  39546
   3540.00  39309
   3550.00  39202
   3560.00  38964
   3570.00  38892
   3580.00  38791
   3590.00  38525
   3600.00  38308
   3610.00  38123
   3620.00  37953
   3630.00  37753
   3640.00  37477
   3650.00  37236
   3660.00  37046
   3670.00  36831
   3680.00  36709
   3690.00  36547
   3700.00  36432
   3710.00  36279
   3720.00  36195
   3730.00  35994
   3740.00  35891
   3750.00  35715
   3760.00  35464
   3770.00  35304
   3780.00  35138
   3790.00  35051
   3800.00  34847
   3810.00  34602
   3820.00  34385
   3830.00  34221
   3840.00  34105
   3850.00  34073
   3860.00  33812
   3870.00  33642
   3880.00  33523
   3890.00  33385
   3900.00  33190
   3910.00  33001
   3920.00  32818
   3930.00  32711
   3940.00  32500
   3950.00  32272
   3960.00  32126
   3970.00  31928
   3980.00  31758
   3990.00  31606
   4000.00  31413
   4010.00  31278
   4020.00  31194
   4030.00  31048
   4040.00  30894
   4050.00  30687
   4060.00  30536
   4070.00  30427
   4080.00  30353
   4090.00  30245
   4100.00  30088
   4110.00  29930
   4120.00  29845
   4130.00  29695
   4140.00  29531
   4150.00  29423
   4160.00  29340
   4170.00  29193
   4180.00  29172
   4190.00  28946
   4200.00  28808
   4210.00  28705
   4220.00  28540
   4230.00  28432
   4240.00  28331
   4250.00  28216
   4260.00  28075
   4270.00  28009
   4280.00  27820
   4290.00  27692
   4300.00  27561
   4310.00  27479
   4320.00  27320
   4330.00  27208
   4340.00  27047
   4350.00  26921
   4360.00  26772
   4370.00  26740
   4380.00  26712
   4390.00  26589
   4400.00  26393
   4410.00  26216
   4420.00  26101
   4430.00  26063
   4440.00  25937
   4450.00  25768
   4460.00  25639
   4470.00  25488
   4480.00  25371
   4490.00  25225
   4500.00  25163
   4510.00  25029
   4520.00  24920
   4530.00  24879
   4540.00  24757
   4550.00  24613
   4560.00  24453
   4570.00  24355
   4580.00  24295
   4590.00  24109
   4600.00  23978
   4610.00  23858
   4620.00  23721
   4630.00  23521
   4640.00  23468
   4650.00  23359
   4660.00  23381
   4670.00  23264
   4680.00  23202
   4690.00  23038
   4700.00  22921
   4710.00  22848
   4720.00  22692
   4730.00  22656
   4740.00  22544
   4750.00  22484
   4760.00  22429
   4770.00  22397
   4780.00  22350
   4790.00  22285
   4800.00  22137
   4810.00  22027
   4820.00  21953
   4830.00  21792
   4840.00  21746
   4850.00  21691
   4860.00  21552
   4870.00  21459
   4880.00  21371
   4890.00  21259
   4900.00  21155
   4910.00  21077
   4920.00  21019
   4930.00  20920
   4940.00  20877
   4950.00  20872
   4960.00  20789
   4970.00  20730
   4980.00  20621
   4990.00  20510
   5000.00  20378
