   350.000  2
   360.000  25
   370.000  70
   380.000  109
   390.000  158
   400.000  245
   410.000  336
   420.000  375
   430.000  437
   440.000  434
   450.000  401
   460.000  436
   470.000  444
   480.000  378
   490.000  422
   500.000  401
   510.000  387
   520.000  370
   530.000  394
   540.000  353
   550.000  347
   560.000  339
   570.000  380
   580.000  375
   590.000  380
   600.000  363
   610.000  384
   620.000  395
   630.000  434
   640.000  441
   650.000  442
   660.000  440
   670.000  454
   680.000  488
   690.000  453
   700.000  460
   710.000  448
   720.000  500
   730.000  498
   740.000  492
   750.000  466
   760.000  511
   770.000  508
   780.000  503
   790.000  516
   800.000  535
   810.000  554
   820.000  509
   830.000  566
   840.000  546
   850.000  567
   860.000  539
   870.000  581
   880.000  568
   890.000  551
   900.000  571
   910.000  566
   920.000  548
   930.000  593
   940.000  587
   950.000  590
   960.000  614
   970.000  593
   980.000  590
   990.000  580
   1000.00  612
   1010.00  581
   1020.00  626
   1030.00  622
   1040.00  600
   1050.00  629
   1060.00  623
   1070.00  670
   1080.00  653
   1090.00  645
   1100.00  668
   1110.00  669
   1120.00  618
   1130.00  651
   1140.00  636
   1150.00  642
   1160.00  637
   1170.00  646
   1180.00  616
   1190.00  625
   1200.00  684
   1210.00  668
   1220.00  630
   1230.00  601
   1240.00  596
   1250.00  609
   1260.00  595
   1270.00  597
   1280.00  620
   1290.00  636
   1300.00  660
   1310.00  692
   1320.00  669
   1330.00  646
   1340.00  643
   1350.00  615
   1360.00  618
   1370.00  621
   1380.00  658
   1390.00  649
   1400.00  618
   1410.00  603
   1420.00  606
   1430.00  622
   1440.00  582
   1450.00  622
   1460.00  582
   1470.00  625
   1480.00  596
   1490.00  613
   1500.00  605
   1510.00  599
   1520.00  571
   1530.00  582
   1540.00  594
   1550.00  584
   1560.00  601
   1570.00  595
   1580.00  579
   1590.00  593
   1600.00  606
   1610.00  585
   1620.00  603
   1630.00  553
   1640.00  558
   1650.00  549
   1660.00  552
   1670.00  544
   1680.00  528
   1690.00  555
   1700.00  524
   1710.00  546
   1720.00  514
   1730.00  520
   1740.00  512
   1750.00  482
   1760.00  497
   1770.00  497
   1780.00  473
   1790.00  494
   1800.00  453
   1810.00  486
   1820.00  480
   1830.00  499
   1840.00  489
   1850.00  502
   1860.00  482
   1870.00  499
   1880.00  519
   1890.00  501
   1900.00  508
   1910.00  477
   1920.00  454
   1930.00  454
   1940.00  442
   1950.00  462
   1960.00  498
   1970.00  490
   1980.00  492
   1990.00  513
   2000.00  503
   2010.00  455
   2020.00  428
   2030.00  438
   2040.00  447
   2050.00  440
   2060.00  424
   2070.00  407
   2080.00  407
   2090.00  423
   2100.00  431
   2110.00  421
   2120.00  414
   2130.00  396
   2140.00  392
   2150.00  393
   2160.00  380
   2170.00  394
   2180.00  397
   2190.00  417
   2200.00  421
   2210.00  404
   2220.00  394
   2230.00  408
   2240.00  367
   2250.00  374
   2260.00  374
   2270.00  354
   2280.00  357
   2290.00  328
   2300.00  346
   2310.00  361
   2320.00  354
   2330.00  351
   2340.00  340
   2350.00  348
   2360.00  336
   2370.00  330
   2380.00  333
   2390.00  338
   2400.00  347
   2410.00  365
   2420.00  359
   2430.00  360
   2440.00  357
   2450.00  345
   2460.00  336
   2470.00  313
   2480.00  310
   2490.00  302
   2500.00  305
   2510.00  322
   2520.00  311
   2530.00  328
   2540.00  320
   2550.00  303
   2560.00  292
   2570.00  275
   2580.00  256
   2590.00  250
   2600.00  253
   2610.00  260
   2620.00  260
   2630.00  248
   2640.00  254
   2650.00  253
   2660.00  260
   2670.00  266
   2680.00  244
   2690.00  241
   2700.00  231
   2710.00  223
   2720.00  237
   2730.00  231
   2740.00  224
   2750.00  228
   2760.00  235
   2770.00  230
   2780.00  242
   2790.00  261
   2800.00  270
   2810.00  244
   2820.00  238
   2830.00  218
   2840.00  216
   2850.00  218
   2860.00  227
   2870.00  228
   2880.00  219
   2890.00  206
   2900.00  199
   2910.00  210
   2920.00  192
   2930.00  194
   2940.00  195
   2950.00  206
   2960.00  195
   2970.00  190
   2980.00  200
   2990.00  191
   3000.00  197
   3010.00  201
   3020.00  198
   3030.00  185
   3040.00  181
   3050.00  180
   3060.00  170
   3070.00  166
   3080.00  159
   3090.00  159
   3100.00  169
   3110.00  168
   3120.00  169
   3130.00  169
   3140.00  169
   3150.00  165
   3160.00  156
   3170.00  166
   3180.00  157
   3190.00  152
   3200.00  153
   3210.00  152
   3220.00  142
   3230.00  142
   3240.00  148
   3250.00  151
   3260.00  137
   3270.00  145
   3280.00  164
   3290.00  163
   3300.00  167
   3310.00  160
   3320.00  148
   3330.00  135
   3340.00  134
   3350.00  143
   3360.00  137
   3370.00  141
   3380.00  145
   3390.00  142
   3400.00  141
   3410.00  138
   3420.00  142
   3430.00  130
   3440.00  135
   3450.00  136
   3460.00  135
   3470.00  135
   3480.00  128
   3490.00  123
   3500.00  135
   3510.00  128
   3520.00  133
   3530.00  129
   3540.00  122
   3550.00  120
   3560.00  116
   3570.00  103
   3580.00  96
   3590.00  101
   3600.00  102
   3610.00  110
   3620.00  108
   3630.00  99
   3640.00  109
   3650.00  109
   3660.00  109
   3670.00  114
   3680.00  113
   3690.00  116
   3700.00  117
   3710.00  112
   3720.00  112
   3730.00  106
   3740.00  102
   3750.00  94
   3760.00  85
   3770.00  83
   3780.00  78
   3790.00  84
   3800.00  81
   3810.00  83
   3820.00  86
   3830.00  87
   3840.00  84
   3850.00  93
   3860.00  93
   3870.00  92
   3880.00  103
   3890.00  97
   3900.00  107
   3910.00  103
   3920.00  103
   3930.00  103
   3940.00  94
   3950.00  84
   3960.00  88
   3970.00  90
   3980.00  92
   3990.00  83
   4000.00  83
   4010.00  85
   4020.00  91
   4030.00  82
   4040.00  90
   4050.00  82
   4060.00  81
   4070.00  83
   4080.00  80
   4090.00  73
   4100.00  79
   4110.00  71
   4120.00  67
   4130.00  67
   4140.00  64
   4150.00  67
   4160.00  58
   4170.00  63
   4180.00  62
   4190.00  61
   4200.00  56
   4210.00  55
   4220.00  54
   4230.00  51
   4240.00  61
   4250.00  61
   4260.00  66
   4270.00  68
   4280.00  67
   4290.00  60
   4300.00  66
   4310.00  61
   4320.00  60
   4330.00  66
   4340.00  59
   4350.00  53
   4360.00  57
   4370.00  61
   4380.00  61
   4390.00  63
   4400.00  62
   4410.00  61
   4420.00  60
   4430.00  57
   4440.00  59
   4450.00  60
   4460.00  61
   4470.00  64
   4480.00  60
   4490.00  56
   4500.00  54
   4510.00  57
   4520.00  65
   4530.00  61
   4540.00  60
   4550.00  58
   4560.00  55
   4570.00  54
   4580.00  57
   4590.00  63
   4600.00  62
   4610.00  59
   4620.00  57
   4630.00  58
   4640.00  53
   4650.00  51
   4660.00  51
   4670.00  52
   4680.00  54
   4690.00  54
   4700.00  48
   4710.00  51
   4720.00  53
   4730.00  47
   4740.00  45
   4750.00  43
   4760.00  51
   4770.00  46
   4780.00  43
   4790.00  41
   4800.00  47
   4810.00  48
   4820.00  56
   4830.00  56
   4840.00  56
   4850.00  61
   4860.00  58
   4870.00  52
   4880.00  53
   4890.00  45
   4900.00  42
   4910.00  42
   4920.00  38
   4930.00  42
   4940.00  46
   4950.00  40
   4960.00  42
   4970.00  40
   4980.00  37
   4990.00  35
   5000.00  34
