   50.0000  2
   60.0000  21
   70.0000  50
   80.0000  115
   90.0000  175
   100.000  288
   110.000  391
   120.000  471
   130.000  564
   140.000  555
   150.000  639
   160.000  589
   170.000  650
   180.000  585
   190.000  541
   200.000  545
   210.000  547
   220.000  537
   230.000  460
   240.000  443
   250.000  434
   260.000  396
   270.000  351
   280.000  317
   290.000  321
   300.000  317
   310.000  259
   320.000  281
   330.000  265
   340.000  224
   350.000  225
   360.000  252
   370.000  246
   380.000  200
   390.000  174
   400.000  187
   410.000  187
   420.000  168
   430.000  173
   440.000  136
   450.000  149
   460.000  150
   470.000  135
   480.000  119
   490.000  141
   500.000  123
   510.000  103
   520.000  115
   530.000  113
   540.000  111
   550.000  110
   560.000  102
   570.000  93
   580.000  91
   590.000  91
   600.000  84
   610.000  91
   620.000  71
   630.000  80
   640.000  79
   650.000  75
   660.000  79
   670.000  57
   680.000  56
   690.000  72
   700.000  62
   710.000  54
   720.000  50
   730.000  56
   740.000  47
   750.000  51
   760.000  52
   770.000  49
   780.000  44
   790.000  42
   800.000  39
   810.000  47
   820.000  41
   830.000  38
   840.000  29
   850.000  35
   860.000  33
   870.000  29
   880.000  24
   890.000  24
   900.000  36
   910.000  30
   920.000  32
   930.000  32
   940.000  28
   950.000  30
   960.000  18
   970.000  20
   980.000  27
   990.000  24
   1000.00  19
   1010.00  21
   1020.00  25
   1030.00  20
   1040.00  22
   1050.00  21
   1060.00  17
   1070.00  14
   1080.00  17
   1090.00  16
   1100.00  13
   1110.00  17
   1120.00  9
   1130.00  15
   1140.00  17
   1150.00  15
   1160.00  11
   1170.00  9
   1180.00  17
   1190.00  13
   1200.00  9
   1210.00  8
   1220.00  9
   1230.00  10
   1240.00  6
   1250.00  5
   1260.00  8
   1270.00  16
   1280.00  15
   1290.00  14
   1300.00  10
   1310.00  10
   1320.00  13
   1330.00  9
   1340.00  13
   1350.00  9
   1360.00  8
   1370.00  11
   1380.00  7
   1390.00  7
   1400.00  8
   1410.00  8
   1420.00  4
   1430.00  3
   1440.00  3
   1450.00  4
   1460.00  5
   1470.00  7
   1480.00  11
   1490.00  9
   1500.00  5
   1510.00  3
   1520.00  4
   1530.00  3
   1540.00  2
   1550.00  4
   1560.00  5
   1570.00  4
   1580.00  3
   1590.00  1
   1600.00  2
   1610.00  1
   1620.00  2
   1630.00  4
   1640.00  3
   1650.00  2
   1660.00  3
   1670.00  1
   1680.00  3
   1690.00  2
   1700.00  4
   1710.00  2
   1720.00  3
   1730.00  3
   1740.00  4
   1750.00  2
   1760.00  1
   1770.00  1
   1780.00  2
   1790.00  2
   1800.00  3
   1810.00  1
   1880.00  1
   1890.00  1
   1900.00  1
   1910.00  3
   1920.00  2
   1930.00  2
   1940.00  2
   1990.00  1
   2000.00  1
   2010.00  1
   2020.00  2
   2030.00  1
   2040.00  1
   2050.00  1
   2060.00  2
   2070.00  3
   2080.00  2
   2090.00  2
   2100.00  1
   2110.00  1
   2120.00  1
   2140.00  1
   2150.00  1
   2160.00  1
   2170.00  1
   2180.00  2
   2190.00  2
   2200.00  1
   2210.00  1
   2320.00  1
   2330.00  1
   2350.00  1
   2360.00  1
   2390.00  1
   2400.00  1
   2410.00  1
   2430.00  1
   2440.00  1
   2450.00  1
   2460.00  1
   2470.00  1
   2480.00  1
   2490.00  1
   2500.00  1
   2540.00  1
   2550.00  1
   2560.00  1
   2570.00  2
   2580.00  2
   2630.00  1
   2640.00  1
   2650.00  2
   2660.00  2
   2670.00  2
   2690.00  1
   2700.00  1
   2720.00  1
   2730.00  2
   3060.00  1
   3070.00  1
   3080.00  1
   3130.00  1
   3140.00  1
