   50.0000  1
   60.0000  1
   70.0000  7
   80.0000  17
   90.0000  27
   100.000  56
   110.000  91
   120.000  104
   130.000  126
   140.000  156
   150.000  147
   160.000  176
   170.000  163
   180.000  153
   190.000  142
   200.000  145
   210.000  116
   220.000  143
   230.000  113
   240.000  111
   250.000  124
   260.000  109
   270.000  105
   280.000  91
   290.000  86
   300.000  105
   310.000  103
   320.000  91
   330.000  77
   340.000  81
   350.000  68
   360.000  72
   370.000  55
   380.000  74
   390.000  78
   400.000  70
   410.000  41
   420.000  56
   430.000  41
   440.000  39
   450.000  51
   460.000  41
   470.000  33
   480.000  46
   490.000  52
   500.000  33
   510.000  33
   520.000  31
   530.000  27
   540.000  27
   550.000  32
   560.000  30
   570.000  24
   580.000  23
   590.000  24
   600.000  23
   610.000  23
   620.000  29
   630.000  20
   640.000  14
   650.000  19
   660.000  19
   670.000  20
   680.000  14
   690.000  12
   700.000  18
   710.000  15
   720.000  15
   730.000  7
   740.000  11
   750.000  8
   760.000  10
   770.000  10
   780.000  10
   790.000  10
   800.000  6
   810.000  9
   820.000  7
   830.000  5
   840.000  6
   850.000  10
   860.000  8
   870.000  9
   880.000  5
   890.000  5
   900.000  8
   910.000  8
   920.000  3
   930.000  3
   940.000  6
   950.000  7
   960.000  3
   970.000  6
   980.000  4
   990.000  2
   1000.00  2
   1010.00  4
   1020.00  6
   1030.00  2
   1040.00  4
   1050.00  4
   1060.00  3
   1070.00  4
   1080.00  3
   1090.00  2
   1100.00  2
   1110.00  2
   1120.00  2
   1130.00  1
   1140.00  1
   1150.00  1
   1160.00  1
   1170.00  2
   1180.00  2
   1190.00  2
   1200.00  2
   1210.00  2
   1220.00  1
   1230.00  1
   1240.00  1
   1250.00  1
   1260.00  2
   1270.00  1
   1280.00  1
   1300.00  1
   1310.00  1
   1320.00  2
   1350.00  1
   1360.00  1
   1370.00  1
   1380.00  2
   1390.00  2
   1450.00  2
   1460.00  1
   1470.00  2
   1480.00  1
   1490.00  1
   1510.00  1
   1520.00  1
   1530.00  1
   1540.00  1
   1840.00  1
   1850.00  1
   1860.00  1
   1870.00  1
   1880.00  1
   1910.00  1
   1920.00  1
