1. 1.
3
-.2 .0 .2
.2 .6 .2 
.12 3
   2  1   Garlock West (bb.garlockw)                          2
     2.61173   0.800000    6.50000    7.20000    1.00000E-01
     90.0000    12.0000  0.    97.6569
   11
     34.8236   -118.9183
     34.8284   -118.8712
     34.8492   -118.8228
     34.8823   -118.7708
     34.9314   -118.6670
     34.9958   -118.4747
     35.0477   -118.3754
     35.0788   -118.3326
     35.1865   -118.1191
     35.2233   -118.0613
     35.2713   -118.0103
   2  1   Garlock East (bb.garlocke)                          2
     2.59964   0.800000    6.50000    7.50000    1.00000E-01
     90.0000    12.0000  0.    156.243
   9
     35.2835   -118.0239
     35.4232   -117.7493
     35.4972   -117.4869
     35.5676   -117.1579
     35.6018   -117.0107
     35.5967   -116.8180
     35.5936   -116.5908
     35.5864   -116.4670
     35.5904   -116.3797
   2  2   Cucamonga (bb.cucamonga)                            2
     2.52973   0.800000    6.50000    6.90000    1.00000E-01
    -45.0000    18.0000  0.    28.0192
   11
     34.1253   -117.7288
     34.1484   -117.6627
     34.1629   -117.6331
     34.1659   -117.5773
     34.1718   -117.5688
     34.1709   -117.5582
     34.1683   -117.5205
     34.1674   -117.4954
     34.1670   -117.4772
     34.1734   -117.4541
     34.1804   -117.4415
   2  2   Sierra Madre-San Fernando (mp.sierramad-sf)         2
     2.31867   0.800000    6.50000    6.70000    1.00000E-01
     45.0000    18.0000  0.    18.1005
   7
     34.2782   -118.2951
     34.2745   -118.3196
     34.2905   -118.3956
     34.3039   -118.4189
     34.3027   -118.4336
     34.2929   -118.4619
     34.3027   -118.4778
   2  1   Palos Verdes (mp.palosverdes1)                      2
     2.33928   0.800000    6.50000    7.20000    1.00000E-01
     90.0000    13.0000  0.    96.2769
   6
     33.2830   -117.9397
     33.4072   -118.0372
     33.4661   -118.0663
     33.6571   -118.1980
     33.7568   -118.2777
     33.9476   -118.5773
   2  1   Blackwater (bb.blkwater)                            2
     1.79587   0.800000    6.50000    6.90000    1.00000E-01
     90.0000    13.0000  0.    59.6672
   4
     35.0242   -117.0171
     35.2459   -117.2284
     35.3730   -117.3166
     35.4495   -117.4126
   2  1   Calico-Hidalgo (mp.hidalgo-wc)                      2
     1.63390   0.800000    6.50000    7.20000    1.00000E-01
     90.0000    13.0000  0.    94.8655
   10
     34.3579   -116.2624
     34.4419   -116.3266
     34.4800   -116.3414
     34.5935   -116.4613
     34.7790   -116.6179
     34.8863   -116.7230
     34.9279   -116.7886
     34.9497   -116.8690
     34.9744   -116.8902
     34.9942   -116.9212
   2  1   Gravel Hills-Harper Lake (bb.harperlk)              2
     1.69786   0.800000    6.50000    7.00000    1.00000E-01
     90.0000    13.0000  0.    65.1372
   5
     34.8724   -116.9185
     34.8880   -116.9600
     34.9489   -117.0171
     35.1746   -117.3374
     35.2563   -117.4541
   2  1   Helendale-S. Lockhart (bb.helendale)                2
     1.64532   0.800000    6.50000    7.20000    1.00000E-01
     90.0000    13.0000  0.    97.3931
   7
     34.3707   -116.8699
     34.5038   -117.0115
     34.5434   -117.0709
     34.6057   -117.1077
     34.7727   -117.3115
     34.8859   -117.4106
     35.0614   -117.5012
   2  1   Lenwood-Lockhart-Old Woman Springs (bb.lockhart)    2
     1.53373   0.800000    6.50000    7.50000    1.00000E-01
     90.0000    13.0000  0.    144.569
   6
     34.3537   -116.6350
     34.6085   -116.7991
     34.7953   -116.9662
     34.8887   -117.0992
     35.0643   -117.4814
     35.2200   -117.7616
   2  1   Pisgah-Bullion Mtn-Mesqite Lk (mp.bull-mes)         2
     1.60394   0.800000    6.50000    7.20000    1.00000E-01
     90.0000    13.0000  0.    88.5421
   12
     34.1371   -116.0042
     34.1540   -116.0289
     34.2059   -116.0613
     34.2915   -116.1236
     34.3913   -116.1754
     34.4704   -116.2520
     34.4795   -116.2571
     34.4912   -116.2571
     34.5625   -116.3336
     34.6338   -116.3764
     34.6973   -116.4063
     34.8180   -116.4854
   2  1   Landers (bb.landers)                                2
     1.47714   0.800000    6.50000    7.30000    1.00000E-01
     90.0000    13.0000  0.    83.2194
   10
     34.1594   -116.4245
     34.2082   -116.4382
     34.2518   -116.4376
     34.2896   -116.4428
     34.3641   -116.4508
     34.3976   -116.4617
     34.5127   -116.5287
     34.5703   -116.5756
     34.6448   -116.6655
     34.7830   -116.8499
   2  1   S Emerson-Copper Mtn (mp.emerson-cm)                2
     1.75312   0.800000    6.50000    6.90000    1.00000E-01
     90.0000    13.0000  0.    54.0740
   15
     34.1578   -116.1793
     34.1718   -116.2053
     34.2113   -116.2421
     34.2379   -116.2667
     34.2533   -116.2838
     34.3081   -116.3042
     34.3335   -116.3168
     34.3728   -116.3503
     34.4065   -116.3792
     34.4376   -116.4178
     34.4504   -116.4391
     34.4713   -116.4788
     34.4864   -116.4948
     34.5087   -116.5225
     34.5294   -116.5499
   2  1   Johnson Valley N (mp.johnsonvly-n)                  2
     1.94375   0.800000    6.50000    6.70000    1.00000E-01
     90.0000    13.0000  0.    35.2348
   9
     34.3132   -116.4582
     34.3434   -116.4816
     34.3754   -116.5069
     34.4105   -116.5539
     34.4303   -116.5845
     34.4754   -116.6319
     34.4925   -116.6542
     34.5447   -116.6948
     34.5560   -116.6981
   2  1   Maacama-garberville (jl0.maacama-s)                 2
     2.85961   0.800000    6.50000    7.50000    1.00000E-01
     90.0000    12.0000  0.    221.120
   5
      38.57550     -122.69300
      38.86450     -123.00100
      39.99320     -123.71700
      39.99440     -123.71940
      40.26530     -124.01650
