1. 1.
3
-.2 .0 .2
.2 .6 .2 
.12 3
   2  2   Channel Island Thrust (bchanisle wt 25%)            1
     1.98721   0.800000    6.50000    7.50000    1.00000E-01
     17.0000    34.0000  5.    62.8181
   2
     33.9753   -119.2662
     33.9803   -119.9474
   2  2   Oakridge Mid Channel     Mont-Oak (mp. wt 25%)      1
     2.44615   0.800000    6.50000    6.60000    1.00000E-01
     28.0000    11.0000  5.    36.5286
   4
     34.2503   -119.2763
     34.2412   -119.3332
     34.2412   -119.4634
     34.2522   -119.6722
   2  2   Oakridge-blind thrust offshore (mp.oakr-off-wt 25%  1
     2.23771   0.800000    6.50000    7.10000    1.00000E-01
     30.0000    20.0000  5.    38.6290
   4
     34.1741   -119.6767
     34.1630   -119.4655
     34.1630   -119.3239
     34.1735   -119.2585
