segment Ecuador
-0.145 -90.771
-0.146 -90.768
-0.149 -90.764
-0.147 -90.76
-0.15 -90.747
-0.154 -90.741
-0.164 -90.732
-0.163 -90.728
-0.169 -90.716
-0.167 -90.706
-0.17 -90.704
-0.17 -90.699
-0.174 -90.697
-0.176 -90.698
-0.179 -90.697
-0.181 -90.699
-0.186 -90.696
-0.187 -90.692
-0.187 -90.689
-0.185 -90.687
-0.186 -90.678
-0.189 -90.676
-0.193 -90.673
-0.196 -90.664
-0.193 -90.661
-0.195 -90.651
-0.194 -90.646
-0.196 -90.642
-0.201 -90.643
-0.201 -90.638
-0.207 -90.629
-0.205 -90.626
-0.214 -90.613
-0.217 -90.602
-0.221 -90.604
-0.223 -90.598
-0.227 -90.597
-0.229 -90.595
-0.227 -90.592
-0.23 -90.586
-0.237 -90.58
-0.24 -90.578
-0.244 -90.579
-0.246 -90.576
-0.252 -90.578
-0.256 -90.575
-0.257 -90.572
-0.261 -90.573
-0.263 -90.571
-0.266 -90.573
-0.268 -90.571
-0.272 -90.571
-0.274 -90.57
-0.276 -90.571
-0.28 -90.571
-0.283 -90.563
-0.29 -90.564
-0.295 -90.551
-0.301 -90.546
-0.311 -90.544
-0.318 -90.545
-0.319 -90.553
-0.323 -90.558
-0.327 -90.561
-0.329 -90.563
-0.333 -90.562
-0.335 -90.567
-0.343 -90.569
-0.346 -90.57
-0.347 -90.573
-0.352 -90.572
-0.357 -90.574
-0.36 -90.577
-0.364 -90.585
-0.367 -90.585
-0.369 -90.587
-0.371 -90.593
-0.374 -90.595
-0.37 -90.604
-0.371 -90.608
-0.367 -90.612
-0.364 -90.618
-0.364 -90.629
-0.358 -90.635
-0.358 -90.642
-0.359 -90.647
-0.361 -90.656
-0.356 -90.657
-0.347 -90.669
-0.343 -90.671
-0.344 -90.672
-0.349 -90.672
-0.35 -90.674
-0.347 -90.684
-0.348 -90.687
-0.354 -90.69
-0.353 -90.696
-0.35 -90.7
-0.35 -90.705
-0.356 -90.711
-0.355 -90.717
-0.351 -90.724
-0.353 -90.728
-0.355 -90.729
-0.354 -90.735
-0.357 -90.739
-0.356 -90.742
-0.35 -90.745
-0.345 -90.757
-0.34 -90.763
-0.333 -90.769
-0.332 -90.772
-0.334 -90.779
-0.326 -90.793
-0.332 -90.799
-0.332 -90.804
-0.327 -90.815
-0.324 -90.816
-0.323 -90.819
-0.326 -90.822
-0.324 -90.825
-0.328 -90.831
-0.325 -90.832
-0.317 -90.83
-0.307 -90.829
-0.305 -90.829
-0.303 -90.831
-0.299 -90.829
-0.292 -90.83
-0.287 -90.841
-0.285 -90.843
-0.282 -90.84
-0.274 -90.842
-0.272 -90.845
-0.273 -90.849
-0.271 -90.851
-0.271 -90.86
-0.268 -90.861
-0.268 -90.869
-0.259 -90.869
-0.252 -90.863
-0.24 -90.864
-0.238 -90.862
-0.24 -90.858
-0.237 -90.849
-0.231 -90.847
-0.228 -90.846
-0.225 -90.841
-0.216 -90.843
-0.207 -90.832
-0.201 -90.829
-0.195 -90.828
-0.193 -90.83
-0.192 -90.833
-0.181 -90.833
-0.177 -90.836
-0.169 -90.83
-0.169 -90.828
-0.16 -90.826
-0.161 -90.823
-0.15 -90.81
-0.144 -90.794
-0.142 -90.787
-0.145 -90.782
-0.142 -90.779
-0.146 -90.776
-0.145 -90.771
segment Ecuador
-0.291 -91.622
-0.294 -91.615
-0.293 -91.603
-0.293 -91.601
-0.294 -91.589
-0.291 -91.574
-0.291 -91.561
-0.289 -91.552
-0.28 -91.537
-0.276 -91.505
-0.267 -91.496
-0.26 -91.484
-0.26 -91.482
-0.257 -91.472
-0.259 -91.465
-0.256 -91.462
-0.26 -91.453
-0.259 -91.447
-0.267 -91.446
-0.27 -91.441
-0.269 -91.439
-0.269 -91.435
-0.275 -91.428
-0.279 -91.425
-0.282 -91.411
-0.293 -91.406
-0.298 -91.405
-0.315 -91.394
-0.325 -91.394
-0.332 -91.386
-0.337 -91.385
-0.347 -91.38
-0.366 -91.381
-0.389 -91.376
-0.392 -91.381
-0.409 -91.387
-0.414 -91.386
-0.421 -91.394
-0.426 -91.395
-0.427 -91.393
-0.428 -91.39
-0.438 -91.387
-0.451 -91.388
-0.459 -91.395
-0.461 -91.4
-0.468 -91.4
-0.473 -91.41
-0.488 -91.43
-0.489 -91.458
-0.493 -91.47
-0.493 -91.488
-0.499 -91.498
-0.5 -91.507
-0.497 -91.513
-0.497 -91.521
-0.492 -91.525
-0.492 -91.531
-0.489 -91.539
-0.481 -91.554
-0.482 -91.565
-0.481 -91.577
-0.478 -91.587
-0.475 -91.597
-0.477 -91.601
-0.476 -91.605
-0.472 -91.608
-0.471 -91.611
-0.465 -91.615
-0.46 -91.613
-0.441 -91.627
-0.416 -91.635
-0.4 -91.646
-0.389 -91.65
-0.384 -91.651
-0.373 -91.652
-0.354 -91.651
-0.343 -91.653
-0.333 -91.652
-0.32 -91.66
-0.31 -91.661
-0.302 -91.662
-0.297 -91.652
-0.291 -91.622
segment Ecuador
-0.294 -90.532
-0.295 -90.539
-0.293 -90.542
-0.29 -90.557
-0.287 -90.559
-0.284 -90.557
-0.283 -90.553
-0.281 -90.55
-0.276 -90.546
-0.276 -90.527
-0.28 -90.524
-0.287 -90.522
-0.291 -90.525
-0.294 -90.532
segment Ecuador
-0.398 -90.277
-0.398 -90.291
-0.397 -90.293
-0.392 -90.292
-0.385 -90.287
-0.386 -90.283
-0.385 -90.28
-0.386 -90.276
-0.39 -90.275
-0.398 -90.277
segment Ecuador
-0.394 -90.7
-0.397 -90.699
-0.397 -90.703
-0.4 -90.704
-0.402 -90.702
-0.403 -90.697
-0.407 -90.695
-0.412 -90.696
-0.417 -90.701
-0.426 -90.704
-0.425 -90.708
-0.422 -90.71
-0.42 -90.716
-0.408 -90.719
-0.407 -90.713
-0.398 -90.711
-0.393 -90.704
-0.394 -90.7
segment Ecuador
-0.41 -90.273
-0.421 -90.27
-0.442 -90.258
-0.446 -90.258
-0.451 -90.252
-0.46 -90.248
-0.462 -90.248
-0.48 -90.27
-0.482 -90.275
-0.48 -90.279
-0.481 -90.286
-0.482 -90.29
-0.481 -90.293
-0.474 -90.296
-0.467 -90.293
-0.463 -90.296
-0.456 -90.296
-0.454 -90.294
-0.451 -90.294
-0.443 -90.282
-0.438 -90.28
-0.435 -90.281
-0.435 -90.287
-0.431 -90.29
-0.427 -90.287
-0.426 -90.281
-0.416 -90.286
-0.416 -90.29
-0.412 -90.292
-0.409 -90.291
-0.41 -90.281
-0.408 -90.278
-0.408 -90.274
-0.41 -90.273
segment Ecuador
-0.76 -90.326
-0.759 -90.333
-0.765 -90.336
-0.767 -90.338
-0.766 -90.344
-0.762 -90.343
-0.759 -90.336
-0.758 -90.338
-0.759 -90.347
-0.762 -90.352
-0.768 -90.352
-0.77 -90.355
-0.764 -90.365
-0.762 -90.374
-0.766 -90.379
-0.766 -90.39
-0.77 -90.395
-0.769 -90.396
-0.767 -90.398
-0.764 -90.408
-0.752 -90.421
-0.753 -90.424
-0.752 -90.429
-0.746 -90.436
-0.748 -90.439
-0.746 -90.444
-0.747 -90.447
-0.744 -90.451
-0.737 -90.451
-0.733 -90.454
-0.729 -90.455
-0.726 -90.459
-0.726 -90.463
-0.716 -90.465
-0.72 -90.469
-0.718 -90.478
-0.721 -90.481
-0.717 -90.483
-0.716 -90.483
-0.712 -90.482
-0.713 -90.49
-0.705 -90.507
-0.706 -90.515
-0.703 -90.516
-0.704 -90.519
-0.695 -90.528
-0.69 -90.535
-0.682 -90.534
-0.678 -90.541
-0.673 -90.542
-0.674 -90.537
-0.673 -90.534
-0.666 -90.535
-0.646 -90.544
-0.644 -90.546
-0.643 -90.548
-0.635 -90.543
-0.625 -90.549
-0.615 -90.542
-0.608 -90.541
-0.601 -90.536
-0.595 -90.541
-0.58 -90.529
-0.571 -90.534
-0.57 -90.532
-0.566 -90.534
-0.562 -90.53
-0.552 -90.514
-0.547 -90.514
-0.544 -90.511
-0.539 -90.506
-0.537 -90.51
-0.53 -90.509
-0.531 -90.507
-0.529 -90.502
-0.529 -90.49
-0.52 -90.484
-0.521 -90.48
-0.52 -90.475
-0.515 -90.475
-0.514 -90.47
-0.519 -90.469
-0.515 -90.463
-0.514 -90.456
-0.509 -90.453
-0.51 -90.45
-0.508 -90.447
-0.509 -90.443
-0.507 -90.44
-0.508 -90.425
-0.507 -90.423
-0.504 -90.42
-0.506 -90.412
-0.501 -90.41
-0.503 -90.399
-0.509 -90.387
-0.508 -90.384
-0.509 -90.379
-0.506 -90.374
-0.506 -90.372
-0.51 -90.37
-0.51 -90.362
-0.505 -90.358
-0.498 -90.363
-0.496 -90.358
-0.491 -90.357
-0.493 -90.354
-0.492 -90.351
-0.493 -90.347
-0.49 -90.341
-0.491 -90.337
-0.49 -90.334
-0.493 -90.329
-0.494 -90.327
-0.499 -90.328
-0.502 -90.323
-0.489 -90.32
-0.491 -90.312
-0.487 -90.304
-0.491 -90.3
-0.492 -90.294
-0.486 -90.269
-0.486 -90.259
-0.477 -90.248
-0.497 -90.244
-0.497 -90.243
-0.497 -90.241
-0.5 -90.24
-0.508 -90.241
-0.51 -90.236
-0.514 -90.236
-0.515 -90.233
-0.516 -90.235
-0.52 -90.234
-0.525 -90.229
-0.531 -90.228
-0.546 -90.199
-0.553 -90.196
-0.555 -90.184
-0.569 -90.167
-0.572 -90.167
-0.573 -90.171
-0.576 -90.171
-0.585 -90.168
-0.588 -90.171
-0.589 -90.175
-0.593 -90.174
-0.604 -90.179
-0.618 -90.178
-0.628 -90.175
-0.63 -90.177
-0.647 -90.181
-0.652 -90.187
-0.655 -90.185
-0.661 -90.185
-0.66 -90.18
-0.662 -90.181
-0.665 -90.175
-0.669 -90.178
-0.674 -90.185
-0.679 -90.194
-0.682 -90.196
-0.686 -90.195
-0.686 -90.192
-0.689 -90.192
-0.698 -90.197
-0.7 -90.209
-0.698 -90.213
-0.693 -90.217
-0.693 -90.22
-0.702 -90.223
-0.706 -90.22
-0.707 -90.221
-0.707 -90.226
-0.71 -90.227
-0.714 -90.225
-0.716 -90.229
-0.745 -90.235
-0.744 -90.238
-0.744 -90.241
-0.743 -90.243
-0.746 -90.246
-0.743 -90.25
-0.745 -90.269
-0.741 -90.281
-0.745 -90.284
-0.742 -90.305
-0.744 -90.307
-0.746 -90.308
-0.751 -90.307
-0.756 -90.31
-0.756 -90.306
-0.759 -90.303
-0.762 -90.303
-0.761 -90.307
-0.764 -90.309
-0.76 -90.326
segment Ecuador
-0.584 -90.674
-0.583 -90.668
-0.587 -90.659
-0.59 -90.656
-0.596 -90.654
-0.597 -90.653
-0.6 -90.647
-0.604 -90.643
-0.609 -90.644
-0.614 -90.641
-0.617 -90.642
-0.623 -90.648
-0.627 -90.65
-0.628 -90.655
-0.631 -90.657
-0.627 -90.662
-0.63 -90.664
-0.63 -90.666
-0.621 -90.672
-0.621 -90.676
-0.618 -90.679
-0.619 -90.682
-0.616 -90.684
-0.614 -90.682
-0.603 -90.687
-0.591 -90.684
-0.584 -90.674
segment Ecuador
-0.863 -90.781
-0.864 -90.783
-0.858 -90.784
-0.856 -90.783
-0.855 -90.778
-0.861 -90.774
-0.863 -90.774
-0.861 -90.777
-0.86 -90.781
-0.863 -90.781
segment Ecuador
-1.017 -90.883
-1.017 -90.885
-1.013 -90.886
-1.007 -90.882
-1.004 -90.876
-1.004 -90.872
-1.013 -90.865
-1.021 -90.863
-1.019 -90.867
-1.012 -90.87
-1.01 -90.875
-1.01 -90.878
-1.013 -90.882
-1.017 -90.883
segment Ecuador
-1.234 -90.407
-1.236 -90.403
-1.244 -90.396
-1.245 -90.386
-1.249 -90.376
-1.259 -90.371
-1.26 -90.362
-1.266 -90.355
-1.271 -90.353
-1.277 -90.352
-1.275 -90.354
-1.291 -90.36
-1.291 -90.362
-1.294 -90.362
-1.303 -90.372
-1.308 -90.379
-1.309 -90.379
-1.311 -90.38
-1.315 -90.378
-1.318 -90.38
-1.319 -90.382
-1.33 -90.386
-1.341 -90.402
-1.342 -90.406
-1.351 -90.419
-1.357 -90.433
-1.357 -90.454
-1.352 -90.465
-1.348 -90.467
-1.344 -90.473
-1.344 -90.475
-1.341 -90.482
-1.343 -90.488
-1.342 -90.491
-1.337 -90.494
-1.336 -90.5
-1.328 -90.499
-1.323 -90.508
-1.312 -90.51
-1.306 -90.507
-1.306 -90.504
-1.298 -90.503
-1.291 -90.495
-1.288 -90.496
-1.283 -90.494
-1.28 -90.488
-1.268 -90.489
-1.263 -90.487
-1.26 -90.49
-1.255 -90.488
-1.249 -90.485
-1.246 -90.481
-1.232 -90.477
-1.227 -90.469
-1.228 -90.467
-1.234 -90.465
-1.236 -90.455
-1.233 -90.452
-1.233 -90.45
-1.231 -90.449
-1.228 -90.441
-1.219 -90.426
-1.219 -90.423
-1.222 -90.419
-1.225 -90.423
-1.229 -90.422
-1.234 -90.407
segment Ecuador
-1.331 -90.293
-1.334 -90.295
-1.335 -90.297
-1.333 -90.3
-1.329 -90.303
-1.325 -90.295
-1.326 -90.293
-1.331 -90.293
segment Ecuador
1.665 -92.001
1.656 -91.994
1.654 -91.993
1.651 -91.994
1.649 -91.995
1.644 -91.998
1.644 -92
1.643 -92.003
1.643 -92.004
1.645 -92.004
1.648 -92.004
1.65 -92.005
1.65 -92.007
1.651 -92.009
1.652 -92.011
1.655 -92.01
1.656 -92.008
1.658 -92.008
1.66 -92.008
1.663 -92.008
1.663 -92.006
1.663 -92.003
1.665 -92.001
segment Ecuador
1.381 -91.826
1.382 -91.825
1.384 -91.818
1.385 -91.816
1.384 -91.816
1.381 -91.815
1.38 -91.814
1.379 -91.813
1.378 -91.811
1.376 -91.811
1.375 -91.812
1.373 -91.812
1.372 -91.811
1.371 -91.811
1.37 -91.812
1.369 -91.813
1.368 -91.814
1.367 -91.814
1.365 -91.815
1.364 -91.816
1.362 -91.817
1.363 -91.818
1.365 -91.819
1.367 -91.818
1.368 -91.818
1.369 -91.819
1.371 -91.82
1.371 -91.821
1.371 -91.822
1.372 -91.823
1.373 -91.824
1.375 -91.822
1.377 -91.823
1.378 -91.824
1.379 -91.825
1.38 -91.825
1.381 -91.826
segment Ecuador
0.645 -90.781
0.645 -90.776
0.643 -90.772
0.642 -90.771
0.642 -90.768
0.643 -90.765
0.641 -90.762
0.638 -90.76
0.634 -90.76
0.63 -90.76
0.627 -90.758
0.625 -90.754
0.622 -90.748
0.621 -90.748
0.619 -90.747
0.616 -90.745
0.613 -90.744
0.61 -90.739
0.606 -90.734
0.603 -90.732
0.6 -90.728
0.597 -90.726
0.593 -90.725
0.59 -90.725
0.586 -90.725
0.583 -90.725
0.579 -90.724
0.575 -90.72
0.571 -90.72
0.566 -90.719
0.561 -90.719
0.556 -90.717
0.554 -90.717
0.552 -90.718
0.551 -90.718
0.549 -90.717
0.546 -90.718
0.544 -90.718
0.543 -90.72
0.541 -90.721
0.54 -90.722
0.54 -90.724
0.541 -90.729
0.544 -90.731
0.545 -90.731
0.546 -90.732
0.547 -90.733
0.547 -90.736
0.546 -90.737
0.544 -90.742
0.545 -90.746
0.546 -90.748
0.546 -90.752
0.547 -90.756
0.547 -90.759
0.546 -90.763
0.547 -90.766
0.55 -90.767
0.552 -90.769
0.552 -90.773
0.552 -90.778
0.554 -90.783
0.557 -90.784
0.561 -90.783
0.565 -90.783
0.575 -90.783
0.587 -90.783
0.593 -90.784
0.601 -90.788
0.605 -90.79
0.608 -90.79
0.61 -90.788
0.617 -90.786
0.621 -90.785
0.628 -90.787
0.632 -90.785
0.636 -90.784
0.64 -90.784
0.643 -90.783
0.645 -90.781
segment Ecuador
0.289 -90.458
0.288 -90.461
0.286 -90.463
0.285 -90.466
0.283 -90.468
0.284 -90.47
0.284 -90.473
0.283 -90.475
0.282 -90.476
0.281 -90.477
0.281 -90.479
0.282 -90.482
0.284 -90.484
0.286 -90.485
0.287 -90.486
0.288 -90.488
0.289 -90.491
0.289 -90.493
0.289 -90.497
0.29 -90.499
0.291 -90.501
0.295 -90.501
0.297 -90.503
0.299 -90.504
0.302 -90.505
0.304 -90.506
0.305 -90.508
0.307 -90.51
0.309 -90.512
0.307 -90.515
0.306 -90.518
0.308 -90.52
0.31 -90.524
0.312 -90.527
0.313 -90.531
0.315 -90.534
0.317 -90.537
0.32 -90.539
0.328 -90.541
0.333 -90.542
0.338 -90.541
0.34 -90.541
0.342 -90.54
0.344 -90.538
0.346 -90.538
0.348 -90.539
0.35 -90.54
0.353 -90.541
0.355 -90.541
0.357 -90.539
0.36 -90.538
0.361 -90.537
0.363 -90.536
0.368 -90.536
0.37 -90.533
0.373 -90.53
0.374 -90.529
0.379 -90.525
0.376 -90.523
0.376 -90.52
0.381 -90.514
0.387 -90.503
0.39 -90.494
0.392 -90.486
0.39 -90.479
0.388 -90.473
0.388 -90.471
0.39 -90.468
0.39 -90.466
0.39 -90.464
0.387 -90.462
0.386 -90.46
0.384 -90.457
0.384 -90.455
0.382 -90.452
0.38 -90.45
0.377 -90.449
0.374 -90.447
0.37 -90.446
0.369 -90.446
0.369 -90.439
0.368 -90.436
0.366 -90.434
0.363 -90.431
0.359 -90.429
0.358 -90.426
0.356 -90.424
0.354 -90.422
0.351 -90.421
0.348 -90.42
0.344 -90.418
0.34 -90.414
0.336 -90.408
0.334 -90.406
0.331 -90.403
0.33 -90.402
0.326 -90.401
0.324 -90.401
0.322 -90.403
0.321 -90.405
0.318 -90.405
0.316 -90.406
0.315 -90.405
0.313 -90.405
0.312 -90.406
0.311 -90.408
0.311 -90.41
0.311 -90.411
0.311 -90.412
0.307 -90.413
0.305 -90.416
0.302 -90.419
0.3 -90.42
0.3 -90.421
0.299 -90.423
0.299 -90.425
0.298 -90.426
0.297 -90.427
0.296 -90.429
0.295 -90.429
0.295 -90.431
0.295 -90.435
0.293 -90.436
0.292 -90.439
0.291 -90.44
0.29 -90.444
0.289 -90.451
0.289 -90.458
segment Ecuador
-0.69 -89.326
-0.693 -89.318
-0.69 -89.314
-0.689 -89.305
-0.698 -89.297
-0.702 -89.287
-0.707 -89.28
-0.706 -89.276
-0.699 -89.271
-0.698 -89.262
-0.696 -89.259
-0.696 -89.253
-0.698 -89.251
-0.707 -89.254
-0.708 -89.251
-0.711 -89.253
-0.718 -89.241
-0.723 -89.24
-0.725 -89.243
-0.735 -89.253
-0.742 -89.253
-0.744 -89.255
-0.751 -89.265
-0.75 -89.269
-0.756 -89.274
-0.767 -89.277
-0.78 -89.285
-0.789 -89.301
-0.795 -89.306
-0.805 -89.31
-0.814 -89.322
-0.817 -89.327
-0.82 -89.351
-0.823 -89.352
-0.824 -89.351
-0.827 -89.351
-0.829 -89.359
-0.833 -89.361
-0.847 -89.36
-0.856 -89.362
-0.858 -89.366
-0.857 -89.368
-0.86 -89.371
-0.868 -89.373
-0.886 -89.386
-0.893 -89.388
-0.895 -89.391
-0.896 -89.394
-0.903 -89.395
-0.908 -89.399
-0.914 -89.4
-0.915 -89.404
-0.921 -89.41
-0.919 -89.414
-0.923 -89.419
-0.925 -89.426
-0.929 -89.426
-0.931 -89.428
-0.932 -89.434
-0.932 -89.444
-0.938 -89.458
-0.935 -89.469
-0.938 -89.474
-0.938 -89.483
-0.942 -89.487
-0.942 -89.489
-0.943 -89.49
-0.936 -89.493
-0.946 -89.504
-0.949 -89.505
-0.947 -89.509
-0.952 -89.512
-0.954 -89.527
-0.953 -89.534
-0.95 -89.536
-0.952 -89.547
-0.948 -89.55
-0.951 -89.554
-0.95 -89.558
-0.946 -89.558
-0.944 -89.57
-0.939 -89.575
-0.94 -89.582
-0.935 -89.592
-0.933 -89.597
-0.936 -89.602
-0.922 -89.609
-0.919 -89.62
-0.916 -89.622
-0.915 -89.624
-0.9 -89.617
-0.898 -89.607
-0.895 -89.607
-0.889 -89.61
-0.886 -89.609
-0.885 -89.605
-0.88 -89.602
-0.881 -89.598
-0.879 -89.594
-0.873 -89.59
-0.874 -89.586
-0.869 -89.577
-0.868 -89.575
-0.868 -89.572
-0.86 -89.568
-0.855 -89.556
-0.847 -89.55
-0.845 -89.541
-0.84 -89.539
-0.838 -89.537
-0.834 -89.536
-0.833 -89.539
-0.828 -89.535
-0.823 -89.538
-0.82 -89.538
-0.817 -89.533
-0.819 -89.53
-0.82 -89.521
-0.826 -89.518
-0.821 -89.513
-0.823 -89.509
-0.82 -89.505
-0.821 -89.502
-0.817 -89.499
-0.816 -89.497
-0.817 -89.493
-0.816 -89.483
-0.804 -89.47
-0.799 -89.466
-0.795 -89.466
-0.794 -89.469
-0.79 -89.466
-0.786 -89.468
-0.776 -89.459
-0.774 -89.461
-0.766 -89.456
-0.761 -89.458
-0.759 -89.461
-0.757 -89.46
-0.758 -89.454
-0.752 -89.45
-0.752 -89.448
-0.748 -89.448
-0.747 -89.446
-0.748 -89.438
-0.745 -89.437
-0.742 -89.437
-0.74 -89.44
-0.738 -89.437
-0.734 -89.435
-0.736 -89.43
-0.732 -89.426
-0.729 -89.424
-0.73 -89.422
-0.726 -89.418
-0.724 -89.408
-0.714 -89.401
-0.715 -89.399
-0.718 -89.397
-0.716 -89.393
-0.719 -89.39
-0.715 -89.388
-0.711 -89.376
-0.712 -89.373
-0.704 -89.368
-0.701 -89.362
-0.694 -89.362
-0.691 -89.355
-0.69 -89.353
-0.686 -89.343
-0.69 -89.334
-0.69 -89.326
segment Ecuador
-1.342 -89.635
-1.345 -89.644
-1.345 -89.646
-1.343 -89.646
-1.339 -89.645
-1.337 -89.642
-1.339 -89.636
-1.342 -89.635
segment Ecuador
-1.373 -89.737
-1.371 -89.742
-1.368 -89.742
-1.364 -89.736
-1.355 -89.733
-1.356 -89.725
-1.352 -89.717
-1.349 -89.716
-1.347 -89.701
-1.345 -89.698
-1.343 -89.698
-1.345 -89.687
-1.347 -89.685
-1.347 -89.679
-1.346 -89.678
-1.344 -89.677
-1.346 -89.67
-1.343 -89.663
-1.345 -89.658
-1.35 -89.658
-1.351 -89.657
-1.356 -89.643
-1.363 -89.637
-1.366 -89.63
-1.37 -89.628
-1.373 -89.623
-1.38 -89.623
-1.382 -89.622
-1.385 -89.616
-1.388 -89.615
-1.393 -89.616
-1.397 -89.624
-1.399 -89.624
-1.405 -89.622
-1.408 -89.623
-1.41 -89.626
-1.41 -89.632
-1.41 -89.634
-1.406 -89.641
-1.407 -89.646
-1.406 -89.653
-1.407 -89.657
-1.405 -89.675
-1.403 -89.677
-1.405 -89.681
-1.393 -89.692
-1.393 -89.695
-1.397 -89.7
-1.396 -89.702
-1.394 -89.702
-1.391 -89.704
-1.393 -89.706
-1.381 -89.722
-1.379 -89.731
-1.377 -89.735
-1.373 -89.737
segment Ecuador
-1.292 -81.05
-1.286 -81.066
-1.285 -81.077
-1.281 -81.079
-1.272 -81.075
-1.266 -81.071
-1.266 -81.068
-1.271 -81.064
-1.273 -81.057
-1.285 -81.045
-1.289 -81.044
-1.292 -81.045
-1.292 -81.05
segment Ecuador
-1.605 -80.862
-1.604 -80.867
-1.6 -80.869
-1.595 -80.868
-1.593 -80.867
-1.593 -80.863
-1.599 -80.858
-1.603 -80.859
-1.605 -80.862
segment Ecuador
-2.658 -80.193
-2.655 -80.195
-2.649 -80.189
-2.647 -80.182
-2.65 -80.18
-2.653 -80.181
-2.657 -80.188
-2.658 -80.193
segment Ecuador
-2.67 -80.182
-2.668 -80.184
-2.663 -80.182
-2.657 -80.177
-2.655 -80.174
-2.658 -80.173
-2.662 -80.174
-2.667 -80.178
-2.67 -80.182
segment Ecuador
-2.694 -80.204
-2.694 -80.208
-2.689 -80.207
-2.684 -80.202
-2.684 -80.198
-2.691 -80.2
-2.694 -80.204
segment Ecuador
-2.704 -80.135
-2.701 -80.138
-2.698 -80.135
-2.696 -80.128
-2.697 -80.125
-2.703 -80.13
-2.704 -80.135
segment Ecuador
-3.189 -80.449
-3.189 -80.452
-3.187 -80.454
-3.174 -80.45
-3.168 -80.445
-3.166 -80.44
-3.174 -80.441
-3.187 -80.446
-3.189 -80.449
segment Ecuador
-3.42 -80.177
-3.419 -80.183
-3.412 -80.192
-3.412 -80.197
-3.418 -80.213
-3.418 -80.223
-3.418 -80.224
-3.411 -80.229
-3.397 -80.226
-3.39 -80.232
-3.389 -80.235
-3.377 -80.25
-3.37 -80.25
-3.361 -80.254
-3.357 -80.259
-3.349 -80.26
-3.344 -80.258
-3.332 -80.247
-3.331 -80.239
-3.335 -80.236
-3.341 -80.234
-3.344 -80.234
-3.356 -80.228
-3.361 -80.224
-3.385 -80.209
-3.403 -80.2
-3.406 -80.195
-3.406 -80.192
-3.403 -80.189
-3.401 -80.182
-3.409 -80.169
-3.413 -80.166
-3.416 -80.167
-3.42 -80.177
segment Ecuador
-3.411 -80.242
-3.405 -80.266
-3.406 -80.278
-3.404 -80.283
-3.392 -80.288
-3.39 -80.291
-3.397 -80.294
-3.391 -80.297
-3.388 -80.299
-3.38 -80.3
-3.371 -80.298
-3.353 -80.287
-3.342 -80.278
-3.342 -80.276
-3.355 -80.279
-3.363 -80.278
-3.364 -80.276
-3.371 -80.273
-3.378 -80.272
-3.381 -80.271
-3.384 -80.261
-3.393 -80.248
-3.396 -80.243
-3.397 -80.234
-3.403 -80.23
-3.408 -80.231
-3.411 -80.233
-3.411 -80.242
segment Ecuador
-3.423 -80.251
-3.419 -80.279
-3.417 -80.281
-3.411 -80.278
-3.414 -80.253
-3.415 -80.246
-3.418 -80.242
-3.421 -80.242
-3.423 -80.251
segment Ecuador
-3.432 -80.21
-3.433 -80.212
-3.432 -80.214
-3.43 -80.217
-3.429 -80.22
-3.426 -80.223
-3.424 -80.222
-3.425 -80.216
-3.427 -80.213
-3.43 -80.209
-3.432 -80.21
segment Ecuador
-2.535 -79.793
-2.533 -79.796
-2.529 -79.797
-2.519 -79.807
-2.516 -79.809
-2.505 -79.815
-2.493 -79.823
-2.457 -79.836
-2.451 -79.838
-2.436 -79.838
-2.42 -79.835
-2.414 -79.832
-2.415 -79.825
-2.418 -79.821
-2.422 -79.818
-2.438 -79.808
-2.458 -79.802
-2.488 -79.799
-2.502 -79.792
-2.515 -79.782
-2.525 -79.782
-2.528 -79.784
-2.535 -79.793
segment Ecuador
-2.667 -79.847
-2.665 -79.856
-2.659 -79.878
-2.655 -79.885
-2.647 -79.887
-2.633 -79.885
-2.607 -79.88
-2.58 -79.874
-2.558 -79.866
-2.532 -79.86
-2.51 -79.858
-2.497 -79.858
-2.484 -79.854
-2.476 -79.85
-2.474 -79.848
-2.474 -79.844
-2.495 -79.833
-2.552 -79.813
-2.554 -79.812
-2.56 -79.813
-2.578 -79.819
-2.604 -79.826
-2.652 -79.831
-2.662 -79.835
-2.666 -79.842
-2.667 -79.847
segment Ecuador
-2.545 -79.802
-2.53 -79.813
-2.525 -79.815
-2.522 -79.814
-2.522 -79.81
-2.524 -79.81
-2.532 -79.803
-2.539 -79.799
-2.545 -79.802
segment Ecuador
-2.64 -79.753
-2.639 -79.76
-2.619 -79.773
-2.615 -79.775
-2.595 -79.784
-2.571 -79.789
-2.551 -79.782
-2.545 -79.778
-2.539 -79.771
-2.534 -79.748
-2.53 -79.743
-2.529 -79.738
-2.534 -79.733
-2.536 -79.732
-2.549 -79.727
-2.563 -79.723
-2.567 -79.725
-2.571 -79.728
-2.57 -79.737
-2.572 -79.742
-2.576 -79.745
-2.598 -79.745
-2.603 -79.746
-2.612 -79.745
-2.627 -79.746
-2.637 -79.749
-2.64 -79.753
segment Ecuador
-2.635 -79.788
-2.634 -79.794
-2.626 -79.8
-2.622 -79.801
-2.615 -79.801
-2.605 -79.797
-2.603 -79.794
-2.605 -79.79
-2.624 -79.779
-2.635 -79.788
segment Ecuador
-2.67 -79.909
-2.668 -79.907
-2.67 -79.904
-2.676 -79.903
-2.682 -79.904
-2.684 -79.907
-2.683 -79.91
-2.68 -79.911
-2.671 -79.91
-2.67 -79.909
segment Ecuador
1.423 -78.842
1.408 -78.836
1.392 -78.834
1.385 -78.835
1.377 -78.839
1.367 -78.848
1.365 -78.852
1.365 -78.858
1.364 -78.87
1.367 -78.874
1.382 -78.876
1.393 -78.876
1.413 -78.872
1.424 -78.872
1.433 -78.871
1.436 -78.868
1.436 -78.862
1.439 -78.859
1.439 -78.857
1.429 -78.845
1.423 -78.842
segment Ecuador
1.22 -79.001
1.216 -79.006
1.201 -79.013
1.199 -79.014
1.215 -79.024
1.219 -79.028
1.221 -79.035
1.224 -79.039
1.229 -79.042
1.233 -79.041
1.238 -79.032
1.239 -79.026
1.242 -79.018
1.249 -79.012
1.25 -79.009
1.23 -78.993
1.226 -78.993
1.22 -79.001
segment Ecuador
1.408 -78.776
1.399 -78.768
1.391 -78.756
1.386 -78.745
1.377 -78.734
1.356 -78.725
1.353 -78.721
1.348 -78.703
1.344 -78.695
1.337 -78.69
1.319 -78.683
1.295 -78.674
1.279 -78.66
1.265 -78.643
1.257 -78.626
1.247 -78.618
1.24 -78.609
1.23 -78.585
1.217 -78.567
1.21 -78.56
1.201 -78.556
1.195 -78.551
1.193 -78.546
1.194 -78.542
1.195 -78.535
1.192 -78.523
1.188 -78.515
1.185 -78.501
1.186 -78.497
1.182 -78.486
1.171 -78.472
1.158 -78.454
1.149 -78.436
1.145 -78.431
1.136 -78.425
1.133 -78.423
1.123 -78.418
1.107 -78.413
1.101 -78.41
1.09 -78.397
1.076 -78.384
1.064 -78.373
1.058 -78.364
1.05 -78.356
1.045 -78.347
1.039 -78.333
1.034 -78.324
1.03 -78.314
1.023 -78.284
1.018 -78.259
1.015 -78.249
1.006 -78.23
0.999 -78.21
0.992 -78.198
0.981 -78.185
0.972 -78.178
0.97 -78.178
0.945 -78.157
0.914 -78.122
0.902 -78.105
0.888 -78.083
0.878 -78.071
0.87 -78.058
0.861 -78.031
0.854 -78.015
0.842 -77.999
0.83 -77.988
0.818 -77.974
0.814 -77.967
0.811 -77.956
0.807 -77.938
0.805 -77.915
0.8 -77.867
0.797 -77.846
0.798 -77.832
0.802 -77.822
0.809 -77.809
0.818 -77.804
0.822 -77.8
0.824 -77.795
0.825 -77.786
0.826 -77.779
0.831 -77.769
0.831 -77.763
0.83 -77.757
0.83 -77.735
0.838 -77.72
0.84 -77.715
0.84 -77.71
0.836 -77.704
0.823 -77.684
0.817 -77.674
0.813 -77.669
0.802 -77.655
0.795 -77.652
0.789 -77.652
0.783 -77.655
0.776 -77.664
0.766 -77.678
0.756 -77.693
0.752 -77.698
0.744 -77.702
0.739 -77.701
0.728 -77.697
0.721 -77.69
0.718 -77.677
0.718 -77.657
0.716 -77.651
0.71 -77.644
0.691 -77.625
0.679 -77.615
0.677 -77.612
0.667 -77.6
0.665 -77.595
0.659 -77.581
0.654 -77.568
0.645 -77.554
0.65 -77.543
0.651 -77.536
0.648 -77.526
0.645 -77.519
0.637 -77.507
0.631 -77.501
0.623 -77.497
0.607 -77.482
0.6 -77.48
0.591 -77.48
0.573 -77.486
0.542 -77.492
0.532 -77.493
0.519 -77.492
0.511 -77.488
0.499 -77.484
0.486 -77.482
0.464 -77.482
0.447 -77.479
0.419 -77.472
0.395 -77.465
0.388 -77.448
0.387 -77.432
0.382 -77.423
0.366 -77.41
0.362 -77.403
0.36 -77.394
0.362 -77.39
0.367 -77.387
0.381 -77.383
0.386 -77.378
0.387 -77.373
0.386 -77.368
0.381 -77.351
0.374 -77.324
0.365 -77.301
0.361 -77.284
0.358 -77.272
0.352 -77.254
0.355 -77.241
0.357 -77.227
0.359 -77.216
0.361 -77.207
0.365 -77.195
0.374 -77.185
0.375 -77.178
0.374 -77.159
0.376 -77.152
0.373 -77.147
0.372 -77.135
0.374 -77.128
0.372 -77.123
0.37 -77.121
0.359 -77.113
0.356 -77.11
0.338 -77.102
0.327 -77.094
0.316 -77.084
0.311 -77.083
0.307 -77.084
0.302 -77.087
0.297 -77.087
0.293 -77.086
0.289 -77.082
0.286 -77.079
0.285 -77.076
0.284 -77.07
0.285 -77.054
0.282 -77.046
0.273 -77.036
0.272 -77.029
0.274 -77.025
0.28 -77.02
0.281 -77.014
0.273 -77.003
0.268 -76.99
0.267 -76.961
0.261 -76.938
0.254 -76.925
0.249 -76.906
0.248 -76.897
0.249 -76.889
0.248 -76.882
0.248 -76.88
0.248 -76.873
0.246 -76.868
0.246 -76.859
0.242 -76.847
0.242 -76.842
0.245 -76.838
0.254 -76.832
0.255 -76.828
0.255 -76.826
0.259 -76.819
0.262 -76.815
0.265 -76.808
0.265 -76.803
0.262 -76.795
0.261 -76.789
0.259 -76.787
0.254 -76.786
0.252 -76.78
0.252 -76.77
0.254 -76.762
0.254 -76.76
0.256 -76.755
0.26 -76.753
0.264 -76.754
0.268 -76.759
0.27 -76.76
0.275 -76.758
0.278 -76.753
0.28 -76.744
0.281 -76.737
0.286 -76.729
0.285 -76.723
0.279 -76.718
0.277 -76.715
0.277 -76.709
0.281 -76.7
0.281 -76.695
0.276 -76.676
0.275 -76.671
0.272 -76.665
0.268 -76.662
0.261 -76.66
0.259 -76.657
0.258 -76.655
0.266 -76.645
0.266 -76.64
0.259 -76.628
0.258 -76.626
0.248 -76.623
0.243 -76.617
0.24 -76.608
0.234 -76.6
0.233 -76.595
0.235 -76.59
0.243 -76.578
0.255 -76.556
0.258 -76.542
0.257 -76.526
0.248 -76.503
0.247 -76.493
0.252 -76.478
0.252 -76.469
0.253 -76.45
0.262 -76.441
0.26 -76.436
0.246 -76.428
0.248 -76.415
0.248 -76.404
0.254 -76.399
0.262 -76.398
0.275 -76.398
0.3 -76.4
0.336 -76.402
0.369 -76.404
0.384 -76.403
0.391 -76.397
0.397 -76.385
0.399 -76.363
0.4 -76.345
0.405 -76.337
0.417 -76.329
0.424 -76.323
0.431 -76.316
0.436 -76.303
0.44 -76.296
0.442 -76.279
0.441 -76.269
0.428 -76.255
0.421 -76.244
0.414 -76.229
0.402 -76.217
0.4 -76.213
0.398 -76.211
0.395 -76.195
0.394 -76.176
0.394 -76.169
0.395 -76.14
0.394 -76.132
0.388 -76.121
0.381 -76.113
0.368 -76.105
0.353 -76.101
0.347 -76.097
0.345 -76.086
0.351 -76.075
0.353 -76.071
0.356 -76.062
0.355 -76.053
0.349 -76.04
0.335 -76.023
0.327 -76.015
0.305 -76
0.291 -75.994
0.28 -75.988
0.274 -75.983
0.262 -75.967
0.251 -75.957
0.23 -75.943
0.203 -75.926
0.193 -75.917
0.186 -75.912
0.183 -75.909
0.174 -75.902
0.157 -75.883
0.148 -75.868
0.128 -75.839
0.121 -75.83
0.093 -75.802
0.085 -75.791
0.071 -75.761
0.066 -75.741
0.064 -75.734
0.064 -75.699
0.065 -75.688
0.065 -75.665
0.068 -75.654
0.072 -75.632
0.073 -75.628
0.073 -75.617
0.07 -75.608
0.065 -75.598
0.055 -75.583
0.025 -75.563
0.013 -75.552
0 -75.535
0 -75.581
-0.002 -75.582
-0.008 -75.581
-0.013 -75.578
-0.014 -75.574
-0.015 -75.569
-0.015 -75.556
-0.013 -75.54
-0.014 -75.534
-0.019 -75.522
-0.025 -75.516
-0.03 -75.506
-0.036 -75.491
-0.043 -75.48
-0.048 -75.473
-0.053 -75.466
-0.064 -75.445
-0.068 -75.439
-0.073 -75.426
-0.077 -75.416
-0.078 -75.413
-0.077 -75.409
-0.078 -75.406
-0.076 -75.395
-0.074 -75.389
-0.074 -75.382
-0.075 -75.365
-0.075 -75.363
-0.077 -75.357
-0.079 -75.351
-0.083 -75.342
-0.084 -75.33
-0.086 -75.324
-0.089 -75.311
-0.09 -75.309
-0.093 -75.303
-0.094 -75.288
-0.109 -75.292
-0.122 -75.3
-0.125 -75.301
-0.131 -75.302
-0.132 -75.303
-0.134 -75.304
-0.134 -75.308
-0.126 -75.313
-0.125 -75.318
-0.135 -75.327
-0.134 -75.337
-0.134 -75.34
-0.138 -75.343
-0.135 -75.349
-0.142 -75.359
-0.141 -75.362
-0.139 -75.364
-0.132 -75.363
-0.126 -75.364
-0.125 -75.367
-0.125 -75.373
-0.142 -75.375
-0.147 -75.383
-0.149 -75.388
-0.147 -75.394
-0.149 -75.398
-0.149 -75.411
-0.142 -75.427
-0.137 -75.435
-0.137 -75.452
-0.139 -75.456
-0.139 -75.459
-0.128 -75.465
-0.124 -75.473
-0.119 -75.478
-0.116 -75.49
-0.117 -75.494
-0.117 -75.498
-0.11 -75.512
-0.114 -75.523
-0.111 -75.535
-0.117 -75.537
-0.117 -75.543
-0.123 -75.546
-0.124 -75.558
-0.123 -75.561
-0.124 -75.564
-0.122 -75.569
-0.116 -75.572
-0.114 -75.58
-0.118 -75.591
-0.118 -75.592
-0.118 -75.594
-0.116 -75.605
-0.107 -75.614
-0.107 -75.621
-0.109 -75.622
-0.114 -75.622
-0.139 -75.623
-0.168 -75.624
-0.203 -75.624
-0.225 -75.625
-0.237 -75.626
-0.252 -75.626
-0.257 -75.625
-0.263 -75.622
-0.269 -75.615
-0.285 -75.592
-0.295 -75.576
-0.32 -75.546
-0.326 -75.536
-0.331 -75.522
-0.332 -75.517
-0.334 -75.499
-0.331 -75.489
-0.328 -75.482
-0.325 -75.473
-0.325 -75.464
-0.329 -75.449
-0.33 -75.447
-0.334 -75.445
-0.352 -75.438
-0.354 -75.437
-0.367 -75.434
-0.385 -75.424
-0.398 -75.421
-0.404 -75.421
-0.412 -75.415
-0.419 -75.416
-0.424 -75.415
-0.436 -75.397
-0.434 -75.387
-0.435 -75.382
-0.44 -75.379
-0.453 -75.376
-0.453 -75.372
-0.45 -75.369
-0.451 -75.364
-0.443 -75.359
-0.441 -75.354
-0.441 -75.351
-0.443 -75.35
-0.451 -75.349
-0.453 -75.343
-0.455 -75.341
-0.457 -75.34
-0.465 -75.335
-0.479 -75.338
-0.481 -75.337
-0.484 -75.322
-0.491 -75.319
-0.492 -75.318
-0.491 -75.314
-0.482 -75.307
-0.481 -75.305
-0.485 -75.299
-0.491 -75.294
-0.503 -75.29
-0.508 -75.286
-0.514 -75.287
-0.517 -75.286
-0.516 -75.282
-0.51 -75.277
-0.504 -75.272
-0.503 -75.269
-0.507 -75.264
-0.519 -75.259
-0.528 -75.262
-0.535 -75.245
-0.541 -75.244
-0.555 -75.244
-0.562 -75.25
-0.563 -75.253
-0.564 -75.254
-0.569 -75.252
-0.581 -75.253
-0.586 -75.251
-0.586 -75.243
-0.589 -75.242
-0.591 -75.245
-0.594 -75.246
-0.601 -75.242
-0.606 -75.235
-0.61 -75.235
-0.614 -75.243
-0.618 -75.246
-0.625 -75.243
-0.626 -75.244
-0.627 -75.246
-0.628 -75.251
-0.625 -75.26
-0.63 -75.264
-0.629 -75.269
-0.633 -75.272
-0.636 -75.271
-0.642 -75.274
-0.646 -75.28
-0.649 -75.281
-0.653 -75.281
-0.661 -75.279
-0.668 -75.274
-0.674 -75.264
-0.68 -75.258
-0.683 -75.258
-0.688 -75.263
-0.691 -75.268
-0.695 -75.274
-0.704 -75.28
-0.711 -75.28
-0.723 -75.277
-0.729 -75.275
-0.734 -75.271
-0.744 -75.259
-0.752 -75.252
-0.756 -75.251
-0.773 -75.261
-0.776 -75.262
-0.779 -75.261
-0.782 -75.255
-0.785 -75.247
-0.789 -75.241
-0.798 -75.236
-0.802 -75.235
-0.812 -75.24
-0.823 -75.242
-0.827 -75.241
-0.836 -75.234
-0.842 -75.227
-0.855 -75.219
-0.873 -75.214
-0.889 -75.216
-0.898 -75.216
-0.9 -75.216
-0.915 -75.226
-0.925 -75.228
-0.932 -75.227
-0.939 -75.223
-0.947 -75.215
-0.95 -75.208
-0.957 -75.198
-0.967 -75.187
-0.971 -75.185
-0.973 -75.186
-0.976 -75.189
-0.976 -75.202
-0.975 -75.205
-0.976 -75.21
-0.976 -75.217
-0.975 -75.228
-0.973 -75.234
-0.973 -75.239
-0.974 -75.242
-0.973 -75.251
-0.972 -75.257
-0.974 -75.264
-0.978 -75.27
-0.981 -75.283
-0.981 -75.29
-0.98 -75.298
-0.98 -75.303
-0.977 -75.311
-0.97 -75.322
-0.948 -75.344
-0.947 -75.345
-0.946 -75.347
-0.944 -75.353
-0.945 -75.356
-0.947 -75.359
-0.956 -75.364
-1.022 -75.384
-1.056 -75.395
-1.08 -75.402
-1.114 -75.413
-1.156 -75.426
-1.186 -75.434
-1.236 -75.449
-1.306 -75.47
-1.332 -75.478
-1.376 -75.49
-1.467 -75.517
-1.477 -75.52
-1.529 -75.535
-1.536 -75.538
-1.541 -75.542
-1.544 -75.548
-1.545 -75.554
-1.543 -75.562
-1.544 -75.569
-1.548 -75.577
-1.555 -75.587
-1.562 -75.593
-1.563 -75.596
-1.567 -75.6
-1.574 -75.609
-1.586 -75.619
-1.623 -75.648
-1.632 -75.655
-1.688 -75.699
-1.714 -75.719
-1.723 -75.726
-1.74 -75.74
-1.79 -75.78
-1.841 -75.819
-1.857 -75.832
-1.866 -75.839
-1.935 -75.893
-1.948 -75.903
-1.956 -75.91
-1.972 -75.922
-1.981 -75.929
-2.029 -75.966
-2.037 -75.973
-2.054 -75.986
-2.063 -75.993
-2.078 -76.005
-2.128 -76.045
-2.138 -76.055
-2.161 -76.083
-2.181 -76.109
-2.188 -76.118
-2.239 -76.183
-2.253 -76.201
-2.26 -76.21
-2.278 -76.234
-2.334 -76.304
-2.35 -76.324
-2.37 -76.349
-2.42 -76.412
-2.426 -76.42
-2.44 -76.438
-2.447 -76.447
-2.461 -76.463
-2.467 -76.472
-2.525 -76.545
-2.531 -76.554
-2.553 -76.58
-2.559 -76.587
-2.591 -76.627
-2.595 -76.637
-2.599 -76.647
-2.614 -76.691
-2.615 -76.696
-2.621 -76.713
-2.624 -76.723
-2.654 -76.807
-2.662 -76.832
-2.67 -76.854
-2.7 -76.94
-2.706 -76.96
-2.71 -76.97
-2.718 -76.994
-2.721 -77.004
-2.728 -77.025
-2.743 -77.068
-2.754 -77.101
-2.767 -77.145
-2.777 -77.175
-2.78 -77.179
-2.795 -77.223
-2.802 -77.245
-2.812 -77.275
-2.837 -77.35
-2.848 -77.381
-2.857 -77.41
-2.858 -77.411
-2.888 -77.501
-2.899 -77.535
-2.905 -77.551
-2.929 -77.626
-2.929 -77.628
-2.939 -77.658
-2.942 -77.668
-2.949 -77.689
-2.953 -77.699
-2.972 -77.755
-2.973 -77.761
-2.985 -77.793
-2.998 -77.824
-3.003 -77.834
-3.015 -77.848
-3.03 -77.865
-3.053 -77.893
-3.066 -77.91
-3.073 -77.918
-3.087 -77.936
-3.098 -77.952
-3.123 -77.983
-3.136 -77.997
-3.145 -78.005
-3.149 -78.009
-3.166 -78.021
-3.176 -78.026
-3.194 -78.038
-3.209 -78.047
-3.221 -78.056
-3.225 -78.062
-3.224 -78.067
-3.223 -78.071
-3.218 -78.079
-3.217 -78.086
-3.22 -78.091
-3.23 -78.094
-3.254 -78.095
-3.262 -78.097
-3.269 -78.099
-3.281 -78.107
-3.29 -78.114
-3.297 -78.119
-3.32 -78.142
-3.339 -78.172
-3.348 -78.183
-3.354 -78.19
-3.364 -78.195
-3.369 -78.195
-3.375 -78.196
-3.381 -78.195
-3.389 -78.191
-3.396 -78.185
-3.402 -78.182
-3.412 -78.177
-3.416 -78.172
-3.427 -78.164
-3.456 -78.14
-3.469 -78.129
-3.479 -78.123
-3.49 -78.121
-3.501 -78.123
-3.508 -78.124
-3.517 -78.13
-3.522 -78.137
-3.527 -78.145
-3.527 -78.154
-3.527 -78.159
-3.524 -78.167
-3.514 -78.181
-3.512 -78.189
-3.512 -78.193
-3.515 -78.198
-3.53 -78.209
-3.535 -78.216
-3.536 -78.224
-3.534 -78.232
-3.532 -78.236
-3.528 -78.24
-3.523 -78.242
-3.515 -78.244
-3.5 -78.245
-3.49 -78.243
-3.453 -78.24
-3.438 -78.243
-3.429 -78.249
-3.42 -78.256
-3.414 -78.267
-3.411 -78.277
-3.41 -78.286
-3.412 -78.295
-3.415 -78.3
-3.421 -78.311
-3.429 -78.319
-3.441 -78.328
-3.451 -78.334
-3.46 -78.336
-3.52 -78.346
-3.541 -78.348
-3.55 -78.349
-3.569 -78.349
-3.573 -78.35
-3.6 -78.348
-3.607 -78.347
-3.614 -78.348
-3.643 -78.347
-3.678 -78.35
-3.692 -78.353
-3.712 -78.357
-3.734 -78.362
-3.753 -78.366
-3.775 -78.372
-3.787 -78.377
-3.806 -78.387
-3.824 -78.399
-3.831 -78.406
-3.847 -78.419
-3.854 -78.426
-3.862 -78.433
-3.872 -78.443
-3.879 -78.449
-3.894 -78.462
-3.905 -78.472
-3.92 -78.484
-3.939 -78.494
-3.949 -78.499
-3.985 -78.513
-3.999 -78.519
-4.009 -78.523
-4.032 -78.533
-4.066 -78.55
-4.093 -78.559
-4.096 -78.56
-4.106 -78.563
-4.118 -78.567
-4.129 -78.571
-4.156 -78.575
-4.168 -78.575
-4.195 -78.573
-4.22 -78.571
-4.237 -78.568
-4.247 -78.57
-4.255 -78.572
-4.263 -78.577
-4.269 -78.585
-4.273 -78.59
-4.275 -78.595
-4.278 -78.597
-4.284 -78.608
-4.29 -78.615
-4.301 -78.621
-4.319 -78.627
-4.34 -78.631
-4.351 -78.631
-4.359 -78.63
-4.368 -78.628
-4.374 -78.628
-4.382 -78.626
-4.397 -78.62
-4.406 -78.617
-4.415 -78.615
-4.422 -78.612
-4.447 -78.609
-4.464 -78.61
-4.475 -78.613
-4.481 -78.614
-4.497 -78.621
-4.518 -78.632
-4.544 -78.648
-4.556 -78.655
-4.587 -78.677
-4.602 -78.69
-4.61 -78.697
-4.627 -78.712
-4.636 -78.719
-4.649 -78.731
-4.654 -78.736
-4.658 -78.748
-4.66 -78.76
-4.661 -78.779
-4.663 -78.791
-4.671 -78.816
-4.677 -78.828
-4.68 -78.838
-4.683 -78.841
-4.693 -78.854
-4.693 -78.856
-4.704 -78.868
-4.712 -78.874
-4.719 -78.879
-4.72 -78.881
-4.734 -78.889
-4.764 -78.903
-4.784 -78.915
-4.793 -78.918
-4.799 -78.919
-4.804 -78.919
-4.819 -78.913
-4.825 -78.913
-4.835 -78.921
-4.848 -78.934
-4.852 -78.939
-4.869 -78.953
-4.885 -78.963
-4.9 -78.971
-4.919 -78.978
-4.94 -78.982
-4.953 -78.985
-4.96 -78.986
-4.973 -78.993
-4.979 -79
-4.982 -79.005
-4.984 -79.015
-4.988 -79.022
-4.997 -79.034
-4.999 -79.037
-4.988 -79.041
-4.986 -79.046
-4.987 -79.057
-4.985 -79.061
-4.984 -79.066
-4.981 -79.067
-4.971 -79.066
-4.97 -79.073
-4.971 -79.082
-4.975 -79.091
-4.975 -79.105
-4.973 -79.115
-4.962 -79.14
-4.962 -79.146
-4.964 -79.153
-4.961 -79.173
-4.961 -79.189
-4.961 -79.195
-4.965 -79.204
-4.963 -79.213
-4.964 -79.231
-4.967 -79.242
-4.967 -79.26
-4.967 -79.261
-4.951 -79.268
-4.93 -79.286
-4.916 -79.295
-4.907 -79.294
-4.902 -79.297
-4.898 -79.3
-4.895 -79.308
-4.893 -79.311
-4.888 -79.318
-4.886 -79.322
-4.887 -79.338
-4.885 -79.341
-4.884 -79.342
-4.878 -79.347
-4.869 -79.351
-4.847 -79.354
-4.839 -79.358
-4.832 -79.37
-4.834 -79.384
-4.833 -79.387
-4.799 -79.416
-4.794 -79.417
-4.742 -79.425
-4.734 -79.429
-4.719 -79.442
-4.705 -79.451
-4.682 -79.456
-4.679 -79.456
-4.647 -79.458
-4.641 -79.462
-4.628 -79.476
-4.621 -79.479
-4.581 -79.487
-4.576 -79.486
-4.57 -79.476
-4.565 -79.473
-4.557 -79.472
-4.529 -79.482
-4.522 -79.488
-4.52 -79.493
-4.513 -79.508
-4.523 -79.519
-4.523 -79.533
-4.528 -79.541
-4.519 -79.541
-4.513 -79.543
-4.509 -79.546
-4.509 -79.552
-4.512 -79.557
-4.506 -79.56
-4.504 -79.567
-4.497 -79.568
-4.496 -79.575
-4.493 -79.578
-4.486 -79.577
-4.474 -79.589
-4.468 -79.589
-4.466 -79.594
-4.461 -79.595
-4.46 -79.598
-4.454 -79.599
-4.454 -79.605
-4.453 -79.608
-4.451 -79.609
-4.449 -79.609
-4.442 -79.613
-4.435 -79.631
-4.434 -79.637
-4.432 -79.641
-4.434 -79.644
-4.435 -79.653
-4.447 -79.671
-4.45 -79.679
-4.454 -79.684
-4.46 -79.688
-4.465 -79.696
-4.469 -79.704
-4.468 -79.715
-4.469 -79.72
-4.48 -79.74
-4.48 -79.753
-4.486 -79.761
-4.485 -79.772
-4.487 -79.78
-4.487 -79.805
-4.486 -79.812
-4.468 -79.833
-4.461 -79.836
-4.453 -79.848
-4.445 -79.852
-4.429 -79.853
-4.423 -79.857
-4.412 -79.867
-4.409 -79.871
-4.399 -79.886
-4.394 -79.895
-4.388 -79.907
-4.382 -79.915
-4.388 -79.924
-4.394 -79.935
-4.394 -79.939
-4.391 -79.946
-4.392 -79.958
-4.391 -79.962
-4.376 -79.975
-4.376 -79.992
-4.371 -79.997
-4.37 -80
-4.369 -80.002
-4.368 -80.004
-4.364 -80.008
-4.362 -80.011
-4.354 -80.015
-4.35 -80.026
-4.337 -80.038
-4.331 -80.041
-4.328 -80.048
-4.323 -80.052
-4.306 -80.06
-4.307 -80.068
-4.305 -80.075
-4.296 -80.096
-4.294 -80.101
-4.294 -80.104
-4.299 -80.108
-4.295 -80.117
-4.294 -80.122
-4.297 -80.131
-4.296 -80.133
-4.288 -80.132
-4.285 -80.136
-4.304 -80.155
-4.302 -80.159
-4.293 -80.165
-4.294 -80.169
-4.3 -80.173
-4.313 -80.18
-4.32 -80.182
-4.335 -80.18
-4.338 -80.182
-4.338 -80.194
-4.342 -80.19
-4.346 -80.192
-4.345 -80.196
-4.345 -80.2
-4.351 -80.205
-4.351 -80.208
-4.347 -80.212
-4.35 -80.215
-4.361 -80.215
-4.364 -80.218
-4.37 -80.217
-4.374 -80.219
-4.373 -80.222
-4.368 -80.223
-4.37 -80.226
-4.381 -80.232
-4.39 -80.243
-4.399 -80.246
-4.398 -80.249
-4.398 -80.252
-4.406 -80.256
-4.407 -80.261
-4.402 -80.267
-4.402 -80.273
-4.406 -80.277
-4.412 -80.28
-4.418 -80.285
-4.422 -80.286
-4.426 -80.285
-4.429 -80.283
-4.434 -80.287
-4.436 -80.289
-4.436 -80.297
-4.446 -80.305
-4.447 -80.307
-4.446 -80.313
-4.449 -80.317
-4.457 -80.324
-4.461 -80.329
-4.47 -80.335
-4.472 -80.347
-4.474 -80.352
-4.48 -80.358
-4.477 -80.372
-4.478 -80.378
-4.482 -80.381
-4.483 -80.383
-4.483 -80.388
-4.479 -80.392
-4.469 -80.395
-4.466 -80.4
-4.462 -80.404
-4.457 -80.409
-4.457 -80.412
-4.463 -80.416
-4.46 -80.419
-4.455 -80.421
-4.455 -80.426
-4.452 -80.43
-4.437 -80.443
-4.41 -80.445
-4.406 -80.447
-4.401 -80.445
-4.396 -80.447
-4.391 -80.444
-4.38 -80.445
-4.371 -80.443
-4.37 -80.443
-4.363 -80.437
-4.352 -80.425
-4.345 -80.421
-4.334 -80.42
-4.324 -80.415
-4.315 -80.407
-4.311 -80.403
-4.292 -80.382
-4.288 -80.373
-4.281 -80.366
-4.27 -80.363
-4.267 -80.361
-4.262 -80.354
-4.253 -80.351
-4.252 -80.35
-4.241 -80.339
-4.229 -80.332
-4.221 -80.322
-4.209 -80.311
-4.201 -80.305
-4.198 -80.306
-4.196 -80.31
-4.195 -80.311
-4.198 -80.317
-4.202 -80.32
-4.204 -80.325
-4.204 -80.332
-4.203 -80.337
-4.206 -80.341
-4.211 -80.349
-4.212 -80.354
-4.197 -80.367
-4.203 -80.377
-4.201 -80.387
-4.204 -80.391
-4.211 -80.402
-4.212 -80.407
-4.199 -80.417
-4.195 -80.422
-4.195 -80.427
-4.194 -80.434
-4.196 -80.437
-4.194 -80.444
-4.177 -80.445
-4.167 -80.445
-4.155 -80.446
-4.14 -80.446
-4.128 -80.445
-4.122 -80.444
-4.121 -80.445
-4.127 -80.457
-4.127 -80.46
-4.12 -80.462
-4.112 -80.461
-4.106 -80.464
-4.097 -80.475
-4.084 -80.481
-4.079 -80.48
-4.077 -80.47
-4.073 -80.468
-4.064 -80.472
-4.061 -80.474
-4.057 -80.477
-4.054 -80.475
-4.048 -80.467
-4.038 -80.462
-4.032 -80.449
-4.029 -80.447
-4.021 -80.447
-4.017 -80.442
-4.011 -80.439
-3.998 -80.439
-3.992 -80.43
-3.991 -80.423
-3.991 -80.42
-3.988 -80.416
-3.988 -80.406
-3.984 -80.398
-3.986 -80.394
-3.984 -80.362
-3.997 -80.339
-3.998 -80.328
-4.002 -80.323
-4.011 -80.317
-4.014 -80.306
-4.018 -80.286
-4.015 -80.285
-4.012 -80.281
-4.009 -80.269
-3.999 -80.258
-3.987 -80.251
-3.975 -80.248
-3.963 -80.238
-3.952 -80.235
-3.95 -80.231
-3.953 -80.213
-3.946 -80.203
-3.945 -80.201
-3.943 -80.197
-3.929 -80.184
-3.922 -80.164
-3.919 -80.162
-3.912 -80.156
-3.91 -80.155
-3.905 -80.154
-3.896 -80.156
-3.881 -80.161
-3.857 -80.163
-3.819 -80.162
-3.807 -80.162
-3.804 -80.163
-3.797 -80.167
-3.797 -80.169
-3.796 -80.173
-3.794 -80.175
-3.789 -80.178
-3.778 -80.182
-3.776 -80.188
-3.772 -80.19
-3.759 -80.188
-3.751 -80.189
-3.749 -80.189
-3.749 -80.183
-3.745 -80.184
-3.743 -80.181
-3.727 -80.181
-3.718 -80.184
-3.711 -80.192
-3.706 -80.193
-3.702 -80.193
-3.692 -80.196
-3.684 -80.195
-3.668 -80.187
-3.663 -80.186
-3.652 -80.189
-3.641 -80.186
-3.629 -80.19
-3.624 -80.195
-3.621 -80.196
-3.605 -80.191
-3.599 -80.192
-3.594 -80.197
-3.592 -80.209
-3.589 -80.212
-3.586 -80.213
-3.575 -80.216
-3.563 -80.211
-3.559 -80.209
-3.549 -80.207
-3.532 -80.211
-3.527 -80.215
-3.516 -80.214
-3.503 -80.215
-3.5 -80.218
-3.5 -80.224
-3.492 -80.228
-3.487 -80.234
-3.476 -80.237
-3.465 -80.239
-3.451 -80.233
-3.449 -80.226
-3.446 -80.223
-3.44 -80.219
-3.438 -80.219
-3.438 -80.215
-3.437 -80.211
-3.437 -80.21
-3.435 -80.207
-3.436 -80.203
-3.442 -80.2
-3.443 -80.186
-3.441 -80.177
-3.436 -80.17
-3.433 -80.168
-3.429 -80.159
-3.421 -80.15
-3.417 -80.141
-3.417 -80.133
-3.419 -80.13
-3.422 -80.127
-3.424 -80.106
-3.422 -80.084
-3.416 -80.066
-3.413 -80.061
-3.408 -80.059
-3.401 -80.059
-3.386 -80.054
-3.38 -80.047
-3.375 -80.037
-3.362 -80.031
-3.36 -80.027
-3.359 -80.022
-3.355 -80.023
-3.352 -80.027
-3.335 -80.033
-3.33 -80.031
-3.325 -80.03
-3.322 -80.028
-3.32 -80.025
-3.321 -80.02
-3.319 -80.019
-3.313 -80.025
-3.308 -80.02
-3.303 -80.024
-3.291 -80.01
-3.277 -80.003
-3.268 -80.003
-3.259 -80.002
-3.244 -80.004
-3.237 -80.003
-3.233 -80
-3.224 -79.992
-3.211 -79.973
-3.202 -79.97
-3.198 -79.964
-3.193 -79.953
-3.194 -79.945
-3.192 -79.944
-3.186 -79.947
-3.183 -79.947
-3.182 -79.943
-3.184 -79.933
-3.183 -79.926
-3.176 -79.916
-3.156 -79.905
-3.114 -79.901
-3.11 -79.9
-3.084 -79.892
-3.076 -79.887
-3.075 -79.88
-3.071 -79.876
-3.07 -79.873
-3.067 -79.873
-3.059 -79.872
-3.022 -79.847
-2.998 -79.841
-2.986 -79.842
-2.976 -79.845
-2.965 -79.849
-2.938 -79.851
-2.908 -79.848
-2.899 -79.845
-2.886 -79.838
-2.858 -79.817
-2.847 -79.813
-2.822 -79.81
-2.806 -79.806
-2.79 -79.796
-2.741 -79.785
-2.732 -79.784
-2.724 -79.78
-2.719 -79.774
-2.713 -79.771
-2.709 -79.772
-2.705 -79.775
-2.698 -79.777
-2.691 -79.776
-2.687 -79.777
-2.675 -79.776
-2.673 -79.776
-2.669 -79.774
-2.665 -79.769
-2.666 -79.761
-2.671 -79.754
-2.668 -79.75
-2.662 -79.757
-2.659 -79.757
-2.655 -79.754
-2.65 -79.744
-2.636 -79.741
-2.628 -79.737
-2.621 -79.736
-2.593 -79.738
-2.587 -79.736
-2.583 -79.732
-2.579 -79.724
-2.574 -79.718
-2.566 -79.715
-2.539 -79.713
-2.532 -79.716
-2.52 -79.724
-2.513 -79.725
-2.505 -79.723
-2.497 -79.726
-2.492 -79.724
-2.492 -79.715
-2.486 -79.71
-2.483 -79.711
-2.479 -79.713
-2.479 -79.716
-2.482 -79.716
-2.486 -79.72
-2.486 -79.73
-2.489 -79.732
-2.502 -79.732
-2.502 -79.736
-2.49 -79.744
-2.483 -79.745
-2.47 -79.742
-2.466 -79.744
-2.461 -79.756
-2.455 -79.763
-2.448 -79.77
-2.444 -79.771
-2.436 -79.77
-2.433 -79.769
-2.43 -79.767
-2.428 -79.771
-2.43 -79.773
-2.436 -79.777
-2.443 -79.778
-2.446 -79.777
-2.456 -79.771
-2.463 -79.761
-2.465 -79.754
-2.469 -79.749
-2.473 -79.748
-2.492 -79.75
-2.503 -79.747
-2.509 -79.748
-2.514 -79.749
-2.521 -79.756
-2.523 -79.766
-2.496 -79.788
-2.486 -79.793
-2.453 -79.794
-2.442 -79.796
-2.433 -79.8
-2.432 -79.801
-2.425 -79.807
-2.421 -79.809
-2.412 -79.818
-2.407 -79.821
-2.402 -79.826
-2.395 -79.832
-2.386 -79.832
-2.366 -79.829
-2.357 -79.826
-2.34 -79.82
-2.329 -79.82
-2.32 -79.824
-2.312 -79.839
-2.307 -79.844
-2.321 -79.842
-2.33 -79.844
-2.334 -79.843
-2.341 -79.846
-2.346 -79.846
-2.353 -79.848
-2.38 -79.853
-2.386 -79.854
-2.417 -79.857
-2.432 -79.856
-2.464 -79.865
-2.466 -79.866
-2.477 -79.867
-2.492 -79.87
-2.523 -79.879
-2.528 -79.881
-2.563 -79.888
-2.577 -79.893
-2.584 -79.898
-2.592 -79.91
-2.595 -79.916
-2.591 -79.928
-2.588 -79.931
-2.583 -79.933
-2.573 -79.934
-2.567 -79.936
-2.555 -79.938
-2.548 -79.943
-2.547 -79.944
-2.544 -79.945
-2.541 -79.949
-2.54 -79.97
-2.52 -79.976
-2.517 -79.975
-2.514 -79.967
-2.514 -79.961
-2.517 -79.956
-2.519 -79.946
-2.518 -79.939
-2.515 -79.933
-2.503 -79.929
-2.499 -79.93
-2.488 -79.931
-2.485 -79.932
-2.481 -79.931
-2.478 -79.925
-2.477 -79.912
-2.476 -79.907
-2.473 -79.904
-2.477 -79.896
-2.474 -79.892
-2.468 -79.89
-2.46 -79.891
-2.455 -79.894
-2.453 -79.897
-2.466 -79.904
-2.467 -79.912
-2.463 -79.92
-2.457 -79.925
-2.447 -79.926
-2.436 -79.92
-2.433 -79.922
-2.428 -79.927
-2.424 -79.928
-2.419 -79.925
-2.412 -79.925
-2.408 -79.927
-2.404 -79.937
-2.412 -79.934
-2.417 -79.933
-2.427 -79.935
-2.438 -79.931
-2.447 -79.933
-2.459 -79.928
-2.465 -79.928
-2.476 -79.938
-2.482 -79.941
-2.487 -79.941
-2.494 -79.939
-2.502 -79.938
-2.508 -79.943
-2.508 -79.949
-2.481 -79.965
-2.478 -79.968
-2.473 -79.98
-2.473 -79.982
-2.472 -79.987
-2.476 -79.998
-2.478 -80
-2.481 -80.003
-2.482 -80.006
-2.494 -80.018
-2.501 -80.022
-2.504 -80.024
-2.507 -80.028
-2.507 -80.031
-2.505 -80.034
-2.5 -80.036
-2.483 -80.034
-2.449 -80.022
-2.448 -80.022
-2.429 -80.021
-2.43 -80.015
-2.434 -80.01
-2.435 -80.002
-2.435 -80
-2.426 -79.994
-2.42 -79.994
-2.413 -80
-2.411 -79.998
-2.411 -79.995
-2.413 -79.991
-2.412 -79.978
-2.409 -79.974
-2.404 -79.967
-2.395 -79.964
-2.4 -79.973
-2.406 -79.979
-2.408 -79.985
-2.406 -79.992
-2.404 -80
-2.406 -80.003
-2.409 -80.005
-2.425 -80
-2.428 -80.004
-2.423 -80.012
-2.418 -80.014
-2.412 -80.014
-2.407 -80.011
-2.399 -80.012
-2.391 -80.01
-2.387 -80.007
-2.374 -80.004
-2.368 -80
-2.367 -79.999
-2.365 -79.995
-2.368 -79.983
-2.366 -79.979
-2.35 -79.966
-2.343 -79.957
-2.337 -79.952
-2.334 -79.945
-2.323 -79.941
-2.317 -79.936
-2.315 -79.928
-2.318 -79.921
-2.317 -79.913
-2.311 -79.91
-2.301 -79.909
-2.299 -79.911
-2.306 -79.917
-2.303 -79.929
-2.304 -79.934
-2.313 -79.951
-2.311 -79.959
-2.313 -79.963
-2.322 -79.956
-2.331 -79.96
-2.335 -79.964
-2.345 -79.971
-2.348 -79.978
-2.347 -80
-2.347 -80.008
-2.346 -80.016
-2.343 -80.022
-2.346 -80.023
-2.354 -80.021
-2.369 -80.028
-2.389 -80.033
-2.394 -80.036
-2.404 -80.048
-2.414 -80.052
-2.437 -80.056
-2.457 -80.065
-2.468 -80.071
-2.471 -80.074
-2.469 -80.081
-2.466 -80.081
-2.458 -80.077
-2.454 -80.078
-2.446 -80.085
-2.442 -80.086
-2.436 -80.084
-2.422 -80.074
-2.414 -80.069
-2.408 -80.068
-2.404 -80.07
-2.402 -80.074
-2.401 -80.079
-2.406 -80.079
-2.41 -80.076
-2.41 -80.075
-2.414 -80.074
-2.417 -80.075
-2.419 -80.076
-2.423 -80.081
-2.43 -80.086
-2.435 -80.089
-2.443 -80.091
-2.447 -80.09
-2.458 -80.081
-2.469 -80.088
-2.476 -80.09
-2.489 -80.084
-2.493 -80.085
-2.508 -80.093
-2.505 -80.098
-2.521 -80.101
-2.528 -80.103
-2.566 -80.138
-2.572 -80.146
-2.571 -80.15
-2.569 -80.15
-2.558 -80.151
-2.556 -80.153
-2.55 -80.161
-2.547 -80.171
-2.547 -80.176
-2.551 -80.178
-2.558 -80.162
-2.568 -80.157
-2.597 -80.172
-2.6 -80.175
-2.602 -80.193
-2.609 -80.204
-2.61 -80.212
-2.613 -80.214
-2.621 -80.211
-2.627 -80.212
-2.632 -80.215
-2.638 -80.223
-2.639 -80.226
-2.641 -80.232
-2.647 -80.239
-2.647 -80.242
-2.641 -80.248
-2.638 -80.245
-2.636 -80.237
-2.632 -80.235
-2.628 -80.238
-2.619 -80.25
-2.615 -80.26
-2.614 -80.271
-2.611 -80.273
-2.606 -80.277
-2.6 -80.277
-2.598 -80.28
-2.602 -80.282
-2.61 -80.281
-2.614 -80.28
-2.62 -80.271
-2.621 -80.263
-2.624 -80.257
-2.628 -80.251
-2.632 -80.25
-2.644 -80.255
-2.65 -80.255
-2.652 -80.255
-2.676 -80.251
-2.686 -80.247
-2.691 -80.247
-2.692 -80.246
-2.706 -80.239
-2.711 -80.238
-2.718 -80.24
-2.724 -80.239
-2.73 -80.242
-2.74 -80.248
-2.74 -80.253
-2.732 -80.276
-2.731 -80.279
-2.719 -80.304
-2.704 -80.324
-2.697 -80.335
-2.688 -80.347
-2.665 -80.37
-2.655 -80.377
-2.646 -80.384
-2.641 -80.39
-2.641 -80.395
-2.647 -80.408
-2.648 -80.415
-2.643 -80.434
-2.636 -80.44
-2.631 -80.448
-2.623 -80.451
-2.622 -80.454
-2.618 -80.458
-2.602 -80.47
-2.598 -80.474
-2.574 -80.495
-2.564 -80.506
-2.508 -80.562
-2.476 -80.594
-2.441 -80.633
-2.417 -80.663
-2.405 -80.683
-2.406 -80.695
-2.396 -80.711
-2.393 -80.719
-2.392 -80.727
-2.392 -80.75
-2.388 -80.759
-2.388 -80.773
-2.387 -80.779
-2.379 -80.791
-2.379 -80.797
-2.377 -80.802
-2.357 -80.823
-2.346 -80.837
-2.342 -80.842
-2.325 -80.871
-2.324 -80.878
-2.326 -80.884
-2.337 -80.893
-2.331 -80.897
-2.318 -80.895
-2.311 -80.898
-2.294 -80.91
-2.284 -80.913
-2.267 -80.924
-2.267 -80.925
-2.252 -80.939
-2.245 -80.949
-2.235 -80.958
-2.192 -81.006
-2.189 -81.007
-2.185 -80.996
-2.185 -80.995
-2.185 -80.991
-2.189 -80.985
-2.191 -80.973
-2.194 -80.97
-2.204 -80.97
-2.205 -80.968
-2.204 -80.952
-2.205 -80.948
-2.219 -80.937
-2.22 -80.932
-2.219 -80.907
-2.211 -80.89
-2.205 -80.876
-2.199 -80.867
-2.194 -80.856
-2.187 -80.846
-2.158 -80.818
-2.157 -80.815
-2.158 -80.807
-2.15 -80.791
-2.147 -80.786
-2.138 -80.773
-2.128 -80.764
-2.107 -80.749
-2.089 -80.741
-2.065 -80.735
-2.039 -80.732
-2.02 -80.736
-2.018 -80.742
-2.013 -80.746
-2.008 -80.749
-1.998 -80.748
-1.992 -80.752
-1.987 -80.754
-1.985 -80.754
-1.976 -80.759
-1.972 -80.758
-1.968 -80.753
-1.964 -80.739
-1.959 -80.733
-1.945 -80.726
-1.933 -80.724
-1.924 -80.724
-1.894 -80.729
-1.881 -80.733
-1.843 -80.749
-1.797 -80.76
-1.785 -80.762
-1.756 -80.772
-1.735 -80.783
-1.721 -80.791
-1.713 -80.801
-1.684 -80.812
-1.647 -80.826
-1.635 -80.834
-1.632 -80.836
-1.628 -80.843
-1.623 -80.841
-1.611 -80.845
-1.602 -80.85
-1.59 -80.842
-1.574 -80.84
-1.569 -80.837
-1.564 -80.829
-1.563 -80.815
-1.557 -80.81
-1.551 -80.809
-1.538 -80.81
-1.519 -80.814
-1.514 -80.813
-1.51 -80.808
-1.5 -80.802
-1.497 -80.799
-1.496 -80.79
-1.492 -80.788
-1.487 -80.789
-1.483 -80.788
-1.481 -80.786
-1.483 -80.776
-1.482 -80.771
-1.477 -80.765
-1.471 -80.761
-1.466 -80.76
-1.46 -80.759
-1.443 -80.763
-1.437 -80.761
-1.434 -80.757
-1.432 -80.75
-1.429 -80.747
-1.426 -80.747
-1.419 -80.747
-1.395 -80.754
-1.39 -80.753
-1.373 -80.739
-1.363 -80.736
-1.356 -80.737
-1.343 -80.741
-1.316 -80.757
-1.279 -80.789
-1.24 -80.821
-1.211 -80.843
-1.172 -80.865
-1.149 -80.875
-1.114 -80.889
-1.091 -80.896
-1.059 -80.909
-1.055 -80.908
-1.049 -80.903
-1.04 -80.898
-1.035 -80.894
-1.035 -80.893
-1.031 -80.886
-1.017 -80.868
-1.001 -80.864
-0.985 -80.847
-0.96 -80.83
-0.957 -80.825
-0.956 -80.812
-0.959 -80.807
-0.959 -80.8
-0.957 -80.793
-0.955 -80.786
-0.947 -80.769
-0.94 -80.744
-0.937 -80.735
-0.936 -80.729
-0.939 -80.724
-0.948 -80.716
-0.948 -80.713
-0.94 -80.688
-0.935 -80.678
-0.928 -80.667
-0.926 -80.659
-0.928 -80.654
-0.939 -80.646
-0.943 -80.636
-0.943 -80.627
-0.941 -80.617
-0.931 -80.594
-0.922 -80.581
-0.912 -80.57
-0.909 -80.566
-0.899 -80.557
-0.883 -80.547
-0.865 -80.538
-0.842 -80.53
-0.799 -80.521
-0.75 -80.51
-0.739 -80.506
-0.723 -80.496
-0.68 -80.482
-0.664 -80.477
-0.63 -80.46
-0.621 -80.452
-0.613 -80.447
-0.609 -80.443
-0.606 -80.435
-0.598 -80.427
-0.597 -80.418
-0.599 -80.417
-0.612 -80.419
-0.621 -80.42
-0.631 -80.418
-0.636 -80.414
-0.64 -80.407
-0.646 -80.404
-0.652 -80.399
-0.654 -80.389
-0.66 -80.383
-0.662 -80.375
-0.661 -80.374
-0.66 -80.37
-0.655 -80.363
-0.654 -80.359
-0.654 -80.356
-0.659 -80.348
-0.665 -80.344
-0.662 -80.342
-0.656 -80.341
-0.653 -80.338
-0.651 -80.336
-0.651 -80.329
-0.657 -80.317
-0.658 -80.31
-0.657 -80.305
-0.653 -80.301
-0.642 -80.324
-0.639 -80.34
-0.639 -80.353
-0.643 -80.378
-0.642 -80.382
-0.637 -80.387
-0.629 -80.391
-0.619 -80.396
-0.61 -80.405
-0.598 -80.406
-0.586 -80.411
-0.576 -80.418
-0.56 -80.435
-0.519 -80.441
-0.464 -80.454
-0.456 -80.459
-0.444 -80.474
-0.44 -80.476
-0.419 -80.481
-0.415 -80.483
-0.405 -80.488
-0.394 -80.49
-0.38 -80.488
-0.372 -80.486
-0.368 -80.482
-0.37 -80.47
-0.368 -80.465
-0.361 -80.456
-0.347 -80.442
-0.338 -80.435
-0.323 -80.428
-0.31 -80.411
-0.293 -80.405
-0.263 -80.398
-0.248 -80.392
-0.24 -80.391
-0.235 -80.39
-0.231 -80.385
-0.225 -80.369
-0.224 -80.367
-0.221 -80.362
-0.213 -80.353
-0.204 -80.347
-0.176 -80.334
-0.18 -80.329
-0.188 -80.323
-0.19 -80.315
-0.189 -80.308
-0.172 -80.279
-0.165 -80.266
-0.164 -80.264
-0.142 -80.236
-0.085 -80.185
-0.079 -80.176
-0.072 -80.167
-0.057 -80.15
-0.045 -80.139
0 -80.108
0.016 -80.093
0.028 -80.09
0.031 -80.089
0.04 -80.084
0.042 -80.081
0.043 -80.071
0.046 -80.069
0.066 -80.059
0.109 -80.043
0.128 -80.039
0.136 -80.037
0.152 -80.032
0.213 -80.028
0.233 -80.033
0.261 -80.032
0.276 -80.031
0.3 -80.036
0.312 -80.036
0.335 -80.038
0.345 -80.037
0.357 -80.039
0.362 -80.038
0.365 -80.035
0.365 -80.031
0.354 -80.021
0.363 -80.018
0.365 -80.016
0.375 -80.023
0.387 -80.036
0.39 -80.037
0.393 -80.036
0.4 -80.027
0.399 -80.024
0.389 -80.016
0.388 -80.011
0.398 -80.009
0.402 -80.011
0.413 -80.026
0.425 -80.036
0.427 -80.036
0.426 -80.03
0.439 -80.039
0.447 -80.044
0.453 -80.05
0.458 -80.059
0.463 -80.064
0.466 -80.064
0.471 -80.063
0.474 -80.059
0.477 -80.052
0.491 -80.047
0.495 -80.043
0.501 -80.042
0.503 -80.038
0.514 -80.027
0.514 -80.022
0.518 -80.017
0.526 -80.013
0.537 -80.009
0.546 -80.008
0.569 -80.008
0.574 -80.009
0.587 -80.017
0.594 -80.019
0.606 -80.027
0.61 -80.028
0.615 -80.024
0.615 -80.018
0.617 -80.015
0.622 -80.019
0.623 -80.027
0.63 -80.037
0.637 -80.05
0.641 -80.063
0.643 -80.073
0.646 -80.078
0.653 -80.083
0.664 -80.089
0.675 -80.093
0.682 -80.094
0.706 -80.091
0.716 -80.092
0.739 -80.097
0.75 -80.095
0.751 -80.094
0.759 -80.091
0.806 -80.06
0.822 -80.041
0.819 -80.036
0.82 -80.032
0.811 -80.01
0.812 -80.007
0.813 -80
0.813 -79.998
0.809 -79.987
0.809 -79.983
0.823 -79.95
0.826 -79.941
0.836 -79.93
0.845 -79.915
0.858 -79.884
0.858 -79.878
0.855 -79.866
0.86 -79.851
0.861 -79.846
0.896 -79.796
0.939 -79.755
0.94 -79.755
0.952 -79.745
0.958 -79.739
0.963 -79.728
0.964 -79.712
0.962 -79.69
0.965 -79.682
0.983 -79.652
0.983 -79.648
0.98 -79.646
0.978 -79.645
0.971 -79.646
0.963 -79.645
0.962 -79.638
0.956 -79.627
0.976 -79.623
0.977 -79.622
0.979 -79.619
0.979 -79.615
0.975 -79.608
0.974 -79.604
0.976 -79.597
0.974 -79.58
0.982 -79.557
0.982 -79.546
0.994 -79.526
1.008 -79.511
1.007 -79.509
1.01 -79.509
1.018 -79.499
1.028 -79.48
1.064 -79.429
1.065 -79.425
1.057 -79.413
1.05 -79.411
1.045 -79.41
1.046 -79.408
1.049 -79.406
1.063 -79.408
1.069 -79.406
1.071 -79.405
1.074 -79.395
1.064 -79.393
1.064 -79.39
1.057 -79.385
1.057 -79.37
1.063 -79.33
1.065 -79.322
1.065 -79.317
1.069 -79.309
1.069 -79.306
1.052 -79.312
1.043 -79.312
1.058 -79.304
1.065 -79.299
1.071 -79.282
1.079 -79.269
1.08 -79.264
1.077 -79.26
1.065 -79.258
1.063 -79.256
1.06 -79.251
1.061 -79.241
1.069 -79.216
1.077 -79.199
1.077 -79.194
1.072 -79.187
1.073 -79.181
1.078 -79.171
1.098 -79.147
1.101 -79.144
1.147 -79.1
1.17 -79.084
1.197 -79.071
1.204 -79.068
1.214 -79.061
1.215 -79.056
1.215 -79.051
1.205 -79.04
1.191 -79.028
1.182 -79.018
1.169 -79.006
1.177 -79.003
1.18 -78.999
1.187 -79.004
1.206 -79.004
1.211 -79.002
1.214 -78.997
1.221 -78.983
1.221 -78.973
1.219 -78.968
1.217 -78.967
1.226 -78.96
1.228 -78.96
1.234 -78.964
1.242 -78.967
1.255 -78.964
1.258 -78.965
1.257 -78.968
1.25 -78.973
1.246 -78.98
1.247 -78.983
1.253 -78.986
1.252 -78.994
1.258 -78.996
1.275 -78.986
1.303 -78.953
1.318 -78.943
1.319 -78.94
1.314 -78.939
1.31 -78.94
1.308 -78.936
1.31 -78.932
1.314 -78.929
1.325 -78.928
1.329 -78.926
1.336 -78.917
1.345 -78.91
1.349 -78.904
1.36 -78.896
1.361 -78.893
1.359 -78.89
1.347 -78.89
1.342 -78.887
1.32 -78.885
1.313 -78.883
1.312 -78.883
1.31 -78.88
1.307 -78.873
1.326 -78.867
1.341 -78.859
1.346 -78.85
1.368 -78.831
1.374 -78.821
1.379 -78.82
1.411 -78.828
1.416 -78.826
1.418 -78.822
1.419 -78.804
1.415 -78.795
1.405 -78.786
1.403 -78.781
1.408 -78.776
segment Ecuador
0.407 -80.045
0.407 -80.048
0.415 -80.058
0.419 -80.061
0.436 -80.063
0.448 -80.061
0.451 -80.058
0.45 -80.054
0.447 -80.051
0.438 -80.05
0.428 -80.045
0.416 -80.046
0.408 -80.04
0.407 -80.045
segment Ecuador
-0.785 -91.435
-0.779 -91.424
-0.778 -91.418
-0.761 -91.407
-0.759 -91.402
-0.761 -91.399
-0.753 -91.383
-0.748 -91.378
-0.748 -91.376
-0.745 -91.371
-0.739 -91.37
-0.734 -91.368
-0.731 -91.365
-0.728 -91.356
-0.715 -91.347
-0.713 -91.342
-0.709 -91.339
-0.709 -91.328
-0.701 -91.328
-0.694 -91.33
-0.691 -91.329
-0.687 -91.321
-0.684 -91.317
-0.687 -91.314
-0.683 -91.31
-0.687 -91.306
-0.684 -91.302
-0.687 -91.3
-0.683 -91.293
-0.683 -91.287
-0.685 -91.282
-0.683 -91.279
-0.684 -91.275
-0.68 -91.263
-0.68 -91.257
-0.682 -91.253
-0.68 -91.249
-0.677 -91.247
-0.672 -91.248
-0.668 -91.245
-0.667 -91.241
-0.663 -91.233
-0.663 -91.229
-0.665 -91.226
-0.661 -91.219
-0.66 -91.218
-0.66 -91.215
-0.666 -91.211
-0.668 -91.203
-0.671 -91.201
-0.672 -91.191
-0.674 -91.188
-0.679 -91.187
-0.681 -91.182
-0.679 -91.175
-0.679 -91.166
-0.673 -91.163
-0.672 -91.157
-0.669 -91.153
-0.665 -91.141
-0.661 -91.138
-0.655 -91.145
-0.653 -91.143
-0.649 -91.142
-0.65 -91.138
-0.647 -91.135
-0.649 -91.132
-0.649 -91.126
-0.645 -91.12
-0.64 -91.121
-0.639 -91.117
-0.634 -91.116
-0.631 -91.106
-0.634 -91.104
-0.634 -91.098
-0.635 -91.092
-0.63 -91.093
-0.626 -91.088
-0.621 -91.088
-0.615 -91.081
-0.611 -91.08
-0.61 -91.073
-0.602 -91.075
-0.598 -91.078
-0.594 -91.077
-0.591 -91.072
-0.589 -91.08
-0.587 -91.087
-0.585 -91.084
-0.58 -91.085
-0.578 -91.091
-0.581 -91.094
-0.579 -91.097
-0.564 -91.102
-0.561 -91.113
-0.552 -91.127
-0.541 -91.137
-0.541 -91.144
-0.519 -91.164
-0.504 -91.179
-0.492 -91.197
-0.477 -91.214
-0.462 -91.225
-0.456 -91.222
-0.439 -91.229
-0.435 -91.224
-0.429 -91.227
-0.425 -91.227
-0.404 -91.225
-0.384 -91.228
-0.384 -91.232
-0.381 -91.237
-0.383 -91.239
-0.378 -91.249
-0.381 -91.261
-0.376 -91.264
-0.369 -91.273
-0.363 -91.273
-0.361 -91.277
-0.353 -91.283
-0.351 -91.279
-0.35 -91.285
-0.349 -91.292
-0.344 -91.3
-0.344 -91.305
-0.341 -91.31
-0.34 -91.321
-0.335 -91.322
-0.331 -91.327
-0.329 -91.334
-0.325 -91.335
-0.32 -91.339
-0.316 -91.345
-0.311 -91.346
-0.311 -91.353
-0.303 -91.351
-0.296 -91.358
-0.292 -91.357
-0.285 -91.36
-0.281 -91.364
-0.277 -91.365
-0.272 -91.365
-0.265 -91.37
-0.26 -91.368
-0.258 -91.371
-0.258 -91.374
-0.262 -91.377
-0.264 -91.38
-0.254 -91.386
-0.242 -91.386
-0.24 -91.389
-0.237 -91.388
-0.233 -91.391
-0.226 -91.389
-0.22 -91.393
-0.218 -91.39
-0.204 -91.39
-0.207 -91.386
-0.204 -91.381
-0.196 -91.381
-0.19 -91.384
-0.185 -91.386
-0.183 -91.392
-0.166 -91.397
-0.162 -91.402
-0.158 -91.404
-0.146 -91.402
-0.135 -91.405
-0.129 -91.404
-0.123 -91.4
-0.107 -91.406
-0.101 -91.403
-0.075 -91.407
-0.066 -91.409
-0.062 -91.405
-0.044 -91.408
-0.037 -91.419
-0.028 -91.419
-0.021 -91.431
-0.015 -91.436
-0.016 -91.446
-0.014 -91.455
-0.014 -91.464
-0.022 -91.483
-0.041 -91.525
-0.039 -91.532
-0.04 -91.534
-0.044 -91.535
-0.046 -91.538
-0.044 -91.544
-0.051 -91.547
-0.048 -91.554
-0.048 -91.558
-0.054 -91.556
-0.054 -91.558
-0.053 -91.563
-0.043 -91.569
-0.03 -91.572
-0.028 -91.572
-0.017 -91.581
-0.011 -91.591
-0.006 -91.594
0 -91.59
0.009 -91.585
0.011 -91.575
0.015 -91.571
0.017 -91.565
0.022 -91.561
0.021 -91.554
0.023 -91.551
0.028 -91.549
0.033 -91.533
0.038 -91.522
0.039 -91.521
0.052 -91.513
0.054 -91.507
0.056 -91.505
0.061 -91.507
0.064 -91.506
0.069 -91.498
0.08 -91.496
0.084 -91.489
0.09 -91.492
0.092 -91.489
0.099 -91.49
0.102 -91.485
0.104 -91.484
0.107 -91.475
0.109 -91.473
0.107 -91.465
0.11 -91.461
0.109 -91.459
0.112 -91.456
0.108 -91.452
0.109 -91.452
0.111 -91.449
0.108 -91.444
0.109 -91.441
0.112 -91.434
0.112 -91.432
0.12 -91.417
0.12 -91.414
0.118 -91.413
0.121 -91.409
0.122 -91.402
0.126 -91.4
0.124 -91.393
0.127 -91.388
0.135 -91.383
0.137 -91.377
0.143 -91.375
0.145 -91.371
0.149 -91.368
0.158 -91.365
0.161 -91.362
0.163 -91.363
0.165 -91.36
0.166 -91.359
0.161 -91.352
0.164 -91.348
0.165 -91.342
0.164 -91.337
0.155 -91.333
0.148 -91.327
0.143 -91.327
0.137 -91.321
0.139 -91.319
0.133 -91.31
0.112 -91.298
0.105 -91.302
0.093 -91.295
0.088 -91.296
0.085 -91.294
0.084 -91.293
0.082 -91.29
0.075 -91.29
0.068 -91.284
0.064 -91.288
0.06 -91.28
0.048 -91.272
0.043 -91.271
0.037 -91.262
0.028 -91.255
0.016 -91.241
0.007 -91.236
0.003 -91.235
0 -91.224
-0.001 -91.219
-0.009 -91.216
-0.015 -91.212
-0.017 -91.21
-0.017 -91.203
-0.02 -91.198
-0.03 -91.195
-0.041 -91.196
-0.052 -91.194
-0.064 -91.185
-0.073 -91.186
-0.079 -91.188
-0.106 -91.183
-0.109 -91.186
-0.118 -91.188
-0.123 -91.186
-0.124 -91.186
-0.145 -91.192
-0.159 -91.19
-0.172 -91.19
-0.18 -91.185
-0.187 -91.183
-0.197 -91.184
-0.205 -91.182
-0.215 -91.176
-0.221 -91.175
-0.227 -91.165
-0.233 -91.163
-0.236 -91.158
-0.237 -91.157
-0.244 -91.152
-0.252 -91.149
-0.256 -91.139
-0.266 -91.13
-0.268 -91.12
-0.273 -91.116
-0.28 -91.117
-0.282 -91.112
-0.286 -91.111
-0.292 -91.112
-0.299 -91.1
-0.304 -91.103
-0.305 -91.11
-0.308 -91.108
-0.315 -91.095
-0.32 -91.084
-0.33 -91.074
-0.333 -91.065
-0.341 -91.057
-0.345 -91.039
-0.35 -91.034
-0.353 -91.025
-0.361 -91.021
-0.363 -91.013
-0.384 -90.997
-0.393 -90.989
-0.399 -90.988
-0.403 -90.98
-0.408 -90.978
-0.415 -90.97
-0.419 -90.97
-0.424 -90.965
-0.422 -90.958
-0.419 -90.957
-0.421 -90.95
-0.429 -90.949
-0.431 -90.953
-0.433 -90.953
-0.437 -90.95
-0.442 -90.949
-0.443 -90.952
-0.448 -90.954
-0.456 -90.943
-0.465 -90.942
-0.474 -90.941
-0.473 -90.943
-0.479 -90.941
-0.493 -90.945
-0.497 -90.943
-0.502 -90.942
-0.508 -90.943
-0.513 -90.95
-0.52 -90.946
-0.524 -90.948
-0.535 -90.949
-0.539 -90.947
-0.547 -90.947
-0.55 -90.95
-0.557 -90.95
-0.56 -90.953
-0.56 -90.957
-0.563 -90.96
-0.561 -90.964
-0.563 -90.968
-0.564 -90.969
-0.567 -90.969
-0.571 -90.974
-0.571 -90.978
-0.573 -90.981
-0.58 -90.983
-0.575 -90.978
-0.571 -90.97
-0.569 -90.963
-0.569 -90.959
-0.575 -90.951
-0.578 -90.95
-0.583 -90.954
-0.597 -90.955
-0.6 -90.954
-0.606 -90.954
-0.614 -90.95
-0.616 -90.946
-0.615 -90.943
-0.622 -90.934
-0.622 -90.931
-0.622 -90.923
-0.618 -90.919
-0.621 -90.913
-0.614 -90.912
-0.609 -90.904
-0.61 -90.9
-0.605 -90.898
-0.61 -90.889
-0.615 -90.891
-0.623 -90.882
-0.636 -90.881
-0.645 -90.875
-0.642 -90.868
-0.642 -90.865
-0.647 -90.864
-0.646 -90.861
-0.65 -90.862
-0.651 -90.86
-0.654 -90.856
-0.658 -90.855
-0.663 -90.859
-0.668 -90.859
-0.67 -90.854
-0.672 -90.851
-0.677 -90.851
-0.678 -90.845
-0.68 -90.84
-0.682 -90.844
-0.687 -90.844
-0.689 -90.848
-0.694 -90.848
-0.697 -90.852
-0.698 -90.847
-0.702 -90.844
-0.696 -90.836
-0.7 -90.831
-0.699 -90.828
-0.703 -90.825
-0.706 -90.82
-0.709 -90.823
-0.71 -90.827
-0.713 -90.83
-0.719 -90.828
-0.716 -90.826
-0.72 -90.82
-0.719 -90.816
-0.722 -90.812
-0.719 -90.807
-0.724 -90.805
-0.731 -90.814
-0.734 -90.811
-0.74 -90.798
-0.737 -90.791
-0.736 -90.785
-0.742 -90.785
-0.743 -90.789
-0.747 -90.788
-0.747 -90.783
-0.753 -90.781
-0.762 -90.781
-0.766 -90.796
-0.767 -90.795
-0.774 -90.79
-0.778 -90.796
-0.784 -90.814
-0.784 -90.82
-0.789 -90.825
-0.794 -90.822
-0.798 -90.826
-0.801 -90.824
-0.803 -90.827
-0.804 -90.823
-0.808 -90.83
-0.811 -90.829
-0.819 -90.832
-0.821 -90.829
-0.824 -90.829
-0.831 -90.837
-0.834 -90.839
-0.834 -90.835
-0.838 -90.838
-0.844 -90.836
-0.846 -90.836
-0.854 -90.837
-0.86 -90.845
-0.865 -90.842
-0.876 -90.845
-0.879 -90.849
-0.883 -90.851
-0.901 -90.847
-0.909 -90.851
-0.914 -90.86
-0.912 -90.869
-0.914 -90.876
-0.911 -90.881
-0.915 -90.885
-0.915 -90.888
-0.923 -90.887
-0.926 -90.891
-0.928 -90.895
-0.934 -90.897
-0.939 -90.896
-0.943 -90.899
-0.947 -90.898
-0.952 -90.905
-0.951 -90.922
-0.957 -90.932
-0.96 -90.944
-0.957 -90.951
-0.96 -90.96
-0.955 -90.97
-0.957 -90.979
-0.957 -90.984
-0.959 -90.987
-0.955 -90.99
-0.954 -90.991
-0.967 -90.995
-0.968 -90.997
-0.968 -91.004
-0.969 -91.006
-0.976 -91.005
-0.977 -91.01
-0.987 -91.017
-0.988 -91.038
-0.995 -91.041
-0.991 -91.043
-0.998 -91.052
-0.994 -91.055
-0.996 -91.058
-0.994 -91.061
-0.994 -91.064
-0.998 -91.064
-1.002 -91.061
-1.009 -91.061
-1.009 -91.062
-1.01 -91.063
-1 -91.075
-1.004 -91.088
-1.006 -91.091
-1.005 -91.098
-1.012 -91.102
-1.01 -91.112
-1.015 -91.116
-1.014 -91.122
-1.021 -91.127
-1.019 -91.136
-1.021 -91.14
-1.025 -91.137
-1.028 -91.14
-1.029 -91.143
-1.028 -91.148
-1.031 -91.149
-1.033 -91.156
-1.032 -91.162
-1.031 -91.164
-1.034 -91.164
-1.037 -91.161
-1.042 -91.159
-1.048 -91.164
-1.051 -91.169
-1.044 -91.167
-1.04 -91.169
-1.045 -91.173
-1.047 -91.177
-1.04 -91.182
-1.042 -91.188
-1.04 -91.194
-1.042 -91.211
-1.038 -91.215
-1.035 -91.221
-1.029 -91.224
-1.028 -91.227
-1.025 -91.229
-1.027 -91.237
-1.025 -91.24
-1.022 -91.244
-1.025 -91.246
-1.024 -91.25
-1.026 -91.256
-1.022 -91.26
-1.023 -91.265
-1.012 -91.31
-1.014 -91.327
-1.011 -91.332
-1.017 -91.338
-1.012 -91.346
-1.012 -91.355
-1.012 -91.357
-1.02 -91.379
-1.014 -91.402
-1.01 -91.407
-1.009 -91.412
-1.01 -91.42
-1.002 -91.43
-0.998 -91.44
-0.982 -91.451
-0.969 -91.446
-0.96 -91.447
-0.949 -91.451
-0.942 -91.456
-0.941 -91.473
-0.936 -91.484
-0.923 -91.495
-0.919 -91.502
-0.904 -91.509
-0.893 -91.511
-0.887 -91.509
-0.883 -91.512
-0.88 -91.51
-0.863 -91.5
-0.861 -91.502
-0.845 -91.489
-0.795 -91.435
-0.785 -91.435
segment Ecuador
-0.796 -90.085
-0.799 -90.066
-0.796 -90.059
-0.798 -90.04
-0.803 -90.039
-0.804 -90.031
-0.809 -90.033
-0.814 -90.03
-0.816 -90.029
-0.82 -90.032
-0.824 -90.031
-0.828 -90.027
-0.829 -90.03
-0.833 -90.028
-0.837 -90.032
-0.836 -90.045
-0.838 -90.048
-0.834 -90.051
-0.833 -90.054
-0.836 -90.059
-0.833 -90.061
-0.831 -90.064
-0.832 -90.068
-0.828 -90.071
-0.826 -90.079
-0.826 -90.085
-0.82 -90.088
-0.815 -90.088
-0.808 -90.082
-0.804 -90.083
-0.802 -90.086
-0.798 -90.087
-0.796 -90.085
segment Ecuador
-2.514 -79.98
-2.516 -79.981
-2.519 -79.981
-2.527 -79.981
-2.542 -79.975
-2.546 -79.971
-2.547 -79.957
-2.551 -79.949
-2.556 -79.945
-2.563 -79.943
-2.579 -79.939
-2.585 -79.939
-2.59 -79.936
-2.596 -79.929
-2.602 -79.927
-2.603 -79.928
-2.606 -79.932
-2.608 -79.942
-2.607 -79.951
-2.604 -79.958
-2.604 -79.959
-2.605 -79.961
-2.6 -79.986
-2.597 -79.989
-2.588 -79.99
-2.579 -79.996
-2.577 -79.995
-2.578 -79.985
-2.577 -79.983
-2.575 -79.983
-2.569 -79.99
-2.568 -79.993
-2.569 -79.994
-2.57 -80
-2.57 -80.001
-2.575 -80.004
-2.58 -80.004
-2.583 -80
-2.586 -79.998
-2.591 -79.996
-2.595 -79.997
-2.596 -79.999
-2.595 -80
-2.594 -80.004
-2.594 -80.005
-2.593 -80.016
-2.6 -80.051
-2.599 -80.06
-2.596 -80.065
-2.59 -80.067
-2.586 -80.065
-2.579 -80.049
-2.574 -80.042
-2.568 -80.037
-2.558 -80.03
-2.552 -80.027
-2.549 -80.027
-2.518 -80.019
-2.507 -80.012
-2.503 -80.009
-2.497 -80
-2.496 -79.999
-2.492 -79.989
-2.491 -79.983
-2.492 -79.979
-2.499 -79.971
-2.506 -79.967
-2.509 -79.968
-2.513 -79.978
-2.514 -79.98
segment Ecuador
-2.577 -80.062
-2.575 -80.066
-2.57 -80.062
-2.567 -80.055
-2.557 -80.041
-2.559 -80.04
-2.567 -80.045
-2.573 -80.049
-2.576 -80.056
-2.577 -80.062
segment Ecuador
-2.623 -80.04
-2.62 -80.05
-2.615 -80.057
-2.612 -80.059
-2.606 -80.054
-2.605 -80.05
-2.603 -80.028
-2.604 -80.025
-2.61 -80.025
-2.613 -80.027
-2.62 -80.033
-2.623 -80.04
segment Ecuador
-2.608 -80
-2.608 -79.999
-2.608 -79.986
-2.611 -79.964
-2.615 -79.962
-2.619 -79.963
-2.621 -79.967
-2.627 -79.986
-2.632 -80
-2.635 -80.006
-2.635 -80.013
-2.632 -80.015
-2.627 -80.016
-2.615 -80.011
-2.61 -80.008
-2.608 -80
segment Ecuador
-2.662 -79.943
-2.658 -79.974
-2.655 -79.984
-2.654 -79.987
-2.648 -79.993
-2.643 -79.989
-2.635 -79.973
-2.623 -79.959
-2.619 -79.957
-2.617 -79.952
-2.616 -79.944
-2.622 -79.938
-2.632 -79.934
-2.65 -79.932
-2.659 -79.936
-2.662 -79.943
segment Ecuador
-3.014 -80.265
-3.01 -80.263
-3.002 -80.262
-2.962 -80.262
-2.916 -80.256
-2.908 -80.257
-2.882 -80.258
-2.847 -80.257
-2.84 -80.255
-2.819 -80.242
-2.794 -80.236
-2.788 -80.232
-2.778 -80.227
-2.769 -80.219
-2.753 -80.217
-2.743 -80.219
-2.739 -80.218
-2.73 -80.199
-2.73 -80.187
-2.723 -80.177
-2.72 -80.154
-2.718 -80.15
-2.718 -80.149
-2.711 -80.14
-2.704 -80.124
-2.694 -80.114
-2.689 -80.097
-2.685 -80.091
-2.688 -80.081
-2.688 -80.071
-2.677 -80.038
-2.677 -80.036
-2.677 -80.027
-2.681 -80.006
-2.684 -80
-2.687 -79.993
-2.694 -79.984
-2.711 -79.964
-2.72 -79.941
-2.722 -79.932
-2.728 -79.925
-2.729 -79.923
-2.741 -79.897
-2.744 -79.895
-2.756 -79.901
-2.77 -79.903
-2.792 -79.928
-2.795 -79.935
-2.797 -79.957
-2.797 -79.959
-2.8 -79.968
-2.821 -80
-2.824 -80.005
-2.834 -80.007
-2.841 -80.014
-2.852 -80.024
-2.861 -80.027
-2.86 -80.032
-2.857 -80.038
-2.858 -80.041
-2.86 -80.041
-2.867 -80.03
-2.87 -80.029
-2.879 -80.033
-2.887 -80.04
-2.898 -80.047
-2.912 -80.054
-2.913 -80.056
-2.911 -80.062
-2.914 -80.063
-2.926 -80.064
-2.93 -80.066
-2.933 -80.072
-2.931 -80.081
-2.934 -80.082
-2.934 -80.094
-2.933 -80.102
-2.928 -80.109
-2.913 -80.108
-2.91 -80.103
-2.911 -80.099
-2.909 -80.097
-2.902 -80.097
-2.884 -80.106
-2.876 -80.107
-2.873 -80.103
-2.863 -80.097
-2.857 -80.095
-2.852 -80.096
-2.854 -80.101
-2.856 -80.102
-2.865 -80.102
-2.875 -80.112
-2.887 -80.113
-2.889 -80.117
-2.881 -80.13
-2.878 -80.132
-2.865 -80.138
-2.861 -80.137
-2.855 -80.13
-2.846 -80.128
-2.845 -80.133
-2.847 -80.138
-2.853 -80.142
-2.863 -80.146
-2.876 -80.144
-2.883 -80.139
-2.905 -80.117
-2.911 -80.116
-2.919 -80.117
-2.924 -80.118
-2.932 -80.116
-2.937 -80.111
-2.941 -80.102
-2.946 -80.097
-2.958 -80.094
-2.969 -80.095
-2.978 -80.1
-2.996 -80.114
-3.001 -80.116
-3.007 -80.118
-3.022 -80.12
-3.025 -80.122
-3.025 -80.131
-3.022 -80.14
-3.023 -80.152
-3.022 -80.154
-3.017 -80.16
-3.016 -80.162
-3.017 -80.165
-3.029 -80.17
-3.035 -80.177
-3.043 -80.195
-3.055 -80.218
-3.065 -80.245
-3.066 -80.261
-3.068 -80.279
-3.064 -80.297
-3.062 -80.306
-3.057 -80.313
-3.044 -80.326
-3.036 -80.33
-3.016 -80.354
-3.004 -80.36
-2.993 -80.365
-2.978 -80.377
-2.958 -80.385
-2.937 -80.389
-2.925 -80.386
-2.918 -80.381
-2.916 -80.374
-2.921 -80.366
-2.932 -80.355
-2.943 -80.344
-2.948 -80.338
-2.949 -80.336
-2.955 -80.326
-2.965 -80.321
-2.996 -80.314
-3.009 -80.309
-3.016 -80.304
-3.021 -80.294
-3.023 -80.283
-3.022 -80.282
-3.02 -80.273
-3.016 -80.266
-3.014 -80.265
segment Ecuador
-3.295 -80.033
-3.294 -80.037
-3.286 -80.039
-3.282 -80.041
-3.281 -80.044
-3.28 -80.049
-3.282 -80.054
-3.283 -80.064
-3.278 -80.064
-3.276 -80.062
-3.261 -80.056
-3.258 -80.038
-3.256 -80.032
-3.253 -80.03
-3.25 -80.032
-3.25 -80.038
-3.252 -80.044
-3.253 -80.047
-3.252 -80.051
-3.244 -80.051
-3.223 -80.027
-3.228 -80.023
-3.244 -80.018
-3.256 -80.016
-3.265 -80.018
-3.292 -80.029
-3.295 -80.033
segment Ecuador
-3.367 -80.073
-3.364 -80.08
-3.36 -80.085
-3.352 -80.089
-3.345 -80.09
-3.34 -80.09
-3.328 -80.084
-3.326 -80.087
-3.326 -80.102
-3.323 -80.105
-3.322 -80.105
-3.319 -80.098
-3.315 -80.101
-3.312 -80.1
-3.308 -80.091
-3.307 -80.087
-3.309 -80.082
-3.308 -80.078
-3.302 -80.073
-3.299 -80.073
-3.295 -80.069
-3.292 -80.059
-3.294 -80.049
-3.294 -80.048
-3.3 -80.038
-3.308 -80.034
-3.315 -80.037
-3.336 -80.042
-3.342 -80.042
-3.363 -80.039
-3.368 -80.041
-3.379 -80.057
-3.401 -80.066
-3.407 -80.068
-3.41 -80.071
-3.416 -80.078
-3.416 -80.085
-3.406 -80.111
-3.409 -80.136
-3.415 -80.152
-3.414 -80.157
-3.398 -80.169
-3.396 -80.173
-3.392 -80.178
-3.392 -80.184
-3.398 -80.194
-3.394 -80.198
-3.387 -80.201
-3.377 -80.202
-3.365 -80.208
-3.347 -80.22
-3.338 -80.217
-3.334 -80.209
-3.333 -80.203
-3.333 -80.19
-3.333 -80.183
-3.331 -80.166
-3.33 -80.133
-3.332 -80.119
-3.339 -80.116
-3.336 -80.113
-3.333 -80.103
-3.337 -80.098
-3.358 -80.093
-3.365 -80.091
-3.367 -80.089
-3.371 -80.08
-3.371 -80.075
-3.367 -80.073
