0		!use hazgridXnga4. 
-58.0 -15.0 0.2     SA southwest site grid 
-85. -60. 0.2
760. 2.
2 1. 0.0 1.0 5. 1.0 0.0  2 depths
0.5 0.5 0.0	weights to ss rev normal respectively
1. 200.
-58.0 16.0 0.2     EXTENDED source grid 
-87. -32. 0.2
0.75 5.0 7.0 .1 3.
1 0 0 0
../../data/nshmp/south_america/grid/agrd_z11_000d050.out
1. 0
/home/harmsen/CEUS/GR/meanrjb.bin
4   4 spectral periods
0. 1. 0. PGA
0.375 0.210 0.245
0.230 0.225 0.23
0.400 0.360 0.31
SA.gridTdF.0to50km.pga
19
 0.005 .007 .0098 .0137 .0192 .0269 .0376 .0527 .0738 .103 .145 .203 .284 .397 .556 .778 1.09 1.52 2.13 
3
22 0.3333 1000. 0.333 0 CB
21 0.3333 1000. 0.333 0 BA
23 0.3334 1000. 0.333 0 CY nov 2007
1.0 1. 0.  PSA
0.375 0.210 0.245
0.230 0.225 0.23
0.400 0.360 0.31
SA.gridTdF.0to50km.1hz
20
.0025 .00375 .00563 .00844 .0127 .0190 .0285 .0427 .0641 .0961 .144 .216 .324 .487 .730 1.09 1.64 2.46 3.69 5.54
3
22 0.3334 1000. 0.333 0 CB
21 0.3333 1000. 0.333 0 BA
23 0.3333 1000. 0.333 0 CY
0.2 1. 0.  PSA
0.375 0.210 0.245
0.230 0.225 0.23
0.400 0.360 0.31
SA.gridTdF.0to50km.5hz
19
.005 .0075 .0113 .0169 .0253 .0380 .0570 .0854 .128 .192 .288 .432 .649 .973 1.46 2.19 3.28 4.92 7.38            
3
22 0.3333 1000. 0.333 0 CB
21 0.3334 1000. 0.333 0 BA
23 0.3333 1000. 0.333 0 CY
0.3 1. 0. 0.3 s or 3.3 hz
0.375 0.210 0.245
0.230 0.225 0.23
0.400 0.360 0.31
SA.gridTdF.0to50km.3hz
19
.005 .0075 .0113 .0169 .0253 .0380 .0570 .0854 .128 .192 .288 .432 .649 .973 1.46 2.19 3.28 4.92 7.38              
3
22 0.3333 1000. 0.333 0 CB
21 0.3333 1000. 0.333 0 BA
23 0.3334 1000. 0.333 0 CY
