0
-5.5 15.0 0.20           Using M=M(SRL) Wells and Co. except special situations 
-85. -20. 0.20    !NorthWestern So America
760.
4 periods
0.  PGA
pan.sub100n.pga
3
2 0.25 1000. 1. 0   Youngs
5  0.25 1000. 1. 0   ab03
7  0.5 1000. 1. 0 zhao
19  
.005 .007 .0098 .0137 .0192 .0269 .0376 .0527 .0738 .103 .145 .203 .284 .397 .556 .778 1.09 1.52 2.13 
0.2  SA_5Hz
pan.sub100n.5hz
3
2 0.25 1000. 1. 0   Youngs
5  0.25 1000. 1. 0   ab03
7  0.5 1000. 1. 0 zhao
19
.005 .0075 0.0113 .0169 .0253 .0380 .0570 .0854 .128 .192 .288 .432 .649 .973 1.46 2.19 3.28 4.92 7.38
0.30 sec PSA
pan.sub100n.3hz
3
2 0.25 1000. 1. 0   Youngs
5  0.25 1000. 1. 0   ab03
7  0.5 1000. 1. 0 zhao
20
0.0025 .005 .0075 0.0113 .0169 .0253 .0380 .0570 .0854 .128 .192 .288 .432 .649 .973 1.46 2.19 3.28 4.92 7.38
1.0  SA_1Hz
pan.sub100n.1hz
3
2 0.25 1000. 1. 0   Youngs
5  0.25 1000. 1. 0   ab03
7  0.5 1000. 1. 0 zhao
20
.0025 .00375 .00563 .00844 .0127 .0190 .0285 .0427 .0641 .0961 .144 .216 .324 .487 .730 1.09 1.64 2.46 3.69 5.54
1.
1. 1000.
2  2   1 floating rupture, 100-yr recurrence 
 5.7000 1.0 7.7 7.7 0.1 1
8 top
10.09 -82.91 0
9.59  -82.32 0
9.56  -81.31 0
10.33 -80.45 0
10.53 -79.36 0
10.72 -78.99 0
10.73 -78.45 0
9.24  -77.00 0
6 bottom
9.75  -82.91 10
9.66  -82.79 10
9.33  -82.25 7
9.24  -80.05 35
9.09  -79.10 48
8.00  -77.00 37
