0	!for use with hazSUBXnga only
-70.0 15. .2
-85. -20. .2
760.
3 periods
0. PGA
SUB.zone4and5.ch9p5.pga
3
5 .25 1000. 1. 0 atkinson-b 
2 .25 1000. 1. 0 geom
7 .5 1000. 1. 0 Zhao
19
.005 .007 .0098 .0137 .0192 .0269 .0376 .0527 .0738 .103 .145 .203 .284 .397 .556 .778 1.09 1.52 2.13 
1.0  sec PSA
SUB.zone4and5.ch9p5.1hz
3
5 .25 1000. 1. 0 atkinson-b 
2 .25 1000. 1. 0 geom
7 .5 1000. 1. 0 Zhao
20
.0025 .00375 .00563 .00844 .0127 .0190 .0285 .0427 .0641 .0961 .144 .216 .324 .487 .730 1.09 1.64 2.46 3.69 5.54
0.2 sec PSA
SUB.zone4and5.ch9p5.5hz
3
5 .25 1000. 1. 0 atkinson-b 
2 .25 1000. 1. 0 geom
7 .5 1000. 1. 0 Zhao
19
.005 .0075 0.0113 .0169 .0253 .0380 .0570 .0854 .128 .192 .288 .432 .649 .973 1.46 2.19 3.28 4.92 7.38  
5.
1. 1000.
2  2  1 SAmerica Zones 4 and 5 
 -2.602 0 9.5 9.5 0.5 1 1
32 Zones 4 & 5 combined
-44.8400000001 -75.374571533 10.
-44.4565576169 -75.3834448242 10.
-43.9599999999 -75.3357098389 10.
-43.0400000004 -75.1243402101 10.
-42.2199999997 -75.0081988521 10.
-41.5800000002 -74.9454638669 10.
-40.1948925779 -74.8451049801 10.
-39.267509766 -74.7324902343 10.
-38.7498535155 -74.6301470951 10.
-37.9000000002 -74.3634741213 10.
-37.0400000002 -74.2220056157 10.
-36.7451953124 -74.134802856 10.
-36.3487695313 -73.9912298586 10.
-35.4949511723 -73.6450463871 10.
-35.1484228512 -73.4515765384 10.
-34.3600000003 -72.9395849609 10.
-33.9450824793 -72.710497654 10.
-33.7588818362 -72.6388800048 10.
-33.5399999996 -72.5818237309 10.
-32.9000000001 -72.4949902347 10.
-31.9400000003 -72.4908227539 10.
-30.2999999998 -72.3911303709 10.
-29.9600000004 -72.3579357913 10.
-29.2320361332 -72.2279632571 10.
-28.0045263675 -71.9045263674 10.
-26.8599999996 -71.6779882813 10.
-25.9555615232 -71.584437256 10.
-25.1200000003 -71.4298706053 10.
-24.7841723632 -71.3841735843 10.
-23.0199999996 -71.2632910159 10.
-22.22 -71.1589331058 10.
-21.8942095629 -71.1322380371 10.
40 bottom 4
-44.8800000003 -73.5225830075 50.
-44.5199999999 -73.5335333252 50.
-43.7799999997 -73.4825073239 50.
-42.0400000004 -73.2548217776 50.
-41.7600000004 -73.2514782718 50.
-41.0599999996 -73.2835095217 50.
-40.3400000004 -73.2533898923 50.
-39.7999999997 -73.1982604977 50.
-39.3226367189 -73.1173626708 50.
-38.8774609371 -73.0025372314 50.
-38.2399999997 -72.7502215579 50.
-38.0 -72.671931763 50.
-37.7400000001 -72.6257733152 50.
-37.0400000002 -72.5617047118 50.
-36.7200732426 -72.4800738528 50.
-36.3400000003 -72.3536895749 50.
-35.9542626956 -72.2057379152 50.
-35.6683984379 -72.0715991206 50.
-34.3633763178 -71.3297920084 50.
-34.02 -71.1744982909 50.
-33.7199999999 -71.0928930662 50.
-33.4399999999 -71.0548120114 50.
-32.6400000002 -70.993572998 50.
-32.2813330081 -70.9813330075 50.
-31.9799999997 -70.9924999998 50.
-31.3460058597 -71.1060070798 50.
-31.093046875 -71.1330468748 50.
-30.8200000004 -71.1281042477 50.
-30.5200000003 -71.0938342283 50.
-29.6231591798 -70.9168408208 50.
-28.1739575199 -70.5260412594 50.
-26.872775879 -70.2672241207 50.
-26.2200000001 -70.1064562992 50.
-25.9844946293 -70.0644934082 50.
-25.7599999999 -70.0563464355 50.
-25.1999999999 -70.0945446773 50.
-24.9400000001 -70.0942907718 50.
-22.5600000003 -69.8766857908 50.
-22.0599999998 -69.855518799 50.
-21.5010148695 -69.8649200561 50.
