0	!for use with hazSUBXnga only
-70.0 15  0.2
-85. -20. .20
760.
3 periods
0. PGA
SUB.zone2.char9p0.pga
3
5 .25 1000. 1. 0 atkinson-b 
2 .25 1000. 1. 0 geom
7 .5 1000. 1. 0 Zhao
19
.005 .007 .0098 .0137 .0192 .0269 .0376 .0527 .0738 .103 .145 .203 .284 .397 .556 .778 1.09 1.52 2.13 
1.0  sec PSA
SUB.zone2.char9p0.1hz
3
5 .25 1000. 1. 0 atkinson-b 
2 .25 1000. 1. 0 geom
7 .5 1000. 1. 0 Zhao
20
.0025 .00375 .00563 .00844 .0127 .0190 .0285 .0427 .0641 .0961 .144 .216 .324 .487 .730 1.09 1.64 2.46 3.69 5.54
0.2 sec PSA
SUB.zone2.char9p0.5hz
3
5 .25 1000. 1. 0 atkinson-b 
2 .25 1000. 1. 0 geom
7 .5 1000. 1. 0 Zhao
19
.005 .0075 0.0113 .0169 .0253 .0380 .0570 .0854 .128 .192 .288 .432 .649 .973 1.46 2.19 3.28 4.92 7.38  
5.
1. 1000.
2  2  1 SAmeerica Zone 2 
 -2.602 0 9. 9. .1  1
24 Zone 2 top
-15.4868744424 -75.7249618541 10
-15.0673339843 -76.0399999997 10
-14.4284204098 -76.6884210205 10
-13.8022973637 -77.1799999997 10
-12.9885327152 -77.9085321044 10
-12.3880908205 -78.4080914307 10
-11.5229687499 -79.0199999996 10
-10.878508301 -79.4985076902 10
-10.6226074217 -79.6426072694 10
-9.85999999999 -80.0099743649 10
-9.23999999966 -80.4241360472 10
-8.95999999969 -80.5811807249 10
-8.73375732386 -80.6737574769 10
-8.08000000042 -80.8952532199 10
-7.27459960974 -81.2145991513 10
-6.66996826207 -81.4300321958 10
-6.22757202113 -81.5675722505 10
-5.83999999973 -81.6523718644 10
-4.49522460927 -81.8352246094 10
-4.13999999977 -81.8528022767 10
-3.92000000018 -81.8294962689 10
-3.69999999968 -81.7710462761 10
-3.48037719733 -81.6796231843 10
-3.24840217453 -81.5514490892 10
27 Zone 2 bot
-14.4493962049 -74.8821744541 50.0
-14.2990625002 -75.1 50.0
-14.0917382809 -75.2917382814 50.0
-13.8573999028 -75.4400000004 50.0
-13.0597631838 -75.8799999996 50.0
-12.4400000001 -76.2584155269 50.0
-12.1199999999 -76.5121124269 50.0
-11.5023461914 -77.0823471072 50.0
-11.14 -77.3429513553 50.0
-10.0200000001 -78.035475159 50.0
-9.78000000038 -78.14697876 50.0
-9.0847412109 -78.4200000003 50.0
-8.09999999964 -78.8752603153 50.0
-7.85999999992 -79.0054434204 50.0
-7.29999999998 -79.3680148317 50.0
-7.04000000013 -79.51134964 50.0
-6.59981933614 -79.6800000002 50.0
-6.08000000035 -79.8153227235 50.0
-5.81999999961 -79.8564337156 50.0
-5.27999999979 -79.8839146424 50.0
-5.04000000007 -79.9305043034 50.0
-4.8399999997 -80.0114054875 50.0
-4.32000000001 -80.2936422731 50.0
-4.06000000016 -80.3826759337 50.0
-3.8599999998 -80.4056947331 50.0
-3.62455688458 -80.4045571897 50.0
-2.9475232841 -80.3309622182 50.0
