0               !Good to go with hazFXnga7c. Utah, West Valley only. Reviewed dec 6 2007
24.6 50. 0.05           Using M=M(SRL) Wells and Co. except special situations 
-125. -100. 0.05
760 2
1. 200.
3       3 per
0. 1. 0. PGA
0.375 0.210 0.245
0.230 0.225 0.23
0.400 0.360 0.31
ut-65.d50.pga
19
.005 .007 .0098 .0137 .0192 .0269 .0376 .0527 .0738 .103 .145 .203 .284 .397 .556 .778 1.09 1.52 2.13 
3
15 0.3333 1000.     0.3333 0 CY11-2007
14 0.3333 1000.     0.3333 0 C&B 2007, Nov
13 0.3333 1000.     0.3333 0 B&A 2005,dec
0.20 1. 0. PSA
0.375 0.210 0.245
0.230 0.225 0.23
0.400 0.360 0.31
ut-65.d50.5hz
19
.005 .0075 .0113 .0169 .0253 .0380 .0570 .0854 .128 .192 .288 .432 .649 .973 1.46 2.19 3.28 4.92 7.38           
3
15 0.3333 1000.     0.3333 0 CY11-2007
14 0.3333 1000.     0.3333 0 C&B 2007, Nov
13 0.3333 1000.     0.3333 0 B&A 2005,dec
1.00 1. 0. PSA
0.375 0.210 0.245
0.230 0.225 0.23
0.400 0.360 0.31
ut-65.d50.1hz
20
.0025 .00375 .00563 .00844 .0127 .0190 .0285 .0427 .0641 .0961 .144 .216 .324 .487 .730 1.09 1.64 2.46 3.69 5.54
3
15 0.3333 1000.     0.3333 0 CY11-2007
14 0.3333 1000.     0.3333 0 C&B 2007, Nov
13 0.3333 1000.     0.3333 0 B&A 2007, April
1.  1.
3
-.2 0. .2 
.2 .6 .2
0.12 5
 1 3 1 1    2386a West Valley fault zone                      
 6.48 8.4501295E-4 1.0
 50.0 19.58112 0.0E+0 16.22179
 8
      40.66787     -111.93577
      40.72006     -111.95697
      40.73417     -111.95238
      40.75249     -111.93828
      40.77558     -111.94933
      40.78250     -111.94376
      40.79328     -111.94933
      40.80451     -111.94780
