   0.990000  160.000  6
   0.990000  170.000  4
   0.990000  180.000  5
   0.990000  190.000  4
   0.990000  200.000  3
   0.990000  210.000  4
   0.990000  220.000  4
   0.990000  230.000  2
   0.990000  240.000  1
   0.990000  250.000  1
   0.990000  270.000  1
   0.990000  310.000  1
   0.990000  350.000  1
   0.900000  160.000  8
   0.900000  170.000  3
   0.900000  180.000  7
   0.900000  190.000  4
   0.900000  200.000  5
   0.900000  210.000  4
   0.900000  220.000  5
   0.900000  230.000  3
   0.900000  240.000  1
   0.900000  250.000  1
   0.900000  260.000  2
   0.900000  270.000  2
   0.900000  290.000  1
   0.900000  310.000  1
   0.900000  330.000  1
   0.900000  390.000  1
   0.800000  160.000  1
   0.800000  170.000  6
   0.800000  180.000  9
   0.800000  190.000  10
   0.800000  200.000  10
   0.800000  210.000  11
   0.800000  220.000  7
   0.800000  230.000  6
   0.800000  240.000  12
   0.800000  250.000  7
   0.800000  260.000  1
   0.800000  270.000  1
   0.800000  280.000  2
   0.800000  290.000  2
   0.800000  320.000  1
   0.800000  380.000  1
   0.800000  450.000  1
   0.700000  180.000  6
   0.700000  190.000  35
   0.700000  200.000  18
   0.700000  210.000  19
   0.700000  220.000  15
   0.700000  230.000  13
   0.700000  240.000  9
   0.700000  250.000  11
   0.700000  260.000  3
   0.700000  270.000  3
   0.700000  280.000  4
   0.700000  310.000  2
   0.700000  340.000  1
   0.600000  200.000  26
   0.600000  210.000  38
   0.600000  220.000  24
   0.600000  230.000  20
   0.600000  240.000  14
   0.600000  250.000  9
   0.600000  260.000  7
   0.600000  270.000  3
   0.600000  280.000  3
   0.600000  290.000  1
   0.600000  310.000  1
   0.500000  220.000  10
   0.500000  230.000  11
   0.500000  240.000  16
   0.500000  250.000  10
   0.500000  260.000  6
   0.500000  270.000  2
   0.500000  280.000  1
   0.500000  290.000  1
   0.500000  300.000  1
   0.990000  150.000  1
   0.990000  160.000  5
   0.990000  170.000  4
   0.990000  180.000  4
   0.990000  190.000  3
   0.990000  200.000  4
   0.990000  210.000  2
   0.990000  220.000  2
   0.990000  230.000  3
   0.990000  240.000  5
   0.990000  250.000  1
   0.990000  260.000  2
   0.990000  270.000  1
   0.990000  300.000  1
   0.990000  310.000  1
   0.990000  420.000  1
   0.990000  490.000  1
   0.900000  160.000  6
   0.900000  170.000  3
   0.900000  180.000  7
   0.900000  190.000  3
   0.900000  200.000  5
   0.900000  210.000  5
   0.900000  220.000  2
   0.900000  230.000  6
   0.900000  240.000  3
   0.900000  250.000  2
   0.900000  260.000  4
   0.900000  270.000  2
   0.900000  300.000  1
   0.900000  310.000  1
   0.900000  320.000  2
   0.900000  330.000  1
   0.900000  340.000  1
   0.900000  390.000  1
   0.900000  460.000  1
   0.800000  160.000  1
   0.800000  170.000  5
   0.800000  180.000  8
   0.800000  190.000  11
   0.800000  200.000  8
   0.800000  210.000  11
   0.800000  220.000  6
   0.800000  230.000  5
   0.800000  240.000  6
   0.800000  250.000  3
   0.800000  260.000  7
   0.800000  270.000  1
   0.800000  280.000  1
   0.800000  330.000  3
   0.800000  340.000  1
   0.800000  350.000  1
   0.800000  380.000  1
   0.700000  180.000  8
   0.700000  190.000  16
   0.700000  200.000  25
   0.700000  210.000  20
   0.700000  220.000  13
   0.700000  230.000  12
   0.700000  240.000  10
   0.700000  250.000  7
   0.700000  260.000  6
   0.700000  270.000  5
   0.700000  280.000  1
   0.700000  290.000  4
   0.700000  310.000  1
   0.700000  320.000  1
   0.700000  330.000  1
   0.700000  360.000  1
   0.600000  200.000  29
   0.600000  210.000  27
   0.600000  220.000  23
   0.600000  230.000  24
   0.600000  240.000  15
   0.600000  250.000  7
   0.600000  260.000  4
   0.600000  270.000  2
   0.500000  220.000  9
   0.500000  230.000  15
   0.500000  240.000  6
   0.500000  250.000  6
   0.500000  260.000  3
   0.500000  270.000  1
   0.400000  270.000  2
   0.990000  150.000  2
   0.990000  160.000  6
   0.990000  170.000  4
   0.990000  180.000  6
   0.990000  190.000  1
   0.990000  200.000  2
   0.990000  210.000  1
   0.990000  220.000  1
   0.990000  230.000  3
   0.990000  240.000  1
   0.990000  250.000  1
   0.990000  260.000  3
   0.990000  270.000  1
   0.990000  310.000  2
   0.990000  380.000  2
   0.990000  400.000  1
   0.990000  460.000  1
   0.900000  160.000  6
   0.900000  170.000  2
   0.900000  180.000  5
   0.900000  190.000  8
   0.900000  200.000  4
   0.900000  210.000  5
   0.900000  220.000  5
   0.900000  230.000  5
   0.900000  240.000  2
   0.900000  250.000  2
   0.900000  260.000  1
   0.900000  270.000  1
   0.900000  290.000  1
   0.900000  300.000  1
   0.900000  310.000  2
   0.900000  330.000  4
   0.900000  340.000  1
   0.900000  360.000  1
   0.900000  390.000  1
   0.800000  170.000  6
   0.800000  180.000  9
   0.800000  190.000  13
   0.800000  200.000  16
   0.800000  210.000  8
   0.800000  220.000  9
   0.800000  230.000  5
   0.800000  240.000  2
   0.800000  250.000  6
   0.800000  260.000  5
   0.800000  270.000  5
   0.800000  280.000  1
   0.800000  290.000  4
   0.800000  300.000  1
   0.800000  320.000  1
   0.700000  180.000  8
   0.700000  190.000  28
   0.700000  200.000  25
   0.700000  210.000  20
   0.700000  220.000  10
   0.700000  230.000  16
   0.700000  240.000  12
   0.700000  250.000  8
   0.700000  260.000  4
   0.700000  270.000  6
   0.700000  280.000  3
   0.700000  290.000  1
   0.700000  300.000  1
   0.700000  500.000  1
   0.600000  200.000  21
   0.600000  210.000  35
   0.600000  220.000  31
   0.600000  230.000  26
   0.600000  240.000  9
   0.600000  250.000  9
   0.600000  260.000  6
   0.600000  270.000  3
   0.600000  280.000  1
   0.600000  290.000  1
   0.600000  310.000  1
   0.500000  220.000  8
   0.500000  230.000  12
   0.500000  240.000  10
   0.500000  250.000  13
   0.500000  260.000  2
   0.500000  270.000  2
