   0.990000  510.000  1
   0.990000  520.000  8
   0.990000  530.000  19
   0.990000  540.000  19
   0.990000  550.000  25
   0.990000  560.000  50
   0.990000  570.000  63
   0.990000  580.000  69
   0.990000  590.000  118
   0.990000  600.000  119
   0.990000  610.000  131
   0.990000  620.000  152
   0.990000  630.000  143
   0.990000  640.000  168
   0.990000  650.000  191
   0.990000  660.000  184
   0.990000  670.000  150
   0.990000  680.000  185
   0.990000  690.000  176
   0.990000  700.000  153
   0.990000  710.000  170
   0.990000  720.000  136
   0.990000  730.000  144
   0.990000  740.000  131
   0.990000  750.000  135
   0.990000  760.000  113
   0.990000  770.000  97
   0.990000  780.000  95
   0.990000  790.000  72
   0.990000  800.000  59
   0.990000  810.000  40
   0.990000  820.000  42
   0.990000  830.000  42
   0.990000  840.000  44
   0.990000  850.000  37
   0.990000  860.000  23
   0.990000  870.000  26
   0.990000  880.000  32
   0.990000  890.000  26
   0.990000  900.000  30
   0.990000  910.000  30
   0.990000  920.000  30
   0.990000  930.000  27
   0.990000  940.000  22
   0.990000  950.000  27
   0.990000  960.000  29
   0.990000  970.000  18
   0.990000  980.000  21
   0.990000  990.000  22
   0.990000  1000.00  17
   0.990000  1010.00  15
   0.990000  1020.00  18
   0.990000  1030.00  15
   0.990000  1040.00  13
   0.990000  1050.00  16
   0.990000  1060.00  14
   0.990000  1070.00  10
   0.990000  1080.00  13
   0.990000  1090.00  9
   0.990000  1100.00  8
   0.990000  1110.00  13
   0.990000  1120.00  18
   0.990000  1130.00  24
   0.990000  1140.00  15
   0.990000  1150.00  11
   0.990000  1160.00  9
   0.990000  1170.00  13
   0.990000  1180.00  11
   0.990000  1190.00  8
   0.990000  1200.00  7
   0.990000  1210.00  7
   0.990000  1220.00  9
   0.990000  1230.00  8
   0.990000  1240.00  7
   0.990000  1250.00  8
   0.990000  1260.00  2
   0.990000  1270.00  2
   0.990000  1280.00  3
   0.990000  1290.00  5
   0.990000  1300.00  5
   0.990000  1310.00  6
   0.990000  1320.00  6
   0.990000  1330.00  3
   0.990000  1340.00  5
   0.990000  1350.00  5
   0.990000  1360.00  2
   0.990000  1370.00  2
   0.990000  1380.00  4
   0.990000  1390.00  6
   0.990000  1400.00  5
   0.990000  1410.00  4
   0.990000  1420.00  3
   0.990000  1430.00  1
   0.990000  1440.00  4
   0.990000  1450.00  4
   0.990000  1460.00  4
   0.990000  1470.00  4
   0.990000  1480.00  1
   0.990000  1520.00  1
   0.990000  1530.00  2
   0.990000  1540.00  1
   0.990000  1580.00  1
   0.990000  1590.00  1
   0.990000  1600.00  1
   0.990000  1640.00  1
   0.990000  1660.00  2
   0.900000  510.000  1
   0.900000  520.000  4
   0.900000  530.000  14
   0.900000  540.000  18
   0.900000  550.000  25
   0.900000  560.000  47
   0.900000  570.000  63
   0.900000  580.000  70
   0.900000  590.000  94
   0.900000  600.000  100
   0.900000  610.000  121
   0.900000  620.000  118
   0.900000  630.000  136
   0.900000  640.000  138
   0.900000  650.000  171
   0.900000  660.000  211
   0.900000  670.000  200
   0.900000  680.000  189
   0.900000  690.000  200
   0.900000  700.000  176
   0.900000  710.000  178
   0.900000  720.000  148
   0.900000  730.000  137
   0.900000  740.000  129
   0.900000  750.000  129
   0.900000  760.000  124
   0.900000  770.000  120
   0.900000  780.000  91
   0.900000  790.000  83
   0.900000  800.000  78
   0.900000  810.000  64
   0.900000  820.000  51
   0.900000  830.000  41
   0.900000  840.000  43
   0.900000  850.000  36
   0.900000  860.000  30
   0.900000  870.000  26
   0.900000  880.000  25
   0.900000  890.000  31
   0.900000  900.000  28
   0.900000  910.000  29
   0.900000  920.000  28
   0.900000  930.000  23
   0.900000  940.000  28
   0.900000  950.000  26
   0.900000  960.000  24
   0.900000  970.000  19
   0.900000  980.000  21
   0.900000  990.000  16
   0.900000  1000.00  15
   0.900000  1010.00  14
   0.900000  1020.00  18
   0.900000  1030.00  15
   0.900000  1040.00  12
   0.900000  1050.00  13
   0.900000  1060.00  9
   0.900000  1070.00  7
   0.900000  1080.00  9
   0.900000  1090.00  13
   0.900000  1100.00  15
   0.900000  1110.00  19
   0.900000  1120.00  14
   0.900000  1130.00  14
   0.900000  1140.00  5
   0.900000  1150.00  8
   0.900000  1160.00  13
   0.900000  1170.00  9
   0.900000  1180.00  6
   0.900000  1190.00  9
   0.900000  1200.00  8
   0.900000  1210.00  4
   0.900000  1220.00  6
   0.900000  1230.00  8
   0.900000  1240.00  4
   0.900000  1260.00  1
   0.900000  1270.00  2
   0.900000  1280.00  3
   0.900000  1290.00  3
   0.900000  1300.00  4
   0.900000  1310.00  5
   0.900000  1320.00  2
   0.900000  1330.00  3
   0.900000  1340.00  4
   0.900000  1350.00  2
   0.900000  1370.00  2
   0.900000  1380.00  2
   0.900000  1390.00  5
   0.900000  1400.00  3
   0.900000  1410.00  3
   0.900000  1420.00  1
   0.900000  1440.00  1
   0.900000  1450.00  2
   0.900000  1460.00  2
   0.900000  1470.00  2
   0.900000  1480.00  1
   0.900000  1570.00  1
   0.900000  1580.00  1
   0.800000  510.000  2
   0.800000  520.000  5
   0.800000  530.000  15
   0.800000  540.000  21
   0.800000  550.000  22
   0.800000  560.000  30
   0.800000  570.000  57
   0.800000  580.000  69
   0.800000  590.000  78
   0.800000  600.000  84
   0.800000  610.000  100
   0.800000  620.000  103
   0.800000  630.000  104
   0.800000  640.000  115
   0.800000  650.000  137
   0.800000  660.000  210
   0.800000  670.000  183
   0.800000  680.000  220
   0.800000  690.000  194
   0.800000  700.000  186
   0.800000  710.000  185
   0.800000  720.000  176
   0.800000  730.000  182
   0.800000  740.000  149
   0.800000  750.000  117
   0.800000  760.000  126
   0.800000  770.000  112
   0.800000  780.000  125
   0.800000  790.000  102
   0.800000  800.000  73
   0.800000  810.000  75
   0.800000  820.000  72
   0.800000  830.000  69
   0.800000  840.000  53
   0.800000  850.000  54
   0.800000  860.000  43
   0.800000  870.000  26
   0.800000  880.000  26
   0.800000  890.000  26
   0.800000  900.000  26
   0.800000  910.000  24
   0.800000  920.000  24
   0.800000  930.000  26
   0.800000  940.000  21
   0.800000  950.000  27
   0.800000  960.000  22
   0.800000  970.000  19
   0.800000  980.000  19
   0.800000  990.000  18
   0.800000  1000.00  13
   0.800000  1010.00  17
   0.800000  1020.00  14
   0.800000  1030.00  15
   0.800000  1040.00  9
   0.800000  1050.00  6
   0.800000  1060.00  9
   0.800000  1070.00  12
   0.800000  1080.00  14
   0.800000  1090.00  14
   0.800000  1100.00  11
   0.800000  1110.00  9
   0.800000  1120.00  6
   0.800000  1130.00  6
   0.800000  1140.00  5
   0.800000  1150.00  10
   0.800000  1160.00  6
   0.800000  1170.00  9
   0.800000  1180.00  8
   0.800000  1190.00  4
   0.800000  1200.00  3
   0.800000  1210.00  6
   0.800000  1220.00  1
   0.800000  1250.00  1
   0.800000  1260.00  2
   0.800000  1270.00  5
   0.800000  1280.00  4
   0.800000  1300.00  4
   0.800000  1310.00  3
   0.800000  1320.00  1
   0.800000  1330.00  1
   0.800000  1340.00  1
   0.800000  1350.00  1
   0.800000  1360.00  1
   0.800000  1380.00  1
   0.800000  1440.00  1
   0.800000  1450.00  1
   0.700000  510.000  1
   0.700000  520.000  4
   0.700000  530.000  5
   0.700000  540.000  11
   0.700000  550.000  13
   0.700000  560.000  27
   0.700000  570.000  25
   0.700000  580.000  45
   0.700000  590.000  67
   0.700000  600.000  69
   0.700000  610.000  75
   0.700000  620.000  83
   0.700000  630.000  97
   0.700000  640.000  88
   0.700000  650.000  106
   0.700000  660.000  150
   0.700000  670.000  160
   0.700000  680.000  173
   0.700000  690.000  167
   0.700000  700.000  157
   0.700000  710.000  138
   0.700000  720.000  165
   0.700000  730.000  125
   0.700000  740.000  131
   0.700000  750.000  125
   0.700000  760.000  115
   0.700000  770.000  110
   0.700000  780.000  94
   0.700000  790.000  93
   0.700000  800.000  97
   0.700000  810.000  79
   0.700000  820.000  54
   0.700000  830.000  58
   0.700000  840.000  59
   0.700000  850.000  50
   0.700000  860.000  45
   0.700000  870.000  51
   0.700000  880.000  47
   0.700000  890.000  33
   0.700000  900.000  30
   0.700000  910.000  24
   0.700000  920.000  22
   0.700000  930.000  17
   0.700000  940.000  23
   0.700000  950.000  18
   0.700000  960.000  16
   0.700000  970.000  19
   0.700000  980.000  13
   0.700000  990.000  12
   0.700000  1000.00  13
   0.700000  1010.00  13
   0.700000  1020.00  8
   0.700000  1030.00  8
   0.700000  1040.00  5
   0.700000  1050.00  6
   0.700000  1060.00  6
   0.700000  1070.00  8
   0.700000  1080.00  13
   0.700000  1090.00  6
   0.700000  1100.00  7
   0.700000  1110.00  5
   0.700000  1120.00  2
   0.700000  1130.00  4
   0.700000  1140.00  4
   0.700000  1150.00  4
   0.700000  1160.00  7
   0.700000  1170.00  3
   0.700000  1180.00  2
   0.700000  1190.00  3
   0.700000  1200.00  1
   0.700000  1240.00  1
   0.700000  1250.00  2
   0.700000  1260.00  1
   0.700000  1270.00  2
   0.700000  1280.00  1
   0.700000  1290.00  1
   0.700000  1330.00  1
   0.700000  1350.00  1
   0.600000  510.000  2
   0.600000  520.000  1
   0.600000  530.000  2
   0.600000  540.000  2
   0.600000  550.000  11
   0.600000  560.000  14
   0.600000  570.000  11
   0.600000  580.000  11
   0.600000  590.000  25
   0.600000  600.000  21
   0.600000  610.000  28
   0.600000  620.000  37
   0.600000  630.000  40
   0.600000  640.000  49
   0.600000  650.000  60
   0.600000  660.000  58
   0.600000  670.000  67
   0.600000  680.000  71
   0.600000  690.000  80
   0.600000  700.000  71
   0.600000  710.000  72
   0.600000  720.000  63
   0.600000  730.000  67
   0.600000  740.000  71
   0.600000  750.000  73
   0.600000  760.000  67
   0.600000  770.000  64
   0.600000  780.000  53
   0.600000  790.000  50
   0.600000  800.000  47
   0.600000  810.000  53
   0.600000  820.000  45
   0.600000  830.000  45
   0.600000  840.000  52
   0.600000  850.000  45
   0.600000  860.000  35
   0.600000  870.000  30
   0.600000  880.000  30
   0.600000  890.000  33
   0.600000  900.000  26
   0.600000  910.000  32
   0.600000  920.000  20
   0.600000  930.000  18
   0.600000  940.000  20
   0.600000  950.000  16
   0.600000  960.000  13
   0.600000  970.000  12
   0.600000  980.000  12
   0.600000  990.000  13
   0.600000  1000.00  6
   0.600000  1010.00  5
   0.600000  1020.00  7
   0.600000  1030.00  4
   0.600000  1040.00  3
   0.600000  1050.00  7
   0.600000  1060.00  6
   0.600000  1070.00  4
   0.600000  1080.00  4
   0.600000  1090.00  4
   0.600000  1100.00  3
   0.600000  1110.00  3
   0.600000  1120.00  2
   0.600000  1130.00  6
   0.600000  1140.00  1
   0.600000  1150.00  2
   0.600000  1160.00  1
   0.600000  1170.00  1
   0.600000  1190.00  1
   0.600000  1220.00  1
   0.600000  1230.00  1
   0.500000  510.000  1
   0.500000  520.000  1
   0.500000  530.000  1
   0.500000  550.000  6
   0.500000  560.000  12
   0.500000  570.000  17
   0.500000  580.000  7
   0.500000  590.000  13
   0.500000  600.000  11
   0.500000  610.000  9
   0.500000  620.000  11
   0.500000  630.000  9
   0.500000  640.000  10
   0.500000  650.000  20
   0.500000  660.000  14
   0.500000  670.000  14
   0.500000  680.000  28
   0.500000  690.000  31
   0.500000  700.000  16
   0.500000  710.000  27
   0.500000  720.000  16
   0.500000  730.000  17
   0.500000  740.000  22
   0.500000  750.000  12
   0.500000  760.000  18
   0.500000  770.000  18
   0.500000  780.000  15
   0.500000  790.000  16
   0.500000  800.000  27
   0.500000  810.000  15
   0.500000  820.000  16
   0.500000  830.000  20
   0.500000  840.000  19
   0.500000  850.000  13
   0.500000  860.000  8
   0.500000  870.000  5
   0.500000  880.000  7
   0.500000  890.000  13
   0.500000  900.000  7
   0.500000  910.000  11
   0.500000  920.000  9
   0.500000  930.000  2
   0.500000  940.000  9
   0.500000  950.000  9
   0.500000  960.000  9
   0.500000  970.000  6
   0.500000  980.000  6
   0.500000  990.000  9
   0.500000  1000.00  1
   0.500000  1010.00  2
   0.500000  1020.00  5
   0.500000  1030.00  2
   0.500000  1040.00  4
   0.500000  1050.00  1
   0.500000  1060.00  2
   0.500000  1080.00  1
   0.500000  1090.00  1
   0.500000  1100.00  1
   0.500000  1110.00  2
   0.500000  1120.00  1
   0.500000  1140.00  3
   0.400000  510.000  1
   0.400000  520.000  1
   0.400000  550.000  7
   0.400000  560.000  8
   0.400000  570.000  9
   0.400000  580.000  7
   0.400000  590.000  4
   0.400000  600.000  10
   0.400000  610.000  7
   0.400000  620.000  11
   0.400000  630.000  15
   0.400000  640.000  9
   0.400000  650.000  6
   0.400000  660.000  7
   0.400000  670.000  9
   0.400000  680.000  6
   0.400000  690.000  14
   0.400000  700.000  8
   0.400000  710.000  7
   0.400000  720.000  5
   0.400000  730.000  6
   0.400000  740.000  4
   0.400000  750.000  4
   0.400000  760.000  4
   0.400000  770.000  3
   0.400000  780.000  2
   0.400000  790.000  2
   0.400000  800.000  3
   0.400000  810.000  2
   0.400000  820.000  5
   0.400000  830.000  4
   0.400000  840.000  3
   0.400000  850.000  5
   0.400000  860.000  4
   0.400000  870.000  2
   0.400000  880.000  1
   0.400000  890.000  1
   0.400000  900.000  1
   0.400000  950.000  1
   0.400000  960.000  1
   0.400000  970.000  2
   0.400000  980.000  1
   0.400000  1030.00  1
   0.400000  1060.00  1
   0.300000  530.000  2
   0.300000  550.000  3
   0.300000  560.000  2
   0.300000  570.000  11
   0.300000  580.000  3
   0.300000  590.000  4
   0.300000  610.000  3
   0.300000  620.000  5
   0.300000  630.000  2
   0.300000  640.000  4
   0.300000  650.000  5
   0.300000  660.000  5
   0.300000  670.000  2
   0.300000  680.000  2
   0.300000  690.000  7
   0.300000  700.000  3
   0.300000  710.000  2
   0.300000  720.000  2
   0.300000  730.000  3
   0.300000  740.000  2
   0.300000  750.000  2
   0.300000  760.000  2
   0.200000  530.000  2
   0.200000  570.000  15
   0.200000  600.000  2
   0.200000  630.000  1
   0.200000  660.000  9
   0.200000  690.000  3
   0.100000  530.000  7
   0.100000  570.000  32
   0.100000  660.000  3
   0.100000  690.000  1
