   0.990000  480.000  1
   0.990000  490.000  1
   0.990000  500.000  3
   0.990000  510.000  9
   0.990000  520.000  13
   0.990000  530.000  19
   0.990000  540.000  41
   0.990000  550.000  51
   0.990000  560.000  72
   0.990000  570.000  101
   0.990000  580.000  129
   0.990000  590.000  145
   0.990000  600.000  197
   0.990000  610.000  193
   0.990000  620.000  223
   0.990000  630.000  243
   0.990000  640.000  249
   0.990000  650.000  233
   0.990000  660.000  126
   0.990000  670.000  147
   0.990000  680.000  126
   0.990000  690.000  127
   0.990000  700.000  115
   0.990000  710.000  116
   0.990000  720.000  127
   0.990000  730.000  101
   0.990000  740.000  102
   0.990000  750.000  82
   0.990000  760.000  79
   0.990000  770.000  85
   0.990000  780.000  57
   0.990000  790.000  57
   0.990000  800.000  40
   0.990000  810.000  51
   0.990000  820.000  37
   0.990000  830.000  28
   0.990000  840.000  22
   0.990000  850.000  24
   0.990000  860.000  22
   0.990000  870.000  24
   0.990000  880.000  19
   0.990000  890.000  12
   0.990000  900.000  17
   0.990000  910.000  23
   0.990000  920.000  27
   0.990000  930.000  20
   0.990000  940.000  17
   0.990000  950.000  22
   0.990000  960.000  18
   0.990000  970.000  13
   0.990000  980.000  10
   0.990000  990.000  14
   0.990000  1000.00  10
   0.990000  1010.00  6
   0.990000  1020.00  9
   0.990000  1030.00  7
   0.990000  1040.00  5
   0.990000  1050.00  7
   0.990000  1060.00  11
   0.990000  1070.00  4
   0.990000  1080.00  6
   0.990000  1090.00  9
   0.990000  1100.00  10
   0.990000  1110.00  7
   0.990000  1120.00  10
   0.990000  1130.00  7
   0.990000  1140.00  6
   0.990000  1150.00  4
   0.990000  1160.00  3
   0.990000  1170.00  3
   0.990000  1180.00  5
   0.990000  1190.00  6
   0.990000  1200.00  5
   0.990000  1210.00  5
   0.990000  1220.00  4
   0.990000  1230.00  5
   0.990000  1240.00  5
   0.990000  1250.00  4
   0.990000  1260.00  3
   0.990000  1270.00  2
   0.990000  1280.00  2
   0.990000  1290.00  2
   0.990000  1300.00  1
   0.990000  1310.00  1
   0.990000  1320.00  1
   0.990000  1330.00  4
   0.990000  1340.00  4
   0.990000  1350.00  3
   0.990000  1360.00  2
   0.990000  1370.00  3
   0.990000  1380.00  4
   0.990000  1430.00  2
   0.990000  1440.00  3
   0.990000  1450.00  3
   0.990000  1460.00  2
   0.990000  1470.00  1
   0.990000  1480.00  2
   0.990000  1490.00  1
   0.990000  1500.00  1
   0.990000  1530.00  1
   0.990000  1560.00  1
   0.990000  1580.00  1
   0.990000  1610.00  1
   0.990000  1620.00  2
   0.990000  1630.00  3
   0.990000  1640.00  3
   0.990000  1660.00  1
   0.990000  1670.00  1
   0.990000  1740.00  1
   0.990000  1760.00  1
   0.990000  1770.00  1
   0.990000  1780.00  1
   0.900000  460.000  1
   0.900000  470.000  1
   0.900000  480.000  1
   0.900000  490.000  3
   0.900000  500.000  2
   0.900000  510.000  8
   0.900000  520.000  9
   0.900000  530.000  27
   0.900000  540.000  37
   0.900000  550.000  48
   0.900000  560.000  75
   0.900000  570.000  110
   0.900000  580.000  138
   0.900000  590.000  141
   0.900000  600.000  204
   0.900000  610.000  190
   0.900000  620.000  218
   0.900000  630.000  243
   0.900000  640.000  243
   0.900000  650.000  247
   0.900000  660.000  175
   0.900000  670.000  174
   0.900000  680.000  176
   0.900000  690.000  182
   0.900000  700.000  128
   0.900000  710.000  127
   0.900000  720.000  139
   0.900000  730.000  136
   0.900000  740.000  107
   0.900000  750.000  103
   0.900000  760.000  83
   0.900000  770.000  78
   0.900000  780.000  82
   0.900000  790.000  62
   0.900000  800.000  63
   0.900000  810.000  51
   0.900000  820.000  57
   0.900000  830.000  25
   0.900000  840.000  20
   0.900000  850.000  23
   0.900000  860.000  24
   0.900000  870.000  25
   0.900000  880.000  13
   0.900000  890.000  14
   0.900000  900.000  24
   0.900000  910.000  22
   0.900000  920.000  22
   0.900000  930.000  16
   0.900000  940.000  21
   0.900000  950.000  16
   0.900000  960.000  20
   0.900000  970.000  15
   0.900000  980.000  13
   0.900000  990.000  9
   0.900000  1000.00  6
   0.900000  1010.00  4
   0.900000  1020.00  8
   0.900000  1030.00  8
   0.900000  1040.00  8
   0.900000  1050.00  10
   0.900000  1060.00  8
   0.900000  1070.00  7
   0.900000  1080.00  6
   0.900000  1090.00  7
   0.900000  1100.00  7
   0.900000  1110.00  7
   0.900000  1120.00  6
   0.900000  1130.00  5
   0.900000  1140.00  5
   0.900000  1150.00  4
   0.900000  1160.00  6
   0.900000  1170.00  5
   0.900000  1180.00  8
   0.900000  1190.00  3
   0.900000  1200.00  5
   0.900000  1210.00  4
   0.900000  1220.00  5
   0.900000  1230.00  4
   0.900000  1240.00  4
   0.900000  1250.00  2
   0.900000  1260.00  2
   0.900000  1270.00  1
   0.900000  1280.00  1
   0.900000  1310.00  2
   0.900000  1320.00  3
   0.900000  1330.00  2
   0.900000  1340.00  1
   0.900000  1360.00  2
   0.900000  1420.00  1
   0.900000  1430.00  3
   0.900000  1440.00  3
   0.900000  1520.00  1
   0.900000  1530.00  1
   0.900000  1550.00  1
   0.900000  1560.00  1
   0.900000  1590.00  2
   0.900000  1600.00  1
   0.900000  1610.00  1
   0.900000  1690.00  1
   0.800000  480.000  1
   0.800000  490.000  1
   0.800000  500.000  3
   0.800000  510.000  6
   0.800000  520.000  13
   0.800000  530.000  24
   0.800000  540.000  41
   0.800000  550.000  67
   0.800000  560.000  81
   0.800000  570.000  125
   0.800000  580.000  146
   0.800000  590.000  167
   0.800000  600.000  197
   0.800000  610.000  205
   0.800000  620.000  221
   0.800000  630.000  249
   0.800000  640.000  230
   0.800000  650.000  230
   0.800000  660.000  253
   0.800000  670.000  240
   0.800000  680.000  235
   0.800000  690.000  198
   0.800000  700.000  212
   0.800000  710.000  199
   0.800000  720.000  165
   0.800000  730.000  145
   0.800000  740.000  135
   0.800000  750.000  107
   0.800000  760.000  90
   0.800000  770.000  84
   0.800000  780.000  103
   0.800000  790.000  90
   0.800000  800.000  71
   0.800000  810.000  54
   0.800000  820.000  59
   0.800000  830.000  56
   0.800000  840.000  58
   0.800000  850.000  48
   0.800000  860.000  28
   0.800000  870.000  17
   0.800000  880.000  13
   0.800000  890.000  20
   0.800000  900.000  22
   0.800000  910.000  19
   0.800000  920.000  20
   0.800000  930.000  18
   0.800000  940.000  19
   0.800000  950.000  22
   0.800000  960.000  18
   0.800000  970.000  15
   0.800000  980.000  9
   0.800000  990.000  8
   0.800000  1000.00  4
   0.800000  1010.00  6
   0.800000  1020.00  10
   0.800000  1030.00  11
   0.800000  1040.00  10
   0.800000  1050.00  8
   0.800000  1060.00  3
   0.800000  1070.00  10
   0.800000  1080.00  7
   0.800000  1090.00  6
   0.800000  1100.00  6
   0.800000  1110.00  8
   0.800000  1120.00  6
   0.800000  1130.00  5
   0.800000  1140.00  8
   0.800000  1150.00  7
   0.800000  1160.00  4
   0.800000  1170.00  3
   0.800000  1180.00  5
   0.800000  1190.00  3
   0.800000  1200.00  5
   0.800000  1210.00  5
   0.800000  1220.00  2
   0.800000  1230.00  1
   0.800000  1280.00  3
   0.800000  1290.00  2
   0.800000  1300.00  2
   0.800000  1320.00  1
   0.800000  1330.00  2
   0.800000  1340.00  1
   0.800000  1400.00  1
   0.800000  1410.00  1
   0.800000  1510.00  1
   0.700000  510.000  2
   0.700000  520.000  11
   0.700000  530.000  17
   0.700000  540.000  21
   0.700000  550.000  48
   0.700000  560.000  81
   0.700000  570.000  97
   0.700000  580.000  135
   0.700000  590.000  148
   0.700000  600.000  195
   0.700000  610.000  204
   0.700000  620.000  226
   0.700000  630.000  257
   0.700000  640.000  285
   0.700000  650.000  219
   0.700000  660.000  264
   0.700000  670.000  274
   0.700000  680.000  282
   0.700000  690.000  265
   0.700000  700.000  257
   0.700000  710.000  270
   0.700000  720.000  195
   0.700000  730.000  215
   0.700000  740.000  227
   0.700000  750.000  188
   0.700000  760.000  160
   0.700000  770.000  133
   0.700000  780.000  162
   0.700000  790.000  156
   0.700000  800.000  123
   0.700000  810.000  93
   0.700000  820.000  82
   0.700000  830.000  65
   0.700000  840.000  55
   0.700000  850.000  55
   0.700000  860.000  62
   0.700000  870.000  54
   0.700000  880.000  56
   0.700000  890.000  39
   0.700000  900.000  41
   0.700000  910.000  22
   0.700000  920.000  19
   0.700000  930.000  14
   0.700000  940.000  17
   0.700000  950.000  12
   0.700000  960.000  8
   0.700000  970.000  6
   0.700000  980.000  9
   0.700000  990.000  6
   0.700000  1000.00  13
   0.700000  1010.00  12
   0.700000  1020.00  8
   0.700000  1030.00  7
   0.700000  1040.00  9
   0.700000  1050.00  10
   0.700000  1060.00  10
   0.700000  1070.00  3
   0.700000  1080.00  3
   0.700000  1090.00  7
   0.700000  1100.00  5
   0.700000  1110.00  5
   0.700000  1120.00  4
   0.700000  1130.00  8
   0.700000  1140.00  7
   0.700000  1150.00  4
   0.700000  1160.00  3
   0.700000  1170.00  4
   0.700000  1180.00  4
   0.700000  1190.00  3
   0.700000  1200.00  2
   0.700000  1210.00  1
   0.700000  1250.00  3
   0.700000  1260.00  4
   0.700000  1280.00  2
   0.700000  1290.00  2
   0.700000  1300.00  2
   0.700000  1360.00  1
   0.700000  1380.00  1
   0.700000  1390.00  1
   0.700000  1410.00  1
   0.700000  1440.00  1
   0.600000  500.000  1
   0.600000  510.000  3
   0.600000  520.000  6
   0.600000  530.000  7
   0.600000  540.000  11
   0.600000  550.000  33
   0.600000  560.000  56
   0.600000  570.000  59
   0.600000  580.000  85
   0.600000  590.000  107
   0.600000  600.000  114
   0.600000  610.000  126
   0.600000  620.000  166
   0.600000  630.000  157
   0.600000  640.000  177
   0.600000  650.000  167
   0.600000  660.000  217
   0.600000  670.000  220
   0.600000  680.000  177
   0.600000  690.000  193
   0.600000  700.000  209
   0.600000  710.000  212
   0.600000  720.000  183
   0.600000  730.000  201
   0.600000  740.000  195
   0.600000  750.000  185
   0.600000  760.000  173
   0.600000  770.000  179
   0.600000  780.000  120
   0.600000  790.000  146
   0.600000  800.000  126
   0.600000  810.000  122
   0.600000  820.000  111
   0.600000  830.000  97
   0.600000  840.000  104
   0.600000  850.000  100
   0.600000  860.000  75
   0.600000  870.000  78
   0.600000  880.000  68
   0.600000  890.000  60
   0.600000  900.000  44
   0.600000  910.000  50
   0.600000  920.000  42
   0.600000  930.000  39
   0.600000  940.000  42
   0.600000  950.000  27
   0.600000  960.000  25
   0.600000  970.000  33
   0.600000  980.000  16
   0.600000  990.000  18
   0.600000  1000.00  14
   0.600000  1010.00  9
   0.600000  1020.00  9
   0.600000  1030.00  9
   0.600000  1040.00  7
   0.600000  1050.00  4
   0.600000  1060.00  5
   0.600000  1070.00  5
   0.600000  1080.00  7
   0.600000  1090.00  5
   0.600000  1100.00  5
   0.600000  1110.00  4
   0.600000  1120.00  3
   0.600000  1130.00  3
   0.600000  1140.00  3
   0.600000  1150.00  4
   0.600000  1160.00  1
   0.600000  1170.00  2
   0.600000  1220.00  2
   0.600000  1230.00  2
   0.600000  1240.00  2
   0.600000  1250.00  2
   0.600000  1260.00  2
   0.600000  1270.00  1
   0.600000  1280.00  1
   0.600000  1400.00  1
   0.500000  500.000  1
   0.500000  510.000  5
   0.500000  520.000  8
   0.500000  530.000  8
   0.500000  540.000  9
   0.500000  550.000  25
   0.500000  560.000  45
   0.500000  570.000  46
   0.500000  580.000  68
   0.500000  590.000  78
   0.500000  600.000  89
   0.500000  610.000  103
   0.500000  620.000  102
   0.500000  630.000  114
   0.500000  640.000  115
   0.500000  650.000  111
   0.500000  660.000  128
   0.500000  670.000  121
   0.500000  680.000  135
   0.500000  690.000  129
   0.500000  700.000  108
   0.500000  710.000  105
   0.500000  720.000  110
   0.500000  730.000  114
   0.500000  740.000  103
   0.500000  750.000  105
   0.500000  760.000  97
   0.500000  770.000  88
   0.500000  780.000  85
   0.500000  790.000  86
   0.500000  800.000  82
   0.500000  810.000  85
   0.500000  820.000  73
   0.500000  830.000  64
   0.500000  840.000  61
   0.500000  850.000  59
   0.500000  860.000  58
   0.500000  870.000  72
   0.500000  880.000  54
   0.500000  890.000  40
   0.500000  900.000  49
   0.500000  910.000  46
   0.500000  920.000  32
   0.500000  930.000  43
   0.500000  940.000  26
   0.500000  950.000  29
   0.500000  960.000  34
   0.500000  970.000  17
   0.500000  980.000  17
   0.500000  990.000  18
   0.500000  1000.00  17
   0.500000  1010.00  14
   0.500000  1020.00  13
   0.500000  1030.00  9
   0.500000  1040.00  11
   0.500000  1050.00  5
   0.500000  1060.00  5
   0.500000  1070.00  3
   0.500000  1080.00  7
   0.500000  1090.00  5
   0.500000  1100.00  4
   0.500000  1110.00  4
   0.500000  1120.00  4
   0.500000  1130.00  6
   0.500000  1140.00  3
   0.500000  1150.00  1
   0.500000  1170.00  1
   0.500000  1210.00  3
   0.500000  1220.00  1
   0.500000  1230.00  3
   0.500000  1240.00  2
   0.500000  1250.00  1
   0.400000  480.000  1
   0.400000  500.000  1
   0.400000  510.000  3
   0.400000  520.000  10
   0.400000  530.000  13
   0.400000  540.000  14
   0.400000  550.000  46
   0.400000  560.000  63
   0.400000  570.000  83
   0.400000  580.000  82
   0.400000  590.000  104
   0.400000  600.000  116
   0.400000  610.000  102
   0.400000  620.000  100
   0.400000  630.000  86
   0.400000  640.000  87
   0.400000  650.000  99
   0.400000  660.000  107
   0.400000  670.000  74
   0.400000  680.000  76
   0.400000  690.000  81
   0.400000  700.000  63
   0.400000  710.000  59
   0.400000  720.000  46
   0.400000  730.000  47
   0.400000  740.000  34
   0.400000  750.000  53
   0.400000  760.000  36
   0.400000  770.000  36
   0.400000  780.000  37
   0.400000  790.000  36
   0.400000  800.000  31
   0.400000  810.000  26
   0.400000  820.000  31
   0.400000  830.000  21
   0.400000  840.000  20
   0.400000  850.000  23
   0.400000  860.000  24
   0.400000  870.000  13
   0.400000  880.000  18
   0.400000  890.000  13
   0.400000  900.000  13
   0.400000  910.000  17
   0.400000  920.000  16
   0.400000  930.000  11
   0.400000  940.000  14
   0.400000  950.000  10
   0.400000  960.000  7
   0.400000  970.000  6
   0.400000  980.000  6
   0.400000  990.000  6
   0.400000  1000.00  5
   0.400000  1010.00  4
   0.400000  1020.00  4
   0.400000  1030.00  6
   0.400000  1040.00  6
   0.400000  1050.00  4
   0.400000  1060.00  3
   0.400000  1070.00  2
   0.400000  1080.00  6
   0.400000  1090.00  2
   0.400000  1100.00  2
   0.400000  1110.00  2
   0.400000  1120.00  2
   0.400000  1130.00  1
   0.400000  1140.00  1
   0.400000  1150.00  2
   0.400000  1160.00  1
   0.400000  1170.00  1
   0.400000  1210.00  1
   0.400000  1300.00  1
   0.300000  480.000  1
   0.300000  510.000  4
   0.300000  520.000  7
   0.300000  530.000  12
   0.300000  540.000  18
   0.300000  550.000  50
   0.300000  560.000  67
   0.300000  570.000  68
   0.300000  580.000  90
   0.300000  590.000  98
   0.300000  600.000  91
   0.300000  610.000  95
   0.300000  620.000  118
   0.300000  630.000  91
   0.300000  640.000  93
   0.300000  650.000  83
   0.300000  660.000  89
   0.300000  670.000  54
   0.300000  680.000  41
   0.300000  690.000  75
   0.300000  700.000  30
   0.300000  710.000  24
   0.300000  720.000  19
   0.300000  730.000  28
   0.300000  740.000  24
   0.300000  750.000  28
   0.300000  760.000  15
   0.300000  770.000  12
   0.300000  780.000  9
   0.300000  790.000  7
   0.300000  800.000  11
   0.300000  810.000  5
   0.300000  820.000  2
   0.300000  830.000  3
   0.300000  840.000  2
   0.300000  850.000  4
   0.300000  860.000  4
   0.300000  890.000  3
   0.300000  920.000  1
   0.300000  930.000  1
   0.300000  940.000  1
   0.300000  980.000  1
   0.300000  990.000  1
   0.300000  1120.00  1
   0.200000  500.000  1
   0.200000  510.000  2
   0.200000  520.000  9
   0.200000  530.000  15
   0.200000  540.000  15
   0.200000  550.000  39
   0.200000  560.000  82
   0.200000  570.000  93
   0.200000  580.000  76
   0.200000  590.000  98
   0.200000  600.000  100
   0.200000  610.000  66
   0.200000  620.000  65
   0.200000  630.000  48
   0.200000  640.000  37
   0.200000  650.000  31
   0.200000  660.000  86
   0.200000  670.000  18
   0.200000  680.000  16
   0.200000  690.000  63
   0.200000  700.000  8
   0.200000  710.000  7
   0.200000  720.000  3
   0.200000  730.000  3
   0.200000  740.000  1
   0.200000  750.000  5
   0.200000  760.000  1
   0.200000  770.000  1
   0.200000  780.000  1
   0.200000  810.000  2
   0.100000  540.000  2
   0.100000  550.000  12
   0.100000  560.000  15
   0.100000  570.000  44
   0.100000  580.000  13
   0.100000  590.000  9
   0.100000  600.000  11
   0.100000  610.000  8
   0.100000  620.000  4
   0.100000  630.000  4
   0.100000  640.000  18
   0.100000  660.000  37
   0.100000  690.000  43
   1.000000E-02  470.000  1
   1.000000E-02  690.000  1
