   0.990000  120.000  2
   0.990000  130.000  26
   0.990000  140.000  76
   0.990000  150.000  93
   0.990000  160.000  84
   0.990000  170.000  83
   0.990000  180.000  79
   0.990000  190.000  83
   0.990000  200.000  68
   0.990000  210.000  59
   0.990000  220.000  54
   0.990000  230.000  59
   0.990000  240.000  56
   0.990000  250.000  50
   0.990000  260.000  45
   0.990000  270.000  36
   0.990000  280.000  38
   0.990000  290.000  38
   0.990000  300.000  28
   0.990000  310.000  43
   0.990000  320.000  54
   0.990000  330.000  35
   0.990000  340.000  40
   0.990000  350.000  52
   0.990000  360.000  40
   0.990000  370.000  40
   0.990000  380.000  24
   0.990000  390.000  29
   0.990000  400.000  35
   0.990000  410.000  19
   0.990000  420.000  15
   0.990000  430.000  25
   0.990000  440.000  15
   0.990000  450.000  11
   0.990000  460.000  16
   0.990000  470.000  19
   0.990000  480.000  17
   0.990000  490.000  14
   0.990000  500.000  8
   0.990000  510.000  7
   0.990000  520.000  7
   0.990000  530.000  8
   0.990000  540.000  6
   0.990000  550.000  4
   0.990000  560.000  5
   0.990000  570.000  6
   0.990000  580.000  9
   0.990000  590.000  3
   0.990000  600.000  5
   0.990000  610.000  5
   0.990000  620.000  4
   0.990000  630.000  7
   0.990000  640.000  1
   0.990000  650.000  2
   0.900000  130.000  12
   0.900000  140.000  44
   0.900000  150.000  72
   0.900000  160.000  111
   0.900000  170.000  113
   0.900000  180.000  93
   0.900000  190.000  95
   0.900000  200.000  94
   0.900000  210.000  79
   0.900000  220.000  90
   0.900000  230.000  71
   0.900000  240.000  78
   0.900000  250.000  62
   0.900000  260.000  67
   0.900000  270.000  64
   0.900000  280.000  64
   0.900000  290.000  51
   0.900000  300.000  51
   0.900000  310.000  54
   0.900000  320.000  52
   0.900000  330.000  51
   0.900000  340.000  55
   0.900000  350.000  44
   0.900000  360.000  43
   0.900000  370.000  34
   0.900000  380.000  27
   0.900000  390.000  19
   0.900000  400.000  24
   0.900000  410.000  23
   0.900000  420.000  25
   0.900000  430.000  26
   0.900000  440.000  17
   0.900000  450.000  21
   0.900000  460.000  13
   0.900000  470.000  12
   0.900000  480.000  11
   0.900000  490.000  9
   0.900000  500.000  9
   0.900000  510.000  6
   0.900000  520.000  6
   0.900000  530.000  6
   0.900000  540.000  6
   0.900000  550.000  7
   0.900000  560.000  10
   0.900000  570.000  5
   0.900000  580.000  6
   0.900000  590.000  4
   0.900000  600.000  4
   0.900000  610.000  6
   0.900000  620.000  1
   0.900000  640.000  1
   0.900000  650.000  2
   0.800000  130.000  1
   0.800000  140.000  27
   0.800000  150.000  82
   0.800000  160.000  109
   0.800000  170.000  154
   0.800000  180.000  152
   0.800000  190.000  136
   0.800000  200.000  119
   0.800000  210.000  117
   0.800000  220.000  105
   0.800000  230.000  119
   0.800000  240.000  101
   0.800000  250.000  94
   0.800000  260.000  79
   0.800000  270.000  96
   0.800000  280.000  68
   0.800000  290.000  69
   0.800000  300.000  55
   0.800000  310.000  58
   0.800000  320.000  55
   0.800000  330.000  40
   0.800000  340.000  46
   0.800000  350.000  42
   0.800000  360.000  52
   0.800000  370.000  28
   0.800000  380.000  28
   0.800000  390.000  23
   0.800000  400.000  24
   0.800000  410.000  22
   0.800000  420.000  30
   0.800000  430.000  16
   0.800000  440.000  12
   0.800000  450.000  16
   0.800000  460.000  15
   0.800000  470.000  12
   0.800000  480.000  8
   0.800000  490.000  5
   0.800000  500.000  6
   0.800000  510.000  4
   0.800000  520.000  6
   0.800000  530.000  8
   0.800000  540.000  3
   0.800000  550.000  3
   0.800000  560.000  5
   0.800000  570.000  2
   0.800000  580.000  5
   0.800000  590.000  2
   0.800000  600.000  1
   0.800000  610.000  1
   0.800000  630.000  1
   0.800000  640.000  2
   0.800000  650.000  2
   0.700000  150.000  21
   0.700000  160.000  102
   0.700000  170.000  131
   0.700000  180.000  180
   0.700000  190.000  165
   0.700000  200.000  203
   0.700000  210.000  162
   0.700000  220.000  142
   0.700000  230.000  139
   0.700000  240.000  142
   0.700000  250.000  118
   0.700000  260.000  119
   0.700000  270.000  100
   0.700000  280.000  78
   0.700000  290.000  83
   0.700000  300.000  67
   0.700000  310.000  62
   0.700000  320.000  48
   0.700000  330.000  55
   0.700000  340.000  44
   0.700000  350.000  46
   0.700000  360.000  28
   0.700000  370.000  34
   0.700000  380.000  22
   0.700000  390.000  27
   0.700000  400.000  18
   0.700000  410.000  18
   0.700000  420.000  12
   0.700000  430.000  7
   0.700000  440.000  8
   0.700000  450.000  4
   0.700000  460.000  11
   0.700000  470.000  3
   0.700000  480.000  5
   0.700000  490.000  3
   0.700000  500.000  4
   0.700000  510.000  1
   0.700000  520.000  1
   0.700000  530.000  2
   0.700000  540.000  1
   0.700000  550.000  1
   0.700000  560.000  1
   0.700000  570.000  1
   0.700000  580.000  1
   0.700000  600.000  1
   0.700000  610.000  1
   0.600000  160.000  12
   0.600000  170.000  59
   0.600000  180.000  149
   0.600000  190.000  204
   0.600000  200.000  219
   0.600000  210.000  231
   0.600000  220.000  227
   0.600000  230.000  164
   0.600000  240.000  179
   0.600000  250.000  159
   0.600000  260.000  137
   0.600000  270.000  100
   0.600000  280.000  85
   0.600000  290.000  77
   0.600000  300.000  59
   0.600000  310.000  58
   0.600000  320.000  37
   0.600000  330.000  46
   0.600000  340.000  40
   0.600000  350.000  27
   0.600000  360.000  18
   0.600000  370.000  21
   0.600000  380.000  18
   0.600000  390.000  14
   0.600000  400.000  10
   0.600000  410.000  10
   0.600000  420.000  7
   0.600000  430.000  6
   0.600000  440.000  6
   0.600000  450.000  3
   0.600000  470.000  1
   0.600000  480.000  5
   0.600000  500.000  1
   0.600000  550.000  1
   0.500000  180.000  19
   0.500000  190.000  99
   0.500000  200.000  163
   0.500000  210.000  183
   0.500000  220.000  197
   0.500000  230.000  221
   0.500000  240.000  197
   0.500000  250.000  172
   0.500000  260.000  125
   0.500000  270.000  98
   0.500000  280.000  69
   0.500000  290.000  58
   0.500000  300.000  37
   0.500000  310.000  29
   0.500000  320.000  22
   0.500000  330.000  13
   0.500000  340.000  16
   0.500000  350.000  13
   0.500000  360.000  12
   0.500000  370.000  6
   0.500000  380.000  7
   0.500000  390.000  6
   0.500000  400.000  3
   0.500000  420.000  5
   0.500000  440.000  1
   0.500000  460.000  1
   0.400000  210.000  9
   0.400000  220.000  55
   0.400000  230.000  95
   0.400000  240.000  93
   0.400000  250.000  84
   0.400000  260.000  115
   0.400000  270.000  77
   0.400000  280.000  46
   0.400000  290.000  28
   0.400000  300.000  20
   0.400000  310.000  13
   0.400000  320.000  9
   0.400000  330.000  7
   0.400000  340.000  8
   0.400000  350.000  3
   0.400000  360.000  2
   0.400000  410.000  1
   0.400000  420.000  1
   0.300000  250.000  3
   0.300000  260.000  15
   0.300000  270.000  10
   0.300000  280.000  4
   0.300000  290.000  2
   0.300000  300.000  4
   0.300000  310.000  1
   0.300000  350.000  1
