   0.990000  290.000  949
   0.990000  300.000  1953
   0.990000  310.000  2925
   0.990000  320.000  3376
   0.990000  330.000  3207
   0.990000  340.000  3006
   0.990000  350.000  2679
   0.990000  360.000  2578
   0.990000  370.000  2276
   0.990000  380.000  2052
   0.990000  390.000  1908
   0.990000  400.000  1819
   0.990000  410.000  1581
   0.990000  420.000  1500
   0.990000  430.000  1319
   0.990000  440.000  1247
   0.990000  450.000  1124
   0.990000  460.000  995
   0.990000  470.000  921
   0.990000  480.000  854
   0.990000  490.000  763
   0.990000  500.000  702
   0.990000  510.000  656
   0.990000  520.000  538
   0.990000  530.000  477
   0.990000  540.000  437
   0.990000  550.000  402
   0.990000  560.000  389
   0.990000  570.000  359
   0.990000  580.000  313
   0.990000  590.000  273
   0.990000  600.000  227
   0.990000  610.000  242
   0.990000  620.000  210
   0.990000  630.000  209
   0.990000  640.000  166
   0.990000  650.000  153
   0.990000  660.000  68
   0.990000  670.000  50
   0.990000  680.000  31
   0.990000  690.000  43
   0.990000  700.000  26
   0.990000  710.000  28
   0.990000  720.000  33
   0.990000  730.000  29
   0.990000  740.000  32
   0.990000  750.000  22
   0.990000  760.000  26
   0.990000  770.000  13
   0.990000  780.000  12
   0.990000  790.000  11
   0.990000  800.000  8
   0.990000  810.000  5
   0.990000  820.000  6
   0.990000  830.000  8
   0.990000  840.000  6
   0.990000  850.000  8
   0.990000  860.000  8
   0.990000  870.000  4
   0.990000  880.000  3
   0.990000  890.000  3
   0.990000  900.000  2
   0.990000  910.000  3
   0.990000  920.000  3
   0.990000  930.000  1
   0.990000  950.000  1
   0.990000  960.000  2
   0.990000  970.000  3
   0.990000  980.000  3
   0.990000  990.000  4
   0.990000  1000.00  3
   0.990000  1010.00  2
   0.990000  1020.00  2
   0.990000  1030.00  3
   0.990000  1040.00  3
   0.990000  1050.00  3
   0.990000  1060.00  1
   0.990000  1150.00  1
   0.990000  1160.00  3
   0.990000  1170.00  2
   0.990000  1180.00  1
   0.900000  290.000  1076
   0.900000  300.000  2117
   0.900000  310.000  3075
   0.900000  320.000  3182
   0.900000  330.000  3180
   0.900000  340.000  2784
   0.900000  350.000  2466
   0.900000  360.000  2251
   0.900000  370.000  2067
   0.900000  380.000  1853
   0.900000  390.000  1687
   0.900000  400.000  1525
   0.900000  410.000  1329
   0.900000  420.000  1246
   0.900000  430.000  1034
   0.900000  440.000  984
   0.900000  450.000  901
   0.900000  460.000  761
   0.900000  470.000  713
   0.900000  480.000  611
   0.900000  490.000  589
   0.900000  500.000  495
   0.900000  510.000  460
   0.900000  520.000  430
   0.900000  530.000  329
   0.900000  540.000  296
   0.900000  550.000  269
   0.900000  560.000  251
   0.900000  570.000  232
   0.900000  580.000  225
   0.900000  590.000  182
   0.900000  600.000  183
   0.900000  610.000  127
   0.900000  620.000  134
   0.900000  630.000  122
   0.900000  640.000  122
   0.900000  650.000  97
   0.900000  660.000  58
   0.900000  670.000  47
   0.900000  680.000  46
   0.900000  690.000  37
   0.900000  700.000  22
   0.900000  710.000  18
   0.900000  720.000  18
   0.900000  730.000  27
   0.900000  740.000  19
   0.900000  750.000  14
   0.900000  760.000  13
   0.900000  770.000  14
   0.900000  780.000  10
   0.900000  790.000  9
   0.900000  800.000  3
   0.900000  810.000  3
   0.900000  820.000  4
   0.900000  830.000  7
   0.900000  840.000  4
   0.900000  850.000  3
   0.900000  860.000  1
   0.900000  870.000  1
   0.900000  880.000  3
   0.900000  890.000  1
   0.900000  910.000  1
   0.900000  930.000  3
   0.900000  940.000  2
   0.900000  950.000  3
   0.900000  960.000  3
   0.900000  970.000  2
   0.900000  980.000  3
   0.900000  990.000  3
   0.900000  1000.00  3
   0.900000  1010.00  2
   0.900000  1100.00  1
   0.900000  1110.00  2
   0.900000  1120.00  2
   0.900000  1130.00  1
   0.800000  290.000  1273
   0.800000  300.000  2266
   0.800000  310.000  2838
   0.800000  320.000  2933
   0.800000  330.000  2791
   0.800000  340.000  2354
   0.800000  350.000  2159
   0.800000  360.000  1926
   0.800000  370.000  1699
   0.800000  380.000  1491
   0.800000  390.000  1345
   0.800000  400.000  1192
   0.800000  410.000  985
   0.800000  420.000  901
   0.800000  430.000  742
   0.800000  440.000  691
   0.800000  450.000  600
   0.800000  460.000  551
   0.800000  470.000  468
   0.800000  480.000  401
   0.800000  490.000  387
   0.800000  500.000  328
   0.800000  510.000  277
   0.800000  520.000  245
   0.800000  530.000  239
   0.800000  540.000  186
   0.800000  550.000  160
   0.800000  560.000  136
   0.800000  570.000  133
   0.800000  580.000  97
   0.800000  590.000  113
   0.800000  600.000  92
   0.800000  610.000  89
   0.800000  620.000  54
   0.800000  630.000  58
   0.800000  640.000  43
   0.800000  650.000  62
   0.800000  660.000  27
   0.800000  670.000  42
   0.800000  680.000  34
   0.800000  690.000  30
   0.800000  700.000  15
   0.800000  710.000  20
   0.800000  720.000  18
   0.800000  730.000  15
   0.800000  740.000  11
   0.800000  750.000  11
   0.800000  760.000  11
   0.800000  770.000  7
   0.800000  780.000  5
   0.800000  790.000  8
   0.800000  800.000  4
   0.800000  810.000  5
   0.800000  820.000  3
   0.800000  830.000  3
   0.800000  840.000  2
   0.800000  850.000  4
   0.800000  860.000  2
   0.800000  870.000  1
   0.800000  890.000  1
   0.800000  900.000  1
   0.800000  910.000  2
   0.800000  920.000  3
   0.800000  930.000  3
   0.800000  940.000  2
   0.800000  950.000  2
   0.800000  960.000  3
   0.800000  970.000  1
   0.800000  980.000  1
   0.800000  990.000  1
   0.800000  1040.00  1
   0.800000  1050.00  1
   0.800000  1060.00  1
   0.800000  1070.00  1
   0.700000  290.000  1444
   0.700000  300.000  2485
   0.700000  310.000  2849
   0.700000  320.000  2782
   0.700000  330.000  2315
   0.700000  340.000  1932
   0.700000  350.000  1751
   0.700000  360.000  1539
   0.700000  370.000  1329
   0.700000  380.000  1068
   0.700000  390.000  1010
   0.700000  400.000  845
   0.700000  410.000  744
   0.700000  420.000  612
   0.700000  430.000  518
   0.700000  440.000  459
   0.700000  450.000  358
   0.700000  460.000  344
   0.700000  470.000  234
   0.700000  480.000  254
   0.700000  490.000  220
   0.700000  500.000  181
   0.700000  510.000  155
   0.700000  520.000  132
   0.700000  530.000  109
   0.700000  540.000  103
   0.700000  550.000  91
   0.700000  560.000  68
   0.700000  570.000  46
   0.700000  580.000  57
   0.700000  590.000  34
   0.700000  600.000  38
   0.700000  610.000  34
   0.700000  620.000  37
   0.700000  630.000  22
   0.700000  640.000  19
   0.700000  650.000  14
   0.700000  660.000  18
   0.700000  670.000  8
   0.700000  680.000  7
   0.700000  690.000  15
   0.700000  700.000  4
   0.700000  710.000  8
   0.700000  720.000  4
   0.700000  730.000  3
   0.700000  740.000  7
   0.700000  750.000  6
   0.700000  760.000  8
   0.700000  770.000  4
   0.700000  780.000  5
   0.700000  790.000  1
   0.700000  800.000  1
   0.700000  820.000  2
   0.700000  830.000  1
   0.700000  840.000  1
   0.700000  850.000  1
   0.700000  860.000  2
   0.700000  870.000  2
   0.700000  880.000  1
   0.700000  890.000  1
   0.700000  900.000  2
   0.700000  910.000  1
   0.700000  930.000  1
   0.700000  940.000  1
   0.700000  990.000  1
   0.700000  1000.00  1
   0.700000  1010.00  1
   0.600000  290.000  1628
   0.600000  300.000  2448
   0.600000  310.000  2721
   0.600000  320.000  2362
   0.600000  330.000  1891
   0.600000  340.000  1645
   0.600000  350.000  1317
   0.600000  360.000  1172
   0.600000  370.000  964
   0.600000  380.000  703
   0.600000  390.000  604
   0.600000  400.000  538
   0.600000  410.000  400
   0.600000  420.000  365
   0.600000  430.000  304
   0.600000  440.000  245
   0.600000  450.000  180
   0.600000  460.000  156
   0.600000  470.000  108
   0.600000  480.000  93
   0.600000  490.000  86
   0.600000  500.000  83
   0.600000  510.000  54
   0.600000  520.000  49
   0.600000  530.000  38
   0.600000  540.000  44
   0.600000  550.000  27
   0.600000  560.000  25
   0.600000  570.000  20
   0.600000  580.000  16
   0.600000  590.000  15
   0.600000  600.000  10
   0.600000  610.000  11
   0.600000  620.000  8
   0.600000  630.000  6
   0.600000  640.000  7
   0.600000  650.000  2
   0.600000  660.000  1
   0.600000  670.000  2
   0.600000  680.000  2
   0.600000  690.000  2
   0.600000  730.000  2
   0.600000  780.000  1
   0.600000  830.000  1
   0.600000  920.000  1
   0.500000  290.000  1693
   0.500000  300.000  2229
   0.500000  310.000  2177
   0.500000  320.000  1809
   0.500000  330.000  1297
   0.500000  340.000  1069
   0.500000  350.000  848
   0.500000  360.000  653
   0.500000  370.000  513
   0.500000  380.000  358
   0.500000  390.000  304
   0.500000  400.000  215
   0.500000  410.000  155
   0.500000  420.000  125
   0.500000  430.000  99
   0.500000  440.000  77
   0.500000  450.000  68
   0.500000  460.000  44
   0.500000  470.000  35
   0.500000  480.000  29
   0.500000  490.000  16
   0.500000  500.000  17
   0.500000  510.000  8
   0.500000  520.000  6
   0.500000  530.000  2
   0.500000  540.000  5
   0.500000  550.000  6
   0.500000  560.000  4
   0.500000  570.000  3
   0.500000  580.000  1
   0.500000  600.000  1
   0.500000  610.000  1
   0.500000  620.000  2
   0.500000  630.000  1
   0.500000  640.000  1
   0.500000  650.000  1
   0.500000  730.000  1
   0.400000  290.000  1457
   0.400000  300.000  1578
   0.400000  310.000  1370
   0.400000  320.000  903
   0.400000  330.000  646
   0.400000  340.000  494
   0.400000  350.000  341
   0.400000  360.000  262
   0.400000  370.000  182
   0.400000  380.000  123
   0.400000  390.000  77
   0.400000  400.000  51
   0.400000  410.000  39
   0.400000  420.000  30
   0.400000  430.000  19
   0.400000  440.000  17
   0.400000  450.000  9
   0.400000  460.000  8
   0.400000  470.000  3
   0.400000  480.000  3
   0.400000  500.000  3
   0.300000  290.000  922
   0.300000  300.000  782
   0.300000  310.000  388
   0.300000  320.000  265
   0.300000  330.000  123
   0.300000  340.000  80
   0.300000  350.000  46
   0.300000  360.000  24
   0.300000  370.000  20
   0.300000  380.000  17
   0.300000  390.000  2
   0.300000  400.000  4
   0.300000  410.000  1
   0.300000  420.000  1
   0.300000  430.000  1
   0.200000  290.000  176
   0.200000  300.000  58
   0.200000  310.000  13
   0.200000  320.000  7
   0.200000  330.000  2
   0.200000  340.000  1
