   0.990000  190.000  2202
   0.990000  200.000  4719
   0.990000  210.000  7560
   0.990000  220.000  9611
   0.990000  230.000  12944
   0.990000  240.000  16490
   0.990000  250.000  21851
   0.990000  260.000  27472
   0.990000  270.000  32425
   0.990000  280.000  37351
   0.990000  290.000  37210
   0.990000  300.000  35068
   0.990000  310.000  33388
   0.990000  320.000  31931
   0.990000  330.000  30077
   0.990000  340.000  28449
   0.990000  350.000  26895
   0.990000  360.000  25776
   0.990000  370.000  24376
   0.990000  380.000  22762
   0.990000  390.000  21440
   0.990000  400.000  20359
   0.990000  410.000  19134
   0.990000  420.000  18058
   0.990000  430.000  17391
   0.990000  440.000  16562
   0.990000  450.000  16129
   0.990000  460.000  15291
   0.990000  470.000  14795
   0.990000  480.000  14171
   0.990000  490.000  13888
   0.990000  500.000  13602
   0.990000  510.000  13129
   0.990000  520.000  12624
   0.990000  530.000  11907
   0.990000  540.000  11563
   0.990000  550.000  11194
   0.990000  560.000  10911
   0.990000  570.000  10457
   0.990000  580.000  10092
   0.990000  590.000  10086
   0.990000  600.000  9735
   0.990000  610.000  9625
   0.990000  620.000  9244
   0.990000  630.000  8951
   0.990000  640.000  8416
   0.990000  650.000  8104
   0.990000  660.000  1779
   0.990000  670.000  1347
   0.990000  680.000  1114
   0.990000  690.000  1057
   0.990000  700.000  978
   0.990000  710.000  961
   0.990000  720.000  916
   0.990000  730.000  861
   0.990000  740.000  783
   0.990000  750.000  699
   0.990000  760.000  610
   0.990000  770.000  538
   0.990000  780.000  452
   0.990000  790.000  361
   0.990000  800.000  208
   0.990000  810.000  188
   0.990000  820.000  173
   0.990000  830.000  160
   0.990000  840.000  161
   0.990000  850.000  156
   0.990000  860.000  150
   0.990000  870.000  136
   0.990000  880.000  128
   0.990000  890.000  129
   0.990000  900.000  119
   0.990000  910.000  108
   0.990000  920.000  104
   0.990000  930.000  104
   0.990000  940.000  101
   0.990000  950.000  105
   0.990000  960.000  94
   0.990000  970.000  91
   0.990000  980.000  91
   0.990000  990.000  87
   0.990000  1000.00  86
   0.990000  1010.00  75
   0.990000  1020.00  72
   0.990000  1030.00  71
   0.990000  1040.00  71
   0.990000  1050.00  65
   0.990000  1060.00  62
   0.990000  1070.00  61
   0.990000  1080.00  60
   0.990000  1090.00  56
   0.990000  1100.00  52
   0.990000  1110.00  55
   0.990000  1120.00  48
   0.990000  1130.00  44
   0.990000  1140.00  42
   0.990000  1150.00  41
   0.990000  1160.00  42
   0.990000  1170.00  42
   0.990000  1180.00  39
   0.990000  1190.00  39
   0.990000  1200.00  37
   0.990000  1210.00  29
   0.990000  1220.00  29
   0.990000  1230.00  27
   0.990000  1240.00  28
   0.990000  1250.00  27
   0.990000  1260.00  27
   0.990000  1270.00  27
   0.990000  1280.00  26
   0.990000  1290.00  19
   0.990000  1300.00  18
   0.990000  1310.00  18
   0.990000  1320.00  17
   0.990000  1330.00  14
   0.990000  1340.00  14
   0.990000  1350.00  14
   0.990000  1360.00  12
   0.990000  1370.00  6
   0.990000  1380.00  10
   0.990000  1390.00  11
   0.990000  1400.00  9
   0.990000  1410.00  7
   0.990000  1420.00  6
   0.990000  1430.00  6
   0.990000  1440.00  9
   0.990000  1450.00  9
   0.990000  1460.00  9
   0.990000  1470.00  9
   0.990000  1480.00  7
   0.990000  1490.00  8
   0.990000  1500.00  10
   0.990000  1510.00  8
   0.990000  1520.00  7
   0.990000  1530.00  4
   0.990000  1540.00  4
   0.990000  1550.00  4
   0.990000  1560.00  4
   0.990000  1570.00  3
   0.990000  1580.00  2
   0.990000  1590.00  2
   0.990000  1600.00  2
   0.990000  1610.00  3
   0.990000  1620.00  3
   0.990000  1630.00  1
   0.990000  1640.00  1
   0.990000  1650.00  1
   0.990000  1660.00  1
   0.990000  1670.00  1
   0.990000  1680.00  1
   0.990000  1690.00  1
   0.990000  1740.00  1
   0.990000  1750.00  1
   0.990000  1760.00  1
   0.990000  1770.00  1
   0.990000  1780.00  1
   0.990000  1790.00  1
   0.900000  200.000  2642
   0.900000  210.000  4984
   0.900000  220.000  7987
   0.900000  230.000  10823
   0.900000  240.000  14011
   0.900000  250.000  18954
   0.900000  260.000  24874
   0.900000  270.000  29218
   0.900000  280.000  34341
   0.900000  290.000  37305
   0.900000  300.000  37225
   0.900000  310.000  35560
   0.900000  320.000  33102
   0.900000  330.000  31362
   0.900000  340.000  29664
   0.900000  350.000  27827
   0.900000  360.000  26099
   0.900000  370.000  24623
   0.900000  380.000  23037
   0.900000  390.000  21451
   0.900000  400.000  20122
   0.900000  410.000  18893
   0.900000  420.000  18108
   0.900000  430.000  17543
   0.900000  440.000  16726
   0.900000  450.000  15893
   0.900000  460.000  15339
   0.900000  470.000  14788
   0.900000  480.000  14131
   0.900000  490.000  13669
   0.900000  500.000  13379
   0.900000  510.000  12902
   0.900000  520.000  12461
   0.900000  530.000  11837
   0.900000  540.000  11307
   0.900000  550.000  11076
   0.900000  560.000  10935
   0.900000  570.000  10586
   0.900000  580.000  10193
   0.900000  590.000  9939
   0.900000  600.000  9612
   0.900000  610.000  9165
   0.900000  620.000  8673
   0.900000  630.000  8191
   0.900000  640.000  7768
   0.900000  650.000  7338
   0.900000  660.000  1835
   0.900000  670.000  1748
   0.900000  680.000  1517
   0.900000  690.000  1380
   0.900000  700.000  896
   0.900000  710.000  842
   0.900000  720.000  799
   0.900000  730.000  799
   0.900000  740.000  787
   0.900000  750.000  739
   0.900000  760.000  634
   0.900000  770.000  556
   0.900000  780.000  548
   0.900000  790.000  443
   0.900000  800.000  412
   0.900000  810.000  338
   0.900000  820.000  202
   0.900000  830.000  148
   0.900000  840.000  134
   0.900000  850.000  128
   0.900000  860.000  130
   0.900000  870.000  131
   0.900000  880.000  108
   0.900000  890.000  105
   0.900000  900.000  102
   0.900000  910.000  103
   0.900000  920.000  105
   0.900000  930.000  95
   0.900000  940.000  90
   0.900000  950.000  91
   0.900000  960.000  90
   0.900000  970.000  68
   0.900000  980.000  68
   0.900000  990.000  64
   0.900000  1000.00  59
   0.900000  1010.00  59
   0.900000  1020.00  54
   0.900000  1030.00  50
   0.900000  1040.00  49
   0.900000  1050.00  52
   0.900000  1060.00  41
   0.900000  1070.00  41
   0.900000  1080.00  41
   0.900000  1090.00  38
   0.900000  1100.00  40
   0.900000  1110.00  35
   0.900000  1120.00  35
   0.900000  1130.00  37
   0.900000  1140.00  30
   0.900000  1150.00  28
   0.900000  1160.00  27
   0.900000  1170.00  27
   0.900000  1180.00  26
   0.900000  1190.00  24
   0.900000  1200.00  26
   0.900000  1210.00  20
   0.900000  1220.00  18
   0.900000  1230.00  19
   0.900000  1240.00  19
   0.900000  1250.00  15
   0.900000  1260.00  13
   0.900000  1270.00  12
   0.900000  1280.00  9
   0.900000  1290.00  7
   0.900000  1300.00  8
   0.900000  1310.00  9
   0.900000  1320.00  8
   0.900000  1330.00  8
   0.900000  1340.00  8
   0.900000  1350.00  8
   0.900000  1360.00  9
   0.900000  1370.00  8
   0.900000  1380.00  8
   0.900000  1390.00  8
   0.900000  1400.00  7
   0.900000  1410.00  7
   0.900000  1420.00  4
   0.900000  1430.00  4
   0.900000  1440.00  4
   0.900000  1450.00  4
   0.900000  1460.00  4
   0.900000  1470.00  2
   0.900000  1480.00  2
   0.900000  1490.00  1
   0.900000  1500.00  1
   0.900000  1510.00  1
   0.900000  1520.00  1
   0.900000  1530.00  1
   0.900000  1540.00  1
   0.900000  1550.00  1
   0.900000  1560.00  1
   0.900000  1570.00  1
   0.900000  1580.00  1
   0.900000  1590.00  1
   0.900000  1600.00  1
   0.900000  1610.00  1
   0.900000  1620.00  1
   0.900000  1630.00  2
   0.900000  1640.00  2
   0.900000  1650.00  2
   0.900000  1660.00  1
   0.900000  1670.00  1
   0.800000  210.000  1870
   0.800000  220.000  4171
   0.800000  230.000  6879
   0.800000  240.000  9788
   0.800000  250.000  14575
   0.800000  260.000  20017
   0.800000  270.000  23866
   0.800000  280.000  27552
   0.800000  290.000  31506
   0.800000  300.000  34494
   0.800000  310.000  36080
   0.800000  320.000  34153
   0.800000  330.000  32141
   0.800000  340.000  29802
   0.800000  350.000  28420
   0.800000  360.000  27184
   0.800000  370.000  25776
   0.800000  380.000  23485
   0.800000  390.000  21437
   0.800000  400.000  19665
   0.800000  410.000  18567
   0.800000  420.000  17704
   0.800000  430.000  16934
   0.800000  440.000  16548
   0.800000  450.000  15550
   0.800000  460.000  14904
   0.800000  470.000  14007
   0.800000  480.000  13311
   0.800000  490.000  12742
   0.800000  500.000  12176
   0.800000  510.000  11932
   0.800000  520.000  11722
   0.800000  530.000  11211
   0.800000  540.000  10931
   0.800000  550.000  10533
   0.800000  560.000  10189
   0.800000  570.000  9810
   0.800000  580.000  9122
   0.800000  590.000  8803
   0.800000  600.000  8346
   0.800000  610.000  7851
   0.800000  620.000  7419
   0.800000  630.000  6933
   0.800000  640.000  6631
   0.800000  650.000  6301
   0.800000  660.000  2307
   0.800000  670.000  2070
   0.800000  680.000  1730
   0.800000  690.000  1373
   0.800000  700.000  1244
   0.800000  710.000  1086
   0.800000  720.000  1039
   0.800000  730.000  942
   0.800000  740.000  763
   0.800000  750.000  560
   0.800000  760.000  552
   0.800000  770.000  515
   0.800000  780.000  480
   0.800000  790.000  431
   0.800000  800.000  404
   0.800000  810.000  373
   0.800000  820.000  324
   0.800000  830.000  294
   0.800000  840.000  254
   0.800000  850.000  209
   0.800000  860.000  157
   0.800000  870.000  97
   0.800000  880.000  103
   0.800000  890.000  98
   0.800000  900.000  94
   0.800000  910.000  90
   0.800000  920.000  90
   0.800000  930.000  69
   0.800000  940.000  66
   0.800000  950.000  63
   0.800000  960.000  61
   0.800000  970.000  55
   0.800000  980.000  51
   0.800000  990.000  48
   0.800000  1000.00  39
   0.800000  1010.00  38
   0.800000  1020.00  36
   0.800000  1030.00  38
   0.800000  1040.00  36
   0.800000  1050.00  36
   0.800000  1060.00  36
   0.800000  1070.00  33
   0.800000  1080.00  30
   0.800000  1090.00  26
   0.800000  1100.00  25
   0.800000  1110.00  23
   0.800000  1120.00  23
   0.800000  1130.00  19
   0.800000  1140.00  16
   0.800000  1150.00  17
   0.800000  1160.00  15
   0.800000  1170.00  15
   0.800000  1180.00  16
   0.800000  1190.00  9
   0.800000  1200.00  8
   0.800000  1210.00  8
   0.800000  1220.00  6
   0.800000  1230.00  7
   0.800000  1240.00  8
   0.800000  1250.00  8
   0.800000  1260.00  9
   0.800000  1270.00  8
   0.800000  1280.00  7
   0.800000  1290.00  9
   0.800000  1300.00  9
   0.800000  1310.00  6
   0.800000  1320.00  5
   0.800000  1330.00  5
   0.800000  1340.00  3
   0.800000  1350.00  4
   0.800000  1360.00  1
   0.800000  1370.00  2
   0.800000  1380.00  1
   0.800000  1390.00  1
   0.800000  1400.00  1
   0.800000  1410.00  1
   0.800000  1420.00  1
   0.800000  1430.00  1
   0.800000  1440.00  1
   0.800000  1450.00  1
   0.800000  1460.00  1
   0.800000  1470.00  1
   0.800000  1480.00  1
   0.800000  1490.00  1
   0.800000  1500.00  2
   0.800000  1510.00  2
   0.800000  1520.00  2
   0.800000  1530.00  2
   0.800000  1680.00  1
   0.800000  1690.00  1
   0.700000  230.000  2391
   0.700000  240.000  5099
   0.700000  250.000  8287
   0.700000  260.000  13045
   0.700000  270.000  15301
   0.700000  280.000  18922
   0.700000  290.000  22651
   0.700000  300.000  26461
   0.700000  310.000  27887
   0.700000  320.000  30356
   0.700000  330.000  31310
   0.700000  340.000  30982
   0.700000  350.000  30178
   0.700000  360.000  29117
   0.700000  370.000  27231
   0.700000  380.000  23845
   0.700000  390.000  21312
   0.700000  400.000  19584
   0.700000  410.000  18436
   0.700000  420.000  17321
   0.700000  430.000  16159
   0.700000  440.000  15507
   0.700000  450.000  14470
   0.700000  460.000  13815
   0.700000  470.000  12842
   0.700000  480.000  12090
   0.700000  490.000  11872
   0.700000  500.000  11240
   0.700000  510.000  10816
   0.700000  520.000  10246
   0.700000  530.000  9736
   0.700000  540.000  9479
   0.700000  550.000  9134
   0.700000  560.000  8303
   0.700000  570.000  7927
   0.700000  580.000  7577
   0.700000  590.000  6993
   0.700000  600.000  6609
   0.700000  610.000  6408
   0.700000  620.000  5929
   0.700000  630.000  5529
   0.700000  640.000  5327
   0.700000  650.000  4743
   0.700000  660.000  3546
   0.700000  670.000  3207
   0.700000  680.000  2607
   0.700000  690.000  2377
   0.700000  700.000  1946
   0.700000  710.000  1737
   0.700000  720.000  1439
   0.700000  730.000  1132
   0.700000  740.000  1108
   0.700000  750.000  996
   0.700000  760.000  805
   0.700000  770.000  648
   0.700000  780.000  567
   0.700000  790.000  506
   0.700000  800.000  443
   0.700000  810.000  359
   0.700000  820.000  275
   0.700000  830.000  259
   0.700000  840.000  220
   0.700000  850.000  198
   0.700000  860.000  166
   0.700000  870.000  136
   0.700000  880.000  138
   0.700000  890.000  104
   0.700000  900.000  108
   0.700000  910.000  100
   0.700000  920.000  79
   0.700000  930.000  45
   0.700000  940.000  45
   0.700000  950.000  41
   0.700000  960.000  36
   0.700000  970.000  35
   0.700000  980.000  34
   0.700000  990.000  35
   0.700000  1000.00  35
   0.700000  1010.00  29
   0.700000  1020.00  30
   0.700000  1030.00  30
   0.700000  1040.00  26
   0.700000  1050.00  22
   0.700000  1060.00  22
   0.700000  1070.00  18
   0.700000  1080.00  17
   0.700000  1090.00  14
   0.700000  1100.00  14
   0.700000  1110.00  15
   0.700000  1120.00  12
   0.700000  1130.00  10
   0.700000  1140.00  5
   0.700000  1150.00  5
   0.700000  1160.00  6
   0.700000  1170.00  6
   0.700000  1180.00  6
   0.700000  1190.00  7
   0.700000  1200.00  6
   0.700000  1210.00  8
   0.700000  1220.00  8
   0.700000  1230.00  6
   0.700000  1240.00  5
   0.700000  1250.00  3
   0.700000  1260.00  2
   0.700000  1270.00  2
   0.700000  1280.00  1
   0.700000  1290.00  1
   0.700000  1300.00  1
   0.700000  1310.00  1
   0.700000  1320.00  1
   0.700000  1330.00  1
   0.700000  1340.00  1
   0.700000  1350.00  1
   0.700000  1360.00  1
   0.700000  1370.00  1
   0.700000  1380.00  1
   0.700000  1390.00  1
   0.700000  1400.00  1
   0.700000  1410.00  2
   0.700000  1420.00  2
   0.700000  1430.00  1
   0.700000  1580.00  1
   0.700000  1590.00  1
   0.600000  250.000  1845
   0.600000  260.000  4834
   0.600000  270.000  7799
   0.600000  280.000  9985
   0.600000  290.000  12364
   0.600000  300.000  15879
   0.600000  310.000  18008
   0.600000  320.000  20889
   0.600000  330.000  22927
   0.600000  340.000  24894
   0.600000  350.000  26258
   0.600000  360.000  26451
   0.600000  370.000  25345
   0.600000  380.000  22869
   0.600000  390.000  20420
   0.600000  400.000  18186
   0.600000  410.000  16690
   0.600000  420.000  15749
   0.600000  430.000  15041
   0.600000  440.000  14309
   0.600000  450.000  13058
   0.600000  460.000  11963
   0.600000  470.000  10994
   0.600000  480.000  10558
   0.600000  490.000  9982
   0.600000  500.000  9314
   0.600000  510.000  8937
   0.600000  520.000  8475
   0.600000  530.000  8170
   0.600000  540.000  7614
   0.600000  550.000  6965
   0.600000  560.000  6561
   0.600000  570.000  6276
   0.600000  580.000  5668
   0.600000  590.000  5304
   0.600000  600.000  4959
   0.600000  610.000  4687
   0.600000  620.000  4285
   0.600000  630.000  3921
   0.600000  640.000  3615
   0.600000  650.000  3379
   0.600000  660.000  3015
   0.600000  670.000  2807
   0.600000  680.000  2592
   0.600000  690.000  2376
   0.600000  700.000  2235
   0.600000  710.000  1986
   0.600000  720.000  1784
   0.600000  730.000  1541
   0.600000  740.000  1301
   0.600000  750.000  1107
   0.600000  760.000  946
   0.600000  770.000  829
   0.600000  780.000  719
   0.600000  790.000  623
   0.600000  800.000  577
   0.600000  810.000  500
   0.600000  820.000  361
   0.600000  830.000  317
   0.600000  840.000  297
   0.600000  850.000  246
   0.600000  860.000  203
   0.600000  870.000  185
   0.600000  880.000  162
   0.600000  890.000  158
   0.600000  900.000  135
   0.600000  910.000  95
   0.600000  920.000  84
   0.600000  930.000  72
   0.600000  940.000  57
   0.600000  950.000  40
   0.600000  960.000  39
   0.600000  970.000  38
   0.600000  980.000  37
   0.600000  990.000  23
   0.600000  1000.00  18
   0.600000  1010.00  17
   0.600000  1020.00  19
   0.600000  1030.00  17
   0.600000  1040.00  16
   0.600000  1050.00  15
   0.600000  1060.00  11
   0.600000  1070.00  10
   0.600000  1080.00  6
   0.600000  1090.00  7
   0.600000  1100.00  5
   0.600000  1110.00  6
   0.600000  1120.00  5
   0.600000  1130.00  5
   0.600000  1140.00  6
   0.600000  1150.00  7
   0.600000  1160.00  4
   0.600000  1170.00  5
   0.600000  1180.00  3
   0.600000  1190.00  2
   0.600000  1200.00  1
   0.600000  1210.00  1
   0.600000  1220.00  2
   0.600000  1230.00  2
   0.600000  1240.00  1
   0.600000  1250.00  2
   0.600000  1260.00  2
   0.600000  1270.00  2
   0.600000  1280.00  2
   0.600000  1290.00  2
   0.600000  1300.00  1
   0.600000  1310.00  1
   0.600000  1320.00  1
   0.600000  1330.00  1
   0.600000  1340.00  1
   0.600000  1350.00  2
   0.600000  1360.00  1
   0.600000  1500.00  1
   0.600000  1510.00  1
   0.500000  280.000  1839
   0.500000  290.000  3748
   0.500000  300.000  5677
   0.500000  310.000  7665
   0.500000  320.000  9817
   0.500000  330.000  11978
   0.500000  340.000  14140
   0.500000  350.000  16467
   0.500000  360.000  17979
   0.500000  370.000  18938
   0.500000  380.000  18367
   0.500000  390.000  17631
   0.500000  400.000  15584
   0.500000  410.000  13950
   0.500000  420.000  12535
   0.500000  430.000  11549
   0.500000  440.000  11033
   0.500000  450.000  10035
   0.500000  460.000  9017
   0.500000  470.000  8384
   0.500000  480.000  7849
   0.500000  490.000  7169
   0.500000  500.000  6613
   0.500000  510.000  6183
   0.500000  520.000  5871
   0.500000  530.000  5437
   0.500000  540.000  4990
   0.500000  550.000  4603
   0.500000  560.000  4106
   0.500000  570.000  3909
   0.500000  580.000  3551
   0.500000  590.000  3217
   0.500000  600.000  2893
   0.500000  610.000  2780
   0.500000  620.000  2473
   0.500000  630.000  2220
   0.500000  640.000  2123
   0.500000  650.000  1776
   0.500000  660.000  1694
   0.500000  670.000  1500
   0.500000  680.000  1338
   0.500000  690.000  1255
   0.500000  700.000  1090
   0.500000  710.000  957
   0.500000  720.000  867
   0.500000  730.000  799
   0.500000  740.000  668
   0.500000  750.000  579
   0.500000  760.000  544
   0.500000  770.000  509
   0.500000  780.000  419
   0.500000  790.000  374
   0.500000  800.000  357
   0.500000  810.000  354
   0.500000  820.000  300
   0.500000  830.000  275
   0.500000  840.000  216
   0.500000  850.000  211
   0.500000  860.000  179
   0.500000  870.000  147
   0.500000  880.000  127
   0.500000  890.000  114
   0.500000  900.000  92
   0.500000  910.000  77
   0.500000  920.000  64
   0.500000  930.000  63
   0.500000  940.000  50
   0.500000  950.000  41
   0.500000  960.000  33
   0.500000  970.000  26
   0.500000  980.000  32
   0.500000  990.000  26
   0.500000  1000.00  28
   0.500000  1010.00  14
   0.500000  1020.00  17
   0.500000  1030.00  10
   0.500000  1040.00  10
   0.500000  1050.00  13
   0.500000  1060.00  12
   0.500000  1070.00  8
   0.500000  1080.00  8
   0.500000  1090.00  5
   0.500000  1100.00  5
   0.500000  1110.00  3
   0.500000  1120.00  3
   0.500000  1130.00  4
   0.500000  1140.00  2
   0.500000  1150.00  1
   0.500000  1160.00  1
   0.500000  1170.00  1
   0.500000  1180.00  1
   0.500000  1190.00  1
   0.500000  1200.00  2
   0.500000  1210.00  2
   0.500000  1220.00  2
   0.500000  1230.00  2
   0.500000  1240.00  1
   0.500000  1250.00  1
   0.500000  1260.00  1
   0.500000  1270.00  1
   0.500000  1280.00  1
   0.500000  1290.00  2
   0.500000  1430.00  1
   0.500000  1440.00  1
   0.400000  320.000  502
   0.400000  330.000  1428
   0.400000  340.000  3116
   0.400000  350.000  4939
   0.400000  360.000  6063
   0.400000  370.000  7864
   0.400000  380.000  8360
   0.400000  390.000  8834
   0.400000  400.000  8744
   0.400000  410.000  8608
   0.400000  420.000  8493
   0.400000  430.000  7791
   0.400000  440.000  7209
   0.400000  450.000  6078
   0.400000  460.000  5293
   0.400000  470.000  4904
   0.400000  480.000  4180
   0.400000  490.000  3878
   0.400000  500.000  3392
   0.400000  510.000  2915
   0.400000  520.000  2836
   0.400000  530.000  2612
   0.400000  540.000  2321
   0.400000  550.000  2103
   0.400000  560.000  1823
   0.400000  570.000  1727
   0.400000  580.000  1428
   0.400000  590.000  1393
   0.400000  600.000  1225
   0.400000  610.000  1097
   0.400000  620.000  916
   0.400000  630.000  861
   0.400000  640.000  767
   0.400000  650.000  587
   0.400000  660.000  549
   0.400000  670.000  508
   0.400000  680.000  467
   0.400000  690.000  376
   0.400000  700.000  326
   0.400000  710.000  287
   0.400000  720.000  253
   0.400000  730.000  196
   0.400000  740.000  196
   0.400000  750.000  169
   0.400000  760.000  151
   0.400000  770.000  114
   0.400000  780.000  111
   0.400000  790.000  102
   0.400000  800.000  95
   0.400000  810.000  68
   0.400000  820.000  72
   0.400000  830.000  73
   0.400000  840.000  49
   0.400000  850.000  54
   0.400000  860.000  48
   0.400000  870.000  32
   0.400000  880.000  31
   0.400000  890.000  29
   0.400000  900.000  28
   0.400000  910.000  21
   0.400000  920.000  20
   0.400000  930.000  13
   0.400000  940.000  11
   0.400000  950.000  16
   0.400000  960.000  8
   0.400000  970.000  7
   0.400000  980.000  7
   0.400000  990.000  6
   0.400000  1000.00  5
   0.400000  1010.00  6
   0.400000  1020.00  3
   0.400000  1030.00  5
   0.400000  1040.00  6
   0.400000  1050.00  7
   0.400000  1060.00  6
   0.400000  1070.00  4
   0.400000  1080.00  3
   0.400000  1090.00  1
   0.400000  1100.00  2
   0.400000  1110.00  2
   0.400000  1120.00  1
   0.400000  1130.00  2
   0.400000  1140.00  1
   0.400000  1150.00  2
   0.400000  1160.00  2
   0.400000  1170.00  2
   0.400000  1180.00  2
   0.400000  1190.00  1
   0.400000  1200.00  1
   0.400000  1370.00  1
   0.400000  1380.00  1
   0.400000  1390.00  1
   0.300000  390.000  643
   0.300000  400.000  1148
   0.300000  410.000  1637
   0.300000  420.000  2040
   0.300000  430.000  2231
   0.300000  440.000  2275
   0.300000  450.000  2372
   0.300000  460.000  2063
   0.300000  470.000  1757
   0.300000  480.000  1589
   0.300000  490.000  1302
   0.300000  500.000  1095
   0.300000  510.000  911
   0.300000  520.000  787
   0.300000  530.000  704
   0.300000  540.000  625
   0.300000  550.000  443
   0.300000  560.000  389
   0.300000  570.000  387
   0.300000  580.000  277
   0.300000  590.000  255
   0.300000  600.000  196
   0.300000  610.000  202
   0.300000  620.000  173
   0.300000  630.000  146
   0.300000  640.000  143
   0.300000  650.000  123
   0.300000  660.000  103
   0.300000  670.000  95
   0.300000  680.000  80
   0.300000  690.000  79
   0.300000  700.000  64
   0.300000  710.000  56
   0.300000  720.000  45
   0.300000  730.000  49
   0.300000  740.000  45
   0.300000  750.000  32
   0.300000  760.000  29
   0.300000  770.000  21
   0.300000  780.000  21
   0.300000  790.000  22
   0.300000  800.000  21
   0.300000  810.000  19
   0.300000  820.000  19
   0.300000  830.000  18
   0.300000  840.000  12
   0.300000  850.000  14
   0.300000  860.000  12
   0.300000  870.000  8
   0.300000  880.000  9
   0.300000  890.000  5
   0.300000  900.000  4
   0.300000  910.000  4
   0.300000  920.000  3
   0.300000  930.000  2
   0.300000  940.000  1
   0.300000  950.000  1
   0.300000  960.000  1
   0.300000  970.000  1
   0.300000  1000.00  1
   0.300000  1010.00  2
   0.300000  1020.00  1
   0.300000  1050.00  1
   0.300000  1060.00  1
   0.300000  1090.00  1
   0.300000  1100.00  1
   0.300000  1110.00  1
   0.300000  1120.00  1
   0.300000  1270.00  1
   0.200000  480.000  21
   0.200000  490.000  48
   0.200000  500.000  67
   0.200000  510.000  69
   0.200000  520.000  71
   0.200000  530.000  57
   0.200000  540.000  56
   0.200000  550.000  51
   0.200000  560.000  37
   0.200000  570.000  38
   0.200000  580.000  33
   0.200000  590.000  43
   0.200000  600.000  32
   0.200000  610.000  24
   0.200000  620.000  22
   0.200000  630.000  29
   0.200000  640.000  30
   0.200000  650.000  37
   0.200000  660.000  37
   0.200000  670.000  32
   0.200000  680.000  26
   0.200000  690.000  28
   0.200000  700.000  20
   0.200000  710.000  20
   0.200000  720.000  13
   0.200000  730.000  8
   0.200000  740.000  13
   0.200000  750.000  13
   0.200000  760.000  7
   0.200000  770.000  9
   0.200000  780.000  4
   0.200000  790.000  4
   0.200000  800.000  3
   0.200000  810.000  3
   0.200000  820.000  4
   0.200000  830.000  2
   0.200000  840.000  2
   0.200000  850.000  4
   0.200000  860.000  3
   0.200000  870.000  3
   0.200000  990.000  1
   0.200000  1000.00  1
   0.100000  630.000  1
   0.100000  640.000  3
   0.100000  650.000  2
   0.100000  660.000  2
   0.100000  670.000  2
   0.100000  680.000  4
   0.100000  690.000  3
   0.100000  700.000  1
   0.100000  710.000  1
