segment District of Columbia
38.987 -77.052
38.995 -77.041
38.992 -77.036
38.984 -77.026
38.978 -77.018
38.976 -77.016
38.974 -77.014
38.97 -77.008
38.965 -77.002
38.963 -76.999
38.961 -76.997
38.957 -76.992
38.955 -76.989
38.952 -76.985
38.946 -76.978
38.938 -76.967
38.935 -76.963
38.933 -76.961
38.932 -76.96
38.931 -76.958
38.925 -76.951
38.919 -76.942
38.913 -76.935
38.91 -76.932
38.904 -76.923
38.901 -76.92
38.897 -76.914
38.896 -76.913
38.893 -76.909
38.892 -76.911
38.89 -76.913
38.889 -76.915
38.886 -76.919
38.885 -76.919
38.884 -76.92
38.881 -76.924
38.875 -76.932
38.874 -76.934
38.873 -76.935
38.866 -76.944
38.864 -76.947
38.861 -76.95
38.859 -76.954
38.855 -76.958
38.854 -76.959
38.852 -76.962
38.851 -76.963
38.849 -76.965
38.848 -76.967
38.847 -76.968
38.845 -76.971
38.843 -76.973
38.838 -76.979
38.834 -76.985
38.831 -76.989
38.83 -76.991
38.829 -76.991
38.828 -76.993
38.825 -76.997
38.824 -76.998
38.822 -77
38.822 -77.001
38.815 -77.009
38.792 -77.039
38.801 -77.039
38.815 -77.036
38.816 -77.038
38.82 -77.039
38.821 -77.039
38.829 -77.038
38.832 -77.039
38.834 -77.041
38.834 -77.043
38.833 -77.043
38.835 -77.045
38.839 -77.045
38.84 -77.044
38.84 -77.042
38.842 -77.033
38.851 -77.032
38.862 -77.038
38.864 -77.039
38.866 -77.039
38.868 -77.039
38.871 -77.041
38.874 -77.043
38.875 -77.045
38.875 -77.047
38.873 -77.046
38.871 -77.046
38.871 -77.049
38.873 -77.051
38.875 -77.051
38.879 -77.054
38.88 -77.055
38.88 -77.058
38.889 -77.063
38.891 -77.064
38.899 -77.067
38.9 -77.068
38.901 -77.07
38.901 -77.075
38.901 -77.078
38.902 -77.082
38.904 -77.09
38.906 -77.094
38.911 -77.101
38.913 -77.103
38.916 -77.105
38.919 -77.106
38.925 -77.113
38.929 -77.117
38.932 -77.118
38.934 -77.12
38.94 -77.113
38.943 -77.109
38.946 -77.104
38.949 -77.101
38.951 -77.098
38.957 -77.091
38.961 -77.086
38.965 -77.08
38.967 -77.078
38.972 -77.072
38.975 -77.068
38.975 -77.067
38.978 -77.064
38.979 -77.063
38.985 -77.054
38.987 -77.052
