segment Florida
30.993 -86.052
30.993 -86.035
30.993 -85.999
30.993 -85.936
30.993 -85.894
30.994 -85.831
30.995 -85.75
30.996 -85.692
30.996 -85.652
30.996 -85.631
30.996 -85.583
30.997 -85.498
30.997 -85.493
30.999 -85.382
31 -85.329
31.001 -85.244
31.001 -85.203
31.001 -85.154
31.001 -85.152
31.001 -85.146
31.001 -85.117
31.001 -85.058
31.001 -85.055
31.001 -85.052
31.001 -85.031
31.001 -85.03
31.001 -85.028
31.001 -85.024
31.001 -85.002
30.998 -85.002
30.997 -85.002
30.988 -85.002
30.987 -85.003
30.98 -85.006
30.978 -85.006
30.977 -85.006
30.975 -85.005
30.973 -85.004
30.971 -85
30.971 -84.998
30.969 -84.988
30.968 -84.986
30.967 -84.985
30.966 -84.983
30.961 -84.98
30.959 -84.98
30.957 -84.98
30.955 -84.98
30.947 -84.982
30.943 -84.983
30.937 -84.984
30.935 -84.983
30.933 -84.981
30.931 -84.975
30.928 -84.971
30.922 -84.969
30.917 -84.967
30.908 -84.956
30.902 -84.952
30.897 -84.95
30.888 -84.943
30.888 -84.941
30.887 -84.94
30.886 -84.938
30.885 -84.937
30.882 -84.935
30.88 -84.936
30.879 -84.936
30.876 -84.938
30.873 -84.938
30.871 -84.938
30.869 -84.937
30.868 -84.936
30.865 -84.935
30.863 -84.934
30.862 -84.934
30.861 -84.935
30.858 -84.935
30.855 -84.935
30.854 -84.935
30.851 -84.933
30.849 -84.93
30.847 -84.929
30.844 -84.928
30.843 -84.928
30.84 -84.929
30.838 -84.931
30.837 -84.932
30.834 -84.934
30.831 -84.935
30.825 -84.936
30.821 -84.936
30.817 -84.935
30.81 -84.931
30.805 -84.928
30.803 -84.928
30.797 -84.929
30.796 -84.929
30.793 -84.928
30.79 -84.927
30.778 -84.918
30.776 -84.917
30.772 -84.918
30.766 -84.92
30.763 -84.917
30.761 -84.915
30.754 -84.914
30.752 -84.914
30.751 -84.911
30.751 -84.907
30.751 -84.906
30.752 -84.903
30.752 -84.9
30.751 -84.898
30.751 -84.896
30.742 -84.888
30.735 -84.885
30.733 -84.884
30.727 -84.875
30.722 -84.87
30.712 -84.865
30.711 -84.836
30.709 -84.79
30.706 -84.725
30.703 -84.666
30.703 -84.665
30.702 -84.645
30.701 -84.625
30.7 -84.606
30.697 -84.539
30.697 -84.535
30.696 -84.526
30.693 -84.474
30.69 -84.381
30.69 -84.379
30.69 -84.375
30.685 -84.281
30.684 -84.254
30.684 -84.25
30.68 -84.155
30.678 -84.125
30.678 -84.119
30.677 -84.108
30.676 -84.085
30.675 -84.073
30.675 -84.057
30.674 -84.047
30.674 -84.042
30.674 -84.04
30.673 -84.019
30.672 -84.007
30.666 -83.88
30.664 -83.855
30.663 -83.821
30.662 -83.811
30.662 -83.809
30.655 -83.677
30.655 -83.674
30.651 -83.612
30.648 -83.537
30.647 -83.535
30.646 -83.5
30.642 -83.449
30.642 -83.44
30.641 -83.43
30.642 -83.429
30.639 -83.39
30.639 -83.379
30.636 -83.341
30.635 -83.312
30.634 -83.309
30.627 -83.187
30.626 -83.174
30.626 -83.172
30.626 -83.163
30.626 -83.156
30.624 -83.136
30.624 -83.131
30.623 -83.124
30.623 -83.119
30.619 -83.056
30.613 -82.94
30.609 -82.879
30.609 -82.877
30.598 -82.699
30.598 -82.689
30.591 -82.569
30.591 -82.565
30.59 -82.553
30.589 -82.545
30.589 -82.536
30.588 -82.525
30.584 -82.46
30.579 -82.375
30.573 -82.287
30.572 -82.258
30.571 -82.25
30.569 -82.215
30.567 -82.214
30.564 -82.219
30.563 -82.223
30.561 -82.227
30.556 -82.232
30.545 -82.236
30.537 -82.236
30.533 -82.235
30.527 -82.231
30.521 -82.229
30.517 -82.23
30.51 -82.227
30.508 -82.225
30.504 -82.219
30.499 -82.213
30.492 -82.206
30.485 -82.201
30.474 -82.201
30.469 -82.205
30.461 -82.208
30.457 -82.208
30.456 -82.206
30.452 -82.205
30.445 -82.204
30.437 -82.206
30.433 -82.21
30.425 -82.21
30.401 -82.204
30.394 -82.2
30.379 -82.193
30.376 -82.19
30.374 -82.184
30.369 -82.18
30.36 -82.172
30.359 -82.17
30.358 -82.165
30.358 -82.162
30.36 -82.158
30.363 -82.143
30.366 -82.128
30.366 -82.125
30.367 -82.116
30.368 -82.113
30.368 -82.105
30.368 -82.103
30.367 -82.101
30.365 -82.102
30.365 -82.101
30.364 -82.1
30.364 -82.099
30.361 -82.095
30.359 -82.081
30.359 -82.069
30.36 -82.06
30.362 -82.05
30.363 -82.048
30.369 -82.042
30.37 -82.041
30.375 -82.038
30.378 -82.037
30.384 -82.036
30.385 -82.036
30.397 -82.041
30.403 -82.042
30.41 -82.041
30.414 -82.04
30.419 -82.037
30.422 -82.034
30.428 -82.034
30.435 -82.037
30.438 -82.036
30.445 -82.03
30.447 -82.028
30.458 -82.025
30.464 -82.024
30.467 -82.024
30.475 -82.018
30.478 -82.017
30.479 -82.017
30.488 -82.017
30.492 -82.018
30.495 -82.016
30.496 -82.016
30.5 -82.016
30.511 -82.015
30.512 -82.015
30.513 -82.015
30.518 -82.016
30.519 -82.017
30.521 -82.018
30.524 -82.019
30.531 -82.018
30.55 -82.013
30.563 -82.005
30.566 -82.006
30.576 -82.008
30.577 -82.008
30.583 -82.01
30.594 -82.012
30.602 -82.016
30.602 -82.017
30.604 -82.02
30.606 -82.027
30.607 -82.027
30.613 -82.027
30.622 -82.028
30.63 -82.034
30.633 -82.038
30.637 -82.04
30.641 -82.039
30.643 -82.04
30.649 -82.042
30.652 -82.046
30.656 -82.05
30.674 -82.05
30.676 -82.05
30.692 -82.042
30.707 -82.036
30.719 -82.038
30.723 -82.039
30.725 -82.041
30.73 -82.044
30.734 -82.041
30.738 -82.04
30.744 -82.04
30.748 -82.04
30.749 -82.039
30.751 -82.036
30.751 -82.033
30.751 -82.028
30.755 -82.018
30.761 -82.013
30.763 -82.012
30.776 -82.018
30.783 -82.024
30.786 -82.024
30.787 -82.024
30.788 -82.023
30.792 -82.017
30.793 -82.008
30.792 -82.005
30.786 -81.995
30.782 -81.991
30.78 -81.989
30.777 -81.981
30.776 -81.979
30.778 -81.974
30.782 -81.972
30.797 -81.963
30.8 -81.962
30.808 -81.962
30.814 -81.963
30.818 -81.962
30.821 -81.96
30.827 -81.95
30.827 -81.943
30.827 -81.942
30.826 -81.938
30.821 -81.935
30.82 -81.935
30.818 -81.924
30.816 -81.912
30.816 -81.911
30.817 -81.906
30.818 -81.905
30.819 -81.904
30.821 -81.902
30.822 -81.899
30.821 -81.896
30.819 -81.893
30.816 -81.891
30.813 -81.889
30.805 -81.883
30.8 -81.877
30.794 -81.87
30.793 -81.869
30.794 -81.853
30.791 -81.846
30.787 -81.842
30.786 -81.84
30.787 -81.838
30.789 -81.827
30.79 -81.809
30.79 -81.807
30.786 -81.796
30.784 -81.793
30.778 -81.787
30.774 -81.784
30.77 -81.783
30.768 -81.779
30.768 -81.775
30.769 -81.773
30.77 -81.773
30.772 -81.77
30.774 -81.768
30.774 -81.763
30.771 -81.759
30.768 -81.755
30.767 -81.751
30.767 -81.75
30.767 -81.749
30.766 -81.748
30.766 -81.746
30.765 -81.745
30.764 -81.744
30.762 -81.743
30.76 -81.743
30.759 -81.743
30.75 -81.732
30.747 -81.727
30.745 -81.72
30.745 -81.718
30.746 -81.711
30.747 -81.707
30.748 -81.695
30.747 -81.693
30.744 -81.692
30.743 -81.691
30.741 -81.689
30.739 -81.673
30.74 -81.67
30.741 -81.669
30.745 -81.668
30.746 -81.667
30.747 -81.665
30.747 -81.663
30.747 -81.662
30.745 -81.657
30.744 -81.655
30.743 -81.652
30.742 -81.652
30.741 -81.652
30.74 -81.652
30.736 -81.652
30.732 -81.652
30.73 -81.65
30.729 -81.649
30.728 -81.646
30.73 -81.633
30.732 -81.63
30.732 -81.629
30.733 -81.625
30.731 -81.622
30.73 -81.621
30.725 -81.62
30.723 -81.618
30.722 -81.618
30.721 -81.613
30.721 -81.609
30.722 -81.608
30.725 -81.606
30.727 -81.604
30.728 -81.601
30.727 -81.597
30.725 -81.594
30.724 -81.587
30.722 -81.574
30.722 -81.573
30.722 -81.571
30.719 -81.567
30.718 -81.566
30.716 -81.562
30.717 -81.553
30.716 -81.549
30.714 -81.547
30.714 -81.545
30.714 -81.543
30.713 -81.541
30.713 -81.539
30.714 -81.538
30.716 -81.536
30.718 -81.535
30.72 -81.534
30.722 -81.533
30.723 -81.531
30.723 -81.528
30.723 -81.521
30.722 -81.516
30.723 -81.507
30.726 -81.49
30.726 -81.487
30.724 -81.484
30.715 -81.476
30.713 -81.473
30.713 -81.471
30.712 -81.466
30.711 -81.464
30.71 -81.46
30.709 -81.449
30.71 -81.444
30.703 -81.433
30.698 -81.427
30.676 -81.43
30.669 -81.431
30.668 -81.431
30.667 -81.431
30.641 -81.436
30.639 -81.436
30.634 -81.437
30.606 -81.442
30.601 -81.443
30.574 -81.443
30.556 -81.443
30.555 -81.443
30.555 -81.442
30.534 -81.437
30.523 -81.434
30.522 -81.434
30.51 -81.443
30.504 -81.447
30.498 -81.44
30.497 -81.426
30.482 -81.411
30.422 -81.407
30.401 -81.397
30.399 -81.397
30.381 -81.397
30.379 -81.397
30.361 -81.397
30.342 -81.396
30.34 -81.396
30.325 -81.394
30.32 -81.394
30.314 -81.393
30.308 -81.392
30.303 -81.392
30.289 -81.389
30.285 -81.388
30.279 -81.387
30.274 -81.386
30.253 -81.38
30.212 -81.369
30.163 -81.356
30.067 -81.333
29.969 -81.309
29.952 -81.303
29.929 -81.295
29.927 -81.295
29.917 -81.29
29.915 -81.289
29.915 -81.288
29.912 -81.286
29.9 -81.277
29.883 -81.27
29.859 -81.265
29.858 -81.265
29.857 -81.265
29.854 -81.265
29.822 -81.263
29.821 -81.263
29.82 -81.263
29.819 -81.263
29.786 -81.257
29.785 -81.257
29.782 -81.256
29.771 -81.252
29.739 -81.241
29.715 -81.229
29.714 -81.229
29.711 -81.228
29.706 -81.226
29.702 -81.224
29.699 -81.223
29.697 -81.223
29.674 -81.214
29.671 -81.213
29.669 -81.212
29.667 -81.212
29.66 -81.209
29.639 -81.2
29.626 -81.194
29.598 -81.182
29.585 -81.176
29.555 -81.164
29.524 -81.148
29.509 -81.141
29.494 -81.134
29.48 -81.127
29.474 -81.124
29.427 -81.102
29.412 -81.095
29.334 -81.059
29.33 -81.057
29.324 -81.054
29.318 -81.051
29.317 -81.051
29.308 -81.047
29.302 -81.044
29.292 -81.039
29.29 -81.038
29.269 -81.027
29.243 -81.014
29.235 -81.01
29.223 -81.004
29.22 -81.003
29.206 -80.995
29.201 -80.993
29.189 -80.987
29.18 -80.982
29.166 -80.975
29.152 -80.968
29.15 -80.967
29.148 -80.966
29.145 -80.964
29.142 -80.962
29.137 -80.96
29.122 -80.951
29.111 -80.944
29.075 -80.916
29.064 -80.907
29.062 -80.906
29.046 -80.898
29.038 -80.895
29.038 -80.894
29.036 -80.894
29.03 -80.89
29.028 -80.889
29.018 -80.883
29.011 -80.878
29.003 -80.873
28.993 -80.867
28.96 -80.844
28.901 -80.805
28.881 -80.791
28.875 -80.787
28.791 -80.732
28.767 -80.716
28.757 -80.71
28.755 -80.708
28.713 -80.675
28.701 -80.665
28.678 -80.647
28.635 -80.617
28.623 -80.606
28.598 -80.584
28.585 -80.575
28.564 -80.568
28.562 -80.567
28.531 -80.561
28.496 -80.544
28.479 -80.536
28.459 -80.525
28.452 -80.527
28.447 -80.538
28.438 -80.563
28.428 -80.574
28.411 -80.587
28.411 -80.588
28.407 -80.589
28.406 -80.59
28.401 -80.592
28.391 -80.596
28.38 -80.599
28.371 -80.601
28.369 -80.602
28.364 -80.603
28.358 -80.604
28.345 -80.606
28.336 -80.607
28.32 -80.608
28.311 -80.608
28.289 -80.606
28.272 -80.605
28.258 -80.604
28.213 -80.596
28.208 -80.595
28.203 -80.594
28.198 -80.594
28.194 -80.593
28.187 -80.592
28.178 -80.59
28.172 -80.588
28.165 -80.586
28.158 -80.584
28.154 -80.583
28.145 -80.581
28.142 -80.58
28.139 -80.579
28.114 -80.572
28.096 -80.566
28.092 -80.565
28.078 -80.559
28.062 -80.553
28.056 -80.551
28.049 -80.548
28.042 -80.544
28.032 -80.539
28.024 -80.536
28.011 -80.529
27.975 -80.511
27.973 -80.51
27.97 -80.509
27.966 -80.507
27.862 -80.447
27.861 -80.447
27.86 -80.447
27.814 -80.423
27.813 -80.422
27.763 -80.396
27.76 -80.394
27.749 -80.388
27.74 -80.384
27.731 -80.381
27.713 -80.375
27.712 -80.375
27.692 -80.368
27.678 -80.363
27.675 -80.362
27.662 -80.358
27.654 -80.355
27.646 -80.353
27.645 -80.352
27.643 -80.352
27.642 -80.352
27.638 -80.351
27.632 -80.351
27.628 -80.351
27.621 -80.347
27.616 -80.344
27.611 -80.341
27.6 -80.332
27.598 -80.331
27.596 -80.331
27.569 -80.325
27.557 -80.321
27.525 -80.312
27.5 -80.301
27.5 -80.293
27.473 -80.284
27.421 -80.266
27.38 -80.254
27.341 -80.234
27.323 -80.227
27.263 -80.199
27.254 -80.195
27.25 -80.193
27.248 -80.192
27.216 -80.174
27.21 -80.171
27.193 -80.161
27.185 -80.159
27.169 -80.153
27.165 -80.158
27.164 -80.158
27.163 -80.16
27.144 -80.15
27.118 -80.141
27.112 -80.139
27.107 -80.136
27.098 -80.131
27.087 -80.125
27.074 -80.118
27.072 -80.117
27.064 -80.113
27.019 -80.094
27.005 -80.09
26.971 -80.08
26.97 -80.08
26.952 -80.074
26.944 -80.072
26.942 -80.071
26.928 -80.067
26.924 -80.066
26.912 -80.062
26.894 -80.057
26.882 -80.053
26.859 -80.046
26.837 -80.041
26.815 -80.036
26.796 -80.031
26.781 -80.032
26.773 -80.032
26.772 -80.032
26.771 -80.036
26.766 -80.037
26.755 -80.036
26.722 -80.033
26.719 -80.033
26.715 -80.033
26.708 -80.033
26.701 -80.033
26.676 -80.036
26.647 -80.036
26.615 -80.035
26.612 -80.035
26.594 -80.037
26.586 -80.037
26.584 -80.038
26.569 -80.039
26.546 -80.043
26.545 -80.043
26.51 -80.05
26.507 -80.051
26.479 -80.055
26.476 -80.056
26.475 -80.056
26.462 -80.058
26.457 -80.059
26.454 -80.059
26.445 -80.061
26.44 -80.061
26.426 -80.062
26.391 -80.066
26.361 -80.068
26.351 -80.069
26.336 -80.071
26.335 -80.072
26.321 -80.075
26.319 -80.075
26.309 -80.076
26.305 -80.076
26.264 -80.08
26.259 -80.082
26.252 -80.084
26.249 -80.086
26.247 -80.086
26.232 -80.089
26.226 -80.09
26.217 -80.092
26.205 -80.093
26.203 -80.094
26.202 -80.094
26.201 -80.094
26.195 -80.095
26.184 -80.096
26.182 -80.096
26.168 -80.099
26.158 -80.1
26.148 -80.101
26.138 -80.102
26.11 -80.104
26.096 -80.105
26.093 -80.107
26.087 -80.11
26.059 -80.112
26.053 -80.112
26.025 -80.115
26.011 -80.116
25.987 -80.118
25.986 -80.118
25.975 -80.118
25.957 -80.118
25.937 -80.118
25.93 -80.118
25.921 -80.118
25.916 -80.118
25.901 -80.119
25.9 -80.119
25.896 -80.12
25.887 -80.121
25.883 -80.121
25.879 -80.121
25.876 -80.121
25.875 -80.121
25.872 -80.121
25.856 -80.12
25.85 -80.12
25.845 -80.12
25.841 -80.12
25.837 -80.12
25.819 -80.122
25.818 -80.122
25.813 -80.123
25.808 -80.124
25.799 -80.126
25.798 -80.126
25.794 -80.127
25.791 -80.127
25.786 -80.128
25.781 -80.128
25.772 -80.128
25.771 -80.128
25.768 -80.13
25.764 -80.131
25.762 -80.133
25.756 -80.135
25.752 -80.137
25.75 -80.137
25.75 -80.138
25.746 -80.14
25.741 -80.144
25.737 -80.145
25.726 -80.147
25.709 -80.152
25.703 -80.153
25.701 -80.153
25.683 -80.154
25.677 -80.152
25.665 -80.155
25.665 -80.158
25.665 -80.159
25.665 -80.161
25.681 -80.174
25.685 -80.177
25.686 -80.177
25.687 -80.176
25.702 -80.172
25.708 -80.171
25.711 -80.17
25.722 -80.164
25.729 -80.166
25.738 -80.173
25.744 -80.182
25.745 -80.184
25.746 -80.185
25.744 -80.198
25.744 -80.199
25.738 -80.214
25.738 -80.215
25.734 -80.224
25.733 -80.227
25.733 -80.229
25.73 -80.233
25.727 -80.237
25.726 -80.237
25.724 -80.24
25.724 -80.241
25.717 -80.245
25.71 -80.246
25.709 -80.246
25.706 -80.247
25.704 -80.247
25.69 -80.25
25.688 -80.25
25.658 -80.266
25.657 -80.266
25.653 -80.267
25.652 -80.267
25.637 -80.277
25.634 -80.283
25.631 -80.288
25.63 -80.288
25.63 -80.289
25.622 -80.297
25.614 -80.301
25.613 -80.301
25.61 -80.302
25.6 -80.304
25.593 -80.306
25.578 -80.306
25.575 -80.306
25.569 -80.303
25.568 -80.302
25.56 -80.305
25.541 -80.313
25.539 -80.314
25.539 -80.315
25.536 -80.325
25.535 -80.326
25.534 -80.327
25.533 -80.329
25.532 -80.329
25.527 -80.33
25.502 -80.339
25.499 -80.339
25.497 -80.339
25.494 -80.339
25.493 -80.339
25.479 -80.339
25.468 -80.337
25.466 -80.337
25.463 -80.336
25.461 -80.335
25.452 -80.331
25.449 -80.331
25.448 -80.33
25.443 -80.328
25.437 -80.32
25.423 -80.326
25.398 -80.326
25.391 -80.32
25.39 -80.312
25.39 -80.31
25.384 -80.307
25.375 -80.31
25.373 -80.31
25.365 -80.316
25.339 -80.335
25.337 -80.339
25.33 -80.352
25.327 -80.362
25.324 -80.366
25.319 -80.372
25.317 -80.374
25.301 -80.383
25.288 -80.386
25.263 -80.419
25.253 -80.438
25.248 -80.447
25.236 -80.463
25.233 -80.468
25.232 -80.468
25.231 -80.469
25.217 -80.483
25.208 -80.487
25.207 -80.488
25.199 -80.495
25.2 -80.499
25.207 -80.508
25.217 -80.513
25.221 -80.52
25.22 -80.523
25.217 -80.528
25.216 -80.53
25.218 -80.541
25.222 -80.542
25.225 -80.541
25.23 -80.541
25.237 -80.548
25.239 -80.558
25.239 -80.571
25.224 -80.589
25.208 -80.588
25.201 -80.585
25.194 -80.594
25.188 -80.602
25.182 -80.61
25.177 -80.619
25.177 -80.634
25.177 -80.64
25.174 -80.645
25.174 -80.646
25.172 -80.647
25.17 -80.648
25.169 -80.649
25.168 -80.657
25.168 -80.661
25.167 -80.67
25.167 -80.675
25.167 -80.68
25.166 -80.684
25.165 -80.688
25.158 -80.695
25.147 -80.701
25.139 -80.704
25.141 -80.715
25.145 -80.722
25.145 -80.726
25.143 -80.743
25.149 -80.746
25.155 -80.746
25.164 -80.752
25.167 -80.758
25.172 -80.796
25.165 -80.815
25.161 -80.826
25.16 -80.827
25.161 -80.827
25.165 -80.828
25.168 -80.83
25.175 -80.838
25.177 -80.846
25.177 -80.858
25.174 -80.875
25.162 -80.9
25.154 -80.902
25.148 -80.899
25.14 -80.901
25.141 -80.916
25.134 -80.943
25.136 -80.957
25.134 -80.972
25.124 -80.999
25.125 -81.01
25.129 -81.023
25.128 -81.051
25.12 -81.075
25.119 -81.08
25.127 -81.095
25.145 -81.112
25.152 -81.121
25.156 -81.134
25.164 -81.141
25.183 -81.142
25.193 -81.147
25.208 -81.155
25.22 -81.169
25.222 -81.172
25.223 -81.172
25.246 -81.171
25.253 -81.168
25.258 -81.168
25.274 -81.165
25.287 -81.163
25.288 -81.162
25.29 -81.162
25.295 -81.16
25.298 -81.159
25.299 -81.159
25.299 -81.158
25.306 -81.152
25.318 -81.149
25.325 -81.152
25.333 -81.148
25.341 -81.14
25.343 -81.134
25.339 -81.121
25.345 -81.118
25.355 -81.117
25.372 -81.125
25.381 -81.128
25.381 -81.141
25.387 -81.151
25.399 -81.151
25.404 -81.147
25.408 -81.147
25.464 -81.169
25.475 -81.179
25.485 -81.192
25.505 -81.208
25.517 -81.21
25.534 -81.203
25.539 -81.204
25.549 -81.209
25.558 -81.226
25.573 -81.233
25.587 -81.233
25.599 -81.241
25.614 -81.241
25.638 -81.254
25.657 -81.269
25.665 -81.277
25.688 -81.29
25.717 -81.329
25.716 -81.335
25.721 -81.346
25.737 -81.346
25.748 -81.344
25.754 -81.347
25.76 -81.355
25.766 -81.359
25.773 -81.362
25.782 -81.345
25.787 -81.34
25.795 -81.342
25.803 -81.345
25.817 -81.349
25.822 -81.353
25.824 -81.359
25.824 -81.361
25.824 -81.362
25.84 -81.386
25.843 -81.388
25.85 -81.393
25.851 -81.394
25.852 -81.394
25.865 -81.418
25.868 -81.424
25.865 -81.429
25.864 -81.441
25.869 -81.458
25.882 -81.472
25.888 -81.474
25.888 -81.488
25.884 -81.501
25.884 -81.509
25.886 -81.513
25.897 -81.512
25.9 -81.516
25.902 -81.528
25.9 -81.541
25.889 -81.577
25.889 -81.585
25.894 -81.615
25.897 -81.623
25.898 -81.64
25.898 -81.645
25.894 -81.654
25.886 -81.664
25.875 -81.667
25.867 -81.67
25.857 -81.673
25.845 -81.678
25.847 -81.684
25.847 -81.685
25.848 -81.686
25.852 -81.689
25.853 -81.69
25.856 -81.691
25.898 -81.713
25.902 -81.718
25.903 -81.719
25.907 -81.727
25.912 -81.728
25.932 -81.732
25.942 -81.738
25.95 -81.746
25.951 -81.746
25.96 -81.75
25.963 -81.75
25.971 -81.749
25.994 -81.748
25.997 -81.75
25.998 -81.751
25.999 -81.753
26 -81.757
26.001 -81.758
26.006 -81.762
26.007 -81.763
26.009 -81.764
26.079 -81.797
26.088 -81.802
26.09 -81.802
26.091 -81.802
26.092 -81.802
26.131 -81.806
26.137 -81.807
26.152 -81.809
26.156 -81.81
26.164 -81.812
26.173 -81.815
26.174 -81.815
26.186 -81.815
26.207 -81.817
26.209 -81.817
26.211 -81.817
26.231 -81.82
26.234 -81.82
26.237 -81.821
26.248 -81.823
26.254 -81.824
26.281 -81.83
26.288 -81.832
26.295 -81.833
26.328 -81.845
26.33 -81.846
26.353 -81.857
26.358 -81.859
26.365 -81.863
26.375 -81.867
26.376 -81.868
26.379 -81.869
26.395 -81.886
26.397 -81.888
26.401 -81.892
26.411 -81.902
26.415 -81.903
26.416 -81.903
26.423 -81.908
26.427 -81.912
26.437 -81.924
26.445 -81.938
26.452 -81.957
26.458 -81.964
26.463 -81.967
26.465 -81.966
26.468 -81.967
26.469 -81.967
26.477 -81.97
26.481 -81.981
26.485 -81.997
26.484 -82.009
26.485 -82.009
26.491 -82.014
26.501 -82.011
26.505 -82.009
26.506 -82.01
26.508 -82.015
26.513 -82.025
26.52 -82.044
26.515 -82.059
26.513 -82.067
26.502 -82.07
26.493 -82.072
26.489 -82.081
26.488 -82.085
26.487 -82.087
26.484 -82.095
26.484 -82.106
26.492 -82.107
26.502 -82.108
26.513 -82.109
26.515 -82.109
26.516 -82.109
26.517 -82.109
26.541 -82.112
26.561 -82.119
26.562 -82.119
26.566 -82.12
26.567 -82.12
26.569 -82.12
26.571 -82.121
26.576 -82.122
26.577 -82.122
26.579 -82.122
26.587 -82.124
26.59 -82.125
26.592 -82.126
26.593 -82.126
26.598 -82.127
26.603 -82.129
26.604 -82.129
26.621 -82.133
26.628 -82.135
26.637 -82.138
26.644 -82.142
26.65 -82.147
26.654 -82.15
26.656 -82.152
26.659 -82.155
26.68 -82.18
26.681 -82.181
26.682 -82.182
26.684 -82.181
26.697 -82.18
26.699 -82.177
26.7 -82.175
26.702 -82.174
26.702 -82.169
26.703 -82.162
26.704 -82.152
26.704 -82.15
26.703 -82.139
26.701 -82.132
26.701 -82.13
26.7 -82.127
26.7 -82.126
26.699 -82.126
26.697 -82.124
26.696 -82.123
26.691 -82.119
26.671 -82.108
26.67 -82.108
26.667 -82.106
26.667 -82.105
26.663 -82.1
26.664 -82.096
26.666 -82.093
26.67 -82.092
26.685 -82.087
26.702 -82.085
26.717 -82.08
26.724 -82.076
26.743 -82.067
26.758 -82.064
26.77 -82.062
26.774 -82.061
26.789 -82.061
26.802 -82.055
26.809 -82.056
26.822 -82.058
26.839 -82.059
26.845 -82.058
26.859 -82.057
26.865 -82.058
26.87 -82.058
26.875 -82.059
26.876 -82.059
26.877 -82.059
26.878 -82.061
26.882 -82.067
26.889 -82.091
26.895 -82.091
26.907 -82.093
26.909 -82.093
26.923 -82.09
26.928 -82.083
26.928 -82.068
26.928 -82.067
26.931 -82.062
26.939 -82.061
26.94 -82.062
26.95 -82.063
26.958 -82.075
26.958 -82.076
26.958 -82.078
26.958 -82.082
26.958 -82.102
26.958 -82.108
26.956 -82.113
26.954 -82.117
26.946 -82.125
26.926 -82.137
26.925 -82.162
26.924 -82.167
26.923 -82.169
26.917 -82.175
26.897 -82.173
26.852 -82.156
26.79 -82.147
26.783 -82.151
26.779 -82.173
26.773 -82.179
26.772 -82.209
26.772 -82.216
26.772 -82.222
26.783 -82.232
26.784 -82.233
26.783 -82.234
26.774 -82.242
26.773 -82.242
26.756 -82.251
26.72 -82.259
26.717 -82.26
26.72 -82.261
26.724 -82.263
26.726 -82.264
26.752 -82.265
26.757 -82.265
26.785 -82.27
26.79 -82.272
26.811 -82.281
26.827 -82.289
26.828 -82.289
26.829 -82.29
26.842 -82.302
26.892 -82.339
26.897 -82.343
26.908 -82.351
26.908 -82.352
26.938 -82.37
26.946 -82.376
26.985 -82.401
27.021 -82.419
27.061 -82.446
27.076 -82.452
27.078 -82.452
27.079 -82.453
27.08 -82.453
27.082 -82.454
27.092 -82.457
27.093 -82.458
27.1 -82.46
27.111 -82.465
27.113 -82.468
27.114 -82.469
27.141 -82.477
27.18 -82.498
27.188 -82.502
27.207 -82.512
27.208 -82.512
27.239 -82.531
27.251 -82.538
27.254 -82.54
27.261 -82.545
27.267 -82.556
27.269 -82.559
27.271 -82.561
27.275 -82.565
27.278 -82.568
27.279 -82.57
27.282 -82.57
27.285 -82.57
27.299 -82.569
27.309 -82.576
27.327 -82.59
27.336 -82.598
27.356 -82.618
27.362 -82.624
27.39 -82.643
27.407 -82.659
27.424 -82.675
27.437 -82.692
27.444 -82.691
27.472 -82.702
27.473 -82.702
27.479 -82.704
27.485 -82.707
27.488 -82.708
27.493 -82.711
27.496 -82.712
27.5 -82.715
27.511 -82.722
27.514 -82.725
27.52 -82.731
27.521 -82.732
27.525 -82.737
27.526 -82.738
27.531 -82.743
27.539 -82.746
27.539 -82.742
27.534 -82.73
27.528 -82.718
27.524 -82.708
27.516 -82.709
27.502 -82.711
27.498 -82.707
27.497 -82.697
27.497 -82.692
27.496 -82.69
27.497 -82.686
27.502 -82.687
27.508 -82.687
27.513 -82.684
27.513 -82.683
27.52 -82.675
27.523 -82.662
27.523 -82.651
27.53 -82.647
27.534 -82.646
27.542 -82.64
27.552 -82.632
27.571 -82.612
27.583 -82.613
27.584 -82.612
27.585 -82.612
27.594 -82.596
27.596 -82.585
27.609 -82.571
27.616 -82.566
27.639 -82.559
27.645 -82.555
27.673 -82.537
27.706 -82.514
27.719 -82.495
27.72 -82.484
27.72 -82.482
27.723 -82.478
27.729 -82.476
27.73 -82.476
27.734 -82.477
27.735 -82.477
27.743 -82.482
27.746 -82.478
27.753 -82.458
27.762 -82.44
27.762 -82.439
27.764 -82.435
27.766 -82.433
27.768 -82.432
27.77 -82.432
27.772 -82.433
27.774 -82.434
27.792 -82.42
27.793 -82.42
27.794 -82.419
27.803 -82.418
27.81 -82.412
27.811 -82.411
27.811 -82.41
27.813 -82.403
27.834 -82.395
27.836 -82.394
27.837 -82.394
27.838 -82.393
27.842 -82.395
27.846 -82.396
27.852 -82.397
27.853 -82.398
27.854 -82.398
27.883 -82.403
27.901 -82.414
27.901 -82.432
27.903 -82.438
27.908 -82.452
27.909 -82.455
27.912 -82.46
27.917 -82.46
27.92 -82.462
27.921 -82.465
27.928 -82.478
27.92 -82.49
27.915 -82.491
27.909 -82.49
27.895 -82.487
27.894 -82.487
27.886 -82.488
27.883 -82.488
27.881 -82.488
27.865 -82.488
27.864 -82.488
27.853 -82.48
27.847 -82.472
27.843 -82.469
27.823 -82.472
27.821 -82.475
27.823 -82.49
27.828 -82.511
27.84 -82.537
27.848 -82.554
27.863 -82.553
27.865 -82.539
27.867 -82.536
27.871 -82.533
27.878 -82.53
27.885 -82.539
27.891 -82.543
27.894 -82.542
27.898 -82.536
27.904 -82.531
27.908 -82.532
27.915 -82.532
27.922 -82.533
27.923 -82.533
27.933 -82.534
27.936 -82.535
27.945 -82.539
27.949 -82.541
27.961 -82.549
27.967 -82.554
27.967 -82.558
27.968 -82.562
27.971 -82.589
27.97 -82.62
27.966 -82.649
27.959 -82.71
27.958 -82.717
27.956 -82.72
27.956 -82.721
27.955 -82.721
27.951 -82.723
27.949 -82.724
27.948 -82.724
27.946 -82.723
27.94 -82.721
27.937 -82.72
27.936 -82.72
27.928 -82.71
27.928 -82.706
27.925 -82.695
27.925 -82.692
27.916 -82.685
27.913 -82.671
27.91 -82.628
27.907 -82.631
27.904 -82.634
27.891 -82.632
27.874 -82.61
27.884 -82.568
27.867 -82.567
27.858 -82.567
27.858 -82.598
27.843 -82.595
27.836 -82.589
27.824 -82.588
27.817 -82.587
27.807 -82.598
27.8 -82.607
27.799 -82.607
27.788 -82.616
27.785 -82.618
27.78 -82.623
27.778 -82.623
27.772 -82.625
27.769 -82.626
27.756 -82.63
27.754 -82.631
27.743 -82.628
27.733 -82.625
27.727 -82.626
27.72 -82.629
27.711 -82.634
27.704 -82.64
27.703 -82.641
27.702 -82.646
27.7 -82.653
27.702 -82.663
27.706 -82.672
27.706 -82.677
27.696 -82.679
27.695 -82.679
27.7 -82.694
27.699 -82.714
27.694 -82.717
27.692 -82.719
27.671 -82.723
27.664 -82.722
27.651 -82.716
27.65 -82.715
27.647 -82.713
27.645 -82.709
27.639 -82.698
27.625 -82.705
27.613 -82.733
27.617 -82.737
27.623 -82.737
27.636 -82.739
27.637 -82.739
27.649 -82.739
27.678 -82.738
27.705 -82.738
27.707 -82.738
27.718 -82.74
27.724 -82.743
27.731 -82.746
27.736 -82.754
27.738 -82.755
27.739 -82.756
27.745 -82.761
27.763 -82.768
27.768 -82.77
27.783 -82.783
27.784 -82.783
27.79 -82.788
27.792 -82.79
27.796 -82.796
27.804 -82.807
27.814 -82.82
27.821 -82.828
27.822 -82.829
27.837 -82.837
27.844 -82.841
27.849 -82.844
27.854 -82.847
27.857 -82.847
27.863 -82.849
27.872 -82.85
27.886 -82.851
27.9 -82.849
27.91 -82.848
27.925 -82.844
27.937 -82.841
27.962 -82.831
27.96 -82.825
27.957 -82.822
27.937 -82.829
27.931 -82.831
27.91 -82.838
27.909 -82.838
27.909 -82.834
27.909 -82.832
27.917 -82.827
27.923 -82.824
27.927 -82.821
27.93 -82.819
27.953 -82.809
27.96 -82.805
27.961 -82.805
27.966 -82.804
27.99 -82.798
27.998 -82.796
28.005 -82.794
28.011 -82.793
28.024 -82.793
28.032 -82.793
28.038 -82.79
28.051 -82.785
28.056 -82.783
28.076 -82.783
28.106 -82.784
28.109 -82.784
28.123 -82.782
28.127 -82.781
28.128 -82.781
28.13 -82.782
28.143 -82.786
28.145 -82.787
28.152 -82.791
28.152 -82.799
28.155 -82.808
28.172 -82.805
28.173 -82.805
28.176 -82.803
28.177 -82.803
28.185 -82.799
28.187 -82.798
28.188 -82.798
28.199 -82.785
28.208 -82.775
28.211 -82.772
28.213 -82.769
28.219 -82.763
28.22 -82.764
28.244 -82.764
28.246 -82.763
28.254 -82.759
28.256 -82.756
28.259 -82.75
28.261 -82.746
28.266 -82.744
28.286 -82.736
28.287 -82.735
28.292 -82.733
28.3 -82.735
28.325 -82.731
28.342 -82.719
28.342 -82.718
28.344 -82.717
28.346 -82.716
28.349 -82.715
28.353 -82.712
28.361 -82.709
28.368 -82.706
28.372 -82.706
28.374 -82.706
28.401 -82.706
28.41 -82.702
28.42 -82.697
28.428 -82.684
28.433 -82.679
28.434 -82.678
28.442 -82.675
28.457 -82.68
28.465 -82.672
28.469 -82.671
28.481 -82.666
28.484 -82.665
28.486 -82.665
28.489 -82.664
28.492 -82.665
28.495 -82.666
28.497 -82.666
28.5 -82.67
28.501 -82.67
28.511 -82.67
28.52 -82.669
28.528 -82.668
28.53 -82.664
28.532 -82.663
28.545 -82.657
28.55 -82.662
28.554 -82.662
28.568 -82.657
28.575 -82.656
28.577 -82.656
28.578 -82.656
28.591 -82.654
28.607 -82.664
28.624 -82.657
28.637 -82.659
28.668 -82.654
28.694 -82.646
28.698 -82.645
28.706 -82.653
28.712 -82.656
28.719 -82.653
28.728 -82.656
28.737 -82.662
28.747 -82.651
28.758 -82.648
28.767 -82.645
28.783 -82.643
28.79 -82.643
28.796 -82.649
28.805 -82.65
28.831 -82.653
28.837 -82.646
28.843 -82.639
28.86 -82.643
28.876 -82.64
28.881 -82.642
28.889 -82.645
28.899 -82.656
28.9 -82.673
28.906 -82.689
28.917 -82.695
28.933 -82.703
28.936 -82.709
28.954 -82.724
28.961 -82.728
28.974 -82.736
28.996 -82.738
28.993 -82.759
28.993 -82.761
29 -82.764
29.007 -82.759
29.026 -82.754
29.053 -82.759
29.054 -82.76
29.063 -82.78
29.065 -82.783
29.074 -82.781
29.076 -82.817
29.099 -82.824
29.105 -82.809
29.105 -82.801
29.111 -82.799
29.115 -82.799
29.13 -82.806
29.147 -82.805
29.158 -82.827
29.162 -82.858
29.162 -82.86
29.162 -82.887
29.168 -82.914
29.169 -82.918
29.17 -82.923
29.169 -82.925
29.168 -82.932
29.168 -82.945
29.169 -82.954
29.169 -82.959
29.171 -82.975
29.172 -82.98
29.177 -82.985
29.179 -82.986
29.18 -82.987
29.18 -82.988
29.181 -82.992
29.178 -82.996
29.151 -83.018
29.146 -83.019
29.145 -83.019
29.141 -83.019
29.136 -83.027
29.134 -83.03
29.134 -83.031
29.133 -83.038
29.131 -83.053
29.146 -83.057
29.153 -83.068
29.157 -83.067
29.16 -83.065
29.171 -83.061
29.176 -83.061
29.184 -83.065
29.197 -83.079
29.216 -83.088
29.248 -83.075
29.255 -83.077
29.267 -83.089
29.269 -83.107
29.279 -83.126
29.283 -83.128
29.289 -83.146
29.29 -83.15
29.288 -83.157
29.287 -83.161
29.289 -83.166
29.29 -83.17
29.306 -83.174
29.314 -83.177
29.328 -83.178
29.329 -83.177
29.345 -83.176
29.346 -83.177
29.363 -83.19
29.374 -83.201
29.394 -83.202
29.4 -83.206
29.414 -83.214
29.416 -83.216
29.42 -83.218
29.428 -83.231
29.431 -83.237
29.433 -83.241
29.436 -83.264
29.432 -83.272
29.437 -83.291
29.437 -83.292
29.438 -83.295
29.439 -83.295
29.442 -83.297
29.46 -83.307
29.469 -83.308
29.476 -83.312
29.477 -83.323
29.476 -83.331
29.489 -83.35
29.5 -83.357
29.5 -83.37
29.504 -83.379
29.513 -83.384
29.517 -83.4
29.519 -83.401
29.523 -83.402
29.533 -83.4
29.547 -83.401
29.556 -83.403
29.561 -83.403
29.566 -83.404
29.578 -83.405
29.596 -83.405
29.613 -83.399
29.639 -83.404
29.641 -83.404
29.644 -83.405
29.651 -83.407
29.667 -83.412
29.668 -83.413
29.671 -83.415
29.677 -83.435
29.677 -83.436
29.677 -83.445
29.675 -83.448
29.676 -83.455
29.678 -83.458
29.688 -83.479
29.69 -83.483
29.699 -83.484
29.706 -83.492
29.708 -83.493
29.708 -83.494
29.711 -83.5
29.713 -83.505
29.716 -83.513
29.717 -83.513
29.717 -83.516
29.719 -83.521
29.722 -83.535
29.723 -83.538
29.727 -83.542
29.732 -83.547
29.743 -83.555
29.761 -83.566
29.768 -83.579
29.772 -83.581
29.776 -83.585
29.785 -83.586
29.787 -83.583
29.792 -83.582
29.812 -83.586
29.828 -83.595
29.836 -83.605
29.842 -83.619
29.857 -83.625
29.858 -83.625
29.867 -83.629
29.871 -83.631
29.886 -83.638
29.895 -83.653
29.897 -83.656
29.9 -83.66
29.9 -83.661
29.906 -83.667
29.919 -83.679
29.919 -83.68
29.924 -83.686
29.937 -83.713
29.938 -83.716
29.947 -83.735
29.958 -83.757
29.959 -83.76
29.97 -83.777
29.977 -83.789
29.977 -83.792
29.978 -83.797
29.979 -83.799
29.979 -83.8
29.98 -83.811
29.983 -83.829
29.987 -83.833
29.988 -83.835
29.99 -83.837
29.992 -83.839
29.995 -83.843
29.996 -83.843
29.998 -83.845
30 -83.85
30.013 -83.878
30.019 -83.89
30.025 -83.901
30.029 -83.91
30.03 -83.913
30.034 -83.921
30.039 -83.93
30.039 -83.932
30.041 -83.934
30.044 -83.932
30.046 -83.933
30.059 -83.951
30.065 -83.959
30.065 -83.96
30.07 -83.968
30.072 -83.971
30.074 -83.976
30.076 -83.978
30.081 -83.987
30.084 -83.991
30.084 -83.992
30.096 -84.001
30.102 -84.022
30.103 -84.023
30.103 -84.024
30.103 -84.036
30.103 -84.04
30.103 -84.049
30.103 -84.052
30.101 -84.063
30.1 -84.066
30.099 -84.068
30.097 -84.072
30.096 -84.076
30.092 -84.083
30.092 -84.087
30.095 -84.094
30.095 -84.095
30.094 -84.103
30.091 -84.106
30.085 -84.114
30.091 -84.125
30.083 -84.136
30.081 -84.141
30.073 -84.157
30.071 -84.168
30.073 -84.179
30.083 -84.192
30.084 -84.193
30.088 -84.199
30.088 -84.202
30.086 -84.203
30.085 -84.208
30.085 -84.212
30.086 -84.235
30.086 -84.237
30.093 -84.246
30.101 -84.247
30.104 -84.256
30.098 -84.269
30.092 -84.273
30.083 -84.274
30.076 -84.27
30.075 -84.27
30.068 -84.271
30.06 -84.277
30.058 -84.288
30.057 -84.29
30.057 -84.298
30.058 -84.298
30.067 -84.311
30.069 -84.315
30.064 -84.342
30.06 -84.354
30.058 -84.359
30.031 -84.364
30.03 -84.365
30.025 -84.366
30.013 -84.365
29.988 -84.362
29.985 -84.36
29.984 -84.348
29.975 -84.343
29.961 -84.341
29.96 -84.341
29.946 -84.339
29.943 -84.337
29.933 -84.335
29.924 -84.334
29.913 -84.336
29.9 -84.343
29.899 -84.344
29.897 -84.349
29.894 -84.372
29.893 -84.379
29.901 -84.405
29.903 -84.424
29.906 -84.434
29.914 -84.444
29.929 -84.452
29.925 -84.47
29.914 -84.495
29.917 -84.512
29.91 -84.536
29.901 -84.553
29.897 -84.56
29.889 -84.576
29.888 -84.577
29.876 -84.603
29.87 -84.61
29.868 -84.613
29.847 -84.648
29.843 -84.652
29.838 -84.656
29.834 -84.656
29.833 -84.66
29.832 -84.662
29.832 -84.663
29.829 -84.67
29.831 -84.684
29.829 -84.692
29.807 -84.73
29.789 -84.756
29.789 -84.763
29.758 -84.824
29.756 -84.837
29.752 -84.846
29.746 -84.859
29.743 -84.867
29.742 -84.868
29.734 -84.882
29.723 -84.888
29.722 -84.888
29.723 -84.892
29.723 -84.893
29.731 -84.899
29.736 -84.902
29.756 -84.89
29.769 -84.88
29.773 -84.877
29.78 -84.886
29.785 -84.894
29.786 -84.904
29.783 -84.915
29.773 -84.921
29.75 -84.938
29.745 -84.946
29.745 -84.947
29.742 -84.964
29.728 -84.969
29.727 -84.969
29.721 -84.977
29.72 -84.98
29.715 -84.993
29.714 -85.003
29.714 -85.004
29.711 -85.037
29.719 -85.072
29.719 -85.102
29.716 -85.121
29.708 -85.153
29.7 -85.177
29.695 -85.217
29.694 -85.227
29.681 -85.26
29.684 -85.291
29.681 -85.319
29.672 -85.343
29.672 -85.344
29.671 -85.344
29.667 -85.348
29.655 -85.345
29.66 -85.353
29.681 -85.369
29.698 -85.38
29.72 -85.389
29.727 -85.392
29.74 -85.398
29.8 -85.414
29.829 -85.418
29.843 -85.417
29.853 -85.414
29.866 -85.406
29.871 -85.392
29.859 -85.399
29.83 -85.405
29.802 -85.406
29.762 -85.396
29.71 -85.378
29.694 -85.364
29.685 -85.354
29.685 -85.345
29.691 -85.318
29.698 -85.311
29.773 -85.304
29.776 -85.304
29.79 -85.302
29.792 -85.302
29.793 -85.302
29.797 -85.301
29.799 -85.302
29.808 -85.303
29.811 -85.305
29.814 -85.311
29.821 -85.314
29.822 -85.315
29.828 -85.315
29.831 -85.315
29.832 -85.313
29.839 -85.317
29.84 -85.319
29.845 -85.325
29.846 -85.332
29.849 -85.337
29.872 -85.347
29.899 -85.364
29.911 -85.375
29.918 -85.382
29.921 -85.385
29.922 -85.386
29.924 -85.389
29.937 -85.403
29.938 -85.405
29.94 -85.407
29.95 -85.426
29.951 -85.431
29.956 -85.448
29.96 -85.46
29.958 -85.467
29.958 -85.469
29.958 -85.472
29.961 -85.488
29.971 -85.509
29.993 -85.538
29.996 -85.541
29.997 -85.542
29.999 -85.544
30.012 -85.558
30.024 -85.57
30.026 -85.572
30.029 -85.574
30.038 -85.581
30.046 -85.584
30.056 -85.588
30.056 -85.591
30.056 -85.6
30.056 -85.601
30.059 -85.606
30.065 -85.618
30.066 -85.619
30.071 -85.631
30.073 -85.637
30.074 -85.638
30.078 -85.652
30.078 -85.653
30.081 -85.66
30.097 -85.697
30.115 -85.724
30.118 -85.73
30.12 -85.732
30.133 -85.746
30.137 -85.75
30.139 -85.753
30.143 -85.759
30.154 -85.772
30.154 -85.773
30.156 -85.775
30.16 -85.782
30.165 -85.79
30.172 -85.801
30.178 -85.811
30.186 -85.826
30.193 -85.838
30.199 -85.849
30.21 -85.868
30.211 -85.87
30.216 -85.878
30.223 -85.893
30.227 -85.902
30.233 -85.912
30.236 -85.919
30.238 -85.923
30.239 -85.924
30.269 -85.996
30.27 -85.998
30.271 -86
30.274 -86.008
30.304 -86.09
30.34 -86.21
30.344 -86.223
30.345 -86.227
30.345 -86.229
30.363 -86.299
30.366 -86.317
30.374 -86.359
30.375 -86.364
30.375 -86.368
30.376 -86.375
30.379 -86.397
30.38 -86.407
30.38 -86.412
30.38 -86.413
30.384 -86.471
30.382 -86.506
30.383 -86.512
30.387 -86.529
30.396 -86.633
30.392 -86.751
30.392 -86.753
30.386 -86.8
30.381 -86.851
30.379 -86.862
30.376 -86.884
30.372 -86.91
30.371 -86.915
30.371 -86.919
30.336 -87.108
30.328 -87.155
30.326 -87.167
30.323 -87.192
30.321 -87.206
30.321 -87.209
30.315 -87.268
30.319 -87.283
30.324 -87.295
30.321 -87.307
30.318 -87.32
30.316 -87.33
30.313 -87.35
30.304 -87.391
30.297 -87.42
30.28 -87.518
30.284 -87.518
30.287 -87.505
30.288 -87.5
30.3 -87.452
30.311 -87.45
30.31 -87.456
30.308 -87.46
30.308 -87.463
30.308 -87.464
30.308 -87.465
30.308 -87.466
30.308 -87.469
30.308 -87.476
30.307 -87.478
30.306 -87.482
30.305 -87.484
30.305 -87.495
30.307 -87.503
30.309 -87.505
30.312 -87.506
30.319 -87.506
30.324 -87.505
30.327 -87.503
30.329 -87.5
30.331 -87.492
30.331 -87.477
30.331 -87.476
30.332 -87.475
30.333 -87.467
30.333 -87.465
30.334 -87.463
30.336 -87.461
30.336 -87.46
30.344 -87.452
30.346 -87.451
30.36 -87.452
30.363 -87.452
30.365 -87.452
30.367 -87.451
30.37 -87.449
30.376 -87.442
30.381 -87.439
30.382 -87.439
30.386 -87.441
30.387 -87.441
30.388 -87.441
30.389 -87.441
30.391 -87.441
30.396 -87.437
30.397 -87.434
30.403 -87.432
30.406 -87.43
30.409 -87.426
30.41 -87.423
30.41 -87.419
30.409 -87.413
30.409 -87.412
30.409 -87.41
30.409 -87.409
30.41 -87.404
30.41 -87.403
30.411 -87.402
30.415 -87.399
30.418 -87.396
30.42 -87.386
30.422 -87.384
30.423 -87.382
30.43 -87.371
30.433 -87.369
30.433 -87.368
30.434 -87.368
30.435 -87.368
30.437 -87.367
30.44 -87.367
30.445 -87.369
30.447 -87.371
30.449 -87.378
30.45 -87.38
30.45 -87.381
30.452 -87.392
30.451 -87.397
30.451 -87.4
30.453 -87.405
30.456 -87.408
30.457 -87.415
30.466 -87.425
30.471 -87.43
30.477 -87.431
30.478 -87.432
30.479 -87.435
30.48 -87.436
30.485 -87.433
30.491 -87.431
30.496 -87.431
30.505 -87.438
30.507 -87.44
30.507 -87.443
30.507 -87.445
30.51 -87.448
30.512 -87.448
30.513 -87.447
30.514 -87.447
30.514 -87.445
30.515 -87.445
30.52 -87.446
30.522 -87.446
30.523 -87.446
30.527 -87.447
30.549 -87.435
30.55 -87.435
30.55 -87.431
30.554 -87.428
30.56 -87.426
30.561 -87.423
30.56 -87.422
30.561 -87.421
30.562 -87.419
30.566 -87.417
30.568 -87.417
30.57 -87.419
30.57 -87.418
30.572 -87.416
30.573 -87.415
30.573 -87.413
30.574 -87.412
30.577 -87.411
30.584 -87.409
30.6 -87.407
30.603 -87.405
30.604 -87.401
30.606 -87.399
30.609 -87.397
30.615 -87.395
30.616 -87.395
30.617 -87.396
30.618 -87.396
30.623 -87.396
30.625 -87.394
30.627 -87.394
30.631 -87.394
30.638 -87.395
30.644 -87.396
30.648 -87.397
30.65 -87.396
30.654 -87.397
30.655 -87.398
30.657 -87.4
30.657 -87.401
30.667 -87.406
30.672 -87.407
30.674 -87.407
30.675 -87.407
30.678 -87.413
30.68 -87.42
30.683 -87.425
30.689 -87.43
30.689 -87.436
30.69 -87.44
30.691 -87.44
30.691 -87.441
30.693 -87.442
30.695 -87.444
30.699 -87.449
30.7 -87.451
30.698 -87.457
30.701 -87.466
30.702 -87.468
30.705 -87.47
30.707 -87.474
30.713 -87.48
30.715 -87.48
30.717 -87.481
30.719 -87.487
30.72 -87.497
30.72 -87.498
30.722 -87.502
30.726 -87.505
30.734 -87.512
30.738 -87.524
30.743 -87.533
30.75 -87.535
30.755 -87.535
30.761 -87.537
30.763 -87.537
30.768 -87.542
30.772 -87.546
30.774 -87.545
30.779 -87.545
30.786 -87.552
30.787 -87.553
30.787 -87.555
30.79 -87.559
30.792 -87.56
30.796 -87.564
30.799 -87.568
30.801 -87.572
30.808 -87.577
30.812 -87.582
30.815 -87.588
30.817 -87.594
30.821 -87.6
30.825 -87.602
30.829 -87.604
30.831 -87.606
30.833 -87.611
30.835 -87.616
30.837 -87.615
30.84 -87.617
30.846 -87.624
30.846 -87.626
30.848 -87.627
30.852 -87.626
30.854 -87.625
30.857 -87.626
30.86 -87.628
30.866 -87.635
30.878 -87.63
30.88 -87.629
30.885 -87.624
30.885 -87.622
30.887 -87.621
30.89 -87.621
30.894 -87.623
30.898 -87.622
30.899 -87.621
30.901 -87.616
30.904 -87.615
30.909 -87.614
30.915 -87.612
30.917 -87.61
30.922 -87.608
30.924 -87.608
30.934 -87.603
30.937 -87.601
30.939 -87.598
30.941 -87.597
30.951 -87.592
30.964 -87.589
30.969 -87.591
30.973 -87.593
30.976 -87.594
30.978 -87.594
30.98 -87.593
30.983 -87.593
30.988 -87.597
30.996 -87.599
30.997 -87.599
30.998 -87.571
30.998 -87.549
30.998 -87.52
30.998 -87.489
30.998 -87.484
30.998 -87.48
30.998 -87.479
30.998 -87.467
30.998 -87.462
30.998 -87.459
30.998 -87.456
30.998 -87.45
30.998 -87.432
30.998 -87.426
30.998 -87.368
30.998 -87.364
30.998 -87.356
30.998 -87.348
30.998 -87.334
30.998 -87.312
30.998 -87.304
30.998 -87.302
30.998 -87.297
30.998 -87.291
30.998 -87.289
30.998 -87.266
30.998 -87.261
30.998 -87.26
30.998 -87.258
30.998 -87.257
30.998 -87.256
30.998 -87.255
30.998 -87.249
30.996 -87.238
30.997 -87.225
30.999 -87.163
31 -87.141
30.999 -87.125
30.999 -87.119
30.999 -87.115
30.999 -87.069
30.999 -87.064
30.999 -87.054
31 -87.04
30.999 -87.036
30.999 -87.027
30.999 -87.004
30.999 -86.998
30.998 -86.928
30.998 -86.912
30.998 -86.906
30.998 -86.888
30.998 -86.873
30.997 -86.832
30.997 -86.83
30.997 -86.786
30.996 -86.745
30.997 -86.728
30.997 -86.727
30.997 -86.725
30.995 -86.706
30.995 -86.678
30.995 -86.665
30.995 -86.568
30.995 -86.563
30.994 -86.543
30.993 -86.52
30.994 -86.513
30.993 -86.5
30.994 -86.458
30.994 -86.455
30.994 -86.405
30.994 -86.392
30.994 -86.389
30.994 -86.375
30.994 -86.369
30.994 -86.365
30.994 -86.323
30.994 -86.316
30.994 -86.309
30.994 -86.305
30.994 -86.296
30.994 -86.289
30.994 -86.256
30.994 -86.238
30.994 -86.18
30.994 -86.175
30.994 -86.169
30.994 -86.163
30.993 -86.117
30.993 -86.056
30.993 -86.052
segment Florida
29.707 -84.777
29.739 -84.73
29.749 -84.717
29.77 -84.697
29.765 -84.694
29.762 -84.695
29.741 -84.714
29.7 -84.765
29.692 -84.777
29.682 -84.799
29.671 -84.834
29.665 -84.854
29.652 -84.885
29.613 -84.958
29.589 -85.036
29.587 -85.051
29.592 -85.055
29.605 -85.069
29.619 -85.089
29.622 -85.095
29.625 -85.097
29.628 -85.095
29.61 -85.067
29.6 -85.038
29.597 -85.023
29.604 -85.017
29.61 -84.988
29.617 -84.968
29.637 -84.933
29.645 -84.926
29.649 -84.92
29.657 -84.896
29.673 -84.862
29.687 -84.813
29.699 -84.798
29.707 -84.777
segment Florida
29.68 -85.156
29.684 -85.137
29.687 -85.135
29.689 -85.114
29.685 -85.094
29.679 -85.084
29.671 -85.077
29.649 -85.091
29.633 -85.097
29.628 -85.125
29.635 -85.143
29.65 -85.163
29.664 -85.185
29.673 -85.204
29.676 -85.214
29.678 -85.222
29.678 -85.223
29.68 -85.22
29.682 -85.209
29.683 -85.185
29.682 -85.169
29.68 -85.156
segment Florida
28.006 -82.822
28.002 -82.822
27.992 -82.817
27.983 -82.816
27.974 -82.815
27.97 -82.818
27.964 -82.822
27.968 -82.83
27.978 -82.83
27.989 -82.829
28.016 -82.829
28.02 -82.829
28.031 -82.823
28.045 -82.823
28.053 -82.826
28.063 -82.832
28.073 -82.836
28.082 -82.833
28.085 -82.831
28.084 -82.826
28.068 -82.823
28.058 -82.818
28.037 -82.813
28.013 -82.815
28.008 -82.821
28.006 -82.822
segment Florida
26.61 -82.229
26.636 -82.239
26.654 -82.249
26.673 -82.263
26.683 -82.268
26.686 -82.267
26.698 -82.264
26.703 -82.256
26.708 -82.255
26.706 -82.247
26.694 -82.243
26.689 -82.246
26.683 -82.247
26.662 -82.237
26.626 -82.218
26.611 -82.216
26.603 -82.214
26.56 -82.197
26.554 -82.195
26.545 -82.192
26.538 -82.19
26.528 -82.187
26.524 -82.186
26.518 -82.184
26.502 -82.178
26.499 -82.175
26.499 -82.174
26.494 -82.17
26.49 -82.166
26.48 -82.153
26.478 -82.149
26.477 -82.132
26.474 -82.12
26.455 -82.088
26.466 -82.077
26.47 -82.063
26.467 -82.056
26.457 -82.038
26.457 -82.036
26.457 -82.035
26.455 -82.016
26.454 -82.014
26.452 -82.014
26.449 -82.019
26.438 -82.04
26.425 -82.063
26.422 -82.075
26.422 -82.08
26.422 -82.083
26.425 -82.098
26.431 -82.112
26.436 -82.127
26.455 -82.149
26.468 -82.173
26.472 -82.177
26.476 -82.181
26.481 -82.183
26.489 -82.186
26.518 -82.193
26.526 -82.195
26.535 -82.197
26.549 -82.2
26.553 -82.201
26.554 -82.201
26.556 -82.201
26.567 -82.206
26.59 -82.222
26.61 -82.229
segment Florida
25.393 -80.25
25.396 -80.248
25.399 -80.246
25.401 -80.241
25.403 -80.236
25.405 -80.23
25.406 -80.226
25.408 -80.224
25.411 -80.219
25.417 -80.214
25.425 -80.211
25.429 -80.209
25.434 -80.207
25.459 -80.199
25.473 -80.192
25.486 -80.19
25.492 -80.191
25.495 -80.192
25.497 -80.191
25.503 -80.19
25.504 -80.19
25.508 -80.189
25.519 -80.179
25.518 -80.175
25.483 -80.174
25.469 -80.184
25.412 -80.204
25.397 -80.222
25.37 -80.234
25.368 -80.235
25.362 -80.238
25.352 -80.24
25.35 -80.24
25.347 -80.24
25.343 -80.249
25.343 -80.25
25.342 -80.251
25.336 -80.255
25.333 -80.257
25.325 -80.26
25.321 -80.268
25.32 -80.268
25.319 -80.269
25.318 -80.269
25.311 -80.273
25.31 -80.274
25.3 -80.279
25.283 -80.288
25.276 -80.293
25.276 -80.294
25.271 -80.297
25.258 -80.308
25.253 -80.31
25.191 -80.351
25.189 -80.352
25.185 -80.354
25.184 -80.354
25.182 -80.353
25.179 -80.353
25.172 -80.351
25.169 -80.35
25.163 -80.353
25.161 -80.355
25.156 -80.357
25.154 -80.359
25.153 -80.359
25.138 -80.372
25.137 -80.372
25.133 -80.375
25.13 -80.377
25.128 -80.38
25.109 -80.4
25.104 -80.41
25.102 -80.414
25.101 -80.416
25.1 -80.419
25.099 -80.42
25.096 -80.428
25.093 -80.429
25.091 -80.43
25.089 -80.431
25.076 -80.443
25.076 -80.444
25.072 -80.455
25.07 -80.462
25.06 -80.474
25.051 -80.482
25.039 -80.493
25.039 -80.494
25.038 -80.494
25.036 -80.492
25.034 -80.491
25.033 -80.49
25.031 -80.489
25.023 -80.495
25.019 -80.5
25.018 -80.501
25.014 -80.507
25.004 -80.52
25.002 -80.523
24.996 -80.53
24.993 -80.534
24.992 -80.535
24.99 -80.538
24.977 -80.549
24.966 -80.559
24.958 -80.566
24.954 -80.571
24.954 -80.572
24.953 -80.573
24.951 -80.587
24.951 -80.588
24.948 -80.596
24.941 -80.607
24.941 -80.608
24.94 -80.608
24.939 -80.61
24.938 -80.612
24.927 -80.622
24.924 -80.625
24.923 -80.626
24.923 -80.627
24.914 -80.635
24.913 -80.636
24.897 -80.659
24.898 -80.66
24.9 -80.661
24.905 -80.66
24.908 -80.651
24.914 -80.641
24.917 -80.638
24.925 -80.631
24.925 -80.63
24.931 -80.624
24.936 -80.623
24.939 -80.624
24.944 -80.622
24.95 -80.612
24.951 -80.609
24.958 -80.597
24.959 -80.597
24.96 -80.593
24.96 -80.592
24.964 -80.584
24.965 -80.581
24.963 -80.578
24.962 -80.571
24.963 -80.57
24.97 -80.561
24.972 -80.559
24.976 -80.556
24.99 -80.549
25 -80.544
25.007 -80.543
25.008 -80.543
25.015 -80.546
25.015 -80.545
25.015 -80.544
25.016 -80.535
25.017 -80.525
25.017 -80.524
25.023 -80.517
25.026 -80.512
25.028 -80.509
25.04 -80.502
25.041 -80.501
25.043 -80.5
25.047 -80.496
25.049 -80.493
25.05 -80.489
25.052 -80.487
25.052 -80.486
25.057 -80.481
25.079 -80.461
25.087 -80.465
25.089 -80.469
25.089 -80.47
25.092 -80.482
25.102 -80.495
25.109 -80.484
25.107 -80.477
25.099 -80.476
25.095 -80.467
25.093 -80.464
25.093 -80.462
25.091 -80.459
25.091 -80.458
25.089 -80.45
25.092 -80.446
25.093 -80.445
25.106 -80.434
25.107 -80.434
25.11 -80.434
25.112 -80.434
25.115 -80.434
25.128 -80.439
25.148 -80.448
25.151 -80.446
25.147 -80.437
25.142 -80.425
25.137 -80.414
25.137 -80.413
25.138 -80.411
25.14 -80.407
25.142 -80.403
25.151 -80.395
25.157 -80.393
25.161 -80.391
25.165 -80.39
25.171 -80.387
25.173 -80.387
25.18 -80.388
25.183 -80.388
25.184 -80.389
25.192 -80.392
25.198 -80.387
25.205 -80.373
25.206 -80.37
25.207 -80.369
25.207 -80.359
25.207 -80.358
25.21 -80.351
25.211 -80.35
25.231 -80.337
25.234 -80.337
25.254 -80.334
25.262 -80.336
25.265 -80.339
25.268 -80.342
25.268 -80.343
25.282 -80.368
25.287 -80.364
25.29 -80.339
25.289 -80.338
25.288 -80.337
25.287 -80.336
25.286 -80.335
25.286 -80.333
25.286 -80.33
25.287 -80.329
25.294 -80.316
25.299 -80.311
25.303 -80.305
25.307 -80.301
25.314 -80.293
25.324 -80.29
25.325 -80.29
25.344 -80.276
25.354 -80.265
25.355 -80.264
25.358 -80.26
25.36 -80.259
25.361 -80.257
25.365 -80.256
25.373 -80.256
25.375 -80.255
25.381 -80.255
25.383 -80.254
25.391 -80.251
25.393 -80.25
segment Florida
24.881 -80.702
24.886 -80.692
24.882 -80.69
24.875 -80.697
24.874 -80.699
24.869 -80.703
24.863 -80.712
24.853 -80.73
24.848 -80.739
24.844 -80.748
24.842 -80.75
24.836 -80.761
24.836 -80.767
24.846 -80.752
24.851 -80.745
24.857 -80.741
24.865 -80.732
24.865 -80.729
24.865 -80.724
24.865 -80.72
24.879 -80.705
24.88 -80.704
24.881 -80.703
24.881 -80.702
segment Florida
24.825 -80.817
24.828 -80.815
24.83 -80.812
24.844 -80.793
24.841 -80.781
24.824 -80.788
24.818 -80.79
24.812 -80.796
24.813 -80.822
24.803 -80.846
24.803 -80.85
24.803 -80.851
24.804 -80.851
24.807 -80.846
24.814 -80.83
24.825 -80.817
segment Florida
24.791 -80.892
24.792 -80.891
24.792 -80.885
24.79 -80.884
24.786 -80.893
24.785 -80.9
24.784 -80.907
24.791 -80.892
segment Florida
24.779 -80.92
24.782 -80.91
24.781 -80.91
24.778 -80.909
24.77 -80.906
24.77 -80.907
24.766 -80.911
24.765 -80.912
24.766 -80.921
24.766 -80.924
24.766 -80.927
24.767 -80.929
24.768 -80.939
24.767 -80.939
24.766 -80.941
24.754 -80.96
24.747 -80.972
24.731 -80.998
24.723 -81.011
24.72 -81.016
24.717 -81.024
24.721 -81.029
24.723 -81.03
24.725 -81.031
24.727 -81.032
24.727 -81.034
24.724 -81.042
24.723 -81.045
24.719 -81.055
24.716 -81.064
24.715 -81.065
24.712 -81.07
24.712 -81.071
24.708 -81.073
24.704 -81.076
24.697 -81.079
24.696 -81.079
24.694 -81.079
24.692 -81.078
24.691 -81.087
24.691 -81.089
24.691 -81.092
24.69 -81.096
24.689 -81.106
24.689 -81.108
24.689 -81.109
24.692 -81.112
24.697 -81.116
24.699 -81.118
24.705 -81.124
24.706 -81.124
24.708 -81.125
24.713 -81.107
24.711 -81.105
24.711 -81.104
24.712 -81.102
24.712 -81.099
24.717 -81.087
24.718 -81.082
24.719 -81.08
24.721 -81.076
24.724 -81.067
24.725 -81.065
24.73 -81.059
24.737 -81.051
24.738 -81.051
24.741 -81.045
24.743 -81.042
24.743 -81.037
24.74 -81.035
24.737 -81.03
24.735 -81.026
24.733 -81.022
24.733 -81.021
24.734 -81.018
24.735 -81.017
24.735 -81.015
24.736 -81.013
24.74 -81.003
24.744 -80.994
24.745 -80.994
24.746 -80.993
24.753 -80.986
24.754 -80.985
24.758 -80.975
24.761 -80.968
24.762 -80.965
24.764 -80.96
24.767 -80.953
24.77 -80.946
24.777 -80.924
24.779 -80.92
segment Florida
24.755 -81.356
24.757 -81.357
24.757 -81.356
24.756 -81.343
24.762 -81.328
24.767 -81.325
24.757 -81.318
24.757 -81.31
24.757 -81.305
24.75 -81.301
24.737 -81.291
24.721 -81.288
24.714 -81.303
24.727 -81.311
24.729 -81.319
24.728 -81.327
24.747 -81.35
24.755 -81.356
segment Florida
24.748 -81.4
24.745 -81.396
24.743 -81.393
24.738 -81.39
24.736 -81.39
24.731 -81.389
24.729 -81.388
24.726 -81.386
24.723 -81.381
24.719 -81.375
24.714 -81.368
24.709 -81.36
24.709 -81.358
24.708 -81.356
24.708 -81.351
24.708 -81.346
24.701 -81.319
24.692 -81.315
24.681 -81.314
24.665 -81.31
24.657 -81.298
24.655 -81.298
24.654 -81.298
24.652 -81.303
24.648 -81.313
24.645 -81.319
24.644 -81.321
24.642 -81.328
24.641 -81.33
24.64 -81.333
24.636 -81.346
24.635 -81.348
24.63 -81.363
24.623 -81.39
24.621 -81.395
24.622 -81.397
24.624 -81.402
24.627 -81.402
24.632 -81.403
24.64 -81.403
24.647 -81.414
24.646 -81.431
24.646 -81.432
24.64 -81.449
24.641 -81.461
24.642 -81.47
24.645 -81.48
24.645 -81.481
24.647 -81.482
24.649 -81.48
24.649 -81.479
24.65 -81.478
24.653 -81.476
24.66 -81.48
24.665 -81.499
24.661 -81.503
24.655 -81.506
24.648 -81.507
24.644 -81.509
24.632 -81.509
24.631 -81.509
24.625 -81.511
24.62 -81.519
24.615 -81.546
24.586 -81.603
24.579 -81.635
24.573 -81.664
24.569 -81.67
24.567 -81.672
24.564 -81.675
24.559 -81.685
24.56 -81.692
24.557 -81.723
24.556 -81.733
24.556 -81.734
24.555 -81.746
24.554 -81.748
24.554 -81.749
24.552 -81.766
24.547 -81.784
24.547 -81.786
24.546 -81.788
24.546 -81.794
24.546 -81.797
24.545 -81.8
24.545 -81.81
24.546 -81.813
24.548 -81.813
24.554 -81.814
24.558 -81.814
24.559 -81.814
24.564 -81.814
24.565 -81.814
24.57 -81.811
24.57 -81.807
24.571 -81.803
24.571 -81.801
24.572 -81.8
24.576 -81.798
24.586 -81.794
24.585 -81.775
24.585 -81.774
24.585 -81.772
24.586 -81.771
24.586 -81.767
24.588 -81.76
24.59 -81.75
24.59 -81.748
24.59 -81.739
24.584 -81.735
24.582 -81.73
24.586 -81.72
24.588 -81.716
24.592 -81.715
24.598 -81.705
24.598 -81.699
24.592 -81.694
24.593 -81.687
24.598 -81.679
24.6 -81.676
24.601 -81.676
24.605 -81.672
24.608 -81.669
24.615 -81.658
24.616 -81.656
24.619 -81.644
24.621 -81.637
24.643 -81.615
24.651 -81.615
24.655 -81.598
24.656 -81.588
24.659 -81.583
24.669 -81.581
24.68 -81.573
24.693 -81.563
24.692 -81.558
24.681 -81.542
24.68 -81.535
24.681 -81.533
24.688 -81.519
24.7 -81.516
24.704 -81.512
24.707 -81.501
24.71 -81.491
24.711 -81.477
24.706 -81.474
24.704 -81.469
24.707 -81.459
24.711 -81.454
24.713 -81.453
24.715 -81.452
24.736 -81.453
24.74 -81.457
24.747 -81.451
24.735 -81.441
24.727 -81.439
24.724 -81.436
24.723 -81.432
24.732 -81.423
24.738 -81.422
24.746 -81.427
24.747 -81.431
24.752 -81.431
24.753 -81.425
24.749 -81.403
24.748 -81.4
segment Florida
24.673 -81.25
24.676 -81.246
24.674 -81.243
24.671 -81.244
24.669 -81.245
24.668 -81.248
24.661 -81.266
24.656 -81.277
24.654 -81.282
24.66 -81.278
24.675 -81.26
24.673 -81.25
segment Florida
24.576 -82.151
24.593 -82.143
24.597 -82.135
24.597 -82.125
24.588 -82.104
24.585 -82.101
24.573 -82.099
24.561 -82.104
24.549 -82.117
24.548 -82.159
24.552 -82.165
24.563 -82.164
24.576 -82.151
