segment Idaho
49.001 -116.049
48.813 -116.049
48.626 -116.049
48.619 -116.049
48.502 -116.049
48.481 -116.049
48.413 -116.05
48.329 -116.049
48.31 -116.049
48.308 -116.049
48.275 -116.05
48.261 -116.05
48.25 -116.049
48.238 -116.05
48.167 -116.049
48.125 -116.049
48.077 -116.049
48.067 -116.049
48.06 -116.049
48 -116.049
47.977 -116.049
47.977 -116.048
47.975 -116.045
47.973 -116.041
47.971 -116.038
47.973 -116.031
47.964 -116.021
47.96 -116.017
47.953 -116.01
47.95 -116.007
47.939 -115.998
47.934 -115.995
47.926 -115.994
47.916 -115.983
47.914 -115.969
47.91 -115.965
47.898 -115.96
47.893 -115.953
47.886 -115.943
47.884 -115.942
47.883 -115.94
47.878 -115.936
47.865 -115.926
47.857 -115.919
47.854 -115.916
47.846 -115.906
47.846 -115.905
47.843 -115.901
47.85 -115.882
47.843 -115.875
47.842 -115.874
47.835 -115.871
47.828 -115.852
47.815 -115.845
47.809 -115.849
47.785 -115.847
47.78 -115.84
47.775 -115.837
47.77 -115.835
47.761 -115.835
47.756 -115.832
47.752 -115.825
47.756 -115.812
47.758 -115.804
47.758 -115.797
47.749 -115.787
47.743 -115.78
47.734 -115.782
47.729 -115.784
47.72 -115.776
47.717 -115.772
47.717 -115.763
47.719 -115.759
47.717 -115.752
47.704 -115.731
47.697 -115.724
47.696 -115.724
47.691 -115.724
47.675 -115.726
47.672 -115.727
47.664 -115.731
47.655 -115.736
47.642 -115.73
47.636 -115.715
47.635 -115.709
47.623 -115.694
47.617 -115.693
47.595 -115.689
47.577 -115.706
47.576 -115.721
47.567 -115.735
47.555 -115.747
47.549 -115.749
47.548 -115.748
47.543 -115.747
47.539 -115.741
47.534 -115.723
47.533 -115.72
47.533 -115.717
47.53 -115.71
47.524 -115.71
47.517 -115.709
47.515 -115.709
47.513 -115.709
47.506 -115.701
47.503 -115.699
47.499 -115.694
47.486 -115.687
47.485 -115.682
47.479 -115.661
47.478 -115.656
47.478 -115.655
47.476 -115.653
47.468 -115.654
47.457 -115.664
47.454 -115.671
47.455 -115.68
47.457 -115.693
47.453 -115.718
47.45 -115.723
47.445 -115.729
47.433 -115.731
47.429 -115.729
47.425 -115.723
47.424 -115.721
47.423 -115.721
47.421 -115.719
47.418 -115.71
47.415 -115.691
47.401 -115.658
47.39 -115.648
47.382 -115.644
47.379 -115.639
47.38 -115.634
47.383 -115.617
47.381 -115.609
47.378 -115.602
47.377 -115.601
47.369 -115.582
47.367 -115.579
47.364 -115.576
47.356 -115.571
47.353 -115.565
47.353 -115.556
47.35 -115.551
47.338 -115.549
47.333 -115.549
47.332 -115.549
47.32 -115.538
47.314 -115.532
47.306 -115.528
47.303 -115.527
47.295 -115.512
47.29 -115.496
47.287 -115.487
47.285 -115.471
47.278 -115.457
47.277 -115.444
47.279 -115.428
47.276 -115.423
47.272 -115.422
47.264 -115.411
47.264 -115.404
47.265 -115.379
47.265 -115.372
47.261 -115.366
47.259 -115.359
47.26 -115.35
47.262 -115.339
47.256 -115.327
47.245 -115.325
47.244 -115.324
47.233 -115.317
47.23 -115.312
47.23 -115.307
47.225 -115.299
47.221 -115.295
47.21 -115.292
47.206 -115.296
47.194 -115.301
47.188 -115.301
47.187 -115.298
47.184 -115.287
47.183 -115.286
47.182 -115.262
47.175 -115.256
47.163 -115.255
47.161 -115.254
47.155 -115.248
47.15 -115.244
47.149 -115.23
47.149 -115.223
47.139 -115.201
47.131 -115.189
47.113 -115.173
47.106 -115.17
47.093 -115.14
47.085 -115.14
47.078 -115.137
47.068 -115.128
47.061 -115.121
47.049 -115.107
47.047 -115.103
47.049 -115.098
47.046 -115.088
47.039 -115.083
47.036 -115.081
47.025 -115.074
47.022 -115.071
47.015 -115.07
47.003 -115.067
46.996 -115.066
46.987 -115.057
46.975 -115.052
46.971 -115.05
46.97 -115.048
46.972 -115.032
46.973 -115.029
46.976 -115.028
46.972 -115.001
46.968 -115.001
46.966 -114.999
46.952 -114.987
46.939 -114.971
46.933 -114.964
46.93 -114.961
46.93 -114.96
46.926 -114.949
46.923 -114.941
46.92 -114.93
46.914 -114.927
46.91 -114.928
46.902 -114.935
46.897 -114.937
46.888 -114.933
46.882 -114.931
46.877 -114.932
46.869 -114.939
46.868 -114.943
46.859 -114.947
46.856 -114.94
46.855 -114.929
46.848 -114.923
46.843 -114.928
46.836 -114.928
46.828 -114.92
46.823 -114.905
46.813 -114.898
46.809 -114.888
46.812 -114.881
46.813 -114.874
46.814 -114.865
46.814 -114.864
46.812 -114.861
46.808 -114.861
46.805 -114.86
46.802 -114.857
46.794 -114.845
46.791 -114.836
46.783 -114.829
46.781 -114.818
46.782 -114.809
46.779 -114.79
46.775 -114.786
46.758 -114.765
46.745 -114.765
46.739 -114.767
46.732 -114.774
46.731 -114.776
46.73 -114.78
46.724 -114.783
46.714 -114.789
46.712 -114.787
46.711 -114.787
46.697 -114.767
46.697 -114.752
46.7 -114.749
46.703 -114.748
46.712 -114.74
46.715 -114.727
46.715 -114.714
46.715 -114.713
46.718 -114.71
46.731 -114.704
46.737 -114.701
46.74 -114.699
46.741 -114.697
46.738 -114.683
46.737 -114.677
46.737 -114.674
46.733 -114.649
46.73 -114.646
46.715 -114.633
46.713 -114.627
46.707 -114.621
46.692 -114.623
46.684 -114.632
46.679 -114.642
46.673 -114.643
46.666 -114.639
46.659 -114.636
46.658 -114.621
46.655 -114.615
46.648 -114.612
46.644 -114.616
46.64 -114.615
46.636 -114.602
46.633 -114.595
46.633 -114.593
46.633 -114.583
46.642 -114.562
46.644 -114.547
46.642 -114.527
46.639 -114.509
46.638 -114.498
46.633 -114.486
46.632 -114.467
46.641 -114.454
46.649 -114.453
46.661 -114.424
46.657 -114.411
46.66 -114.403
46.665 -114.395
46.667 -114.378
46.669 -114.361
46.668 -114.357
46.662 -114.338
46.661 -114.333
46.654 -114.325
46.647 -114.321
46.643 -114.323
46.625 -114.323
46.611 -114.323
46.592 -114.334
46.588 -114.335
46.583 -114.334
46.579 -114.332
46.578 -114.331
46.572 -114.332
46.564 -114.34
46.555 -114.343
46.548 -114.345
46.534 -114.349
46.53 -114.349
46.525 -114.346
46.52 -114.342
46.508 -114.352
46.505 -114.359
46.502 -114.375
46.504 -114.386
46.503 -114.395
46.502 -114.4
46.499 -114.403
46.477 -114.4
46.47 -114.394
46.466 -114.383
46.46 -114.379
46.443 -114.376
46.435 -114.379
46.412 -114.385
46.41 -114.389
46.406 -114.397
46.4 -114.409
46.387 -114.422
46.367 -114.412
46.361 -114.411
46.336 -114.414
46.32 -114.425
46.311 -114.432
46.306 -114.433
46.288 -114.426
46.284 -114.427
46.277 -114.435
46.274 -114.441
46.271 -114.453
46.273 -114.465
46.267 -114.47
46.262 -114.47
46.249 -114.468
46.241 -114.452
46.237 -114.45
46.22 -114.446
46.203 -114.443
46.174 -114.446
46.17 -114.458
46.162 -114.473
46.161 -114.478
46.168 -114.489
46.168 -114.497
46.168 -114.515
46.166 -114.516
46.146 -114.527
46.144 -114.527
46.125 -114.521
46.119 -114.503
46.114 -114.49
46.113 -114.488
46.113 -114.474
46.105 -114.467
46.097 -114.46
46.079 -114.462
46.066 -114.467
46.062 -114.469
46.056 -114.479
46.047 -114.492
46.043 -114.495
46.037 -114.493
46.032 -114.491
46.03 -114.486
46.03 -114.48
46.017 -114.474
46.011 -114.477
46.009 -114.478
46.002 -114.477
46.001 -114.477
45.996 -114.471
45.995 -114.468
45.992 -114.454
45.988 -114.441
45.988 -114.44
45.98 -114.431
45.973 -114.425
45.956 -114.42
45.949 -114.421
45.938 -114.431
45.936 -114.431
45.911 -114.413
45.903 -114.404
45.901 -114.395
45.892 -114.389
45.89 -114.387
45.889 -114.387
45.882 -114.388
45.88 -114.39
45.852 -114.409
45.852 -114.41
45.855 -114.423
45.859 -114.449
45.855 -114.456
45.851 -114.47
45.851 -114.484
45.851 -114.489
45.851 -114.499
45.846 -114.509
45.841 -114.515
45.836 -114.517
45.833 -114.517
45.831 -114.515
45.829 -114.513
45.827 -114.515
45.791 -114.545
45.786 -114.555
45.78 -114.563
45.774 -114.566
45.765 -114.558
45.751 -114.546
45.739 -114.536
45.725 -114.509
45.722 -114.505
45.721 -114.504
45.717 -114.501
45.711 -114.498
45.703 -114.495
45.669 -114.5
45.659 -114.508
45.649 -114.522
45.651 -114.527
45.652 -114.53
45.651 -114.536
45.65 -114.538
45.64 -114.561
45.637 -114.564
45.632 -114.563
45.619 -114.554
45.617 -114.545
45.607 -114.538
45.602 -114.543
45.596 -114.549
45.591 -114.554
45.585 -114.558
45.584 -114.558
45.566 -114.559
45.565 -114.558
45.561 -114.55
45.569 -114.529
45.571 -114.526
45.568 -114.518
45.566 -114.515
45.559 -114.506
45.555 -114.498
45.558 -114.49
45.561 -114.481
45.563 -114.474
45.562 -114.468
45.561 -114.461
45.558 -114.46
45.544 -114.457
45.543 -114.451
45.536 -114.439
45.53 -114.434
45.527 -114.431
45.51 -114.416
45.503 -114.389
45.493 -114.369
45.49 -114.366
45.474 -114.361
45.46 -114.345
45.459 -114.333
45.469 -114.308
45.481 -114.279
45.486 -114.271
45.496 -114.262
45.518 -114.251
45.524 -114.248
45.533 -114.248
45.536 -114.251
45.538 -114.252
45.546 -114.248
45.546 -114.242
45.546 -114.228
45.541 -114.217
45.537 -114.206
45.536 -114.204
45.537 -114.193
45.546 -114.186
45.551 -114.18
45.552 -114.165
45.553 -114.155
45.553 -114.152
45.557 -114.135
45.565 -114.129
45.569 -114.129
45.573 -114.132
45.574 -114.131
45.584 -114.122
45.585 -114.119
45.585 -114.116
45.586 -114.108
45.586 -114.1
45.589 -114.094
45.591 -114.087
45.597 -114.082
45.604 -114.083
45.611 -114.082
45.628 -114.068
45.647 -114.036
45.649 -114.033
45.649 -114.029
45.649 -114.019
45.654 -114.015
45.658 -114.014
45.67 -114.02
45.681 -114.021
45.693 -114.019
45.696 -114.016
45.702 -113.994
45.705 -113.987
45.703 -113.979
45.701 -113.972
45.691 -113.953
45.687 -113.944
45.682 -113.934
45.674 -113.931
45.672 -113.93
45.659 -113.92
45.653 -113.908
45.651 -113.904
45.648 -113.901
45.644 -113.899
45.637 -113.903
45.624 -113.904
45.622 -113.905
45.622 -113.903
45.618 -113.89
45.617 -113.886
45.621 -113.873
45.624 -113.861
45.62 -113.849
45.612 -113.823
45.607 -113.814
45.602 -113.807
45.593 -113.803
45.592 -113.803
45.584 -113.803
45.58 -113.805
45.577 -113.808
45.574 -113.811
45.566 -113.82
45.524 -113.834
45.521 -113.835
45.521 -113.833
45.52 -113.809
45.523 -113.803
45.523 -113.797
45.523 -113.778
45.522 -113.771
45.521 -113.766
45.488 -113.761
45.481 -113.76
45.466 -113.774
45.455 -113.784
45.452 -113.783
45.442 -113.774
45.431 -113.765
45.431 -113.764
45.428 -113.763
45.421 -113.767
45.418 -113.768
45.411 -113.765
45.407 -113.761
45.403 -113.751
45.392 -113.734
45.39 -113.733
45.386 -113.732
45.385 -113.732
45.375 -113.734
45.373 -113.734
45.365 -113.736
45.346 -113.74
45.33 -113.739
45.325 -113.736
45.305 -113.713
45.3 -113.708
45.296 -113.703
45.291 -113.698
45.284 -113.689
45.277 -113.688
45.276 -113.688
45.274 -113.69
45.273 -113.69
45.271 -113.691
45.271 -113.692
45.265 -113.692
45.259 -113.689
45.254 -113.685
45.249 -113.679
45.249 -113.674
45.246 -113.666
45.241 -113.657
45.235 -113.65
45.228 -113.647
45.22 -113.642
45.213 -113.637
45.208 -113.628
45.202 -113.619
45.191 -113.6
45.177 -113.59
45.17 -113.593
45.166 -113.595
45.161 -113.592
45.154 -113.589
45.133 -113.577
45.128 -113.575
45.113 -113.555
45.112 -113.546
45.115 -113.538
45.115 -113.516
45.115 -113.513
45.112 -113.51
45.107 -113.507
45.1 -113.511
45.093 -113.52
45.064 -113.485
45.062 -113.474
45.063 -113.465
45.065 -113.461
45.059 -113.452
45.046 -113.449
45.035 -113.45
45.029 -113.447
45.009 -113.439
45.007 -113.438
44.999 -113.447
44.985 -113.447
44.976 -113.445
44.974 -113.445
44.96 -113.444
44.954 -113.449
44.952 -113.453
44.948 -113.467
44.949 -113.475
44.95 -113.481
44.949 -113.494
44.942 -113.499
44.936 -113.496
44.931 -113.493
44.928 -113.491
44.911 -113.475
44.908 -113.473
44.89 -113.466
44.882 -113.462
44.88 -113.461
44.877 -113.46
44.865 -113.455
44.864 -113.454
44.843 -113.422
44.837 -113.384
44.835 -113.377
44.82 -113.357
44.82 -113.356
44.801 -113.346
44.799 -113.347
44.795 -113.355
44.792 -113.354
44.785 -113.342
44.79 -113.326
44.799 -113.302
44.803 -113.297
44.811 -113.281
44.813 -113.278
44.813 -113.276
44.814 -113.276
44.814 -113.274
44.82 -113.257
44.823 -113.248
44.823 -113.247
44.814 -113.239
44.809 -113.21
44.802 -113.194
44.794 -113.183
44.787 -113.179
44.779 -113.164
44.78 -113.161
44.781 -113.158
44.777 -113.141
44.773 -113.131
44.765 -113.131
44.76 -113.138
44.753 -113.135
44.751 -113.132
44.738 -113.117
44.729 -113.102
44.721 -113.102
44.709 -113.101
44.697 -113.098
44.691 -113.082
44.679 -113.068
44.673 -113.068
44.668 -113.07
44.656 -113.068
44.649 -113.066
44.637 -113.052
44.629 -113.049
44.621 -113.054
44.619 -113.057
44.617 -113.066
44.614 -113.074
44.604 -113.082
44.602 -113.084
44.595 -113.077
44.582 -113.066
44.577 -113.061
44.574 -113.056
44.565 -113.042
44.557 -113.043
44.547 -113.043
44.537 -113.033
44.529 -113.02
44.52 -113.019
44.502 -113.02
44.494 -113.021
44.479 -113.015
44.463 -113.009
44.451 -113.004
44.434 -112.982
44.431 -112.975
44.424 -112.963
44.417 -112.951
44.403 -112.916
44.399 -112.9
44.396 -112.886
44.38 -112.882
44.378 -112.879
44.374 -112.874
44.371 -112.869
44.36 -112.855
44.358 -112.845
44.364 -112.833
44.371 -112.82
44.375 -112.816
44.378 -112.814
44.378 -112.813
44.387 -112.813
44.392 -112.813
44.399 -112.816
44.407 -112.822
44.423 -112.836
44.429 -112.834
44.442 -112.828
44.452 -112.816
44.456 -112.811
44.466 -112.798
44.485 -112.781
44.488 -112.763
44.489 -112.762
44.491 -112.749
44.499 -112.735
44.504 -112.719
44.503 -112.708
44.499 -112.697
44.496 -112.687
44.491 -112.671
44.487 -112.666
44.486 -112.664
44.486 -112.661
44.489 -112.63
44.491 -112.602
44.486 -112.594
44.481 -112.584
44.481 -112.574
44.485 -112.551
44.484 -112.542
44.476 -112.519
44.47 -112.512
44.466 -112.512
44.463 -112.5
44.471 -112.487
44.48 -112.473
44.479 -112.469
44.476 -112.46
44.468 -112.446
44.462 -112.435
44.455 -112.413
44.448 -112.387
44.464 -112.372
44.467 -112.369
44.475 -112.365
44.486 -112.359
44.493 -112.357
44.529 -112.359
44.536 -112.354
44.539 -112.349
44.539 -112.319
44.542 -112.315
44.545 -112.315
44.549 -112.315
44.55 -112.315
44.554 -112.313
44.556 -112.31
44.558 -112.308
44.567 -112.29
44.568 -112.286
44.57 -112.259
44.569 -112.248
44.568 -112.243
44.563 -112.23
44.555 -112.227
44.549 -112.229
44.544 -112.222
44.533 -112.184
44.533 -112.18
44.542 -112.165
44.54 -112.136
44.536 -112.129
44.529 -112.125
44.521 -112.107
44.521 -112.102
44.523 -112.096
44.53 -112.093
44.534 -112.081
44.537 -112.069
44.536 -112.062
44.535 -112.053
44.53 -112.037
44.538 -112.034
44.543 -112.035
44.547 -112.033
44.542 -112.014
44.535 -111.995
44.537 -111.981
44.542 -111.97
44.545 -111.963
44.55 -111.952
44.555 -111.949
44.557 -111.948
44.557 -111.92
44.557 -111.904
44.561 -111.895
44.563 -111.888
44.564 -111.871
44.558 -111.865
44.549 -111.857
44.54 -111.849
44.526 -111.843
44.516 -111.83
44.509 -111.821
44.512 -111.808
44.516 -111.807
44.528 -111.767
44.53 -111.762
44.534 -111.759
44.541 -111.746
44.543 -111.737
44.543 -111.736
44.543 -111.73
44.543 -111.72
44.544 -111.715
44.55 -111.71
44.56 -111.704
44.56 -111.685
44.56 -111.682
44.555 -111.652
44.553 -111.641
44.553 -111.637
44.549 -111.617
44.549 -111.614
44.554 -111.601
44.562 -111.592
44.563 -111.586
44.562 -111.584
44.559 -111.574
44.555 -111.563
44.554 -111.557
44.557 -111.547
44.548 -111.524
44.544 -111.518
44.54 -111.501
44.541 -111.472
44.545 -111.468
44.552 -111.469
44.555 -111.476
44.561 -111.492
44.569 -111.503
44.583 -111.519
44.596 -111.524
44.598 -111.525
44.605 -111.526
44.613 -111.522
44.633 -111.507
44.636 -111.505
44.644 -111.496
44.649 -111.491
44.655 -111.484
44.665 -111.473
44.667 -111.473
44.678 -111.469
44.679 -111.469
44.682 -111.478
44.688 -111.485
44.699 -111.49
44.7 -111.49
44.705 -111.489
44.708 -111.486
44.713 -111.467
44.717 -111.453
44.719 -111.444
44.72 -111.439
44.721 -111.439
44.721 -111.438
44.72 -111.43
44.714 -111.424
44.711 -111.414
44.723 -111.399
44.729 -111.397
44.745 -111.394
44.747 -111.398
44.753 -111.394
44.755 -111.385
44.75 -111.375
44.742 -111.366
44.738 -111.367
44.728 -111.356
44.725 -111.348
44.729 -111.341
44.724 -111.324
44.702 -111.296
44.683 -111.281
44.678 -111.277
44.669 -111.27
44.668 -111.269
44.656 -111.277
44.65 -111.263
44.651 -111.253
44.644 -111.245
44.623 -111.224
44.618 -111.226
44.607 -111.231
44.587 -111.23
44.581 -111.225
44.576 -111.201
44.571 -111.19
44.567 -111.183
44.562 -111.18
44.552 -111.176
44.547 -111.167
44.546 -111.16
44.536 -111.144
44.535 -111.144
44.517 -111.139
44.5 -111.131
44.494 -111.123
44.49 -111.111
44.487 -111.101
44.486 -111.096
44.485 -111.093
44.483 -111.088
44.476 -111.063
44.475 -111.056
44.474 -111.049
44.438 -111.049
44.436 -111.049
44.375 -111.049
44.354 -111.05
44.25 -111.049
44.132 -111.049
44.125 -111.049
44.12 -111.049
44.115 -111.048
44.106 -111.048
44.063 -111.049
44.061 -111.049
44.06 -111.049
44.02 -111.049
44 -111.047
43.983 -111.047
43.982 -111.047
43.975 -111.047
43.908 -111.047
43.861 -111.047
43.816 -111.047
43.783 -111.047
43.777 -111.047
43.727 -111.046
43.722 -111.046
43.688 -111.046
43.686 -111.046
43.685 -111.046
43.681 -111.046
43.679 -111.046
43.659 -111.046
43.642 -111.046
43.622 -111.046
43.501 -111.045
43.316 -111.045
43.196 -111.044
43.189 -111.044
43.184 -111.044
43.177 -111.044
43.144 -111.044
43.072 -111.044
43.068 -111.044
43.066 -111.044
43.06 -111.044
43.055 -111.044
43.046 -111.044
43.045 -111.044
43.041 -111.044
43.029 -111.044
43.026 -111.044
43.025 -111.044
43.023 -111.044
43.02 -111.044
43.019 -111.044
42.975 -111.044
42.969 -111.044
42.964 -111.044
42.875 -111.044
42.723 -111.044
42.61 -111.046
42.583 -111.046
42.513 -111.047
42.505 -111.047
42.349 -111.047
42.281 -111.047
42.213 -111.047
42.195 -111.047
42.183 -111.047
42.149 -111.047
42.142 -111.047
42.122 -111.047
42.09 -111.047
42.002 -111.047
42.001 -111.078
42.001 -111.098
42.001 -111.222
42.001 -111.321
42.001 -111.374
42.001 -111.408
42.001 -111.416
42.001 -111.421
42.001 -111.426
42 -111.471
42 -111.507
41.999 -111.701
41.999 -111.751
41.999 -111.813
41.999 -111.857
41.999 -111.876
41.998 -111.916
41.999 -111.916
41.998 -111.933
41.998 -111.977
41.998 -112.012
41.998 -112.11
41.997 -112.164
41.997 -112.173
42.001 -112.193
42.001 -112.227
42.001 -112.239
42.001 -112.265
42.001 -112.365
42.001 -112.386
42.001 -112.451
42.001 -112.506
42 -112.648
42 -112.709
42 -112.789
41.999 -112.833
41.999 -112.881
41.999 -112.882
41.999 -112.91
41.998 -112.979
41.998 -113.001
41.998 -113.008
41.996 -113.249
41.996 -113.251
41.995 -113.34
41.994 -113.358
41.994 -113.396
41.994 -113.402
41.994 -113.432
41.993 -113.496
41.993 -113.497
41.993 -113.501
41.991 -113.649
41.99 -113.696
41.99 -113.753
41.989 -113.765
41.989 -113.796
41.988 -113.822
41.988 -113.884
41.988 -113.887
41.988 -113.893
41.988 -113.901
41.993 -113.994
41.994 -114.042
41.994 -114.048
41.994 -114.062
41.994 -114.107
41.994 -114.282
41.995 -114.468
41.995 -114.498
41.995 -114.598
41.998 -114.721
42.002 -114.806
42.002 -114.831
42.002 -114.866
42.001 -114.876
42 -114.899
42 -114.914
41.996 -115.032
41.996 -115.038
41.996 -115.251
41.997 -115.254
41.997 -115.255
41.996 -115.314
41.997 -115.587
41.997 -115.614
41.997 -115.626
41.997 -115.71
41.997 -115.87
41.998 -115.88
41.998 -115.888
41.998 -115.912
41.999 -115.987
41.998 -116.012
41.998 -116.019
41.997 -116.031
41.997 -116.039
41.998 -116.161
41.998 -116.164
41.997 -116.271
41.997 -116.333
41.997 -116.334
41.996 -116.368
41.996 -116.378
41.997 -116.464
41.997 -116.483
41.997 -116.486
41.997 -116.5
41.997 -116.502
41.997 -116.51
41.998 -116.525
41.998 -116.582
41.997 -116.587
41.997 -116.626
41.998 -116.627
41.999 -116.969
41.998 -117.009
41.999 -117.018
42 -117.026
42.118 -117.026
42.133 -117.027
42.164 -117.026
42.166 -117.026
42.311 -117.026
42.324 -117.026
42.357 -117.026
42.379 -117.027
42.552 -117.027
42.625 -117.027
42.628 -117.027
42.807 -117.026
43.025 -117.027
43.084 -117.027
43.253 -117.027
43.28 -117.027
43.293 -117.027
43.369 -117.027
43.44 -117.027
43.479 -117.027
43.564 -117.027
43.574 -117.027
43.578 -117.027
43.579 -117.027
43.594 -117.027
43.596 -117.027
43.6 -117.027
43.602 -117.027
43.611 -117.027
43.618 -117.027
43.621 -117.027
43.624 -117.027
43.625 -117.027
43.632 -117.027
43.664 -117.027
43.676 -117.027
43.681 -117.027
43.683 -117.027
43.694 -117.027
43.706 -117.027
43.715 -117.027
43.733 -117.027
43.734 -117.027
43.778 -117.027
43.805 -117.027
43.807 -117.027
43.808 -117.027
43.826 -117.027
43.83 -117.027
43.832 -117.027
43.834 -117.026
43.842 -117.023
43.853 -117.017
43.859 -117.014
43.862 -117.011
43.864 -117.001
43.865 -116.999
43.865 -116.997
43.864 -116.991
43.864 -116.99
43.866 -116.987
43.868 -116.983
43.869 -116.982
43.88 -116.98
43.894 -116.976
43.895 -116.976
43.896 -116.976
43.901 -116.976
43.906 -116.977
43.917 -116.968
43.919 -116.966
43.921 -116.964
43.928 -116.962
43.933 -116.963
43.946 -116.963
43.953 -116.964
43.956 -116.966
43.957 -116.968
43.957 -116.969
43.959 -116.97
43.96 -116.971
43.963 -116.972
43.965 -116.971
43.968 -116.97
43.969 -116.966
43.972 -116.958
43.984 -116.946
43.988 -116.943
43.989 -116.942
43.997 -116.94
44.002 -116.939
44.011 -116.937
44.012 -116.936
44.021 -116.934
44.024 -116.935
44.025 -116.935
44.029 -116.937
44.036 -116.943
44.04 -116.95
44.043 -116.956
44.049 -116.973
44.054 -116.974
44.084 -116.977
44.085 -116.977
44.086 -116.977
44.088 -116.974
44.091 -116.968
44.091 -116.967
44.092 -116.957
44.094 -116.944
44.094 -116.943
44.095 -116.942
44.095 -116.941
44.096 -116.939
44.097 -116.938
44.1 -116.934
44.107 -116.928
44.109 -116.928
44.125 -116.917
44.126 -116.916
44.13 -116.913
44.153 -116.897
44.154 -116.896
44.158 -116.894
44.16 -116.894
44.161 -116.894
44.171 -116.896
44.177 -116.9
44.179 -116.903
44.18 -116.903
44.18 -116.904
44.192 -116.925
44.192 -116.926
44.194 -116.935
44.194 -116.941
44.192 -116.945
44.191 -116.948
44.194 -116.965
44.195 -116.967
44.197 -116.972
44.208 -116.974
44.226 -116.974
44.227 -116.974
44.234 -116.972
44.235 -116.972
44.236 -116.972
44.237 -116.972
44.238 -116.973
44.24 -116.974
44.243 -116.976
44.244 -116.982
44.245 -116.987
44.245 -117.001
44.245 -117.017
44.246 -117.02
44.249 -117.025
44.249 -117.028
44.249 -117.032
44.247 -117.036
44.243 -117.042
44.232 -117.046
44.231 -117.046
44.23 -117.047
44.23 -117.048
44.229 -117.05
44.229 -117.052
44.229 -117.053
44.231 -117.057
44.237 -117.059
44.244 -117.067
44.248 -117.074
44.25 -117.078
44.258 -117.09
44.26 -117.091
44.269 -117.094
44.271 -117.095
44.276 -117.099
44.279 -117.102
44.28 -117.104
44.281 -117.108
44.281 -117.112
44.28 -117.113
44.28 -117.115
44.279 -117.118
44.278 -117.121
44.269 -117.131
44.267 -117.133
44.264 -117.133
44.263 -117.134
44.259 -117.139
44.258 -117.143
44.257 -117.157
44.259 -117.17
44.271 -117.193
44.274 -117.198
44.288 -117.217
44.298 -117.223
44.299 -117.222
44.301 -117.22
44.307 -117.218
44.308 -117.217
44.309 -117.215
44.312 -117.205
44.313 -117.203
44.329 -117.192
44.33 -117.192
44.335 -117.19
44.337 -117.19
44.346 -117.196
44.347 -117.197
44.355 -117.207
44.358 -117.211
44.36 -117.217
44.368 -117.228
44.374 -117.235
44.391 -117.243
44.397 -117.243
44.4 -117.235
44.406 -117.227
44.408 -117.225
44.421 -117.218
44.427 -117.215
44.448 -117.215
44.454 -117.216
44.459 -117.217
44.47 -117.222
44.474 -117.224
44.475 -117.225
44.476 -117.225
44.477 -117.226
44.479 -117.226
44.48 -117.226
44.482 -117.225
44.484 -117.224
44.486 -117.216
44.485 -117.211
44.486 -117.209
44.492 -117.2
44.5 -117.194
44.503 -117.192
44.507 -117.191
44.51 -117.192
44.513 -117.19
44.519 -117.185
44.523 -117.182
44.523 -117.167
44.525 -117.161
44.532 -117.152
44.536 -117.149
44.546 -117.144
44.557 -117.143
44.562 -117.148
44.564 -117.148
44.569 -117.146
44.571 -117.142
44.573 -117.138
44.575 -117.134
44.582 -117.126
44.584 -117.125
44.594 -117.125
44.611 -117.121
44.615 -117.121
44.62 -117.118
44.625 -117.115
44.627 -117.108
44.641 -117.098
44.652 -117.095
44.657 -117.097
44.665 -117.096
44.669 -117.091
44.682 -117.082
44.684 -117.081
44.687 -117.081
44.692 -117.079
44.701 -117.072
44.704 -117.064
44.707 -117.062
44.722 -117.06
44.727 -117.062
44.745 -117.044
44.748 -117.038
44.756 -117.015
44.757 -117.014
44.757 -117.013
44.756 -117.006
44.756 -117.005
44.756 -116.999
44.759 -116.992
44.762 -116.987
44.768 -116.978
44.773 -116.973
44.774 -116.971
44.775 -116.967
44.778 -116.949
44.783 -116.937
44.784 -116.935
44.787 -116.932
44.79 -116.931
44.791 -116.931
44.794 -116.933
44.797 -116.934
44.799 -116.934
44.805 -116.931
44.808 -116.928
44.814 -116.921
44.835 -116.906
44.838 -116.904
44.841 -116.902
44.848 -116.896
44.858 -116.884
44.871 -116.865
44.881 -116.857
44.888 -116.852
44.894 -116.851
44.905 -116.846
44.915 -116.842
44.924 -116.838
44.929 -116.834
44.931 -116.832
44.933 -116.832
44.941 -116.836
44.952 -116.846
44.958 -116.851
44.96 -116.851
44.977 -116.858
44.978 -116.858
44.979 -116.858
44.98 -116.858
44.984 -116.857
45 -116.846
45.001 -116.845
45.015 -116.845
45.018 -116.846
45.022 -116.848
45.023 -116.848
45.031 -116.841
45.035 -116.83
45.038 -116.825
45.051 -116.809
45.06 -116.797
45.075 -116.785
45.077 -116.784
45.088 -116.784
45.094 -116.784
45.096 -116.782
45.106 -116.775
45.114 -116.755
45.14 -116.731
45.142 -116.73
45.144 -116.729
45.163 -116.724
45.172 -116.724
45.203 -116.71
45.207 -116.709
45.217 -116.71
45.219 -116.709
45.24 -116.704
45.255 -116.696
45.264 -116.691
45.268 -116.687
45.271 -116.681
45.275 -116.676
45.276 -116.674
45.283 -116.673
45.289 -116.672
45.298 -116.673
45.314 -116.675
45.322 -116.674
45.351 -116.653
45.368 -116.641
45.388 -116.627
45.398 -116.619
45.402 -116.614
45.413 -116.597
45.427 -116.592
45.442 -116.588
45.443 -116.588
45.449 -116.581
45.453 -116.576
45.46 -116.564
45.461 -116.562
45.463 -116.555
45.473 -116.555
45.48 -116.559
45.481 -116.559
45.499 -116.553
45.51 -116.549
45.514 -116.544
45.525 -116.535
45.547 -116.524
45.557 -116.513
45.567 -116.503
45.569 -116.499
45.574 -116.49
45.575 -116.49
45.577 -116.483
45.577 -116.482
45.578 -116.482
45.6 -116.466
45.602 -116.464
45.603 -116.464
45.615 -116.464
45.616 -116.464
45.618 -116.465
45.621 -116.47
45.625 -116.473
45.631 -116.477
45.632 -116.478
45.637 -116.481
45.64 -116.482
45.64 -116.483
45.65 -116.488
45.653 -116.492
45.656 -116.495
45.67 -116.512
45.677 -116.523
45.678 -116.524
45.681 -116.528
45.692 -116.535
45.697 -116.536
45.715 -116.538
45.734 -116.536
45.737 -116.537
45.747 -116.544
45.751 -116.547
45.753 -116.549
45.753 -116.554
45.755 -116.559
45.768 -116.577
45.779 -116.593
45.779 -116.594
45.781 -116.605
45.785 -116.632
45.784 -116.636
45.781 -116.64
45.78 -116.646
45.78 -116.66
45.782 -116.665
45.794 -116.68
45.806 -116.687
45.82 -116.697
45.821 -116.698
45.825 -116.708
45.825 -116.709
45.826 -116.711
45.826 -116.712
45.827 -116.716
45.826 -116.736
45.826 -116.738
45.825 -116.74
45.824 -116.74
45.823 -116.743
45.821 -116.745
45.821 -116.747
45.82 -116.748
45.819 -116.751
45.818 -116.753
45.817 -116.755
45.816 -116.76
45.817 -116.763
45.825 -116.783
45.832 -116.788
45.833 -116.789
45.837 -116.789
45.84 -116.788
45.844 -116.788
45.85 -116.79
45.856 -116.794
45.858 -116.796
45.878 -116.814
45.881 -116.819
45.886 -116.83
45.892 -116.844
45.904 -116.857
45.907 -116.86
45.911 -116.862
45.915 -116.866
45.917 -116.867
45.924 -116.87
45.941 -116.875
45.945 -116.876
45.959 -116.887
45.974 -116.893
45.989 -116.911
45.995 -116.916
45.997 -116.917
46 -116.919
46.018 -116.923
46.04 -116.932
46.061 -116.943
46.068 -116.949
46.075 -116.957
46.076 -116.96
46.076 -116.963
46.077 -116.97
46.08 -116.979
46.085 -116.982
46.089 -116.982
46.091 -116.982
46.093 -116.982
46.096 -116.979
46.097 -116.977
46.098 -116.974
46.099 -116.96
46.102 -116.955
46.111 -116.951
46.119 -116.951
46.123 -116.95
46.126 -116.948
46.142 -116.935
46.161 -116.923
46.165 -116.921
46.168 -116.922
46.171 -116.924
46.185 -116.942
46.194 -116.952
46.2 -116.963
46.203 -116.966
46.208 -116.967
46.209 -116.966
46.22 -116.959
46.226 -116.956
46.231 -116.955
46.242 -116.959
46.253 -116.964
46.257 -116.967
46.261 -116.97
46.263 -116.973
46.266 -116.976
46.273 -116.987
46.276 -116.991
46.278 -116.991
46.28 -116.991
46.29 -116.985
46.293 -116.985
46.297 -116.987
46.299 -116.99
46.303 -116.997
46.305 -117.007
46.311 -117.016
46.315 -117.021
46.317 -117.022
46.32 -117.023
46.326 -117.023
46.329 -117.023
46.335 -117.023
46.336 -117.024
46.339 -117.028
46.34 -117.031
46.341 -117.034
46.342 -117.045
46.344 -117.052
46.346 -117.056
46.348 -117.06
46.349 -117.06
46.349 -117.061
46.353 -117.063
46.354 -117.063
46.365 -117.063
46.368 -117.061
46.371 -117.058
46.375 -117.053
46.376 -117.052
46.377 -117.049
46.38 -117.047
46.392 -117.042
46.395 -117.042
46.396 -117.041
46.399 -117.041
46.406 -117.038
46.408 -117.036
46.41 -117.036
46.418 -117.035
46.42 -117.036
46.423 -117.037
46.425 -117.04
46.435 -117.04
46.441 -117.04
46.457 -117.04
46.463 -117.04
46.47 -117.04
46.472 -117.04
46.542 -117.04
46.621 -117.04
46.679 -117.039
46.7 -117.039
46.702 -117.039
46.718 -117.039
46.722 -117.039
46.732 -117.04
46.737 -117.04
46.772 -117.04
46.815 -117.04
46.826 -117.04
46.873 -117.04
46.913 -117.04
46.975 -117.04
47.02 -117.04
47.127 -117.04
47.155 -117.04
47.182 -117.04
47.203 -117.04
47.226 -117.04
47.239 -117.04
47.24 -117.04
47.259 -117.04
47.347 -117.04
47.366 -117.04
47.375 -117.04
47.399 -117.04
47.412 -117.04
47.435 -117.04
47.463 -117.04
47.478 -117.04
47.522 -117.041
47.523 -117.041
47.528 -117.041
47.533 -117.041
47.558 -117.041
47.559 -117.041
47.574 -117.041
47.579 -117.041
47.612 -117.041
47.678 -117.041
47.68 -117.041
47.683 -117.042
47.697 -117.042
47.698 -117.042
47.7 -117.042
47.701 -117.042
47.706 -117.042
47.723 -117.042
47.735 -117.042
47.736 -117.042
47.744 -117.042
47.745 -117.042
47.761 -117.043
47.765 -117.043
47.767 -117.042
47.779 -117.042
47.822 -117.042
47.826 -117.042
47.839 -117.042
47.862 -117.042
47.886 -117.042
47.887 -117.042
47.966 -117.042
47.977 -117.042
48.046 -117.042
48.085 -117.041
48.125 -117.041
48.134 -117.041
48.174 -117.04
48.175 -117.04
48.177 -117.039
48.178 -117.04
48.18 -117.04
48.181 -117.04
48.184 -117.04
48.186 -117.04
48.192 -117.039
48.201 -117.039
48.205 -117.039
48.208 -117.039
48.215 -117.038
48.218 -117.038
48.251 -117.038
48.26 -117.038
48.371 -117.035
48.412 -117.035
48.423 -117.035
48.43 -117.035
48.479 -117.035
48.492 -117.035
48.494 -117.035
48.5 -117.035
48.608 -117.035
48.621 -117.035
48.629 -117.034
48.657 -117.034
48.75 -117.033
48.784 -117.033
48.847 -117.032
48.875 -117.032
48.967 -117.032
48.999 -117.032
49 -116.757
49 -116.503
49 -116.441
49 -116.418
49 -116.412
49 -116.386
49.001 -116.376
49.001 -116.374
49.001 -116.369
49.001 -116.359
49.001 -116.049
