segment Iowa
43.501 -91.369
43.501 -91.292
43.501 -91.283
43.501 -91.262
43.501 -91.254
43.5 -91.247
43.501 -91.218
43.497 -91.218
43.491 -91.218
43.485 -91.215
43.481 -91.216
43.471 -91.22
43.466 -91.225
43.463 -91.23
43.461 -91.231
43.46 -91.232
43.458 -91.233
43.455 -91.233
43.451 -91.232
43.446 -91.229
43.431 -91.214
43.427 -91.209
43.425 -91.207
43.423 -91.206
43.42 -91.203
43.416 -91.201
43.413 -91.2
43.408 -91.201
43.403 -91.199
43.399 -91.198
43.395 -91.198
43.39 -91.199
43.386 -91.201
43.379 -91.205
43.375 -91.206
43.374 -91.207
43.37 -91.213
43.37 -91.214
43.368 -91.215
43.366 -91.215
43.365 -91.214
43.357 -91.209
43.353 -91.207
43.35 -91.204
43.349 -91.202
43.348 -91.196
43.348 -91.188
43.347 -91.187
43.346 -91.181
43.341 -91.171
43.335 -91.155
43.33 -91.137
43.328 -91.133
43.326 -91.129
43.319 -91.118
43.314 -91.107
43.292 -91.086
43.283 -91.08
43.275 -91.074
43.271 -91.072
43.268 -91.072
43.264 -91.073
43.262 -91.073
43.261 -91.072
43.26 -91.07
43.26 -91.062
43.259 -91.06
43.258 -91.059
43.255 -91.058
43.254 -91.058
43.249 -91.06
43.243 -91.063
43.239 -91.066
43.235 -91.072
43.228 -91.079
43.228 -91.08
43.222 -91.087
43.207 -91.108
43.203 -91.114
43.2 -91.119
43.197 -91.122
43.194 -91.124
43.188 -91.124
43.174 -91.134
43.173 -91.136
43.17 -91.139
43.164 -91.141
43.156 -91.143
43.153 -91.146
43.152 -91.146
43.143 -91.156
43.141 -91.16
43.137 -91.17
43.135 -91.175
43.132 -91.177
43.129 -91.178
43.125 -91.178
43.119 -91.178
43.104 -91.175
43.08 -91.177
43.073 -91.177
43.071 -91.179
43.067 -91.179
43.064 -91.178
43.062 -91.178
43.052 -91.177
43.048 -91.176
43.039 -91.175
43.038 -91.174
43.03 -91.172
43.02 -91.168
43.019 -91.168
42.991 -91.157
42.988 -91.157
42.978 -91.157
42.976 -91.156
42.971 -91.151
42.966 -91.148
42.964 -91.147
42.963 -91.147
42.961 -91.146
42.96 -91.146
42.958 -91.145
42.957 -91.146
42.947 -91.149
42.942 -91.15
42.94 -91.15
42.932 -91.146
42.93 -91.146
42.927 -91.144
42.923 -91.144
42.921 -91.144
42.915 -91.146
42.912 -91.146
42.91 -91.146
42.908 -91.146
42.906 -91.145
42.905 -91.143
42.904 -91.138
42.896 -91.117
42.895 -91.116
42.891 -91.112
42.886 -91.104
42.883 -91.101
42.876 -91.098
42.864 -91.099
42.86 -91.098
42.855 -91.095
42.851 -91.092
42.85 -91.091
42.849 -91.092
42.835 -91.095
42.831 -91.094
42.83 -91.091
42.829 -91.09
42.83 -91.084
42.83 -91.083
42.829 -91.08
42.828 -91.079
42.82 -91.079
42.807 -91.078
42.806 -91.078
42.796 -91.076
42.795 -91.075
42.788 -91.072
42.783 -91.071
42.776 -91.071
42.77 -91.07
42.764 -91.063
42.762 -91.06
42.76 -91.06
42.758 -91.061
42.757 -91.063
42.757 -91.065
42.753 -91.066
42.751 -91.065
42.751 -91.064
42.75 -91.06
42.749 -91.058
42.747 -91.056
42.745 -91.055
42.741 -91.055
42.74 -91.055
42.738 -91.054
42.737 -91.052
42.737 -91.051
42.737 -91.05
42.737 -91.049
42.737 -91.047
42.739 -91.044
42.738 -91.039
42.738 -91.038
42.738 -91.037
42.737 -91.035
42.735 -91.033
42.734 -91.032
42.733 -91.031
42.732 -91.031
42.73 -91.031
42.727 -91.03
42.724 -91.027
42.72 -91.018
42.72 -91.017
42.719 -91.016
42.719 -91.015
42.72 -91.01
42.716 -91
42.714 -90.996
42.709 -90.989
42.699 -90.981
42.697 -90.978
42.695 -90.974
42.693 -90.965
42.687 -90.952
42.686 -90.949
42.684 -90.942
42.683 -90.937
42.684 -90.93
42.686 -90.924
42.685 -90.921
42.683 -90.913
42.677 -90.901
42.676 -90.9
42.676 -90.899
42.675 -90.897
42.674 -90.893
42.672 -90.887
42.672 -90.883
42.671 -90.881
42.669 -90.867
42.665 -90.853
42.663 -90.844
42.662 -90.833
42.657 -90.805
42.656 -90.797
42.654 -90.788
42.653 -90.779
42.651 -90.769
42.649 -90.76
42.647 -90.751
42.646 -90.744
42.644 -90.733
42.643 -90.731
42.641 -90.72
42.636 -90.71
42.636 -90.709
42.634 -90.706
42.631 -90.703
42.626 -90.701
42.622 -90.7
42.615 -90.694
42.61 -90.692
42.599 -90.688
42.595 -90.688
42.592 -90.687
42.59 -90.685
42.582 -90.679
42.579 -90.677
42.578 -90.676
42.578 -90.675
42.577 -90.673
42.568 -90.662
42.558 -90.659
42.55 -90.654
42.544 -90.646
42.54 -90.644
42.533 -90.642
42.531 -90.642
42.528 -90.641
42.526 -90.64
42.519 -90.637
42.513 -90.637
42.508 -90.641
42.498 -90.649
42.492 -90.656
42.489 -90.657
42.484 -90.656
42.479 -90.654
42.472 -90.647
42.471 -90.646
42.469 -90.642
42.468 -90.641
42.459 -90.624
42.452 -90.606
42.447 -90.59
42.444 -90.582
42.442 -90.571
42.44 -90.568
42.439 -90.565
42.433 -90.56
42.429 -90.559
42.421 -90.558
42.419 -90.558
42.416 -90.555
42.413 -90.548
42.403 -90.518
42.399 -90.507
42.396 -90.5
42.392 -90.496
42.387 -90.49
42.385 -90.487
42.385 -90.485
42.385 -90.48
42.384 -90.477
42.382 -90.474
42.381 -90.474
42.378 -90.47
42.369 -90.465
42.369 -90.464
42.368 -90.463
42.367 -90.463
42.359 -90.453
42.357 -90.446
42.356 -90.444
42.355 -90.444
42.354 -90.443
42.351 -90.441
42.337 -90.431
42.333 -90.425
42.33 -90.421
42.329 -90.419
42.325 -90.417
42.323 -90.416
42.321 -90.416
42.32 -90.417
42.318 -90.42
42.316 -90.421
42.312 -90.42
42.305 -90.42
42.3 -90.422
42.295 -90.424
42.293 -90.424
42.291 -90.426
42.291 -90.427
42.284 -90.431
42.278 -90.431
42.269 -90.426
42.269 -90.425
42.266 -90.424
42.261 -90.422
42.26 -90.422
42.254 -90.419
42.253 -90.418
42.252 -90.416
42.251 -90.415
42.248 -90.41
42.239 -90.401
42.233 -90.396
42.229 -90.395
42.228 -90.394
42.225 -90.391
42.215 -90.375
42.211 -90.365
42.208 -90.36
42.205 -90.357
42.203 -90.338
42.201 -90.328
42.194 -90.318
42.194 -90.317
42.193 -90.316
42.19 -90.307
42.189 -90.303
42.188 -90.298
42.186 -90.296
42.179 -90.282
42.174 -90.269
42.172 -90.255
42.171 -90.25
42.165 -90.235
42.16 -90.224
42.157 -90.216
42.153 -90.209
42.149 -90.207
42.146 -90.206
42.145 -90.206
42.139 -90.205
42.131 -90.201
42.128 -90.197
42.127 -90.195
42.126 -90.19
42.125 -90.187
42.125 -90.171
42.122 -90.168
42.117 -90.163
42.114 -90.162
42.107 -90.161
42.106 -90.161
42.101 -90.161
42.099 -90.161
42.098 -90.162
42.088 -90.163
42.076 -90.168
42.075 -90.168
42.063 -90.166
42.055 -90.165
42.051 -90.165
42.042 -90.164
42.04 -90.163
42.038 -90.159
42.033 -90.154
42.031 -90.152
42.029 -90.151
42.027 -90.15
42.023 -90.149
42.02 -90.148
42.017 -90.146
42.016 -90.144
42.015 -90.144
42.013 -90.143
42.009 -90.141
42.003 -90.14
41.996 -90.141
41.988 -90.146
41.981 -90.146
41.978 -90.149
41.974 -90.154
41.961 -90.162
41.956 -90.164
41.949 -90.165
41.945 -90.164
41.941 -90.161
41.938 -90.157
41.936 -90.155
41.933 -90.153
41.931 -90.152
41.916 -90.153
41.909 -90.154
41.907 -90.154
41.906 -90.154
41.898 -90.157
41.884 -90.165
41.878 -90.169
41.876 -90.17
41.871 -90.171
41.868 -90.172
41.866 -90.173
41.865 -90.173
41.857 -90.173
41.854 -90.175
41.85 -90.178
41.849 -90.179
41.846 -90.18
41.845 -90.181
41.843 -90.182
41.842 -90.182
41.838 -90.183
41.836 -90.184
41.833 -90.184
41.829 -90.183
41.823 -90.182
41.812 -90.181
41.809 -90.181
41.807 -90.182
41.803 -90.188
41.798 -90.206
41.797 -90.21
41.795 -90.217
41.793 -90.222
41.783 -90.242
41.78 -90.249
41.779 -90.25
41.775 -90.259
41.772 -90.263
41.772 -90.264
41.767 -90.279
41.766 -90.28
41.75 -90.303
41.742 -90.31
41.742 -90.311
41.734 -90.315
41.729 -90.316
41.723 -90.318
41.718 -90.317
41.709 -90.313
41.708 -90.313
41.707 -90.313
41.704 -90.313
41.702 -90.313
41.699 -90.313
41.698 -90.313
41.697 -90.314
41.696 -90.314
41.695 -90.315
41.694 -90.315
41.692 -90.317
41.691 -90.318
41.691 -90.319
41.69 -90.32
41.684 -90.33
41.682 -90.332
41.681 -90.333
41.68 -90.334
41.68 -90.335
41.678 -90.335
41.665 -90.337
41.657 -90.34
41.656 -90.34
41.648 -90.343
41.647 -90.343
41.646 -90.343
41.644 -90.343
41.641 -90.343
41.622 -90.342
41.614 -90.341
41.611 -90.341
41.599 -90.34
41.597 -90.34
41.592 -90.341
41.591 -90.342
41.588 -90.343
41.58 -90.364
41.577 -90.379
41.577 -90.381
41.572 -90.398
41.569 -90.406
41.565 -90.413
41.563 -90.416
41.554 -90.422
41.553 -90.425
41.552 -90.427
41.55 -90.433
41.548 -90.434
41.544 -90.438
41.536 -90.445
41.524 -90.461
41.52 -90.474
41.518 -90.49
41.518 -90.501
41.52 -90.513
41.525 -90.533
41.526 -90.541
41.526 -90.545
41.524 -90.555
41.524 -90.556
41.523 -90.558
41.523 -90.559
41.518 -90.566
41.518 -90.567
41.516 -90.571
41.515 -90.582
41.513 -90.591
41.511 -90.595
41.506 -90.602
41.497 -90.604
41.494 -90.606
41.485 -90.619
41.48 -90.631
41.479 -90.632
41.479 -90.633
41.473 -90.64
41.465 -90.65
41.462 -90.656
41.461 -90.666
41.461 -90.669
41.461 -90.676
41.457 -90.691
41.455 -90.701
41.452 -90.724
41.45 -90.738
41.45 -90.75
41.451 -90.772
41.451 -90.778
41.453 -90.786
41.454 -90.807
41.454 -90.824
41.454 -90.825
41.455 -90.836
41.456 -90.837
41.455 -90.84
41.455 -90.845
41.455 -90.847
41.454 -90.854
41.453 -90.858
41.448 -90.867
41.447 -90.87
41.446 -90.871
41.441 -90.88
41.436 -90.89
41.435 -90.891
41.431 -90.9
41.431 -90.901
41.429 -90.908
41.426 -90.919
41.423 -90.924
41.421 -90.93
41.424 -90.95
41.425 -90.953
41.43 -90.967
41.434 -90.975
41.434 -90.977
41.434 -90.978
41.434 -90.98
41.434 -90.985
41.432 -90.989
41.426 -91.006
41.425 -91.01
41.425 -91.012
41.424 -91.021
41.424 -91.028
41.421 -91.035
41.42 -91.036
41.42 -91.037
41.419 -91.04
41.416 -91.044
41.415 -91.045
41.414 -91.046
41.411 -91.048
41.405 -91.049
41.4 -91.05
41.392 -91.051
41.388 -91.051
41.385 -91.052
41.38 -91.056
41.373 -91.062
41.369 -91.065
41.368 -91.065
41.367 -91.066
41.365 -91.067
41.359 -91.068
41.34 -91.072
41.334 -91.072
41.313 -91.073
41.306 -91.075
41.302 -91.078
41.294 -91.087
41.288 -91.091
41.287 -91.092
41.285 -91.093
41.267 -91.101
41.262 -91.104
41.256 -91.11
41.25 -91.114
41.241 -91.114
41.239 -91.112
41.237 -91.11
41.236 -91.109
41.231 -91.101
41.223 -91.093
41.214 -91.081
41.207 -91.073
41.2 -91.066
41.189 -91.058
41.186 -91.055
41.166 -91.042
41.164 -91.03
41.163 -91.027
41.166 -91.013
41.166 -91.011
41.166 -91.01
41.166 -91.009
41.166 -91.008
41.166 -91.007
41.163 -90.998
41.161 -90.995
41.156 -90.99
41.143 -90.981
41.13 -90.971
41.12 -90.966
41.111 -90.957
41.097 -90.947
41.095 -90.946
41.084 -90.948
41.073 -90.949
41.071 -90.949
41.062 -90.946
41.052 -90.945
41.049 -90.944
41.038 -90.942
41.035 -90.942
41.019 -90.945
41.012 -90.945
41.006 -90.946
40.995 -90.95
40.987 -90.955
40.986 -90.955
40.98 -90.958
40.977 -90.958
40.97 -90.955
40.962 -90.953
40.958 -90.952
40.954 -90.952
40.936 -90.96
40.925 -90.963
40.922 -90.965
40.919 -90.969
40.916 -90.979
40.912 -90.985
40.908 -90.998
40.908 -90.999
40.906 -91.003
40.905 -91.004
40.903 -91.006
40.901 -91.01
40.899 -91.011
40.898 -91.012
40.897 -91.013
40.894 -91.015
40.884 -91.022
40.879 -91.027
40.879 -91.028
40.875 -91.037
40.874 -91.039
40.872 -91.041
40.87 -91.043
40.868 -91.045
40.865 -91.047
40.859 -91.05
40.848 -91.056
40.846 -91.059
40.842 -91.067
40.833 -91.078
40.825 -91.09
40.821 -91.093
40.82 -91.093
40.812 -91.097
40.806 -91.098
40.804 -91.097
40.802 -91.097
40.798 -91.095
40.793 -91.092
40.79 -91.092
40.789 -91.092
40.787 -91.091
40.781 -91.092
40.78 -91.092
40.778 -91.092
40.774 -91.094
40.772 -91.095
40.767 -91.096
40.763 -91.098
40.757 -91.102
40.754 -91.105
40.751 -91.108
40.746 -91.11
40.725 -91.116
40.722 -91.115
40.72 -91.114
40.708 -91.111
40.703 -91.111
40.697 -91.112
40.696 -91.112
40.692 -91.115
40.676 -91.12
40.673 -91.121
40.671 -91.122
40.669 -91.124
40.661 -91.138
40.654 -91.154
40.638 -91.186
40.637 -91.187
40.637 -91.19
40.636 -91.198
40.638 -91.218
40.638 -91.248
40.638 -91.253
40.637 -91.256
40.637 -91.257
40.637 -91.258
40.634 -91.264
40.634 -91.265
40.634 -91.267
40.632 -91.276
40.628 -91.297
40.628 -91.299
40.626 -91.306
40.626 -91.307
40.626 -91.308
40.625 -91.31
40.616 -91.333
40.613 -91.34
40.613 -91.341
40.61 -91.349
40.607 -91.354
40.606 -91.355
40.602 -91.36
40.583 -91.374
40.574 -91.38
40.559 -91.401
40.555 -91.405
40.552 -91.406
40.548 -91.407
40.543 -91.406
40.539 -91.404
40.537 -91.401
40.535 -91.394
40.533 -91.388
40.531 -91.385
40.528 -91.382
40.513 -91.369
40.51 -91.368
40.5 -91.364
40.494 -91.364
40.49 -91.364
40.484 -91.365
40.476 -91.368
40.475 -91.368
40.474 -91.368
40.467 -91.372
40.465 -91.374
40.456 -91.378
40.452 -91.38
40.45 -91.38
40.447 -91.381
40.446 -91.381
40.443 -91.382
40.438 -91.381
40.437 -91.381
40.435 -91.381
40.433 -91.38
40.431 -91.38
40.43 -91.379
40.426 -91.378
40.418 -91.374
40.411 -91.372
40.401 -91.373
40.399 -91.373
40.392 -91.376
40.39 -91.378
40.388 -91.382
40.387 -91.383
40.386 -91.387
40.385 -91.388
40.385 -91.39
40.384 -91.392
40.384 -91.394
40.383 -91.397
40.383 -91.4
40.382 -91.413
40.381 -91.416
40.378 -91.419
40.381 -91.422
40.381 -91.423
40.382 -91.424
40.382 -91.426
40.384 -91.432
40.385 -91.436
40.385 -91.438
40.386 -91.441
40.379 -91.448
40.378 -91.45
40.376 -91.452
40.375 -91.452
40.376 -91.453
40.376 -91.464
40.376 -91.465
40.378 -91.466
40.381 -91.465
40.385 -91.465
40.383 -91.472
40.382 -91.478
40.382 -91.48
40.382 -91.482
40.384 -91.485
40.393 -91.491
40.395 -91.491
40.4 -91.489
40.402 -91.488
40.404 -91.488
40.404 -91.49
40.402 -91.494
40.402 -91.498
40.404 -91.505
40.404 -91.507
40.406 -91.507
40.407 -91.509
40.409 -91.514
40.409 -91.518
40.41 -91.522
40.411 -91.525
40.413 -91.526
40.417 -91.527
40.42 -91.527
40.426 -91.521
40.431 -91.519
40.433 -91.519
40.434 -91.52
40.433 -91.525
40.434 -91.529
40.437 -91.533
40.438 -91.533
40.438 -91.534
40.441 -91.534
40.443 -91.532
40.447 -91.526
40.448 -91.524
40.45 -91.523
40.452 -91.523
40.456 -91.524
40.458 -91.525
40.459 -91.526
40.459 -91.529
40.459 -91.532
40.459 -91.534
40.458 -91.544
40.459 -91.553
40.461 -91.564
40.462 -91.568
40.466 -91.575
40.471 -91.58
40.473 -91.582
40.475 -91.582
40.479 -91.583
40.487 -91.587
40.492 -91.591
40.495 -91.595
40.5 -91.608
40.502 -91.613
40.505 -91.617
40.507 -91.619
40.51 -91.621
40.514 -91.622
40.517 -91.622
40.526 -91.619
40.534 -91.618
40.539 -91.619
40.541 -91.62
40.542 -91.622
40.543 -91.623
40.543 -91.625
40.544 -91.626
40.546 -91.638
40.549 -91.654
40.551 -91.671
40.553 -91.682
40.557 -91.689
40.56 -91.691
40.562 -91.692
40.565 -91.692
40.577 -91.686
40.579 -91.685
40.581 -91.686
40.583 -91.689
40.588 -91.696
40.595 -91.712
40.599 -91.717
40.602 -91.72
40.614 -91.729
40.611 -91.786
40.611 -91.795
40.611 -91.8
40.611 -91.814
40.61 -91.825
40.61 -91.832
40.61 -91.833
40.608 -91.868
40.606 -91.939
40.606 -91.944
40.605 -91.948
40.605 -91.949
40.605 -91.971
40.604 -91.999
40.604 -92.03
40.603 -92.054
40.603 -92.061
40.603 -92.064
40.603 -92.066
40.603 -92.068
40.603 -92.07
40.602 -92.082
40.602 -92.083
40.602 -92.093
40.602 -92.096
40.601 -92.18
40.6 -92.196
40.6 -92.202
40.6 -92.218
40.6 -92.236
40.599 -92.294
40.598 -92.299
40.598 -92.331
40.597 -92.351
40.597 -92.38
40.596 -92.409
40.596 -92.428
40.595 -92.454
40.595 -92.462
40.595 -92.482
40.595 -92.485
40.594 -92.522
40.594 -92.524
40.592 -92.58
40.591 -92.638
40.591 -92.639
40.59 -92.687
40.59 -92.69
40.589 -92.742
40.589 -92.754
40.589 -92.757
40.589 -92.828
40.588 -92.835
40.588 -92.857
40.588 -92.863
40.588 -92.867
40.588 -92.879
40.588 -92.89
40.588 -92.904
40.588 -92.942
40.588 -92.944
40.587 -92.958
40.587 -92.982
40.584 -93.086
40.584 -93.097
40.584 -93.099
40.583 -93.136
40.582 -93.212
40.581 -93.261
40.581 -93.318
40.581 -93.328
40.581 -93.345
40.58 -93.442
40.58 -93.465
40.58 -93.467
40.58 -93.514
40.58 -93.524
40.58 -93.528
40.58 -93.531
40.58 -93.533
40.58 -93.548
40.58 -93.554
40.58 -93.557
40.58 -93.559
40.58 -93.561
40.58 -93.565
40.58 -93.566
40.579 -93.597
40.578 -93.656
40.578 -93.659
40.578 -93.662
40.578 -93.669
40.578 -93.671
40.578 -93.677
40.578 -93.69
40.578 -93.722
40.578 -93.728
40.578 -93.737
40.578 -93.738
40.578 -93.743
40.578 -93.748
40.578 -93.75
40.578 -93.77
40.577 -93.787
40.577 -93.815
40.577 -93.819
40.577 -93.841
40.577 -93.854
40.576 -93.898
40.576 -93.899
40.576 -93.901
40.576 -93.914
40.575 -93.936
40.575 -93.937
40.575 -93.939
40.575 -93.94
40.575 -93.964
40.575 -93.977
40.574 -94.015
40.574 -94.034
40.573 -94.08
40.573 -94.089
40.573 -94.091
40.573 -94.12
40.573 -94.13
40.572 -94.227
40.572 -94.236
40.572 -94.243
40.572 -94.287
40.571 -94.295
40.572 -94.311
40.571 -94.325
40.571 -94.337
40.571 -94.358
40.571 -94.43
40.571 -94.46
40.571 -94.471
40.571 -94.489
40.571 -94.534
40.571 -94.537
40.571 -94.538
40.571 -94.542
40.571 -94.547
40.571 -94.586
40.571 -94.594
40.571 -94.632
40.572 -94.683
40.572 -94.688
40.572 -94.692
40.572 -94.698
40.572 -94.715
40.572 -94.717
40.573 -94.774
40.573 -94.802
40.574 -94.811
40.574 -94.82
40.574 -94.824
40.575 -94.897
40.575 -94.901
40.575 -94.915
40.576 -94.955
40.576 -94.966
40.576 -94.981
40.576 -94.992
40.576 -95.023
40.576 -95.026
40.576 -95.031
40.576 -95.04
40.577 -95.069
40.577 -95.08
40.577 -95.098
40.577 -95.107
40.577 -95.11
40.577 -95.111
40.577 -95.112
40.577 -95.121
40.578 -95.145
40.578 -95.154
40.578 -95.155
40.578 -95.164
40.579 -95.211
40.579 -95.212
40.579 -95.213
40.579 -95.217
40.579 -95.219
40.579 -95.222
40.579 -95.231
40.579 -95.251
40.579 -95.259
40.58 -95.336
40.58 -95.358
40.581 -95.374
40.581 -95.415
40.582 -95.469
40.582 -95.488
40.582 -95.525
40.582 -95.527
40.582 -95.533
40.583 -95.555
40.583 -95.574
40.583 -95.611
40.584 -95.638
40.584 -95.642
40.584 -95.644
40.584 -95.652
40.584 -95.687
40.584 -95.688
40.585 -95.746
40.585 -95.766
40.589 -95.759
40.593 -95.753
40.597 -95.75
40.6 -95.749
40.603 -95.749
40.607 -95.75
40.609 -95.751
40.614 -95.758
40.617 -95.764
40.619 -95.767
40.621 -95.769
40.624 -95.77
40.635 -95.77
40.636 -95.771
40.639 -95.771
40.64 -95.771
40.64 -95.772
40.642 -95.773
40.644 -95.774
40.647 -95.776
40.653 -95.782
40.654 -95.783
40.656 -95.785
40.657 -95.787
40.659 -95.789
40.662 -95.795
40.665 -95.804
40.666 -95.814
40.667 -95.823
40.671 -95.832
40.674 -95.838
40.677 -95.843
40.68 -95.845
40.681 -95.845
40.683 -95.846
40.684 -95.846
40.694 -95.848
40.698 -95.85
40.702 -95.853
40.708 -95.859
40.712 -95.87
40.714 -95.875
40.714 -95.877
40.718 -95.883
40.721 -95.885
40.732 -95.889
40.736 -95.889
40.742 -95.887
40.748 -95.884
40.753 -95.879
40.758 -95.873
40.76 -95.87
40.763 -95.862
40.765 -95.855
40.766 -95.853
40.766 -95.852
40.768 -95.848
40.769 -95.847
40.77 -95.844
40.771 -95.844
40.771 -95.843
40.775 -95.839
40.776 -95.837
40.779 -95.835
40.783 -95.834
40.787 -95.834
40.788 -95.835
40.791 -95.836
40.804 -95.844
40.811 -95.845
40.815 -95.845
40.818 -95.844
40.826 -95.839
40.831 -95.837
40.835 -95.837
40.837 -95.838
40.846 -95.841
40.854 -95.847
40.859 -95.848
40.86 -95.849
40.861 -95.849
40.864 -95.848
40.866 -95.847
40.869 -95.844
40.87 -95.843
40.871 -95.842
40.871 -95.84
40.872 -95.839
40.872 -95.838
40.875 -95.825
40.875 -95.824
40.877 -95.82
40.878 -95.819
40.879 -95.817
40.88 -95.816
40.881 -95.815
40.883 -95.813
40.884 -95.812
40.887 -95.811
40.891 -95.809
40.894 -95.81
40.895 -95.81
40.898 -95.811
40.902 -95.813
40.903 -95.814
40.904 -95.815
40.907 -95.819
40.915 -95.831
40.917 -95.833
40.922 -95.836
40.925 -95.838
40.933 -95.84
40.94 -95.84
40.951 -95.838
40.964 -95.83
40.972 -95.828
40.976 -95.829
40.978 -95.83
40.979 -95.831
40.982 -95.833
40.983 -95.834
40.983 -95.835
40.986 -95.838
40.986 -95.839
40.987 -95.839
40.987 -95.84
40.99 -95.844
40.992 -95.853
40.995 -95.86
40.997 -95.863
41.001 -95.867
41.002 -95.867
41.006 -95.869
41.009 -95.869
41.013 -95.868
41.017 -95.866
41.025 -95.86
41.032 -95.859
41.036 -95.86
41.038 -95.86
41.039 -95.862
41.045 -95.87
41.049 -95.875
41.053 -95.879
41.057 -95.882
41.059 -95.882
41.06 -95.882
41.062 -95.882
41.065 -95.882
41.065 -95.881
41.066 -95.881
41.07 -95.878
41.073 -95.873
41.075 -95.871
41.076 -95.869
41.08 -95.865
41.084 -95.864
41.088 -95.863
41.094 -95.863
41.101 -95.865
41.118 -95.866
41.125 -95.869
41.138 -95.879
41.144 -95.882
41.151 -95.883
41.155 -95.883
41.16 -95.881
41.165 -95.876
41.168 -95.872
41.168 -95.871
41.169 -95.87
41.169 -95.867
41.168 -95.865
41.165 -95.853
41.167 -95.846
41.171 -95.842
41.175 -95.841
41.176 -95.842
41.181 -95.844
41.185 -95.85
41.187 -95.857
41.188 -95.865
41.188 -95.873
41.184 -95.91
41.185 -95.915
41.187 -95.918
41.191 -95.923
41.196 -95.926
41.202 -95.927
41.211 -95.925
41.223 -95.915
41.227 -95.913
41.232 -95.911
41.234 -95.911
41.238 -95.911
41.25 -95.917
41.258 -95.921
41.26 -95.921
41.265 -95.922
41.268 -95.92
41.27 -95.919
41.271 -95.914
41.281 -95.929
41.285 -95.93
41.292 -95.93
41.298 -95.927
41.3 -95.922
41.301 -95.92
41.301 -95.906
41.3 -95.904
41.298 -95.904
41.293 -95.904
41.285 -95.909
41.279 -95.912
41.273 -95.902
41.278 -95.891
41.281 -95.882
41.285 -95.877
41.289 -95.873
41.296 -95.871
41.307 -95.875
41.312 -95.878
41.317 -95.883
41.319 -95.889
41.321 -95.899
41.32 -95.914
41.321 -95.922
41.322 -95.926
41.323 -95.927
41.329 -95.939
41.332 -95.944
41.334 -95.947
41.34 -95.953
41.345 -95.957
41.349 -95.957
41.352 -95.955
41.353 -95.952
41.357 -95.941
41.361 -95.935
41.365 -95.931
41.37 -95.929
41.375 -95.929
41.384 -95.935
41.393 -95.937
41.396 -95.937
41.406 -95.931
41.411 -95.93
41.415 -95.93
41.419 -95.931
41.422 -95.932
41.424 -95.933
41.429 -95.933
41.432 -95.932
41.434 -95.931
41.44 -95.924
41.442 -95.922
41.444 -95.921
41.448 -95.92
41.452 -95.92
41.456 -95.923
41.459 -95.926
41.464 -95.933
41.465 -95.937
41.466 -95.939
41.466 -95.94
41.466 -95.942
41.466 -95.946
41.463 -95.957
41.463 -95.962
41.464 -95.965
41.467 -95.973
41.47 -95.983
41.47 -95.991
41.472 -96.005
41.474 -96.009
41.476 -96.012
41.482 -96.016
41.487 -96.02
41.488 -96.02
41.489 -96.019
41.493 -96.016
41.498 -96.007
41.505 -95.998
41.507 -95.996
41.51 -95.994
41.512 -95.993
41.514 -95.993
41.517 -95.993
41.523 -95.994
41.525 -95.995
41.539 -96
41.541 -96.001
41.544 -96.005
41.546 -96.01
41.546 -96.016
41.546 -96.02
41.544 -96.023
41.541 -96.027
41.54 -96.028
41.527 -96.031
41.513 -96.034
41.509 -96.037
41.508 -96.038
41.507 -96.039
41.507 -96.04
41.507 -96.041
41.507 -96.043
41.507 -96.047
41.507 -96.048
41.508 -96.049
41.509 -96.053
41.509 -96.054
41.51 -96.056
41.511 -96.058
41.516 -96.064
41.52 -96.068
41.525 -96.073
41.528 -96.08
41.531 -96.088
41.532 -96.09
41.539 -96.094
41.547 -96.096
41.551 -96.096
41.558 -96.094
41.561 -96.092
41.564 -96.088
41.568 -96.085
41.571 -96.082
41.574 -96.081
41.577 -96.081
41.58 -96.082
41.583 -96.083
41.586 -96.086
41.588 -96.089
41.592 -96.102
41.593 -96.104
41.597 -96.109
41.602 -96.114
41.604 -96.115
41.606 -96.116
41.61 -96.118
41.613 -96.118
41.617 -96.118
41.622 -96.116
41.624 -96.114
41.636 -96.101
41.64 -96.098
41.647 -96.095
41.651 -96.095
41.653 -96.095
41.655 -96.096
41.659 -96.098
41.661 -96.1
41.668 -96.11
41.669 -96.111
41.671 -96.115
41.674 -96.118
41.678 -96.121
41.683 -96.122
41.689 -96.121
41.69 -96.121
41.691 -96.12
41.694 -96.118
41.697 -96.113
41.698 -96.112
41.698 -96.11
41.7 -96.105
41.697 -96.091
41.698 -96.082
41.7 -96.079
41.702 -96.076
41.705 -96.073
41.707 -96.072
41.709 -96.072
41.711 -96.073
41.713 -96.075
41.718 -96.08
41.722 -96.088
41.725 -96.094
41.728 -96.103
41.732 -96.106
41.735 -96.106
41.738 -96.106
41.744 -96.105
41.746 -96.103
41.749 -96.098
41.75 -96.092
41.753 -96.085
41.758 -96.08
41.762 -96.078
41.771 -96.079
41.777 -96.078
41.778 -96.078
41.783 -96.073
41.789 -96.067
41.789 -96.066
41.79 -96.066
41.793 -96.065
41.796 -96.065
41.801 -96.067
41.804 -96.07
41.804 -96.071
41.808 -96.076
41.81 -96.08
41.81 -96.081
41.813 -96.094
41.814 -96.098
41.817 -96.104
41.821 -96.108
41.823 -96.109
41.824 -96.109
41.824 -96.11
41.828 -96.111
41.831 -96.111
41.84 -96.108
41.844 -96.108
41.849 -96.11
41.852 -96.113
41.853 -96.114
41.855 -96.116
41.856 -96.118
41.859 -96.123
41.861 -96.131
41.862 -96.133
41.863 -96.135
41.866 -96.139
41.868 -96.141
41.869 -96.142
41.87 -96.143
41.871 -96.144
41.872 -96.144
41.875 -96.146
41.878 -96.147
41.885 -96.147
41.888 -96.149
41.892 -96.152
41.897 -96.158
41.898 -96.159
41.902 -96.162
41.906 -96.162
41.908 -96.161
41.91 -96.159
41.91 -96.158
41.912 -96.154
41.915 -96.142
41.917 -96.14
41.92 -96.137
41.921 -96.137
41.924 -96.136
41.927 -96.137
41.937 -96.143
41.942 -96.145
41.945 -96.144
41.946 -96.143
41.951 -96.137
41.952 -96.135
41.956 -96.133
41.965 -96.129
41.97 -96.129
41.972 -96.13
41.975 -96.133
41.978 -96.141
41.978 -96.142
41.98 -96.155
41.98 -96.157
41.98 -96.159
41.98 -96.161
41.979 -96.168
41.977 -96.174
41.977 -96.175
41.976 -96.177
41.976 -96.179
41.977 -96.184
41.977 -96.186
41.978 -96.187
41.98 -96.189
41.981 -96.191
41.982 -96.192
41.984 -96.192
41.985 -96.192
41.987 -96.191
41.989 -96.19
41.995 -96.185
41.998 -96.184
42 -96.184
42.003 -96.185
42.006 -96.188
42.009 -96.195
42.009 -96.206
42.007 -96.215
42.004 -96.218
41.999 -96.221
41.997 -96.222
41.995 -96.224
41.995 -96.225
41.995 -96.226
41.994 -96.23
41.996 -96.236
41.998 -96.239
41.999 -96.24
41.999 -96.241
42 -96.241
42 -96.242
42.001 -96.242
42.002 -96.242
42.003 -96.242
42.007 -96.242
42.012 -96.239
42.019 -96.228
42.023 -96.224
42.026 -96.222
42.03 -96.222
42.033 -96.224
42.035 -96.226
42.036 -96.227
42.039 -96.232
42.041 -96.238
42.042 -96.247
42.039 -96.255
42.038 -96.256
42.039 -96.261
42.039 -96.262
42.04 -96.264
42.042 -96.269
42.045 -96.271
42.047 -96.273
42.052 -96.276
42.06 -96.278
42.068 -96.279
42.07 -96.279
42.074 -96.279
42.081 -96.277
42.085 -96.275
42.086 -96.274
42.089 -96.272
42.096 -96.268
42.103 -96.267
42.11 -96.267
42.114 -96.269
42.118 -96.272
42.121 -96.275
42.123 -96.279
42.126 -96.286
42.128 -96.3
42.128 -96.301
42.13 -96.306
42.133 -96.31
42.136 -96.314
42.143 -96.317
42.147 -96.32
42.151 -96.326
42.153 -96.33
42.157 -96.338
42.16 -96.342
42.161 -96.343
42.167 -96.348
42.171 -96.349
42.172 -96.35
42.173 -96.35
42.177 -96.35
42.186 -96.347
42.187 -96.347
42.189 -96.348
42.194 -96.348
42.195 -96.348
42.196 -96.348
42.197 -96.349
42.198 -96.35
42.2 -96.351
42.2 -96.352
42.207 -96.358
42.208 -96.359
42.211 -96.36
42.214 -96.358
42.215 -96.357
42.217 -96.345
42.218 -96.339
42.219 -96.336
42.221 -96.333
42.222 -96.332
42.23 -96.324
42.231 -96.323
42.234 -96.323
42.236 -96.325
42.237 -96.326
42.24 -96.33
42.242 -96.329
42.25 -96.328
42.255 -96.329
42.259 -96.331
42.265 -96.336
42.269 -96.341
42.276 -96.356
42.28 -96.361
42.286 -96.366
42.292 -96.368
42.301 -96.368
42.304 -96.369
42.308 -96.369
42.311 -96.37
42.314 -96.372
42.318 -96.375
42.326 -96.384
42.331 -96.396
42.334 -96.403
42.337 -96.408
42.343 -96.414
42.347 -96.416
42.351 -96.418
42.355 -96.418
42.359 -96.418
42.361 -96.417
42.366 -96.414
42.376 -96.408
42.381 -96.409
42.386 -96.411
42.393 -96.415
42.4 -96.416
42.408 -96.414
42.411 -96.412
42.432 -96.388
42.437 -96.384
42.446 -96.381
42.451 -96.38
42.462 -96.381
42.473 -96.385
42.474 -96.386
42.481 -96.393
42.484 -96.396
42.488 -96.409
42.488 -96.413
42.489 -96.424
42.489 -96.44
42.489 -96.443
42.492 -96.456
42.491 -96.463
42.492 -96.474
42.494 -96.477
42.498 -96.477
42.5 -96.475
42.504 -96.473
42.51 -96.477
42.51 -96.478
42.511 -96.479
42.51 -96.484
42.512 -96.49
42.517 -96.493
42.52 -96.491
42.524 -96.48
42.526 -96.479
42.53 -96.48
42.536 -96.478
42.546 -96.477
42.556 -96.477
42.557 -96.495
42.558 -96.498
42.561 -96.498
42.565 -96.499
42.568 -96.499
42.571 -96.499
42.571 -96.497
42.571 -96.493
42.571 -96.489
42.572 -96.487
42.574 -96.486
42.575 -96.486
42.576 -96.486
42.576 -96.487
42.576 -96.489
42.577 -96.491
42.577 -96.492
42.579 -96.495
42.58 -96.496
42.581 -96.496
42.582 -96.496
42.583 -96.496
42.584 -96.495
42.586 -96.495
42.588 -96.497
42.589 -96.5
42.589 -96.501
42.591 -96.501
42.593 -96.5
42.594 -96.5
42.603 -96.504
42.605 -96.505
42.611 -96.508
42.613 -96.509
42.613 -96.51
42.615 -96.513
42.615 -96.517
42.614 -96.52
42.613 -96.522
42.612 -96.523
42.609 -96.526
42.609 -96.528
42.609 -96.529
42.61 -96.53
42.612 -96.53
42.614 -96.531
42.615 -96.532
42.616 -96.531
42.617 -96.531
42.617 -96.53
42.618 -96.528
42.619 -96.524
42.619 -96.521
42.62 -96.519
42.622 -96.517
42.625 -96.516
42.628 -96.515
42.63 -96.516
42.641 -96.527
42.642 -96.53
42.643 -96.533
42.644 -96.534
42.644 -96.535
42.646 -96.538
42.647 -96.538
42.648 -96.538
42.649 -96.538
42.652 -96.538
42.655 -96.538
42.661 -96.542
42.661 -96.543
42.661 -96.544
42.661 -96.547
42.658 -96.556
42.658 -96.559
42.659 -96.56
42.663 -96.56
42.664 -96.559
42.664 -96.556
42.669 -96.56
42.669 -96.561
42.676 -96.567
42.676 -96.568
42.676 -96.569
42.674 -96.57
42.672 -96.571
42.671 -96.572
42.671 -96.576
42.672 -96.579
42.673 -96.578
42.675 -96.575
42.677 -96.574
42.678 -96.574
42.683 -96.575
42.683 -96.576
42.687 -96.586
42.688 -96.592
42.689 -96.596
42.691 -96.596
42.695 -96.597
42.697 -96.599
42.698 -96.601
42.697 -96.602
42.695 -96.605
42.695 -96.606
42.695 -96.61
42.696 -96.612
42.697 -96.612
42.698 -96.612
42.698 -96.613
42.699 -96.613
42.699 -96.614
42.699 -96.615
42.7 -96.62
42.705 -96.63
42.706 -96.63
42.706 -96.631
42.709 -96.63
42.71 -96.627
42.714 -96.624
42.725 -96.625
42.726 -96.626
42.725 -96.632
42.735 -96.639
42.736 -96.639
42.737 -96.64
42.741 -96.636
42.746 -96.632
42.75 -96.63
42.753 -96.626
42.754 -96.621
42.755 -96.619
42.757 -96.62
42.758 -96.621
42.758 -96.623
42.758 -96.624
42.758 -96.629
42.762 -96.632
42.768 -96.633
42.771 -96.632
42.771 -96.63
42.773 -96.627
42.774 -96.626
42.779 -96.622
42.784 -96.619
42.785 -96.616
42.785 -96.615
42.783 -96.607
42.783 -96.605
42.783 -96.604
42.784 -96.604
42.788 -96.603
42.793 -96.595
42.801 -96.592
42.808 -96.591
42.809 -96.591
42.81 -96.592
42.81 -96.596
42.815 -96.596
42.816 -96.595
42.815 -96.591
42.818 -96.586
42.819 -96.584
42.828 -96.578
42.829 -96.578
42.834 -96.582
42.838 -96.582
42.838 -96.58
42.837 -96.571
42.832 -96.567
42.83 -96.566
42.831 -96.563
42.836 -96.563
42.837 -96.562
42.839 -96.561
42.839 -96.56
42.839 -96.559
42.839 -96.558
42.838 -96.557
42.837 -96.556
42.836 -96.555
42.836 -96.554
42.836 -96.552
42.837 -96.551
42.838 -96.551
42.839 -96.55
42.841 -96.55
42.842 -96.552
42.844 -96.554
42.846 -96.555
42.848 -96.554
42.848 -96.551
42.85 -96.546
42.851 -96.544
42.858 -96.541
42.859 -96.542
42.86 -96.543
42.859 -96.543
42.858 -96.544
42.857 -96.545
42.857 -96.547
42.863 -96.55
42.864 -96.55
42.87 -96.55
42.874 -96.547
42.874 -96.546
42.875 -96.544
42.878 -96.538
42.886 -96.538
42.889 -96.54
42.89 -96.54
42.891 -96.534
42.891 -96.528
42.892 -96.526
42.894 -96.527
42.898 -96.529
42.901 -96.536
42.9 -96.539
42.904 -96.543
42.905 -96.543
42.905 -96.542
42.905 -96.539
42.906 -96.537
42.909 -96.537
42.911 -96.538
42.919 -96.54
42.921 -96.542
42.923 -96.542
42.924 -96.541
42.936 -96.526
42.936 -96.524
42.935 -96.521
42.933 -96.521
42.932 -96.519
42.932 -96.518
42.933 -96.517
42.934 -96.516
42.935 -96.516
42.938 -96.52
42.94 -96.52
42.944 -96.515
42.944 -96.511
42.945 -96.509
42.949 -96.508
42.955 -96.505
42.959 -96.5
42.968 -96.503
42.971 -96.505
42.971 -96.506
42.971 -96.511
42.973 -96.516
42.978 -96.52
42.98 -96.521
42.981 -96.517
42.982 -96.516
42.986 -96.512
42.989 -96.512
42.991 -96.513
42.995 -96.51
42.997 -96.507
42.997 -96.503
42.998 -96.5
42.998 -96.498
42.998 -96.497
42.999 -96.497
43.002 -96.494
43.005 -96.493
43.01 -96.492
43.015 -96.494
43.015 -96.495
43.016 -96.496
43.019 -96.499
43.02 -96.502
43.02 -96.503
43.024 -96.51
43.024 -96.511
43.025 -96.511
43.026 -96.512
43.028 -96.513
43.03 -96.513
43.032 -96.511
43.037 -96.509
43.04 -96.512
43.04 -96.514
43.039 -96.515
43.039 -96.516
43.04 -96.517
43.042 -96.518
43.05 -96.51
43.05 -96.509
43.049 -96.505
43.049 -96.502
43.051 -96.49
43.051 -96.489
43.054 -96.488
43.056 -96.487
43.062 -96.477
43.064 -96.473
43.062 -96.47
43.062 -96.468
43.063 -96.463
43.064 -96.461
43.068 -96.458
43.075 -96.455
43.083 -96.454
43.084 -96.454
43.087 -96.455
43.088 -96.455
43.09 -96.463
43.091 -96.463
43.092 -96.463
43.095 -96.461
43.1 -96.452
43.104 -96.448
43.114 -96.439
43.121 -96.437
43.122 -96.44
43.123 -96.441
43.125 -96.442
43.129 -96.443
43.134 -96.443
43.142 -96.45
43.144 -96.456
43.143 -96.459
43.144 -96.46
43.148 -96.465
43.15 -96.467
43.16 -96.467
43.164 -96.467
43.168 -96.467
43.171 -96.466
43.174 -96.466
43.177 -96.466
43.181 -96.465
43.182 -96.465
43.183 -96.465
43.185 -96.467
43.185 -96.469
43.186 -96.472
43.19 -96.474
43.199 -96.474
43.205 -96.471
43.207 -96.471
43.21 -96.472
43.217 -96.475
43.221 -96.476
43.222 -96.477
43.224 -96.485
43.224 -96.496
43.221 -96.501
43.219 -96.508
43.219 -96.512
43.219 -96.513
43.218 -96.519
43.218 -96.521
43.221 -96.522
43.224 -96.527
43.228 -96.536
43.226 -96.54
43.226 -96.545
43.227 -96.548
43.227 -96.555
43.226 -96.556
43.225 -96.557
43.224 -96.559
43.224 -96.56
43.232 -96.569
43.238 -96.571
43.239 -96.571
43.244 -96.565
43.245 -96.559
43.247 -96.553
43.251 -96.552
43.258 -96.553
43.259 -96.553
43.26 -96.555
43.259 -96.557
43.259 -96.56
43.26 -96.564
43.263 -96.569
43.268 -96.577
43.268 -96.583
43.269 -96.585
43.274 -96.586
43.277 -96.584
43.277 -96.583
43.275 -96.583
43.275 -96.581
43.279 -96.578
43.291 -96.579
43.294 -96.579
43.295 -96.579
43.296 -96.58
43.297 -96.581
43.298 -96.58
43.299 -96.574
43.298 -96.572
43.297 -96.571
43.296 -96.569
43.295 -96.564
43.295 -96.555
43.293 -96.553
43.296 -96.541
43.3 -96.53
43.306 -96.528
43.31 -96.526
43.312 -96.526
43.317 -96.529
43.329 -96.533
43.336 -96.535
43.338 -96.532
43.339 -96.532
43.342 -96.529
43.347 -96.525
43.347 -96.524
43.348 -96.524
43.348 -96.526
43.352 -96.527
43.362 -96.527
43.368 -96.527
43.368 -96.526
43.372 -96.522
43.373 -96.522
43.375 -96.521
43.376 -96.521
43.386 -96.522
43.388 -96.522
43.389 -96.523
43.395 -96.524
43.396 -96.525
43.398 -96.529
43.398 -96.53
43.396 -96.53
43.396 -96.531
43.395 -96.537
43.404 -96.553
43.407 -96.557
43.407 -96.558
43.413 -96.563
43.417 -96.568
43.417 -96.569
43.419 -96.574
43.424 -96.571
43.425 -96.57
43.427 -96.57
43.428 -96.57
43.429 -96.57
43.429 -96.571
43.432 -96.575
43.432 -96.576
43.432 -96.578
43.432 -96.582
43.432 -96.583
43.432 -96.588
43.432 -96.59
43.433 -96.593
43.434 -96.594
43.45 -96.603
43.451 -96.603
43.457 -96.6
43.463 -96.59
43.465 -96.588
43.47 -96.585
43.471 -96.585
43.478 -96.586
43.481 -96.581
43.49 -96.585
43.491 -96.586
43.494 -96.59
43.494 -96.592
43.493 -96.595
43.495 -96.598
43.496 -96.599
43.5 -96.599
43.501 -96.591
43.5 -96.453
43.5 -96.447
43.5 -96.351
43.5 -96.332
43.5 -96.33
43.5 -96.274
43.5 -96.214
43.5 -96.209
43.5 -96.199
43.5 -96.198
43.5 -96.096
43.5 -96.018
43.5 -95.997
43.5 -95.978
43.5 -95.861
43.5 -95.834
43.5 -95.821
43.5 -95.742
43.5 -95.741
43.5 -95.643
43.5 -95.623
43.5 -95.515
43.5 -95.505
43.5 -95.487
43.5 -95.475
43.501 -95.455
43.5 -95.434
43.5 -95.388
43.5 -95.375
43.5 -95.269
43.5 -95.251
43.501 -95.245
43.501 -95.215
43.501 -95.181
43.501 -95.18
43.501 -95.168
43.501 -95.167
43.5 -95.155
43.5 -95.151
43.501 -95.123
43.501 -95.115
43.501 -95.054
43.501 -95.034
43.501 -95.033
43.501 -95.014
43.501 -94.994
43.501 -94.974
43.5 -94.954
43.5 -94.935
43.5 -94.915
43.5 -94.887
43.501 -94.874
43.501 -94.873
43.501 -94.86
43.501 -94.858
43.501 -94.845
43.501 -94.798
43.501 -94.694
43.501 -94.678
43.501 -94.616
43.5 -94.566
43.5 -94.561
43.5 -94.47
43.501 -94.447
43.501 -94.443
43.5 -94.391
43.5 -94.377
43.5 -94.324
43.5 -94.206
43.5 -94.11
43.5 -94.108
43.5 -94.094
43.5 -94.093
43.5 -94.088
43.5 -93.971
43.5 -93.852
43.5 -93.796
43.5 -93.794
43.5 -93.734
43.5 -93.716
43.5 -93.709
43.5 -93.705
43.5 -93.699
43.5 -93.617
43.5 -93.577
43.5 -93.559
43.499 -93.532
43.499 -93.528
43.499 -93.497
43.499 -93.488
43.499 -93.482
43.499 -93.473
43.499 -93.469
43.499 -93.429
43.499 -93.399
43.499 -93.38
43.499 -93.353
43.499 -93.272
43.499 -93.261
43.5 -93.229
43.5 -93.226
43.5 -93.201
43.5 -93.15
43.5 -93.141
43.5 -93.101
43.5 -93.024
43.5 -93.008
43.5 -92.906
43.5 -92.904
43.5 -92.89
43.5 -92.87
43.5 -92.83
43.5 -92.81
43.5 -92.79
43.5 -92.752
43.5 -92.707
43.5 -92.693
43.5 -92.689
43.5 -92.673
43.5 -92.653
43.5 -92.649
43.5 -92.553
43.5 -92.465
43.5 -92.436
43.501 -92.409
43.5 -92.406
43.5 -92.388
43.5 -92.376
43.5 -92.369
43.5 -92.356
43.5 -92.331
43.5 -92.316
43.5 -92.309
43.5 -92.279
43.5 -92.277
43.501 -92.199
43.501 -92.179
43.501 -92.104
43.501 -92.09
43.501 -92.08
43.501 -91.971
43.501 -91.967
43.5 -91.95
43.501 -91.942
43.501 -91.851
43.501 -91.825
43.501 -91.807
43.501 -91.805
43.501 -91.791
43.501 -91.779
43.501 -91.778
43.501 -91.761
43.501 -91.738
43.501 -91.737
43.501 -91.733
43.501 -91.731
43.501 -91.73
43.501 -91.701
43.501 -91.671
43.501 -91.658
43.5 -91.651
43.501 -91.645
43.501 -91.64
43.5 -91.636
43.5 -91.634
43.501 -91.626
43.501 -91.621
43.501 -91.617
43.501 -91.615
43.501 -91.611
43.501 -91.591
43.501 -91.551
43.501 -91.541
43.501 -91.534
43.501 -91.491
43.501 -91.465
43.501 -91.461
43.501 -91.446
43.5 -91.442
43.501 -91.397
43.5 -91.377
43.501 -91.372
43.501 -91.369
