segment Maryland
39.723 -78.785
39.723 -78.769
39.723 -78.76
39.723 -78.743
39.723 -78.724
39.723 -78.72
39.723 -78.706
39.723 -78.676
39.723 -78.659
39.723 -78.634
39.723 -78.619
39.723 -78.576
39.723 -78.558
39.723 -78.546
39.723 -78.543
39.722 -78.538
39.723 -78.501
39.723 -78.461
39.723 -78.445
39.722 -78.439
39.722 -78.426
39.723 -78.343
39.723 -78.34
39.722 -78.337
39.723 -78.331
39.723 -78.269
39.722 -78.243
39.722 -78.24
39.723 -78.225
39.723 -78.204
39.722 -78.203
39.722 -78.149
39.722 -78.138
39.722 -78.076
39.722 -78.074
39.722 -78.06
39.722 -77.947
39.722 -77.937
39.722 -77.881
39.722 -77.876
39.722 -77.875
39.722 -77.848
39.722 -77.835
39.722 -77.79
39.721 -77.769
39.721 -77.743
39.721 -77.741
39.721 -77.733
39.721 -77.728
39.721 -77.724
39.721 -77.675
39.721 -77.672
39.72 -77.574
39.72 -77.567
39.72 -77.535
39.72 -77.533
39.72 -77.507
39.72 -77.469
39.72 -77.409
39.72 -77.384
39.72 -77.37
39.72 -77.367
39.72 -77.351
39.72 -77.296
39.72 -77.293
39.72 -77.243
39.72 -77.24
39.72 -77.217
39.72 -77.123
39.72 -77.107
39.72 -77.067
39.72 -77.059
39.72 -77.058
39.72 -77.047
39.72 -76.991
39.72 -76.958
39.72 -76.953
39.721 -76.937
39.721 -76.921
39.721 -76.916
39.72 -76.898
39.72 -76.89
39.721 -76.852
39.721 -76.809
39.721 -76.806
39.721 -76.787
39.721 -76.765
39.721 -76.716
39.721 -76.712
39.721 -76.697
39.721 -76.654
39.721 -76.569
39.721 -76.543
39.721 -76.517
39.721 -76.492
39.721 -76.442
39.721 -76.419
39.721 -76.396
39.721 -76.381
39.721 -76.38
39.721 -76.242
39.721 -76.233
39.721 -76.224
39.722 -76.156
39.722 -76.154
39.722 -76.153
39.722 -76.133
39.722 -76.124
39.722 -76.068
39.722 -76.028
39.722 -76.013
39.722 -75.999
39.722 -75.981
39.722 -75.937
39.722 -75.875
39.722 -75.821
39.722 -75.81
39.722 -75.8
39.722 -75.788
39.7 -75.788
39.694 -75.788
39.682 -75.789
39.681 -75.789
39.671 -75.789
39.658 -75.789
39.656 -75.789
39.655 -75.788
39.639 -75.788
39.637 -75.787
39.631 -75.787
39.611 -75.785
39.606 -75.785
39.596 -75.784
39.59 -75.784
39.582 -75.783
39.578 -75.783
39.572 -75.782
39.55 -75.781
39.536 -75.78
39.535 -75.78
39.445 -75.772
39.377 -75.767
39.301 -75.76
39.246 -75.756
39.199 -75.753
39.178 -75.751
39.165 -75.749
39.143 -75.748
39.12 -75.746
39.115 -75.746
39.111 -75.745
39.095 -75.744
39.08 -75.743
39.071 -75.742
39.044 -75.74
38.957 -75.733
38.935 -75.731
38.933 -75.731
38.869 -75.726
38.868 -75.726
38.856 -75.725
38.848 -75.724
38.847 -75.724
38.833 -75.723
38.83 -75.723
38.822 -75.722
38.802 -75.72
38.781 -75.719
38.766 -75.718
38.635 -75.707
38.626 -75.707
38.621 -75.706
38.616 -75.706
38.615 -75.706
38.592 -75.704
38.585 -75.703
38.561 -75.702
38.56 -75.701
38.543 -75.7
38.522 -75.699
38.511 -75.698
38.496 -75.697
38.492 -75.696
38.46 -75.694
38.46 -75.69
38.459 -75.666
38.459 -75.663
38.458 -75.648
38.458 -75.63
38.457 -75.598
38.456 -75.593
38.456 -75.589
38.456 -75.584
38.456 -75.581
38.456 -75.574
38.456 -75.564
38.456 -75.56
38.456 -75.559
38.456 -75.558
38.456 -75.557
38.455 -75.555
38.455 -75.552
38.455 -75.536
38.455 -75.534
38.455 -75.523
38.455 -75.521
38.454 -75.503
38.454 -75.5
38.454 -75.479
38.454 -75.478
38.454 -75.47
38.453 -75.444
38.453 -75.429
38.453 -75.425
38.452 -75.411
38.452 -75.395
38.452 -75.394
38.452 -75.371
38.452 -75.356
38.452 -75.341
38.451 -75.26
38.451 -75.253
38.451 -75.227
38.451 -75.205
38.451 -75.185
38.451 -75.142
38.451 -75.09
38.451 -75.087
38.451 -75.085
38.451 -75.073
38.451 -75.07
38.451 -75.066
38.451 -75.065
38.451 -75.053
38.451 -75.049
38.435 -75.051
38.417 -75.054
38.415 -75.055
38.412 -75.055
38.397 -75.059
38.389 -75.061
38.386 -75.062
38.382 -75.064
38.374 -75.066
38.36 -75.071
38.356 -75.072
38.355 -75.072
38.352 -75.074
38.347 -75.076
38.327 -75.084
38.324 -75.085
38.324 -75.086
38.323 -75.087
38.323 -75.089
38.323 -75.09
38.323 -75.092
38.323 -75.094
38.312 -75.103
38.274 -75.117
38.22 -75.143
38.184 -75.159
38.171 -75.163
38.13 -75.177
38.103 -75.19
38.096 -75.194
38.093 -75.196
38.062 -75.216
38.027 -75.242
38.026 -75.251
38.026 -75.256
38.026 -75.261
38.015 -75.378
38.013 -75.399
38.011 -75.429
38.01 -75.436
38.009 -75.449
38.001 -75.542
37.994 -75.623
37.994 -75.624
37.99 -75.626
37.989 -75.628
37.988 -75.631
37.987 -75.633
37.985 -75.634
37.983 -75.634
37.978 -75.629
37.977 -75.629
37.976 -75.63
37.976 -75.631
37.976 -75.632
37.978 -75.634
37.98 -75.636
37.979 -75.638
37.976 -75.642
37.97 -75.645
37.967 -75.648
37.947 -75.648
37.945 -75.656
37.949 -75.665
37.951 -75.67
37.956 -75.665
37.961 -75.663
37.967 -75.672
37.968 -75.686
37.977 -75.713
37.973 -75.722
37.971 -75.723
37.97 -75.725
37.969 -75.725
37.967 -75.728
37.965 -75.734
37.964 -75.738
37.966 -75.743
37.969 -75.75
37.971 -75.759
37.971 -75.763
37.972 -75.775
37.972 -75.783
37.973 -75.784
37.955 -75.808
37.951 -75.813
37.95 -75.815
37.946 -75.82
37.939 -75.83
37.938 -75.83
37.935 -75.832
37.933 -75.832
37.924 -75.849
37.922 -75.854
37.918 -75.861
37.917 -75.867
37.912 -75.882
37.912 -75.885
37.913 -75.887
37.917 -75.893
37.921 -75.896
37.925 -75.898
37.927 -75.897
37.93 -75.895
37.931 -75.894
37.949 -75.892
37.955 -75.891
37.959 -75.892
37.973 -75.898
37.975 -75.899
38.003 -75.883
38.012 -75.875
38.02 -75.875
38.028 -75.875
38.029 -75.875
38.034 -75.873
38.039 -75.858
38.037 -75.851
38.034 -75.85
38.034 -75.849
38.034 -75.848
38.036 -75.845
38.043 -75.831
38.043 -75.829
38.046 -75.826
38.056 -75.816
38.059 -75.813
38.061 -75.814
38.065 -75.818
38.067 -75.819
38.067 -75.82
38.068 -75.826
38.069 -75.831
38.07 -75.832
38.07 -75.833
38.072 -75.844
38.067 -75.859
38.066 -75.86
38.065 -75.86
38.06 -75.859
38.06 -75.862
38.059 -75.867
38.059 -75.872
38.06 -75.874
38.061 -75.874
38.075 -75.881
38.078 -75.878
38.089 -75.872
38.091 -75.87
38.096 -75.867
38.099 -75.865
38.1 -75.865
38.101 -75.864
38.108 -75.852
38.108 -75.851
38.113 -75.843
38.114 -75.839
38.114 -75.838
38.133 -75.828
38.134 -75.828
38.137 -75.833
38.144 -75.844
38.145 -75.844
38.145 -75.845
38.144 -75.85
38.144 -75.852
38.143 -75.854
38.141 -75.86
38.14 -75.86
38.135 -75.866
38.134 -75.869
38.137 -75.88
38.138 -75.886
38.139 -75.891
38.139 -75.892
38.141 -75.9
38.141 -75.901
38.138 -75.907
38.135 -75.914
38.131 -75.922
38.126 -75.933
38.125 -75.935
38.124 -75.937
38.11 -75.937
38.11 -75.938
38.112 -75.943
38.113 -75.945
38.118 -75.95
38.125 -75.953
38.131 -75.956
38.132 -75.957
38.137 -75.96
38.143 -75.958
38.162 -75.951
38.168 -75.948
38.17 -75.947
38.171 -75.947
38.176 -75.952
38.177 -75.952
38.178 -75.952
38.179 -75.951
38.187 -75.942
38.19 -75.933
38.193 -75.925
38.193 -75.923
38.204 -75.888
38.203 -75.886
38.202 -75.886
38.2 -75.885
38.198 -75.878
38.199 -75.872
38.2 -75.868
38.201 -75.864
38.201 -75.863
38.207 -75.853
38.21 -75.846
38.22 -75.849
38.223 -75.85
38.226 -75.851
38.227 -75.852
38.233 -75.859
38.238 -75.865
38.243 -75.87
38.244 -75.873
38.245 -75.875
38.244 -75.878
38.244 -75.883
38.241 -75.889
38.239 -75.889
38.236 -75.888
38.231 -75.886
38.228 -75.891
38.228 -75.895
38.229 -75.896
38.232 -75.9
38.234 -75.901
38.247 -75.908
38.252 -75.908
38.258 -75.911
38.263 -75.917
38.264 -75.92
38.267 -75.926
38.272 -75.939
38.267 -75.95
38.267 -75.951
38.264 -75.955
38.262 -75.955
38.253 -75.955
38.249 -75.949
38.249 -75.945
38.249 -75.944
38.247 -75.941
38.24 -75.946
38.239 -75.946
38.239 -75.947
38.233 -75.972
38.236 -75.969
38.241 -75.964
38.248 -75.962
38.252 -75.963
38.263 -75.981
38.265 -75.984
38.269 -75.985
38.276 -75.986
38.277 -75.986
38.283 -75.99
38.304 -76.007
38.307 -76.016
38.309 -76.017
38.312 -76.009
38.314 -75.992
38.315 -75.981
38.32 -75.969
38.324 -75.964
38.333 -75.962
38.341 -75.962
38.342 -75.962
38.345 -75.964
38.348 -75.965
38.352 -75.967
38.355 -75.969
38.364 -75.973
38.366 -75.974
38.368 -75.981
38.373 -75.997
38.374 -76.002
38.374 -76.003
38.372 -76.005
38.37 -76.007
38.364 -76.01
38.362 -76.011
38.361 -76.012
38.357 -76.012
38.355 -76.011
38.353 -76.01
38.336 -76.016
38.332 -76.017
38.323 -76.034
38.322 -76.041
38.322 -76.042
38.318 -76.046
38.312 -76.049
38.31 -76.05
38.309 -76.05
38.307 -76.05
38.304 -76.05
38.295 -76.04
38.288 -76.031
38.283 -76.028
38.28 -76.027
38.27 -76.032
38.263 -76.035
38.256 -76.038
38.255 -76.039
38.249 -76.044
38.242 -76.044
38.231 -76.036
38.222 -76.033
38.217 -76.032
38.218 -76.034
38.227 -76.058
38.238 -76.07
38.24 -76.07
38.244 -76.072
38.248 -76.073
38.252 -76.075
38.253 -76.087
38.254 -76.099
38.254 -76.1
38.258 -76.103
38.262 -76.107
38.263 -76.108
38.277 -76.103
38.287 -76.111
38.285 -76.119
38.284 -76.127
38.283 -76.131
38.282 -76.137
38.281 -76.139
38.285 -76.15
38.289 -76.158
38.291 -76.16
38.291 -76.161
38.291 -76.164
38.29 -76.166
38.285 -76.174
38.283 -76.175
38.277 -76.18
38.262 -76.176
38.257 -76.172
38.249 -76.163
38.25 -76.146
38.245 -76.134
38.243 -76.128
38.243 -76.127
38.242 -76.126
38.238 -76.126
38.233 -76.131
38.231 -76.14
38.234 -76.149
38.234 -76.151
38.235 -76.152
38.247 -76.173
38.247 -76.174
38.25 -76.176
38.263 -76.185
38.267 -76.189
38.277 -76.191
38.285 -76.197
38.291 -76.202
38.293 -76.203
38.293 -76.204
38.303 -76.211
38.31 -76.226
38.31 -76.242
38.31 -76.244
38.311 -76.246
38.315 -76.254
38.315 -76.255
38.318 -76.258
38.326 -76.261
38.34 -76.267
38.344 -76.265
38.346 -76.264
38.342 -76.259
38.348 -76.238
38.349 -76.238
38.35 -76.239
38.353 -76.241
38.359 -76.246
38.364 -76.25
38.367 -76.257
38.366 -76.273
38.369 -76.274
38.372 -76.275
38.375 -76.276
38.393 -76.282
38.403 -76.281
38.414 -76.283
38.419 -76.287
38.42 -76.287
38.42 -76.286
38.42 -76.288
38.423 -76.29
38.44 -76.301
38.46 -76.321
38.474 -76.332
38.486 -76.335
38.491 -76.336
38.492 -76.336
38.499 -76.329
38.5 -76.327
38.498 -76.318
38.504 -76.29
38.504 -76.284
38.502 -76.282
38.503 -76.267
38.503 -76.264
38.505 -76.262
38.506 -76.26
38.524 -76.247
38.533 -76.245
38.537 -76.244
38.539 -76.249
38.539 -76.254
38.531 -76.274
38.532 -76.278
38.536 -76.281
38.542 -76.277
38.549 -76.276
38.557 -76.28
38.569 -76.29
38.572 -76.308
38.575 -76.305
38.58 -76.296
38.583 -76.29
38.591 -76.273
38.594 -76.271
38.598 -76.269
38.602 -76.272
38.607 -76.278
38.61 -76.28
38.611 -76.278
38.612 -76.277
38.616 -76.272
38.615 -76.265
38.615 -76.264
38.618 -76.26
38.621 -76.254
38.626 -76.247
38.629 -76.237
38.628 -76.237
38.623 -76.235
38.614 -76.231
38.607 -76.213
38.607 -76.212
38.609 -76.206
38.611 -76.203
38.613 -76.203
38.621 -76.191
38.629 -76.175
38.629 -76.17
38.625 -76.16
38.632 -76.153
38.637 -76.147
38.658 -76.156
38.662 -76.16
38.666 -76.165
38.667 -76.167
38.668 -76.169
38.672 -76.173
38.673 -76.175
38.673 -76.185
38.673 -76.197
38.671 -76.199
38.671 -76.2
38.682 -76.213
38.698 -76.226
38.713 -76.239
38.718 -76.24
38.72 -76.24
38.721 -76.239
38.725 -76.237
38.735 -76.239
38.736 -76.242
38.736 -76.255
38.731 -76.262
38.726 -76.268
38.724 -76.27
38.717 -76.271
38.713 -76.272
38.713 -76.275
38.713 -76.276
38.717 -76.293
38.718 -76.298
38.718 -76.299
38.719 -76.299
38.724 -76.296
38.726 -76.298
38.727 -76.299
38.73 -76.309
38.731 -76.313
38.73 -76.316
38.724 -76.321
38.719 -76.326
38.718 -76.327
38.717 -76.328
38.713 -76.331
38.703 -76.334
38.69 -76.322
38.679 -76.322
38.679 -76.324
38.672 -76.338
38.671 -76.34
38.674 -76.342
38.678 -76.344
38.686 -76.348
38.692 -76.347
38.706 -76.345
38.71 -76.344
38.726 -76.341
38.729 -76.341
38.73 -76.341
38.737 -76.341
38.745 -76.341
38.746 -76.341
38.752 -76.341
38.755 -76.34
38.772 -76.335
38.773 -76.335
38.776 -76.33
38.779 -76.324
38.797 -76.31
38.813 -76.309
38.817 -76.307
38.823 -76.303
38.826 -76.301
38.828 -76.298
38.827 -76.288
38.829 -76.285
38.831 -76.277
38.835 -76.278
38.845 -76.274
38.852 -76.272
38.852 -76.267
38.852 -76.264
38.848 -76.266
38.843 -76.263
38.836 -76.257
38.834 -76.256
38.832 -76.255
38.825 -76.25
38.823 -76.247
38.822 -76.246
38.819 -76.238
38.812 -76.219
38.813 -76.209
38.814 -76.198
38.815 -76.198
38.822 -76.193
38.83 -76.191
38.834 -76.193
38.843 -76.197
38.844 -76.198
38.851 -76.2
38.855 -76.201
38.863 -76.203
38.883 -76.2
38.893 -76.205
38.905 -76.205
38.916 -76.204
38.928 -76.204
38.929 -76.204
38.932 -76.207
38.932 -76.208
38.937 -76.214
38.941 -76.228
38.943 -76.232
38.942 -76.235
38.942 -76.236
38.939 -76.25
38.928 -76.251
38.924 -76.248
38.923 -76.248
38.921 -76.25
38.919 -76.256
38.919 -76.259
38.92 -76.262
38.925 -76.265
38.93 -76.265
38.942 -76.273
38.94 -76.276
38.935 -76.284
38.934 -76.287
38.931 -76.291
38.931 -76.292
38.929 -76.296
38.923 -76.298
38.919 -76.299
38.918 -76.299
38.91 -76.294
38.903 -76.293
38.899 -76.306
38.899 -76.308
38.898 -76.308
38.906 -76.314
38.911 -76.318
38.911 -76.324
38.906 -76.336
38.899 -76.337
38.896 -76.338
38.895 -76.338
38.893 -76.338
38.892 -76.339
38.892 -76.338
38.888 -76.336
38.887 -76.336
38.886 -76.335
38.878 -76.334
38.873 -76.333
38.864 -76.331
38.86 -76.334
38.856 -76.341
38.856 -76.342
38.857 -76.35
38.856 -76.352
38.854 -76.356
38.852 -76.361
38.851 -76.361
38.843 -76.365
38.839 -76.367
38.838 -76.367
38.836 -76.368
38.837 -76.37
38.839 -76.375
38.843 -76.375
38.85 -76.376
38.858 -76.373
38.873 -76.365
38.874 -76.365
38.891 -76.365
38.898 -76.365
38.907 -76.366
38.909 -76.365
38.912 -76.365
38.936 -76.362
38.939 -76.362
38.954 -76.355
38.957 -76.354
38.961 -76.351
38.972 -76.343
38.982 -76.335
38.999 -76.323
39 -76.323
39.001 -76.323
39.006 -76.322
39.009 -76.324
39.022 -76.32
39.023 -76.32
39.027 -76.318
39.033 -76.313
39.035 -76.312
39.035 -76.311
39.04 -76.302
39.036 -76.301
39.032 -76.301
39.026 -76.303
39.024 -76.302
39.012 -76.297
39.004 -76.294
38.998 -76.289
38.994 -76.287
38.99 -76.283
38.982 -76.277
38.983 -76.276
38.984 -76.259
38.983 -76.256
38.981 -76.247
38.981 -76.246
38.981 -76.244
38.98 -76.241
38.978 -76.23
38.978 -76.229
38.977 -76.229
38.973 -76.222
38.971 -76.219
38.973 -76.204
38.973 -76.203
38.973 -76.202
38.98 -76.192
38.984 -76.186
38.997 -76.168
39 -76.164
39.002 -76.164
39.009 -76.164
39.01 -76.164
39.018 -76.168
39.025 -76.173
39.028 -76.175
39.032 -76.178
39.046 -76.184
39.053 -76.18
39.059 -76.175
39.063 -76.169
39.064 -76.164
39.065 -76.159
39.069 -76.157
39.072 -76.155
39.076 -76.152
39.079 -76.151
39.084 -76.149
39.092 -76.145
39.093 -76.145
39.094 -76.158
39.095 -76.167
39.095 -76.17
39.095 -76.175
39.096 -76.184
39.095 -76.186
39.09 -76.195
39.086 -76.203
39.085 -76.203
39.072 -76.208
39.064 -76.21
39.063 -76.21
39.055 -76.211
39.049 -76.212
39.042 -76.213
39.041 -76.213
39.037 -76.212
39.032 -76.21
39.03 -76.21
39.028 -76.209
39.025 -76.209
39.019 -76.204
39.015 -76.201
39.013 -76.204
39.01 -76.209
39.019 -76.232
39.026 -76.24
39.029 -76.243
39.04 -76.241
39.046 -76.237
39.061 -76.231
39.062 -76.231
39.083 -76.232
39.091 -76.233
39.101 -76.238
39.121 -76.247
39.126 -76.249
39.133 -76.253
39.134 -76.253
39.143 -76.261
39.144 -76.262
39.144 -76.264
39.144 -76.268
39.146 -76.278
39.146 -76.279
39.147 -76.278
39.165 -76.275
39.179 -76.268
39.18 -76.267
39.181 -76.267
39.181 -76.266
39.192 -76.256
39.199 -76.251
39.233 -76.232
39.246 -76.226
39.262 -76.219
39.27 -76.211
39.27 -76.203
39.279 -76.193
39.283 -76.188
39.285 -76.186
39.292 -76.182
39.292 -76.181
39.296 -76.179
39.299 -76.178
39.306 -76.177
39.31 -76.179
39.31 -76.18
39.312 -76.186
39.315 -76.187
39.319 -76.186
39.332 -76.17
39.336 -76.16
39.334 -76.146
39.336 -76.143
39.34 -76.134
39.34 -76.133
39.344 -76.137
39.345 -76.137
39.351 -76.135
39.354 -76.129
39.361 -76.116
39.372 -76.111
39.372 -76.11
39.372 -76.104
39.371 -76.08
39.371 -76.073
39.371 -76.072
39.371 -76.069
39.371 -76.053
39.371 -76.05
39.368 -76.034
39.367 -76.033
39.366 -76.031
39.363 -76.025
39.362 -76.023
39.362 -76.022
39.366 -76.006
39.367 -76.002
39.368 -76.002
39.376 -76.002
39.385 -76.003
39.386 -76.019
39.386 -76.034
39.386 -76.036
39.388 -76.04
39.394 -76.041
39.402 -76.035
39.408 -76.017
39.415 -76.007
39.415 -76.006
39.42 -76.003
39.429 -75.998
39.43 -75.997
39.433 -75.989
39.435 -75.983
39.445 -75.977
39.448 -75.977
39.453 -75.983
39.459 -75.99
39.457 -75.998
39.45 -76.003
39.449 -76.009
39.449 -76.01
39.453 -76.012
39.456 -76.011
39.47 -76.003
39.477 -75.997
39.483 -75.995
39.489 -75.994
39.491 -75.993
39.51 -75.986
39.513 -75.985
39.521 -75.981
39.53 -75.976
39.531 -75.975
39.536 -75.97
39.539 -75.967
39.545 -75.967
39.549 -75.967
39.55 -75.967
39.552 -75.968
39.556 -75.97
39.557 -75.97
39.558 -75.97
39.559 -75.978
39.563 -75.993
39.56 -76
39.55 -76.006
39.549 -76.029
39.548 -76.044
39.548 -76.047
39.547 -76.064
39.543 -76.076
39.541 -76.083
39.54 -76.085
39.538 -76.094
39.537 -76.096
39.533 -76.098
39.531 -76.099
39.529 -76.1
39.528 -76.101
39.527 -76.101
39.524 -76.103
39.507 -76.112
39.496 -76.117
39.489 -76.115
39.487 -76.114
39.486 -76.113
39.482 -76.108
39.48 -76.106
39.479 -76.105
39.476 -76.098
39.478 -76.083
39.475 -76.073
39.475 -76.072
39.471 -76.07
39.453 -76.061
39.452 -76.061
39.451 -76.061
39.448 -76.061
39.437 -76.081
39.438 -76.083
39.436 -76.102
39.43 -76.112
39.428 -76.117
39.421 -76.122
39.405 -76.146
39.406 -76.159
39.392 -76.171
39.378 -76.18
39.368 -76.196
39.366 -76.199
39.35 -76.227
39.352 -76.234
39.361 -76.24
39.362 -76.243
39.361 -76.25
39.36 -76.252
39.353 -76.266
39.35 -76.265
39.346 -76.258
39.337 -76.254
39.334 -76.264
39.332 -76.266
39.331 -76.267
39.323 -76.276
39.317 -76.279
39.312 -76.281
39.308 -76.281
39.302 -76.282
39.302 -76.298
39.318 -76.291
39.329 -76.299
39.34 -76.299
39.347 -76.295
39.35 -76.296
39.352 -76.301
39.356 -76.312
39.357 -76.324
39.356 -76.33
39.354 -76.341
39.338 -76.336
39.334 -76.334
39.332 -76.335
39.325 -76.34
39.314 -76.328
39.306 -76.338
39.303 -76.341
39.311 -76.353
39.312 -76.355
39.312 -76.36
39.312 -76.364
39.299 -76.381
39.294 -76.382
39.286 -76.383
39.276 -76.385
39.273 -76.39
39.269 -76.395
39.258 -76.402
39.251 -76.389
39.249 -76.387
39.25 -76.381
39.247 -76.382
39.243 -76.384
39.235 -76.389
39.231 -76.394
39.23 -76.398
39.22 -76.418
39.206 -76.425
39.195 -76.442
39.198 -76.448
39.199 -76.45
39.205 -76.461
39.206 -76.463
39.205 -76.48
39.204 -76.482
39.203 -76.485
39.202 -76.489
39.205 -76.498
39.209 -76.501
39.22 -76.516
39.224 -76.521
39.217 -76.529
39.217 -76.53
39.213 -76.534
39.211 -76.536
39.208 -76.533
39.204 -76.535
39.191 -76.534
39.178 -76.526
39.177 -76.523
39.173 -76.515
39.172 -76.513
39.17 -76.51
39.169 -76.508
39.161 -76.501
39.162 -76.495
39.164 -76.484
39.161 -76.476
39.16 -76.475
39.155 -76.471
39.153 -76.469
39.144 -76.453
39.137 -76.44
39.136 -76.437
39.133 -76.431
39.132 -76.429
39.127 -76.432
39.113 -76.433
39.096 -76.427
39.087 -76.424
39.084 -76.423
39.083 -76.422
39.081 -76.422
39.074 -76.423
39.06 -76.433
39.056 -76.436
39.053 -76.439
39.048 -76.43
39.041 -76.419
39.033 -76.405
39.023 -76.398
39.011 -76.394
39.005 -76.402
38.996 -76.413
38.995 -76.415
38.989 -76.422
38.988 -76.427
38.986 -76.437
38.985 -76.44
38.983 -76.449
38.978 -76.45
38.975 -76.455
38.974 -76.465
38.973 -76.466
38.973 -76.472
38.973 -76.474
38.971 -76.474
38.967 -76.475
38.965 -76.474
38.964 -76.474
38.962 -76.473
38.957 -76.471
38.949 -76.463
38.949 -76.462
38.949 -76.461
38.948 -76.458
38.941 -76.45
38.927 -76.46
38.924 -76.462
38.914 -76.458
38.907 -76.459
38.908 -76.469
38.912 -76.469
38.914 -76.476
38.911 -76.49
38.91 -76.494
38.904 -76.494
38.9 -76.494
38.896 -76.493
38.895 -76.491
38.887 -76.489
38.886 -76.49
38.885 -76.491
38.884 -76.492
38.875 -76.504
38.869 -76.511
38.869 -76.512
38.863 -76.519
38.858 -76.518
38.851 -76.517
38.849 -76.511
38.848 -76.509
38.852 -76.499
38.853 -76.497
38.843 -76.49
38.839 -76.49
38.83 -76.493
38.819 -76.498
38.818 -76.499
38.812 -76.503
38.804 -76.508
38.801 -76.51
38.795 -76.525
38.793 -76.526
38.792 -76.527
38.788 -76.527
38.787 -76.527
38.786 -76.528
38.781 -76.533
38.779 -76.535
38.778 -76.535
38.778 -76.536
38.777 -76.537
38.777 -76.538
38.775 -76.543
38.773 -76.547
38.77 -76.555
38.769 -76.557
38.767 -76.56
38.758 -76.559
38.745 -76.558
38.737 -76.553
38.735 -76.553
38.734 -76.552
38.728 -76.545
38.728 -76.544
38.728 -76.532
38.728 -76.53
38.728 -76.529
38.727 -76.527
38.724 -76.527
38.714 -76.529
38.707 -76.531
38.706 -76.531
38.705 -76.531
38.704 -76.532
38.703 -76.532
38.7 -76.533
38.691 -76.532
38.68 -76.532
38.678 -76.532
38.672 -76.531
38.655 -76.527
38.648 -76.525
38.646 -76.525
38.646 -76.524
38.641 -76.522
38.635 -76.519
38.629 -76.516
38.616 -76.511
38.615 -76.511
38.61 -76.512
38.591 -76.516
38.59 -76.516
38.577 -76.516
38.567 -76.516
38.556 -76.515
38.54 -76.517
38.539 -76.518
38.538 -76.517
38.537 -76.517
38.529 -76.516
38.505 -76.506
38.502 -76.505
38.499 -76.503
38.483 -76.493
38.469 -76.477
38.462 -76.469
38.452 -76.457
38.451 -76.456
38.45 -76.456
38.448 -76.456
38.447 -76.455
38.446 -76.455
38.445 -76.453
38.442 -76.451
38.442 -76.45
38.435 -76.439
38.433 -76.436
38.415 -76.415
38.396 -76.403
38.389 -76.393
38.388 -76.388
38.382 -76.386
38.361 -76.387
38.341 -76.405
38.326 -76.409
38.325 -76.409
38.318 -76.406
38.311 -76.403
38.303 -76.381
38.299 -76.375
38.297 -76.375
38.296 -76.374
38.294 -76.377
38.29 -76.382
38.279 -76.394
38.278 -76.394
38.277 -76.395
38.272 -76.397
38.267 -76.399
38.264 -76.399
38.263 -76.399
38.259 -76.399
38.258 -76.399
38.226 -76.388
38.218 -76.385
38.208 -76.376
38.192 -76.362
38.189 -76.36
38.178 -76.354
38.167 -76.342
38.155 -76.33
38.139 -76.321
38.139 -76.32
38.138 -76.32
38.134 -76.324
38.127 -76.331
38.119 -76.339
38.119 -76.338
38.111 -76.337
38.109 -76.336
38.099 -76.331
38.093 -76.33
38.072 -76.329
38.059 -76.325
38.046 -76.32
38.043 -76.319
38.039 -76.321
38.037 -76.322
38.045 -76.327
38.05 -76.333
38.054 -76.341
38.054 -76.345
38.053 -76.353
38.06 -76.361
38.079 -76.371
38.08 -76.372
38.087 -76.378
38.09 -76.381
38.091 -76.382
38.102 -76.392
38.103 -76.392
38.104 -76.397
38.107 -76.405
38.107 -76.41
38.107 -76.413
38.104 -76.417
38.106 -76.421
38.107 -76.422
38.119 -76.43
38.124 -76.43
38.126 -76.43
38.136 -76.438
38.139 -76.44
38.139 -76.446
38.139 -76.46
38.137 -76.461
38.128 -76.465
38.12 -76.469
38.119 -76.47
38.116 -76.47
38.111 -76.466
38.109 -76.466
38.106 -76.465
38.103 -76.473
38.105 -76.476
38.116 -76.481
38.12 -76.485
38.129 -76.492
38.132 -76.495
38.136 -76.499
38.137 -76.499
38.137 -76.5
38.141 -76.509
38.141 -76.515
38.14 -76.52
38.139 -76.522
38.139 -76.523
38.134 -76.53
38.151 -76.539
38.152 -76.54
38.153 -76.54
38.165 -76.545
38.171 -76.546
38.176 -76.547
38.177 -76.548
38.18 -76.55
38.187 -76.553
38.193 -76.56
38.195 -76.563
38.198 -76.566
38.2 -76.569
38.204 -76.575
38.213 -76.588
38.214 -76.59
38.214 -76.591
38.224 -76.627
38.225 -76.632
38.226 -76.633
38.225 -76.644
38.23 -76.66
38.234 -76.673
38.234 -76.687
38.234 -76.691
38.233 -76.709
38.233 -76.716
38.234 -76.72
38.234 -76.727
38.235 -76.74
38.234 -76.741
38.231 -76.744
38.225 -76.749
38.222 -76.752
38.223 -76.758
38.227 -76.772
38.228 -76.779
38.237 -76.797
38.248 -76.809
38.25 -76.812
38.252 -76.812
38.252 -76.806
38.254 -76.805
38.275 -76.803
38.28 -76.802
38.281 -76.802
38.281 -76.803
38.284 -76.806
38.299 -76.821
38.3 -76.821
38.3 -76.822
38.301 -76.825
38.3 -76.834
38.298 -76.846
38.292 -76.846
38.289 -76.84
38.274 -76.835
38.265 -76.837
38.262 -76.838
38.261 -76.838
38.255 -76.842
38.254 -76.842
38.255 -76.843
38.256 -76.847
38.269 -76.864
38.269 -76.866
38.277 -76.887
38.288 -76.909
38.292 -76.921
38.311 -76.922
38.315 -76.924
38.321 -76.929
38.321 -76.93
38.33 -76.942
38.333 -76.954
38.338 -76.961
38.34 -76.964
38.347 -76.975
38.348 -76.976
38.355 -76.979
38.363 -76.984
38.367 -76.984
38.372 -76.985
38.381 -76.986
38.392 -76.988
38.395 -76.988
38.395 -76.989
38.396 -76.989
38.398 -76.991
38.399 -76.991
38.408 -76.998
38.409 -76.999
38.41 -76.999
38.422 -77.002
38.432 -77.008
38.446 -77.016
38.446 -77.017
38.445 -77.028
38.445 -77.041
38.443 -77.044
38.441 -77.047
38.437 -77.054
38.425 -77.075
38.415 -77.086
38.408 -77.091
38.408 -77.092
38.407 -77.093
38.407 -77.103
38.406 -77.107
38.409 -77.111
38.409 -77.113
38.411 -77.123
38.401 -77.128
38.392 -77.137
38.386 -77.147
38.378 -77.162
38.375 -77.169
38.371 -77.177
38.366 -77.186
38.366 -77.187
38.36 -77.207
38.363 -77.216
38.363 -77.217
38.374 -77.236
38.383 -77.25
38.389 -77.253
38.409 -77.262
38.414 -77.264
38.425 -77.261
38.428 -77.26
38.436 -77.26
38.439 -77.261
38.449 -77.264
38.455 -77.266
38.458 -77.267
38.467 -77.269
38.482 -77.274
38.491 -77.271
38.506 -77.266
38.512 -77.264
38.521 -77.258
38.526 -77.255
38.535 -77.249
38.539 -77.246
38.552 -77.238
38.555 -77.224
38.555 -77.221
38.562 -77.215
38.569 -77.21
38.575 -77.205
38.601 -77.184
38.603 -77.179
38.607 -77.17
38.607 -77.168
38.606 -77.161
38.606 -77.159
38.606 -77.152
38.606 -77.151
38.606 -77.149
38.606 -77.148
38.606 -77.147
38.608 -77.144
38.613 -77.131
38.614 -77.13
38.614 -77.129
38.615 -77.129
38.62 -77.125
38.635 -77.13
38.641 -77.132
38.644 -77.132
38.65 -77.136
38.674 -77.132
38.686 -77.122
38.697 -77.106
38.697 -77.105
38.698 -77.103
38.699 -77.099
38.703 -77.092
38.706 -77.086
38.707 -77.085
38.71 -77.079
38.712 -77.073
38.711 -77.072
38.71 -77.065
38.71 -77.053
38.714 -77.046
38.719 -77.042
38.725 -77.041
38.729 -77.041
38.738 -77.041
38.742 -77.042
38.745 -77.042
38.747 -77.042
38.748 -77.042
38.76 -77.041
38.773 -77.041
38.79 -77.04
38.791 -77.039
38.792 -77.039
38.793 -77.037
38.802 -77.026
38.822 -77.001
38.822 -77
38.824 -76.998
38.825 -76.996
38.828 -76.993
38.832 -76.987
38.838 -76.979
38.845 -76.971
38.853 -76.96
38.855 -76.958
38.859 -76.954
38.861 -76.95
38.864 -76.947
38.866 -76.943
38.869 -76.939
38.872 -76.936
38.874 -76.934
38.877 -76.93
38.882 -76.923
38.883 -76.921
38.884 -76.921
38.884 -76.92
38.885 -76.919
38.886 -76.919
38.889 -76.915
38.89 -76.913
38.892 -76.911
38.893 -76.909
38.894 -76.911
38.895 -76.912
38.896 -76.914
38.899 -76.917
38.904 -76.923
38.91 -76.931
38.911 -76.932
38.913 -76.935
38.918 -76.941
38.918 -76.942
38.919 -76.942
38.92 -76.944
38.926 -76.951
38.931 -76.958
38.932 -76.959
38.935 -76.963
38.938 -76.967
38.939 -76.968
38.943 -76.974
38.944 -76.975
38.947 -76.978
38.954 -76.988
38.961 -76.997
38.964 -77.001
38.965 -77.001
38.965 -77.002
38.969 -77.007
38.97 -77.008
38.972 -77.011
38.974 -77.014
38.975 -77.015
38.976 -77.016
38.977 -77.017
38.978 -77.018
38.979 -77.02
38.984 -77.026
38.985 -77.028
38.988 -77.031
38.99 -77.034
38.991 -77.035
38.992 -77.036
38.995 -77.04
38.995 -77.041
38.994 -77.042
38.991 -77.047
38.987 -77.052
38.986 -77.053
38.985 -77.054
38.979 -77.063
38.974 -77.069
38.973 -77.07
38.967 -77.078
38.964 -77.082
38.961 -77.086
38.959 -77.089
38.957 -77.091
38.954 -77.094
38.949 -77.101
38.948 -77.102
38.947 -77.103
38.946 -77.104
38.944 -77.107
38.94 -77.113
38.935 -77.119
38.934 -77.12
38.94 -77.128
38.947 -77.132
38.948 -77.133
38.955 -77.138
38.964 -77.147
38.965 -77.148
38.966 -77.151
38.968 -77.165
38.968 -77.167
38.967 -77.168
38.968 -77.172
38.968 -77.18
38.969 -77.183
38.968 -77.188
38.967 -77.198
38.968 -77.203
38.969 -77.204
38.97 -77.209
38.969 -77.212
38.971 -77.222
38.973 -77.225
38.978 -77.228
38.98 -77.23
38.98 -77.232
38.979 -77.232
38.976 -77.235
38.986 -77.25
38.992 -77.248
38.994 -77.249
38.996 -77.253
39.002 -77.256
39.011 -77.252
39.015 -77.247
39.018 -77.245
39.02 -77.245
39.021 -77.245
39.025 -77.246
39.027 -77.248
39.03 -77.255
39.032 -77.266
39.034 -77.275
39.047 -77.293
39.05 -77.301
39.052 -77.311
39.052 -77.315
39.055 -77.321
39.057 -77.324
39.057 -77.326
39.06 -77.334
39.061 -77.334
39.062 -77.336
39.063 -77.34
39.063 -77.341
39.062 -77.35
39.062 -77.36
39.061 -77.368
39.061 -77.375
39.062 -77.378
39.063 -77.38
39.063 -77.382
39.062 -77.386
39.065 -77.399
39.064 -77.405
39.066 -77.415
39.067 -77.423
39.07 -77.437
39.071 -77.437
39.071 -77.438
39.072 -77.453
39.074 -77.458
39.075 -77.46
39.075 -77.461
39.076 -77.463
39.086 -77.469
39.093 -77.472
39.097 -77.475
39.1 -77.477
39.101 -77.477
39.106 -77.481
39.109 -77.486
39.113 -77.495
39.114 -77.5
39.119 -77.515
39.121 -77.52
39.128 -77.525
39.137 -77.527
39.146 -77.527
39.148 -77.525
39.161 -77.521
39.171 -77.516
39.178 -77.511
39.182 -77.505
39.186 -77.486
39.189 -77.479
39.19 -77.477
39.195 -77.475
39.202 -77.476
39.208 -77.474
39.212 -77.47
39.218 -77.46
39.219 -77.46
39.22 -77.459
39.222 -77.458
39.225 -77.458
39.226 -77.458
39.227 -77.459
39.228 -77.46
39.229 -77.461
39.235 -77.471
39.242 -77.481
39.246 -77.485
39.248 -77.487
39.25 -77.495
39.251 -77.497
39.251 -77.498
39.253 -77.508
39.257 -77.52
39.258 -77.52
39.258 -77.521
39.259 -77.522
39.259 -77.524
39.26 -77.526
39.262 -77.534
39.265 -77.541
39.267 -77.543
39.27 -77.544
39.272 -77.546
39.272 -77.547
39.276 -77.551
39.279 -77.553
39.286 -77.561
39.295 -77.563
39.302 -77.562
39.304 -77.563
39.306 -77.566
39.306 -77.567
39.306 -77.57
39.305 -77.578
39.304 -77.583
39.302 -77.588
39.301 -77.593
39.302 -77.599
39.302 -77.601
39.303 -77.602
39.304 -77.606
39.303 -77.616
39.307 -77.632
39.308 -77.636
39.308 -77.64
39.309 -77.642
39.31 -77.648
39.311 -77.651
39.313 -77.656
39.317 -77.665
39.317 -77.666
39.317 -77.667
39.322 -77.671
39.324 -77.675
39.324 -77.676
39.324 -77.677
39.324 -77.682
39.32 -77.687
39.318 -77.693
39.319 -77.697
39.322 -77.708
39.321 -77.716
39.321 -77.719
39.322 -77.727
39.323 -77.729
39.324 -77.73
39.325 -77.731
39.327 -77.735
39.334 -77.756
39.337 -77.76
39.34 -77.761
39.342 -77.761
39.343 -77.761
39.344 -77.76
39.345 -77.759
39.349 -77.75
39.353 -77.746
39.36 -77.744
39.365 -77.744
39.378 -77.753
39.38 -77.754
39.382 -77.753
39.383 -77.752
39.384 -77.75
39.385 -77.741
39.386 -77.74
39.386 -77.739
39.386 -77.738
39.387 -77.738
39.387 -77.737
39.388 -77.736
39.389 -77.736
39.39 -77.736
39.392 -77.736
39.393 -77.736
39.395 -77.737
39.401 -77.74
39.402 -77.74
39.411 -77.747
39.42 -77.753
39.423 -77.753
39.425 -77.755
39.427 -77.759
39.428 -77.763
39.428 -77.764
39.428 -77.765
39.428 -77.775
39.429 -77.787
39.431 -77.793
39.433 -77.798
39.433 -77.799
39.434 -77.8
39.435 -77.801
39.436 -77.803
39.437 -77.803
39.439 -77.803
39.441 -77.801
39.443 -77.789
39.444 -77.786
39.445 -77.786
39.447 -77.786
39.451 -77.793
39.456 -77.798
39.458 -77.799
39.461 -77.798
39.462 -77.796
39.462 -77.793
39.46 -77.784
39.46 -77.78
39.46 -77.779
39.462 -77.778
39.463 -77.778
39.464 -77.779
39.468 -77.79
39.471 -77.796
39.472 -77.797
39.476 -77.798
39.479 -77.798
39.48 -77.797
39.482 -77.795
39.485 -77.789
39.487 -77.782
39.489 -77.772
39.49 -77.769
39.491 -77.768
39.491 -77.767
39.492 -77.766
39.493 -77.766
39.494 -77.765
39.496 -77.766
39.498 -77.768
39.499 -77.771
39.499 -77.774
39.5 -77.774
39.499 -77.775
39.499 -77.781
39.499 -77.782
39.498 -77.783
39.498 -77.784
39.497 -77.787
39.492 -77.79
39.491 -77.792
39.49 -77.793
39.49 -77.796
39.49 -77.797
39.489 -77.8
39.489 -77.802
39.49 -77.803
39.49 -77.806
39.49 -77.808
39.491 -77.809
39.491 -77.812
39.494 -77.821
39.495 -77.832
39.499 -77.845
39.499 -77.846
39.501 -77.848
39.502 -77.848
39.503 -77.848
39.506 -77.845
39.514 -77.829
39.517 -77.826
39.524 -77.824
39.526 -77.824
39.529 -77.825
39.529 -77.826
39.53 -77.827
39.531 -77.828
39.533 -77.834
39.532 -77.837
39.531 -77.839
39.529 -77.841
39.521 -77.841
39.518 -77.842
39.516 -77.85
39.515 -77.851
39.514 -77.86
39.515 -77.864
39.517 -77.866
39.518 -77.866
39.519 -77.866
39.52 -77.867
39.521 -77.866
39.523 -77.866
39.525 -77.866
39.526 -77.866
39.528 -77.865
39.53 -77.865
39.535 -77.864
39.536 -77.864
39.537 -77.865
39.538 -77.865
39.539 -77.866
39.544 -77.872
39.552 -77.886
39.556 -77.889
39.558 -77.889
39.559 -77.888
39.56 -77.886
39.563 -77.878
39.564 -77.873
39.564 -77.866
39.565 -77.856
39.564 -77.842
39.566 -77.836
39.569 -77.835
39.569 -77.834
39.571 -77.833
39.575 -77.832
39.581 -77.831
39.585 -77.83
39.587 -77.83
39.591 -77.83
39.6 -77.832
39.601 -77.832
39.603 -77.833
39.603 -77.834
39.606 -77.838
39.607 -77.843
39.607 -77.847
39.607 -77.851
39.607 -77.853
39.607 -77.855
39.608 -77.857
39.608 -77.858
39.61 -77.866
39.611 -77.869
39.614 -77.875
39.616 -77.885
39.615 -77.887
39.613 -77.887
39.609 -77.883
39.608 -77.882
39.606 -77.881
39.603 -77.881
39.6 -77.882
39.599 -77.883
39.598 -77.885
39.597 -77.888
39.599 -77.895
39.601 -77.909
39.603 -77.916
39.603 -77.917
39.605 -77.923
39.608 -77.926
39.614 -77.929
39.616 -77.934
39.617 -77.937
39.616 -77.939
39.615 -77.94
39.614 -77.94
39.613 -77.94
39.61 -77.938
39.606 -77.937
39.603 -77.937
39.602 -77.938
39.597 -77.942
39.596 -77.944
39.596 -77.946
39.596 -77.948
39.596 -77.95
39.597 -77.952
39.6 -77.954
39.602 -77.955
39.605 -77.957
39.606 -77.958
39.607 -77.961
39.606 -77.966
39.605 -77.969
39.605 -77.97
39.601 -77.974
39.6 -77.977
39.599 -77.985
39.6 -77.991
39.6 -78.002
39.601 -78.006
39.601 -78.007
39.603 -78.01
39.604 -78.011
39.622 -78.024
39.623 -78.025
39.627 -78.03
39.636 -78.036
39.638 -78.039
39.643 -78.048
39.645 -78.05
39.648 -78.052
39.649 -78.053
39.661 -78.068
39.667 -78.075
39.669 -78.078
39.671 -78.082
39.671 -78.089
39.672 -78.09
39.678 -78.097
39.679 -78.1
39.68 -78.1
39.68 -78.102
39.682 -78.108
39.683 -78.112
39.686 -78.124
39.687 -78.133
39.688 -78.135
39.69 -78.143
39.691 -78.154
39.691 -78.156
39.692 -78.157
39.693 -78.16
39.694 -78.162
39.695 -78.17
39.695 -78.171
39.696 -78.171
39.696 -78.176
39.696 -78.177
39.695 -78.183
39.69 -78.191
39.689 -78.192
39.682 -78.197
39.678 -78.201
39.677 -78.202
39.677 -78.203
39.676 -78.207
39.676 -78.227
39.675 -78.231
39.674 -78.232
39.673 -78.233
39.67 -78.233
39.666 -78.228
39.663 -78.224
39.661 -78.224
39.659 -78.225
39.657 -78.228
39.652 -78.238
39.65 -78.24
39.649 -78.242
39.645 -78.247
39.64 -78.254
39.63 -78.262
39.626 -78.263
39.622 -78.263
39.619 -78.265
39.619 -78.267
39.62 -78.271
39.62 -78.283
39.63 -78.308
39.631 -78.313
39.634 -78.323
39.636 -78.332
39.636 -78.334
39.638 -78.339
39.64 -78.352
39.641 -78.355
39.64 -78.356
39.64 -78.358
39.638 -78.36
39.636 -78.359
39.633 -78.356
39.631 -78.354
39.629 -78.353
39.628 -78.354
39.626 -78.356
39.626 -78.358
39.626 -78.362
39.628 -78.366
39.629 -78.368
39.63 -78.373
39.629 -78.38
39.629 -78.381
39.628 -78.382
39.627 -78.383
39.625 -78.383
39.623 -78.383
39.622 -78.383
39.618 -78.379
39.612 -78.372
39.611 -78.372
39.61 -78.373
39.609 -78.375
39.608 -78.378
39.609 -78.384
39.612 -78.391
39.616 -78.396
39.621 -78.413
39.624 -78.421
39.625 -78.426
39.623 -78.43
39.623 -78.431
39.621 -78.433
39.618 -78.434
39.617 -78.433
39.614 -78.432
39.608 -78.426
39.603 -78.421
39.598 -78.413
39.598 -78.412
39.594 -78.403
39.59 -78.397
39.588 -78.396
39.587 -78.395
39.584 -78.395
39.582 -78.397
39.58 -78.401
39.579 -78.408
39.581 -78.417
39.581 -78.419
39.582 -78.42
39.584 -78.423
39.587 -78.428
39.591 -78.443
39.591 -78.444
39.591 -78.445
39.591 -78.446
39.591 -78.449
39.59 -78.45
39.59 -78.451
39.589 -78.455
39.587 -78.457
39.585 -78.458
39.58 -78.458
39.574 -78.454
39.571 -78.45
39.564 -78.438
39.559 -78.427
39.556 -78.423
39.552 -78.42
39.551 -78.42
39.549 -78.419
39.547 -78.419
39.547 -78.421
39.546 -78.424
39.547 -78.427
39.549 -78.43
39.549 -78.434
39.547 -78.435
39.544 -78.435
39.542 -78.435
39.541 -78.435
39.54 -78.436
39.539 -78.436
39.539 -78.437
39.539 -78.438
39.539 -78.439
39.541 -78.441
39.541 -78.442
39.543 -78.445
39.543 -78.447
39.542 -78.449
39.542 -78.45
39.541 -78.45
39.54 -78.45
39.539 -78.45
39.538 -78.45
39.537 -78.451
39.536 -78.459
39.535 -78.461
39.533 -78.462
39.529 -78.461
39.526 -78.461
39.521 -78.463
39.517 -78.469
39.516 -78.471
39.516 -78.474
39.519 -78.481
39.52 -78.484
39.519 -78.486
39.518 -78.49
39.519 -78.499
39.519 -78.503
39.523 -78.514
39.525 -78.521
39.525 -78.528
39.523 -78.536
39.521 -78.547
39.521 -78.55
39.521 -78.553
39.522 -78.557
39.519 -78.566
39.52 -78.568
39.522 -78.573
39.527 -78.579
39.528 -78.587
39.53 -78.591
39.532 -78.592
39.534 -78.593
39.535 -78.594
39.535 -78.596
39.535 -78.598
39.533 -78.601
39.534 -78.601
39.534 -78.605
39.534 -78.606
39.535 -78.607
39.536 -78.61
39.537 -78.613
39.538 -78.615
39.54 -78.623
39.539 -78.629
39.538 -78.629
39.537 -78.631
39.535 -78.656
39.537 -78.664
39.54 -78.669
39.54 -78.676
39.544 -78.682
39.546 -78.689
39.548 -78.691
39.551 -78.692
39.552 -78.693
39.553 -78.694
39.553 -78.695
39.554 -78.698
39.554 -78.7
39.555 -78.704
39.556 -78.707
39.557 -78.709
39.562 -78.713
39.563 -78.715
39.563 -78.716
39.563 -78.721
39.564 -78.725
39.567 -78.726
39.568 -78.726
39.569 -78.727
39.575 -78.732
39.584 -78.733
39.587 -78.734
39.586 -78.739
39.586 -78.74
39.581 -78.743
39.58 -78.746
39.581 -78.757
39.582 -78.76
39.587 -78.767
39.589 -78.768
39.592 -78.768
39.595 -78.771
39.596 -78.772
39.597 -78.774
39.601 -78.778
39.602 -78.778
39.603 -78.778
39.604 -78.777
39.609 -78.768
39.61 -78.76
39.61 -78.755
39.61 -78.752
39.61 -78.751
39.609 -78.749
39.607 -78.749
39.606 -78.747
39.607 -78.744
39.608 -78.742
39.61 -78.739
39.614 -78.734
39.616 -78.734
39.621 -78.736
39.622 -78.736
39.622 -78.737
39.624 -78.74
39.625 -78.743
39.626 -78.748
39.626 -78.749
39.623 -78.757
39.619 -78.763
39.619 -78.766
39.619 -78.769
39.619 -78.77
39.62 -78.773
39.622 -78.777
39.622 -78.778
39.623 -78.778
39.624 -78.778
39.625 -78.778
39.627 -78.777
39.629 -78.776
39.637 -78.773
39.638 -78.771
39.639 -78.769
39.639 -78.768
39.642 -78.766
39.644 -78.765
39.646 -78.765
39.647 -78.765
39.647 -78.766
39.648 -78.766
39.648 -78.767
39.648 -78.768
39.648 -78.769
39.646 -78.773
39.646 -78.775
39.642 -78.778
39.637 -78.781
39.637 -78.783
39.637 -78.784
39.638 -78.791
39.638 -78.793
39.638 -78.795
39.637 -78.796
39.629 -78.801
39.627 -78.802
39.621 -78.799
39.618 -78.798
39.615 -78.796
39.614 -78.796
39.611 -78.795
39.61 -78.796
39.608 -78.796
39.607 -78.796
39.605 -78.798
39.605 -78.8
39.607 -78.802
39.608 -78.808
39.608 -78.809
39.601 -78.812
39.598 -78.812
39.597 -78.813
39.59 -78.819
39.59 -78.825
39.589 -78.826
39.588 -78.826
39.584 -78.826
39.581 -78.826
39.578 -78.826
39.577 -78.826
39.577 -78.823
39.576 -78.82
39.571 -78.815
39.568 -78.814
39.562 -78.817
39.561 -78.821
39.563 -78.826
39.565 -78.83
39.567 -78.839
39.567 -78.84
39.566 -78.84
39.565 -78.842
39.563 -78.846
39.562 -78.848
39.56 -78.851
39.558 -78.851
39.555 -78.851
39.554 -78.851
39.552 -78.852
39.537 -78.865
39.532 -78.869
39.531 -78.869
39.523 -78.875
39.522 -78.876
39.521 -78.877
39.521 -78.879
39.521 -78.88
39.523 -78.886
39.519 -78.891
39.518 -78.892
39.513 -78.895
39.512 -78.895
39.497 -78.909
39.487 -78.916
39.486 -78.918
39.487 -78.926
39.487 -78.927
39.487 -78.929
39.486 -78.933
39.486 -78.934
39.484 -78.939
39.481 -78.942
39.48 -78.943
39.477 -78.942
39.475 -78.939
39.474 -78.939
39.47 -78.942
39.466 -78.947
39.464 -78.953
39.442 -78.955
39.44 -78.957
39.438 -78.965
39.44 -78.967
39.443 -78.97
39.449 -78.979
39.455 -78.997
39.457 -79.001
39.459 -79.005
39.461 -79.01
39.462 -79.011
39.467 -79.017
39.467 -79.018
39.467 -79.021
39.467 -79.022
39.465 -79.027
39.465 -79.028
39.465 -79.03
39.468 -79.034
39.471 -79.036
39.473 -79.036
39.477 -79.037
39.478 -79.039
39.484 -79.046
39.483 -79.051
39.483 -79.052
39.482 -79.052
39.48 -79.054
39.479 -79.054
39.473 -79.055
39.471 -79.056
39.471 -79.057
39.471 -79.058
39.475 -79.069
39.471 -79.083
39.472 -79.091
39.473 -79.095
39.473 -79.097
39.472 -79.098
39.471 -79.099
39.47 -79.099
39.469 -79.098
39.468 -79.098
39.466 -79.096
39.463 -79.096
39.463 -79.095
39.45 -79.103
39.448 -79.104
39.446 -79.108
39.443 -79.114
39.44 -79.116
39.438 -79.117
39.436 -79.117
39.434 -79.118
39.433 -79.119
39.433 -79.121
39.433 -79.122
39.433 -79.123
39.433 -79.124
39.43 -79.129
39.428 -79.129
39.427 -79.129
39.423 -79.129
39.42 -79.13
39.418 -79.132
39.418 -79.133
39.418 -79.137
39.417 -79.141
39.414 -79.142
39.411 -79.143
39.409 -79.144
39.408 -79.145
39.408 -79.147
39.408 -79.15
39.409 -79.152
39.412 -79.154
39.413 -79.157
39.413 -79.159
39.412 -79.161
39.41 -79.162
39.405 -79.165
39.401 -79.166
39.397 -79.166
39.393 -79.167
39.392 -79.17
39.392 -79.172
39.393 -79.175
39.392 -79.177
39.391 -79.178
39.388 -79.179
39.387 -79.189
39.387 -79.19
39.388 -79.193
39.388 -79.196
39.386 -79.198
39.383 -79.2
39.378 -79.203
39.366 -79.213
39.365 -79.214
39.363 -79.22
39.364 -79.229
39.362 -79.231
39.362 -79.232
39.361 -79.233
39.359 -79.236
39.359 -79.237
39.357 -79.248
39.357 -79.252
39.356 -79.253
39.354 -79.254
39.348 -79.254
39.347 -79.254
39.342 -79.254
39.338 -79.254
39.337 -79.254
39.336 -79.255
39.334 -79.259
39.334 -79.26
39.331 -79.269
39.323 -79.282
39.319 -79.283
39.31 -79.284
39.299 -79.29
39.299 -79.293
39.3 -79.302
39.303 -79.312
39.304 -79.313
39.304 -79.314
39.304 -79.315
39.304 -79.316
39.304 -79.317
39.3 -79.332
39.294 -79.344
39.29 -79.346
39.287 -79.344
39.286 -79.344
39.278 -79.354
39.275 -79.36
39.275 -79.361
39.275 -79.362
39.274 -79.366
39.273 -79.376
39.273 -79.377
39.271 -79.379
39.266 -79.387
39.258 -79.394
39.243 -79.409
39.241 -79.412
39.24 -79.415
39.239 -79.42
39.234 -79.425
39.228 -79.424
39.224 -79.43
39.217 -79.44
39.212 -79.453
39.207 -79.469
39.204 -79.476
39.206 -79.487
39.237 -79.486
39.265 -79.486
39.265 -79.487
39.276 -79.487
39.278 -79.487
39.28 -79.488
39.296 -79.487
39.344 -79.486
39.344 -79.484
39.35 -79.484
39.351 -79.484
39.451 -79.483
39.515 -79.483
39.521 -79.483
39.525 -79.482
39.532 -79.482
39.532 -79.479
39.556 -79.479
39.595 -79.478
39.642 -79.478
39.643 -79.477
39.644 -79.477
39.664 -79.477
39.721 -79.477
39.722 -79.335
39.722 -79.318
39.722 -79.3
39.722 -79.261
39.722 -79.249
39.723 -79.087
39.723 -79.049
39.723 -79.046
39.723 -78.931
39.723 -78.905
39.723 -78.886
39.723 -78.854
39.723 -78.846
39.723 -78.821
39.723 -78.815
39.723 -78.785
segment Maryland
38.193 -76.088
38.204 -76.071
38.204 -76.061
38.204 -76.051
38.204 -76.05
38.204 -76.049
38.2 -76.045
38.192 -76.037
38.178 -76.022
38.172 -76.022
38.169 -76.033
38.168 -76.033
38.16 -76.034
38.158 -76.034
38.149 -76.032
38.148 -76.032
38.148 -76.031
38.133 -76.023
38.131 -76.018
38.132 -76.012
38.122 -76.012
38.117 -76.021
38.108 -76.021
38.1 -76.013
38.095 -76.008
38.077 -76.006
38.072 -76.011
38.072 -76.012
38.071 -76.023
38.075 -76.033
38.077 -76.037
38.082 -76.043
38.095 -76.058
38.096 -76.059
38.108 -76.05
38.108 -76.047
38.11 -76.042
38.112 -76.04
38.117 -76.043
38.118 -76.043
38.121 -76.048
38.125 -76.057
38.127 -76.061
38.126 -76.065
38.119 -76.085
38.117 -76.086
38.115 -76.091
38.114 -76.091
38.125 -76.096
38.131 -76.091
38.132 -76.09
38.141 -76.089
38.151 -76.092
38.153 -76.092
38.154 -76.092
38.188 -76.089
38.191 -76.089
38.193 -76.089
38.193 -76.088
segment Maryland
37.954 -76.047
37.963 -76.048
37.984 -76.05
37.997 -76.049
38 -76.049
38.013 -76.049
38.015 -76.049
38.015 -76.048
38.026 -76.046
38.03 -76.043
38.032 -76.042
38.039 -76.021
38.04 -76.013
38.037 -76.005
38.025 -75.992
38.024 -75.987
38.023 -75.985
38.022 -75.981
38.021 -75.975
38.019 -75.973
38.018 -75.972
38.016 -75.97
38.015 -75.97
38.006 -75.97
38.005 -75.98
38.004 -75.984
38.003 -75.985
38 -75.986
37.998 -75.986
37.997 -75.987
37.991 -75.989
37.982 -75.992
37.975 -75.995
37.97 -75.993
37.967 -75.992
37.966 -75.991
37.96 -75.989
37.953 -75.994
37.954 -76.006
37.954 -76.017
37.954 -76.021
37.954 -76.022
37.954 -76.029
37.954 -76.03
37.954 -76.038
37.954 -76.041
37.954 -76.042
37.954 -76.047
