segment Missouri
40.61 -91.832
40.61 -91.825
40.611 -91.814
40.611 -91.8
40.611 -91.795
40.611 -91.786
40.614 -91.729
40.602 -91.72
40.599 -91.717
40.595 -91.712
40.588 -91.696
40.583 -91.689
40.581 -91.686
40.579 -91.685
40.577 -91.686
40.565 -91.692
40.562 -91.692
40.56 -91.691
40.558 -91.69
40.557 -91.689
40.553 -91.682
40.551 -91.671
40.549 -91.654
40.546 -91.638
40.543 -91.625
40.542 -91.622
40.541 -91.62
40.539 -91.619
40.534 -91.618
40.526 -91.619
40.517 -91.622
40.514 -91.622
40.51 -91.621
40.507 -91.619
40.505 -91.617
40.502 -91.613
40.5 -91.608
40.498 -91.602
40.497 -91.6
40.495 -91.595
40.492 -91.591
40.492 -91.59
40.487 -91.587
40.479 -91.583
40.475 -91.582
40.473 -91.582
40.471 -91.58
40.466 -91.575
40.462 -91.568
40.461 -91.564
40.459 -91.553
40.458 -91.544
40.459 -91.529
40.459 -91.526
40.458 -91.525
40.456 -91.524
40.452 -91.523
40.45 -91.523
40.448 -91.524
40.447 -91.526
40.443 -91.532
40.441 -91.534
40.438 -91.534
40.437 -91.533
40.434 -91.529
40.433 -91.525
40.434 -91.52
40.433 -91.519
40.431 -91.519
40.426 -91.521
40.42 -91.527
40.417 -91.527
40.413 -91.526
40.411 -91.525
40.41 -91.522
40.409 -91.518
40.409 -91.514
40.407 -91.509
40.406 -91.507
40.404 -91.507
40.404 -91.505
40.403 -91.502
40.402 -91.498
40.402 -91.494
40.403 -91.493
40.404 -91.49
40.404 -91.489
40.404 -91.488
40.402 -91.488
40.4 -91.489
40.395 -91.491
40.393 -91.491
40.384 -91.485
40.382 -91.482
40.382 -91.48
40.383 -91.472
40.385 -91.465
40.381 -91.465
40.378 -91.466
40.376 -91.465
40.376 -91.464
40.375 -91.452
40.379 -91.448
40.386 -91.441
40.382 -91.426
40.381 -91.422
40.378 -91.419
40.372 -91.427
40.37 -91.429
40.367 -91.439
40.363 -91.445
40.362 -91.446
40.359 -91.448
40.354 -91.452
40.342 -91.462
40.334 -91.467
40.322 -91.47
40.317 -91.472
40.293 -91.486
40.286 -91.49
40.284 -91.49
40.283 -91.491
40.278 -91.493
40.275 -91.493
40.27 -91.493
40.265 -91.491
40.262 -91.49
40.259 -91.491
40.25 -91.496
40.249 -91.497
40.247 -91.498
40.247 -91.499
40.246 -91.501
40.243 -91.503
40.239 -91.506
40.236 -91.507
40.234 -91.506
40.232 -91.504
40.224 -91.504
40.216 -91.507
40.209 -91.507
40.205 -91.507
40.198 -91.504
40.196 -91.505
40.196 -91.506
40.191 -91.51
40.189 -91.511
40.181 -91.513
40.179 -91.513
40.17 -91.512
40.158 -91.508
40.156 -91.508
40.149 -91.512
40.147 -91.512
40.144 -91.512
40.141 -91.511
40.137 -91.511
40.133 -91.511
40.128 -91.51
40.122 -91.509
40.121 -91.509
40.119 -91.508
40.113 -91.507
40.108 -91.506
40.105 -91.505
40.104 -91.505
40.099 -91.503
40.091 -91.501
40.078 -91.498
40.071 -91.495
40.061 -91.491
40.06 -91.491
40.057 -91.49
40.051 -91.491
40.037 -91.495
40.036 -91.495
40.033 -91.493
40.032 -91.492
40.024 -91.488
40.023 -91.487
40.019 -91.484
40.009 -91.477
39.995 -91.469
39.991 -91.467
39.987 -91.467
39.984 -91.465
39.982 -91.464
39.98 -91.46
39.979 -91.459
39.971 -91.455
39.965 -91.45
39.96 -91.447
39.952 -91.442
39.951 -91.442
39.95 -91.441
39.948 -91.438
39.946 -91.437
39.946 -91.436
39.945 -91.435
39.941 -91.429
39.94 -91.429
39.939 -91.427
39.938 -91.426
39.933 -91.422
39.928 -91.419
39.922 -91.419
39.917 -91.42
39.915 -91.421
39.908 -91.429
39.9 -91.437
39.894 -91.444
39.883 -91.447
39.878 -91.448
39.87 -91.446
39.856 -91.44
39.846 -91.436
39.844 -91.435
39.841 -91.433
39.838 -91.43
39.83 -91.415
39.826 -91.406
39.821 -91.398
39.816 -91.386
39.811 -91.378
39.809 -91.375
39.8 -91.368
39.793 -91.363
39.788 -91.362
39.785 -91.362
39.783 -91.363
39.779 -91.365
39.775 -91.366
39.773 -91.366
39.765 -91.366
39.759 -91.365
39.756 -91.366
39.754 -91.367
39.745 -91.37
39.733 -91.37
39.729 -91.368
39.719 -91.357
39.716 -91.354
39.715 -91.353
39.712 -91.349
39.709 -91.345
39.703 -91.336
39.7 -91.332
39.7 -91.331
39.7 -91.33
39.693 -91.318
39.685 -91.307
39.684 -91.305
39.682 -91.304
39.68 -91.303
39.68 -91.302
39.679 -91.302
39.675 -91.294
39.67 -91.283
39.666 -91.276
39.657 -91.267
39.649 -91.26
39.646 -91.256
39.641 -91.249
39.637 -91.246
39.633 -91.244
39.63 -91.241
39.621 -91.229
39.618 -91.223
39.615 -91.217
39.605 -91.186
39.603 -91.182
39.598 -91.178
39.593 -91.175
39.592 -91.174
39.582 -91.172
39.57 -91.17
39.565 -91.168
39.559 -91.164
39.553 -91.159
39.552 -91.158
39.548 -91.154
39.546 -91.148
39.542 -91.127
39.541 -91.114
39.539 -91.1
39.529 -91.093
39.517 -91.086
39.508 -91.08
39.503 -91.075
39.495 -91.064
39.481 -91.063
39.474 -91.062
39.47 -91.06
39.469 -91.059
39.468 -91.058
39.463 -91.054
39.462 -91.053
39.46 -91.05
39.459 -91.05
39.457 -91.047
39.448 -91.038
39.447 -91.036
39.445 -91.033
39.441 -91.027
39.44 -91.026
39.439 -91.024
39.433 -91.012
39.428 -91.004
39.423 -90.994
39.42 -90.983
39.418 -90.978
39.414 -90.972
39.412 -90.967
39.412 -90.966
39.409 -90.957
39.408 -90.95
39.408 -90.949
39.408 -90.948
39.407 -90.947
39.404 -90.941
39.403 -90.939
39.402 -90.939
39.401 -90.938
39.401 -90.937
39.4 -90.937
39.399 -90.937
39.397 -90.936
39.393 -90.934
39.392 -90.934
39.391 -90.933
39.388 -90.929
39.385 -90.925
39.384 -90.921
39.383 -90.919
39.383 -90.917
39.382 -90.915
39.382 -90.913
39.381 -90.908
39.379 -90.905
39.378 -90.903
39.375 -90.903
39.372 -90.9
39.368 -90.895
39.367 -90.894
39.367 -90.893
39.366 -90.89
39.363 -90.884
39.356 -90.87
39.356 -90.868
39.351 -90.859
39.345 -90.847
39.341 -90.842
39.34 -90.84
39.324 -90.821
39.32 -90.817
39.313 -90.799
39.309 -90.793
39.307 -90.792
39.303 -90.791
39.297 -90.784
39.293 -90.776
39.291 -90.774
39.28 -90.768
39.265 -90.752
39.264 -90.749
39.262 -90.739
39.259 -90.734
39.258 -90.733
39.256 -90.73
39.251 -90.727
39.233 -90.722
39.23 -90.721
39.224 -90.722
39.214 -90.717
39.21 -90.717
39.207 -90.717
39.203 -90.717
39.197 -90.717
39.185 -90.714
39.176 -90.71
39.173 -90.71
39.155 -90.709
39.151 -90.708
39.143 -90.705
39.139 -90.703
39.135 -90.7
39.13 -90.695
39.119 -90.687
39.118 -90.686
39.116 -90.685
39.114 -90.685
39.101 -90.681
39.09 -90.682
39.088 -90.683
39.072 -90.7
39.07 -90.701
39.066 -90.702
39.057 -90.713
39.056 -90.714
39.054 -90.714
39.047 -90.712
39.042 -90.708
39.029 -90.701
39.017 -90.692
39.012 -90.69
39.007 -90.689
39.005 -90.688
39.003 -90.686
39.002 -90.685
39.001 -90.685
39 -90.684
38.999 -90.682
38.992 -90.678
38.984 -90.676
38.966 -90.676
38.965 -90.676
38.964 -90.676
38.962 -90.676
38.96 -90.675
38.958 -90.674
38.952 -90.672
38.948 -90.669
38.934 -90.666
38.928 -90.663
38.925 -90.661
38.92 -90.657
38.916 -90.653
38.912 -90.648
38.908 -90.64
38.904 -90.636
38.892 -90.628
38.889 -90.625
38.875 -90.595
38.87 -90.586
38.869 -90.584
38.869 -90.583
38.868 -90.577
38.869 -90.567
38.869 -90.565
38.87 -90.562
38.871 -90.556
38.871 -90.555
38.874 -90.546
38.875 -90.544
38.887 -90.531
38.899 -90.517
38.903 -90.507
38.91 -90.5
38.926 -90.487
38.934 -90.483
38.935 -90.483
38.939 -90.483
38.94 -90.483
38.942 -90.483
38.944 -90.482
38.948 -90.48
38.951 -90.478
38.959 -90.472
38.962 -90.468
38.964 -90.462
38.968 -90.451
38.967 -90.44
38.966 -90.434
38.964 -90.425
38.963 -90.413
38.963 -90.412
38.963 -90.41
38.963 -90.406
38.961 -90.402
38.96 -90.397
38.96 -90.396
38.96 -90.395
38.957 -90.388
38.955 -90.383
38.948 -90.363
38.947 -90.362
38.941 -90.346
38.934 -90.335
38.933 -90.334
38.93 -90.324
38.928 -90.318
38.924 -90.309
38.924 -90.306
38.923 -90.299
38.923 -90.297
38.924 -90.295
38.924 -90.284
38.924 -90.277
38.923 -90.27
38.92 -90.263
38.921 -90.257
38.92 -90.254
38.919 -90.25
38.915 -90.242
38.911 -90.23
38.907 -90.223
38.9 -90.214
38.888 -90.198
38.887 -90.195
38.886 -90.19
38.885 -90.187
38.883 -90.183
38.876 -90.166
38.867 -90.152
38.858 -90.132
38.849 -90.113
38.844 -90.109
38.837 -90.109
38.834 -90.11
38.815 -90.115
38.806 -90.118
38.798 -90.123
38.783 -90.147
38.773 -90.166
38.767 -90.171
38.76 -90.175
38.754 -90.176
38.747 -90.183
38.743 -90.191
38.732 -90.205
38.726 -90.21
38.721 -90.211
38.718 -90.212
38.712 -90.212
38.703 -90.209
38.693 -90.202
38.688 -90.195
38.68 -90.19
38.675 -90.186
38.673 -90.186
38.665 -90.183
38.66 -90.181
38.643 -90.178
38.641 -90.178
38.634 -90.178
38.629 -90.179
38.618 -90.182
38.612 -90.185
38.611 -90.185
38.599 -90.192
38.594 -90.196
38.59 -90.201
38.589 -90.203
38.584 -90.21
38.579 -90.217
38.577 -90.22
38.576 -90.222
38.576 -90.223
38.575 -90.224
38.558 -90.238
38.551 -90.244
38.545 -90.249
38.543 -90.25
38.532 -90.258
38.528 -90.26
38.521 -90.264
38.506 -90.269
38.496 -90.271
38.486 -90.275
38.48 -90.276
38.477 -90.277
38.472 -90.279
38.458 -90.282
38.456 -90.283
38.451 -90.284
38.443 -90.285
38.438 -90.289
38.427 -90.295
38.411 -90.313
38.402 -90.322
38.398 -90.329
38.385 -90.343
38.383 -90.345
38.382 -90.346
38.378 -90.349
38.378 -90.35
38.377 -90.35
38.364 -90.355
38.36 -90.356
38.34 -90.368
38.334 -90.371
38.323 -90.373
38.304 -90.372
38.294 -90.374
38.29 -90.374
38.286 -90.374
38.285 -90.374
38.282 -90.374
38.281 -90.374
38.274 -90.372
38.272 -90.372
38.269 -90.371
38.267 -90.371
38.262 -90.369
38.259 -90.369
38.257 -90.368
38.256 -90.368
38.252 -90.367
38.25 -90.367
38.248 -90.367
38.236 -90.364
38.225 -90.36
38.217 -90.356
38.216 -90.355
38.214 -90.354
38.213 -90.353
38.209 -90.35
38.199 -90.342
38.19 -90.334
38.188 -90.332
38.182 -90.322
38.179 -90.317
38.179 -90.311
38.175 -90.3
38.17 -90.291
38.164 -90.283
38.158 -90.275
38.128 -90.253
38.128 -90.252
38.125 -90.25
38.113 -90.243
38.094 -90.219
38.088 -90.207
38.07 -90.172
38.074 -90.163
38.075 -90.162
38.075 -90.16
38.075 -90.159
38.069 -90.145
38.062 -90.131
38.06 -90.129
38.06 -90.128
38.055 -90.126
38.051 -90.126
38.044 -90.127
38.041 -90.126
38.032 -90.118
38.032 -90.117
38.031 -90.117
38.029 -90.114
38.029 -90.113
38.027 -90.111
38.018 -90.094
38.016 -90.088
38.016 -90.087
38.015 -90.081
38.017 -90.072
38.017 -90.065
38.016 -90.059
38.014 -90.057
38.012 -90.055
38.008 -90.054
38.006 -90.053
38.004 -90.051
38.002 -90.049
38 -90.046
37.995 -90.032
37.979 -90.017
37.97 -90.008
37.965 -90
37.963 -89.997
37.962 -89.986
37.962 -89.984
37.963 -89.979
37.967 -89.955
37.97 -89.942
37.965 -89.938
37.961 -89.937
37.96 -89.936
37.959 -89.934
37.96 -89.925
37.956 -89.925
37.954 -89.925
37.948 -89.932
37.947 -89.932
37.947 -89.933
37.946 -89.938
37.94 -89.947
37.94 -89.96
37.934 -89.962
37.931 -89.968
37.927 -89.975
37.919 -89.974
37.918 -89.974
37.917 -89.973
37.915 -89.972
37.901 -89.963
37.898 -89.961
37.885 -89.954
37.883 -89.952
37.882 -89.951
37.876 -89.939
37.875 -89.938
37.875 -89.937
37.871 -89.923
37.87 -89.913
37.87 -89.902
37.872 -89.897
37.88 -89.881
37.883 -89.877
37.888 -89.872
37.894 -89.867
37.897 -89.863
37.904 -89.851
37.906 -89.845
37.905 -89.843
37.902 -89.836
37.888 -89.814
37.883 -89.804
37.882 -89.799
37.88 -89.798
37.874 -89.798
37.871 -89.8
37.869 -89.8
37.86 -89.796
37.857 -89.794
37.852 -89.786
37.855 -89.782
37.854 -89.78
37.852 -89.774
37.852 -89.765
37.851 -89.762
37.848 -89.757
37.846 -89.754
37.847 -89.75
37.847 -89.74
37.843 -89.736
37.839 -89.733
37.835 -89.729
37.834 -89.728
37.826 -89.717
37.817 -89.703
37.816 -89.701
37.814 -89.697
37.808 -89.683
37.805 -89.678
37.804 -89.676
37.8 -89.67
37.791 -89.664
37.788 -89.661
37.787 -89.661
37.786 -89.66
37.785 -89.66
37.783 -89.66
37.781 -89.66
37.78 -89.66
37.778 -89.661
37.776 -89.661
37.774 -89.662
37.769 -89.664
37.764 -89.666
37.759 -89.668
37.752 -89.666
37.75 -89.663
37.748 -89.658
37.745 -89.65
37.746 -89.645
37.746 -89.633
37.748 -89.628
37.749 -89.624
37.75 -89.617
37.749 -89.616
37.748 -89.616
37.744 -89.616
37.742 -89.616
37.741 -89.613
37.74 -89.612
37.74 -89.609
37.736 -89.602
37.733 -89.597
37.724 -89.591
37.718 -89.587
37.714 -89.584
37.713 -89.583
37.713 -89.582
37.709 -89.574
37.707 -89.567
37.701 -89.539
37.7 -89.531
37.698 -89.526
37.696 -89.522
37.693 -89.517
37.69 -89.514
37.686 -89.512
37.681 -89.512
37.677 -89.514
37.668 -89.516
37.656 -89.517
37.651 -89.516
37.646 -89.516
37.644 -89.517
37.641 -89.518
37.636 -89.516
37.632 -89.511
37.625 -89.507
37.614 -89.493
37.608 -89.487
37.607 -89.486
37.599 -89.478
37.596 -89.477
37.593 -89.476
37.59 -89.476
37.586 -89.478
37.584 -89.48
37.583 -89.481
37.582 -89.483
37.581 -89.485
37.581 -89.486
37.581 -89.487
37.58 -89.494
37.584 -89.51
37.584 -89.511
37.585 -89.512
37.585 -89.514
37.585 -89.515
37.585 -89.516
37.585 -89.517
37.584 -89.517
37.583 -89.52
37.581 -89.521
37.579 -89.521
37.573 -89.521
37.566 -89.522
37.561 -89.522
37.554 -89.521
37.537 -89.517
37.536 -89.516
37.53 -89.512
37.529 -89.512
37.524 -89.507
37.518 -89.503
37.513 -89.5
37.505 -89.498
37.494 -89.492
37.48 -89.482
37.471 -89.476
37.469 -89.474
37.467 -89.472
37.466 -89.471
37.465 -89.47
37.462 -89.465
37.453 -89.455
37.452 -89.453
37.45 -89.451
37.446 -89.447
37.444 -89.446
37.444 -89.445
37.442 -89.443
37.437 -89.44
37.427 -89.434
37.407 -89.426
37.404 -89.425
37.399 -89.423
37.397 -89.422
37.392 -89.421
37.388 -89.421
37.385 -89.421
37.381 -89.422
37.356 -89.428
37.353 -89.429
37.352 -89.43
37.347 -89.433
37.344 -89.436
37.34 -89.448
37.339 -89.455
37.338 -89.475
37.336 -89.483
37.336 -89.484
37.335 -89.485
37.335 -89.487
37.333 -89.489
37.332 -89.49
37.331 -89.491
37.325 -89.495
37.321 -89.499
37.316 -89.508
37.314 -89.51
37.313 -89.51
37.313 -89.511
37.312 -89.511
37.311 -89.512
37.31 -89.512
37.304 -89.514
37.299 -89.515
37.297 -89.515
37.295 -89.516
37.293 -89.517
37.292 -89.518
37.291 -89.518
37.289 -89.518
37.287 -89.518
37.286 -89.518
37.285 -89.518
37.282 -89.517
37.277 -89.514
37.269 -89.507
37.264 -89.502
37.258 -89.496
37.251 -89.49
37.252 -89.489
37.253 -89.479
37.253 -89.471
37.252 -89.464
37.252 -89.463
37.251 -89.461
37.25 -89.46
37.249 -89.459
37.247 -89.458
37.243 -89.458
37.24 -89.458
37.225 -89.466
37.222 -89.467
37.218 -89.468
37.203 -89.463
37.2 -89.462
37.191 -89.457
37.188 -89.456
37.18 -89.451
37.161 -89.438
37.152 -89.435
37.138 -89.426
37.125 -89.414
37.123 -89.412
37.119 -89.407
37.111 -89.393
37.109 -89.391
37.108 -89.389
37.107 -89.388
37.103 -89.384
37.095 -89.379
37.086 -89.376
37.081 -89.376
37.072 -89.378
37.071 -89.379
37.07 -89.379
37.058 -89.385
37.055 -89.385
37.05 -89.385
37.048 -89.385
37.046 -89.384
37.043 -89.382
37.042 -89.38
37.04 -89.379
37.04 -89.378
37.039 -89.378
37.03 -89.362
37.026 -89.346
37.02 -89.331
37.016 -89.323
37.013 -89.317
37.009 -89.313
36.992 -89.292
36.989 -89.279
36.99 -89.274
36.993 -89.27
36.996 -89.266
37 -89.264
37.015 -89.258
37.023 -89.26
37.029 -89.266
37.036 -89.278
37.04 -89.291
37.045 -89.301
37.048 -89.305
37.05 -89.307
37.054 -89.309
37.058 -89.311
37.068 -89.308
37.07 -89.308
37.067 -89.294
37.067 -89.284
37.066 -89.283
37.065 -89.28
37.065 -89.264
37.064 -89.26
37.065 -89.259
37.068 -89.258
37.072 -89.255
37.058 -89.246
37.043 -89.238
37.037 -89.234
37.031 -89.225
37.02 -89.205
37.016 -89.201
37.012 -89.198
37 -89.195
36.99 -89.195
36.98 -89.192
36.974 -89.185
36.971 -89.177
36.97 -89.17
36.973 -89.162
36.978 -89.15
36.979 -89.144
36.979 -89.141
36.982 -89.133
36.983 -89.129
36.983 -89.125
36.982 -89.118
36.98 -89.115
36.977 -89.109
36.97 -89.103
36.965 -89.1
36.961 -89.099
36.958 -89.099
36.944 -89.101
36.939 -89.102
36.92 -89.109
36.887 -89.118
36.883 -89.12
36.879 -89.122
36.875 -89.125
36.873 -89.126
36.872 -89.127
36.871 -89.127
36.857 -89.132
36.847 -89.138
36.847 -89.148
36.847 -89.154
36.843 -89.157
36.843 -89.159
36.843 -89.167
36.842 -89.17
36.84 -89.173
36.836 -89.177
36.835 -89.178
36.831 -89.179
36.817 -89.179
36.816 -89.179
36.813 -89.179
36.81 -89.179
36.807 -89.177
36.798 -89.171
36.796 -89.168
36.791 -89.161
36.789 -89.156
36.788 -89.144
36.788 -89.133
36.788 -89.129
36.785 -89.124
36.782 -89.12
36.776 -89.117
36.772 -89.116
36.768 -89.117
36.76 -89.119
36.755 -89.122
36.752 -89.126
36.752 -89.13
36.752 -89.136
36.755 -89.142
36.755 -89.143
36.756 -89.149
36.756 -89.152
36.756 -89.157
36.76 -89.167
36.759 -89.169
36.759 -89.17
36.758 -89.174
36.758 -89.175
36.756 -89.18
36.754 -89.185
36.747 -89.192
36.74 -89.197
36.739 -89.198
36.734 -89.2
36.727 -89.201
36.726 -89.201
36.725 -89.201
36.721 -89.201
36.72 -89.201
36.718 -89.2
36.716 -89.199
36.715 -89.199
36.713 -89.197
36.712 -89.196
36.701 -89.184
36.694 -89.175
36.689 -89.17
36.688 -89.169
36.686 -89.168
36.678 -89.168
36.675 -89.169
36.673 -89.172
36.672 -89.169
36.666 -89.159
36.66 -89.165
36.659 -89.166
36.65 -89.175
36.645 -89.183
36.641 -89.188
36.636 -89.193
36.629 -89.198
36.626 -89.199
36.618 -89.201
36.602 -89.203
36.58 -89.214
36.576 -89.217
36.569 -89.227
36.567 -89.237
36.565 -89.258
36.565 -89.26
36.569 -89.268
36.571 -89.272
36.578 -89.279
36.594 -89.295
36.604 -89.302
36.62 -89.313
36.625 -89.318
36.632 -89.327
36.632 -89.328
36.632 -89.334
36.631 -89.344
36.628 -89.357
36.625 -89.365
36.625 -89.366
36.621 -89.371
36.616 -89.375
36.614 -89.376
36.613 -89.376
36.608 -89.378
36.591 -89.381
36.584 -89.383
36.56 -89.396
36.556 -89.397
36.552 -89.397
36.542 -89.399
36.528 -89.406
36.499 -89.417
36.494 -89.42
36.489 -89.423
36.482 -89.429
36.474 -89.437
36.464 -89.448
36.461 -89.453
36.458 -89.46
36.457 -89.464
36.457 -89.472
36.458 -89.477
36.462 -89.486
36.466 -89.491
36.47 -89.493
36.473 -89.494
36.476 -89.494
36.479 -89.493
36.495 -89.487
36.498 -89.485
36.502 -89.482
36.507 -89.477
36.508 -89.476
36.512 -89.474
36.514 -89.472
36.515 -89.472
36.521 -89.469
36.529 -89.466
36.53 -89.466
36.532 -89.466
36.535 -89.465
36.536 -89.465
36.537 -89.466
36.54 -89.466
36.547 -89.468
36.552 -89.47
36.56 -89.473
36.561 -89.474
36.567 -89.478
36.568 -89.479
36.569 -89.481
36.57 -89.481
36.572 -89.485
36.576 -89.5
36.578 -89.514
36.579 -89.518
36.579 -89.519
36.58 -89.522
36.581 -89.526
36.581 -89.528
36.581 -89.542
36.58 -89.546
36.577 -89.553
36.576 -89.554
36.574 -89.558
36.569 -89.563
36.564 -89.567
36.558 -89.57
36.553 -89.572
36.547 -89.571
36.544 -89.57
36.537 -89.566
36.533 -89.564
36.525 -89.56
36.522 -89.558
36.517 -89.554
36.515 -89.552
36.505 -89.543
36.498 -89.539
36.497 -89.538
36.491 -89.535
36.481 -89.523
36.479 -89.521
36.475 -89.52
36.467 -89.52
36.462 -89.521
36.457 -89.523
36.454 -89.525
36.452 -89.527
36.442 -89.541
36.439 -89.543
36.435 -89.545
36.431 -89.546
36.427 -89.545
36.424 -89.544
36.42 -89.542
36.4 -89.525
36.385 -89.514
36.378 -89.51
36.375 -89.51
36.374 -89.51
36.36 -89.513
36.349 -89.519
36.345 -89.523
36.342 -89.527
36.339 -89.532
36.337 -89.538
36.337 -89.545
36.338 -89.56
36.342 -89.582
36.343 -89.601
36.342 -89.606
36.34 -89.611
36.336 -89.616
36.33 -89.62
36.323 -89.62
36.321 -89.619
36.309 -89.612
36.297 -89.59
36.293 -89.584
36.288 -89.578
36.278 -89.554
36.279 -89.549
36.28 -89.547
36.28 -89.545
36.277 -89.539
36.275 -89.538
36.271 -89.536
36.262 -89.535
36.253 -89.535
36.252 -89.535
36.249 -89.539
36.248 -89.542
36.247 -89.545
36.248 -89.549
36.25 -89.554
36.251 -89.558
36.251 -89.562
36.25 -89.565
36.244 -89.574
36.242 -89.578
36.239 -89.587
36.238 -89.602
36.238 -89.607
36.239 -89.611
36.243 -89.624
36.248 -89.637
36.249 -89.642
36.251 -89.653
36.248 -89.678
36.25 -89.686
36.252 -89.691
36.252 -89.694
36.253 -89.694
36.253 -89.695
36.251 -89.699
36.248 -89.7
36.244 -89.703
36.243 -89.704
36.242 -89.704
36.24 -89.705
36.239 -89.705
36.238 -89.706
36.237 -89.705
36.235 -89.704
36.231 -89.7
36.229 -89.698
36.227 -89.695
36.225 -89.693
36.22 -89.685
36.216 -89.68
36.212 -89.673
36.207 -89.664
36.203 -89.658
36.202 -89.655
36.194 -89.645
36.189 -89.637
36.185 -89.629
36.183 -89.624
36.18 -89.618
36.171 -89.607
36.165 -89.601
36.163 -89.6
36.157 -89.596
36.155 -89.594
36.15 -89.592
36.144 -89.592
36.137 -89.592
36.136 -89.592
36.13 -89.593
36.127 -89.594
36.122 -89.599
36.119 -89.602
36.115 -89.613
36.114 -89.615
36.112 -89.619
36.11 -89.621
36.108 -89.625
36.107 -89.628
36.104 -89.643
36.099 -89.658
36.096 -89.667
36.092 -89.672
36.085 -89.679
36.082 -89.68
36.072 -89.682
36.052 -89.684
36.046 -89.685
36.034 -89.687
36.029 -89.689
36.027 -89.69
36.021 -89.692
36.008 -89.704
36.005 -89.706
36.001 -89.707
36.001 -89.733
36.001 -89.738
36.001 -89.77
36 -89.842
36 -89.852
36 -89.86
36 -89.869
36 -89.875
36 -89.876
35.999 -89.897
35.999 -89.901
35.999 -89.959
35.999 -89.96
35.999 -89.961
35.999 -89.965
35.999 -89.973
35.999 -89.996
35.998 -90.071
35.998 -90.104
35.998 -90.109
35.998 -90.115
35.998 -90.126
35.998 -90.127
35.997 -90.159
35.997 -90.186
35.997 -90.195
35.997 -90.248
35.996 -90.289
35.996 -90.292
35.996 -90.339
35.996 -90.343
35.996 -90.369
35.996 -90.378
36.004 -90.372
36.01 -90.367
36.014 -90.364
36.018 -90.357
36.025 -90.352
36.027 -90.351
36.028 -90.352
36.032 -90.351
36.035 -90.348
36.04 -90.349
36.042 -90.348
36.047 -90.339
36.048 -90.337
36.062 -90.335
36.068 -90.333
36.071 -90.321
36.076 -90.318
36.077 -90.318
36.079 -90.319
36.081 -90.32
36.082 -90.32
36.087 -90.321
36.09 -90.319
36.095 -90.312
36.095 -90.306
36.098 -90.3
36.103 -90.298
36.105 -90.298
36.107 -90.298
36.113 -90.294
36.114 -90.294
36.114 -90.293
36.115 -90.292
36.117 -90.279
36.118 -90.272
36.121 -90.266
36.127 -90.261
36.128 -90.259
36.127 -90.256
36.127 -90.253
36.13 -90.249
36.133 -90.246
36.137 -90.244
36.137 -90.241
36.139 -90.236
36.147 -90.232
36.147 -90.231
36.154 -90.231
36.159 -90.235
36.167 -90.23
36.169 -90.231
36.174 -90.229
36.185 -90.22
36.185 -90.216
36.183 -90.214
36.183 -90.211
36.186 -90.206
36.187 -90.204
36.192 -90.201
36.193 -90.202
36.196 -90.202
36.197 -90.2
36.196 -90.197
36.2 -90.195
36.201 -90.195
36.201 -90.194
36.2 -90.193
36.201 -90.19
36.205 -90.188
36.205 -90.186
36.205 -90.183
36.208 -90.18
36.21 -90.173
36.213 -90.168
36.216 -90.161
36.215 -90.159
36.214 -90.157
36.214 -90.156
36.216 -90.152
36.219 -90.151
36.228 -90.142
36.227 -90.138
36.226 -90.135
36.226 -90.132
36.229 -90.126
36.234 -90.125
36.235 -90.125
36.236 -90.125
36.236 -90.126
36.236 -90.127
36.237 -90.127
36.24 -90.13
36.241 -90.13
36.242 -90.13
36.242 -90.131
36.242 -90.13
36.243 -90.13
36.243 -90.126
36.244 -90.124
36.253 -90.118
36.266 -90.115
36.267 -90.113
36.267 -90.11
36.267 -90.105
36.269 -90.1
36.271 -90.091
36.272 -90.086
36.272 -90.084
36.281 -90.076
36.288 -90.078
36.295 -90.07
36.303 -90.064
36.306 -90.066
36.309 -90.067
36.313 -90.069
36.319 -90.077
36.318 -90.079
36.319 -90.08
36.322 -90.082
36.326 -90.081
36.328 -90.079
36.331 -90.077
36.334 -90.076
36.335 -90.076
36.337 -90.078
36.341 -90.077
36.342 -90.075
36.343 -90.074
36.345 -90.075
36.348 -90.078
36.349 -90.078
36.35 -90.075
36.356 -90.071
36.359 -90.066
36.373 -90.064
36.382 -90.065
36.389 -90.069
36.393 -90.073
36.393 -90.074
36.396 -90.077
36.397 -90.077
36.399 -90.079
36.401 -90.08
36.401 -90.081
36.404 -90.094
36.405 -90.104
36.405 -90.105
36.404 -90.107
36.404 -90.109
36.406 -90.115
36.408 -90.116
36.411 -90.121
36.412 -90.129
36.415 -90.131
36.414 -90.135
36.414 -90.139
36.415 -90.139
36.415 -90.136
36.417 -90.135
36.423 -90.134
36.423 -90.135
36.423 -90.136
36.421 -90.138
36.421 -90.139
36.424 -90.144
36.426 -90.144
36.428 -90.144
36.431 -90.143
36.431 -90.139
36.432 -90.138
36.437 -90.134
36.438 -90.134
36.443 -90.136
36.455 -90.137
36.458 -90.14
36.46 -90.141
36.461 -90.142
36.462 -90.141
36.463 -90.142
36.464 -90.143
36.463 -90.144
36.463 -90.145
36.464 -90.156
36.466 -90.156
36.471 -90.153
36.47 -90.148
36.47 -90.146
36.471 -90.142
36.472 -90.142
36.476 -90.144
36.476 -90.145
36.477 -90.145
36.476 -90.148
36.48 -90.159
36.481 -90.159
36.484 -90.157
36.486 -90.159
36.488 -90.159
36.488 -90.156
36.49 -90.156
36.492 -90.159
36.493 -90.159
36.494 -90.159
36.494 -90.157
36.494 -90.155
36.495 -90.154
36.497 -90.154
36.498 -90.152
36.498 -90.194
36.498 -90.217
36.498 -90.221
36.498 -90.229
36.498 -90.34
36.498 -90.377
36.498 -90.432
36.498 -90.467
36.498 -90.495
36.498 -90.5
36.498 -90.514
36.498 -90.576
36.498 -90.585
36.498 -90.594
36.498 -90.605
36.499 -90.613
36.498 -90.648
36.498 -90.653
36.499 -90.693
36.498 -90.711
36.498 -90.766
36.499 -90.779
36.499 -90.782
36.499 -90.803
36.499 -90.85
36.498 -90.861
36.498 -90.864
36.498 -90.874
36.498 -90.877
36.498 -90.879
36.498 -90.924
36.498 -90.925
36.498 -90.94
36.498 -90.961
36.498 -90.963
36.498 -91.009
36.498 -91.017
36.498 -91.018
36.498 -91.096
36.498 -91.127
36.498 -91.172
36.498 -91.217
36.498 -91.219
36.498 -91.227
36.497 -91.303
36.497 -91.327
36.497 -91.405
36.497 -91.407
36.497 -91.433
36.497 -91.437
36.497 -91.446
36.498 -91.45
36.499 -91.495
36.499 -91.5
36.499 -91.53
36.499 -91.537
36.499 -91.539
36.499 -91.549
36.499 -91.552
36.499 -91.565
36.499 -91.596
36.499 -91.601
36.499 -91.631
36.499 -91.643
36.499 -91.672
36.499 -91.686
36.499 -91.688
36.499 -91.727
36.499 -91.766
36.499 -91.785
36.499 -91.799
36.499 -91.802
36.499 -91.806
36.499 -91.837
36.499 -91.846
36.499 -91.864
36.499 -91.866
36.499 -91.902
36.499 -91.931
36.499 -91.955
36.498 -91.986
36.498 -91.989
36.499 -92.019
36.499 -92.029
36.499 -92.056
36.499 -92.057
36.499 -92.075
36.499 -92.098
36.499 -92.12
36.499 -92.138
36.498 -92.199
36.498 -92.211
36.498 -92.214
36.498 -92.216
36.498 -92.259
36.498 -92.262
36.498 -92.309
36.498 -92.318
36.498 -92.35
36.497 -92.37
36.497 -92.371
36.497 -92.375
36.498 -92.385
36.498 -92.42
36.498 -92.426
36.498 -92.434
36.499 -92.444
36.499 -92.482
36.499 -92.483
36.499 -92.517
36.498 -92.543
36.498 -92.56
36.498 -92.564
36.498 -92.612
36.498 -92.617
36.498 -92.618
36.498 -92.772
36.498 -92.839
36.498 -92.894
36.498 -92.929
36.498 -92.935
36.498 -92.987
36.498 -93.014
36.498 -93.017
36.498 -93.068
36.498 -93.07
36.498 -93.088
36.498 -93.089
36.498 -93.126
36.498 -93.133
36.498 -93.151
36.498 -93.21
36.498 -93.251
36.498 -93.315
36.498 -93.343
36.499 -93.386
36.499 -93.395
36.499 -93.396
36.499 -93.407
36.499 -93.412
36.499 -93.419
36.499 -93.427
36.499 -93.461
36.499 -93.478
36.499 -93.489
36.499 -93.501
36.499 -93.507
36.499 -93.515
36.499 -93.584
36.499 -93.691
36.499 -93.7
36.499 -93.71
36.499 -93.719
36.499 -93.728
36.499 -93.747
36.499 -93.754
36.499 -93.834
36.499 -93.838
36.499 -93.906
36.499 -93.922
36.499 -93.959
36.499 -93.963
36.499 -93.964
36.499 -93.996
36.499 -94.077
36.499 -94.099
36.499 -94.1
36.499 -94.111
36.499 -94.184
36.499 -94.187
36.499 -94.194
36.499 -94.196
36.499 -94.217
36.499 -94.285
36.499 -94.329
36.5 -94.339
36.5 -94.361
36.5 -94.363
36.5 -94.384
36.499 -94.447
36.499 -94.476
36.499 -94.519
36.499 -94.555
36.499 -94.559
36.499 -94.618
36.515 -94.618
36.518 -94.618
36.534 -94.618
36.536 -94.618
36.537 -94.618
36.578 -94.618
36.599 -94.618
36.607 -94.618
36.613 -94.618
36.625 -94.618
36.656 -94.618
36.668 -94.618
36.669 -94.618
36.701 -94.618
36.709 -94.618
36.767 -94.618
36.825 -94.618
36.83 -94.618
36.834 -94.618
36.847 -94.618
36.85 -94.618
36.88 -94.619
36.897 -94.618
36.911 -94.618
36.926 -94.618
36.93 -94.618
36.938 -94.618
36.947 -94.618
36.95 -94.618
36.951 -94.618
36.995 -94.618
36.996 -94.618
36.998 -94.618
37.009 -94.618
37.013 -94.618
37.041 -94.618
37.057 -94.618
37.075 -94.618
37.079 -94.618
37.086 -94.618
37.093 -94.618
37.094 -94.618
37.097 -94.618
37.102 -94.618
37.104 -94.618
37.113 -94.618
37.13 -94.618
37.132 -94.618
37.152 -94.618
37.16 -94.618
37.175 -94.618
37.181 -94.619
37.189 -94.618
37.194 -94.618
37.207 -94.618
37.208 -94.618
37.228 -94.618
37.229 -94.618
37.238 -94.618
37.24 -94.618
37.262 -94.618
37.324 -94.618
37.337 -94.618
37.338 -94.618
37.364 -94.618
37.367 -94.618
37.368 -94.618
37.396 -94.618
37.411 -94.618
37.426 -94.617
37.44 -94.617
37.455 -94.617
37.46 -94.617
37.465 -94.617
37.47 -94.617
37.478 -94.617
37.484 -94.617
37.522 -94.617
37.528 -94.617
37.553 -94.617
37.554 -94.617
37.557 -94.617
37.559 -94.617
37.567 -94.617
37.571 -94.617
37.572 -94.617
37.61 -94.617
37.637 -94.617
37.654 -94.618
37.673 -94.618
37.682 -94.618
37.687 -94.618
37.688 -94.618
37.69 -94.618
37.722 -94.618
37.73 -94.618
37.772 -94.618
37.773 -94.618
37.819 -94.617
37.838 -94.616
37.845 -94.616
37.851 -94.616
37.858 -94.616
37.863 -94.616
37.873 -94.616
37.878 -94.616
37.887 -94.616
37.902 -94.615
37.906 -94.615
37.916 -94.615
37.934 -94.615
37.937 -94.615
37.941 -94.615
37.944 -94.615
37.95 -94.615
37.952 -94.615
37.971 -94.615
37.988 -94.614
37.992 -94.614
38.037 -94.614
38.06 -94.614
38.066 -94.614
38.067 -94.614
38.118 -94.614
38.15 -94.614
38.161 -94.614
38.168 -94.613
38.191 -94.613
38.201 -94.613
38.204 -94.613
38.218 -94.613
38.219 -94.613
38.227 -94.613
38.238 -94.613
38.27 -94.613
38.29 -94.613
38.291 -94.613
38.303 -94.613
38.313 -94.613
38.315 -94.613
38.32 -94.613
38.324 -94.613
38.336 -94.613
38.364 -94.613
38.37 -94.613
38.392 -94.613
38.4 -94.613
38.403 -94.613
38.407 -94.613
38.417 -94.613
38.475 -94.613
38.478 -94.613
38.483 -94.613
38.484 -94.613
38.492 -94.613
38.548 -94.612
38.55 -94.612
38.566 -94.612
38.577 -94.612
38.58 -94.612
38.609 -94.612
38.62 -94.612
38.625 -94.611
38.635 -94.612
38.673 -94.611
38.736 -94.61
38.738 -94.61
38.739 -94.609
38.741 -94.609
38.742 -94.609
38.76 -94.609
38.79 -94.608
38.811 -94.608
38.828 -94.608
38.832 -94.608
38.847 -94.608
38.855 -94.608
38.861 -94.608
38.867 -94.608
38.868 -94.608
38.869 -94.608
38.884 -94.608
38.891 -94.608
38.906 -94.608
38.913 -94.608
38.92 -94.608
38.929 -94.608
38.937 -94.608
38.94 -94.608
38.942 -94.608
38.949 -94.608
38.955 -94.608
38.957 -94.608
38.967 -94.608
38.971 -94.608
38.975 -94.608
38.982 -94.608
38.986 -94.608
38.988 -94.608
38.993 -94.608
39 -94.608
39.007 -94.608
39.013 -94.608
39.015 -94.608
39.018 -94.608
39.021 -94.608
39.028 -94.608
39.034 -94.608
39.043 -94.608
39.047 -94.607
39.05 -94.607
39.054 -94.607
39.055 -94.607
39.057 -94.607
39.061 -94.607
39.062 -94.607
39.066 -94.607
39.072 -94.607
39.082 -94.607
39.083 -94.607
39.09 -94.607
39.113 -94.607
39.119 -94.607
39.122 -94.606
39.129 -94.6
39.136 -94.593
39.14 -94.59
39.155 -94.592
39.158 -94.596
39.16 -94.602
39.161 -94.609
39.16 -94.616
39.157 -94.624
39.153 -94.64
39.154 -94.651
39.158 -94.662
39.168 -94.66
39.179 -94.664
39.182 -94.669
39.184 -94.68
39.184 -94.687
39.179 -94.696
39.174 -94.707
39.17 -94.714
39.169 -94.724
39.169 -94.737
39.17 -94.742
39.173 -94.752
39.18 -94.763
39.19 -94.77
39.191 -94.771
39.201 -94.776
39.204 -94.778
39.204 -94.779
39.205 -94.78
39.206 -94.782
39.207 -94.784
39.208 -94.787
39.208 -94.788
39.207 -94.794
39.206 -94.799
39.206 -94.8
39.207 -94.812
39.209 -94.821
39.21 -94.824
39.216 -94.832
39.218 -94.834
39.221 -94.835
39.224 -94.835
39.234 -94.828
39.238 -94.826
39.242 -94.826
39.249 -94.827
39.25 -94.827
39.251 -94.828
39.256 -94.831
39.262 -94.838
39.268 -94.846
39.274 -94.857
39.278 -94.868
39.28 -94.874
39.281 -94.878
39.282 -94.879
39.283 -94.881
39.283 -94.883
39.286 -94.887
39.294 -94.895
39.295 -94.896
39.299 -94.899
39.3 -94.9
39.301 -94.9
39.306 -94.903
39.312 -94.905
39.322 -94.908
39.324 -94.908
39.348 -94.911
39.353 -94.91
39.354 -94.909
39.357 -94.907
39.36 -94.902
39.362 -94.899
39.363 -94.897
39.364 -94.891
39.367 -94.885
39.37 -94.881
39.376 -94.879
39.38 -94.879
39.382 -94.88
39.384 -94.881
39.385 -94.881
39.39 -94.885
39.392 -94.889
39.393 -94.892
39.393 -94.893
39.394 -94.895
39.393 -94.896
39.393 -94.902
39.389 -94.91
39.386 -94.916
39.385 -94.919
39.384 -94.923
39.385 -94.933
39.386 -94.934
39.387 -94.937
39.388 -94.94
39.389 -94.942
39.394 -94.946
39.396 -94.946
39.4 -94.947
39.406 -94.946
39.409 -94.948
39.412 -94.951
39.414 -94.955
39.417 -94.965
39.417 -94.966
39.418 -94.967
39.422 -94.973
39.426 -94.976
39.427 -94.977
39.428 -94.977
39.436 -94.979
39.441 -94.982
39.446 -94.99
39.448 -94.996
39.449 -95
39.453 -95.016
39.458 -95.028
39.461 -95.033
39.464 -95.037
39.465 -95.039
39.466 -95.041
39.468 -95.042
39.472 -95.046
39.475 -95.047
39.48 -95.048
39.494 -95.05
39.498 -95.051
39.5 -95.052
39.504 -95.056
39.506 -95.059
39.514 -95.077
39.517 -95.083
39.524 -95.093
39.533 -95.103
39.538 -95.107
39.542 -95.109
39.543 -95.11
39.554 -95.114
39.559 -95.113
39.56 -95.113
39.574 -95.107
39.575 -95.106
39.576 -95.106
39.577 -95.104
39.578 -95.103
39.58 -95.099
39.581 -95.096
39.581 -95.09
39.577 -95.077
39.576 -95.072
39.576 -95.069
39.577 -95.065
39.579 -95.06
39.581 -95.057
39.582 -95.055
39.59 -95.049
39.595 -95.047
39.6 -95.046
39.602 -95.046
39.606 -95.048
39.614 -95.053
39.619 -95.054
39.62 -95.055
39.622 -95.055
39.625 -95.055
39.63 -95.053
39.638 -95.05
39.644 -95.045
39.65 -95.039
39.653 -95.037
39.665 -95.028
39.668 -95.025
39.673 -95.018
39.674 -95.015
39.676 -95.009
39.676 -95.001
39.676 -95
39.677 -94.994
39.677 -94.993
39.678 -94.985
39.678 -94.984
39.679 -94.982
39.681 -94.976
39.682 -94.976
39.686 -94.971
39.689 -94.97
39.693 -94.969
39.705 -94.969
39.707 -94.968
39.708 -94.969
39.723 -94.971
39.724 -94.971
39.727 -94.971
39.729 -94.971
39.731 -94.971
39.732 -94.97
39.733 -94.97
39.735 -94.968
39.739 -94.965
39.74 -94.965
39.743 -94.96
39.746 -94.955
39.746 -94.953
39.746 -94.951
39.746 -94.95
39.746 -94.949
39.744 -94.945
39.742 -94.939
39.741 -94.938
39.735 -94.93
39.734 -94.928
39.729 -94.918
39.726 -94.91
39.724 -94.903
39.724 -94.899
39.724 -94.898
39.725 -94.892
39.727 -94.884
39.728 -94.882
39.73 -94.876
39.735 -94.87
39.743 -94.863
39.75 -94.86
39.754 -94.859
39.763 -94.861
39.767 -94.863
39.77 -94.865
39.772 -94.867
39.773 -94.87
39.773 -94.871
39.771 -94.881
39.77 -94.884
39.764 -94.894
39.763 -94.895
39.762 -94.899
39.761 -94.899
39.761 -94.9
39.76 -94.905
39.759 -94.906
39.759 -94.908
39.759 -94.912
39.761 -94.917
39.762 -94.918
39.765 -94.923
39.766 -94.926
39.768 -94.928
39.769 -94.929
39.769 -94.93
39.774 -94.934
39.776 -94.935
39.779 -94.936
39.783 -94.935
39.786 -94.933
39.787 -94.931
39.788 -94.93
39.79 -94.926
39.79 -94.909
39.791 -94.896
39.791 -94.893
39.792 -94.89
39.794 -94.884
39.797 -94.881
39.798 -94.881
39.807 -94.876
39.813 -94.876
39.821 -94.877
39.824 -94.877
39.825 -94.878
39.827 -94.879
39.829 -94.881
39.832 -94.886
39.833 -94.887
39.834 -94.889
39.834 -94.893
39.834 -94.894
39.834 -94.903
39.834 -94.905
39.834 -94.907
39.834 -94.91
39.835 -94.91
39.836 -94.915
39.836 -94.917
39.841 -94.926
39.85 -94.938
39.852 -94.94
39.857 -94.943
39.861 -94.942
39.864 -94.941
39.867 -94.939
39.873 -94.931
39.876 -94.928
39.88 -94.927
39.884 -94.927
39.886 -94.928
39.889 -94.93
39.893 -94.934
39.894 -94.935
39.898 -94.944
39.901 -94.952
39.902 -94.958
39.902 -94.959
39.901 -94.963
39.897 -94.978
39.897 -94.979
39.897 -94.985
39.897 -94.987
39.897 -94.988
39.897 -94.99
39.898 -94.993
39.9 -95.003
39.9 -95.004
39.901 -95.008
39.9 -95.013
39.897 -95.019
39.892 -95.024
39.891 -95.024
39.89 -95.025
39.887 -95.026
39.886 -95.026
39.879 -95.025
39.878 -95.025
39.877 -95.025
39.876 -95.026
39.872 -95.028
39.868 -95.032
39.866 -95.038
39.865 -95.042
39.864 -95.053
39.862 -95.082
39.862 -95.085
39.863 -95.09
39.869 -95.106
39.874 -95.128
39.877 -95.135
39.878 -95.137
39.882 -95.141
39.886 -95.143
39.889 -95.143
39.895 -95.142
39.898 -95.143
39.902 -95.144
39.904 -95.146
39.906 -95.15
39.907 -95.155
39.907 -95.156
39.907 -95.157
39.907 -95.159
39.907 -95.16
39.907 -95.161
39.902 -95.172
39.902 -95.174
39.901 -95.178
39.9 -95.179
39.9 -95.181
39.9 -95.19
39.901 -95.194
39.901 -95.196
39.902 -95.197
39.903 -95.199
39.904 -95.202
39.908 -95.206
39.91 -95.206
39.911 -95.206
39.912 -95.206
39.913 -95.206
39.915 -95.206
39.922 -95.202
39.928 -95.201
39.934 -95.201
39.939 -95.204
39.943 -95.214
39.944 -95.216
39.944 -95.22
39.944 -95.231
39.944 -95.237
39.945 -95.241
39.949 -95.25
39.955 -95.258
39.961 -95.262
39.969 -95.27
39.972 -95.275
39.978 -95.29
39.984 -95.303
39.989 -95.307
39.991 -95.308
39.994 -95.308
39.999 -95.308
40 -95.308
40.002 -95.308
40.008 -95.311
40.009 -95.312
40.012 -95.315
40.013 -95.318
40.016 -95.329
40.019 -95.336
40.028 -95.347
40.029 -95.349
40.03 -95.35
40.032 -95.357
40.031 -95.364
40.027 -95.383
40.027 -95.387
40.027 -95.392
40.028 -95.396
40.031 -95.403
40.033 -95.407
40.037 -95.412
40.038 -95.414
40.04 -95.414
40.042 -95.416
40.043 -95.417
40.048 -95.419
40.054 -95.421
40.059 -95.422
40.063 -95.421
40.065 -95.417
40.066 -95.413
40.067 -95.405
40.068 -95.401
40.071 -95.397
40.074 -95.396
40.08 -95.393
40.085 -95.396
40.088 -95.399
40.09 -95.399
40.093 -95.396
40.096 -95.395
40.098 -95.396
40.103 -95.4
40.105 -95.397
40.108 -95.394
40.111 -95.393
40.112 -95.393
40.113 -95.393
40.114 -95.393
40.116 -95.393
40.118 -95.393
40.119 -95.393
40.119 -95.394
40.123 -95.395
40.126 -95.398
40.126 -95.399
40.127 -95.399
40.128 -95.402
40.129 -95.404
40.129 -95.407
40.13 -95.409
40.131 -95.418
40.131 -95.419
40.131 -95.42
40.133 -95.425
40.136 -95.429
40.138 -95.431
40.141 -95.432
40.146 -95.433
40.153 -95.434
40.156 -95.435
40.159 -95.436
40.162 -95.441
40.163 -95.443
40.167 -95.455
40.169 -95.461
40.177 -95.471
40.182 -95.476
40.186 -95.479
40.189 -95.481
40.19 -95.481
40.19 -95.482
40.192 -95.483
40.196 -95.483
40.197 -95.483
40.201 -95.482
40.209 -95.478
40.212 -95.474
40.213 -95.473
40.215 -95.473
40.216 -95.472
40.217 -95.471
40.218 -95.471
40.22 -95.47
40.222 -95.47
40.228 -95.47
40.231 -95.47
40.236 -95.473
40.243 -95.478
40.246 -95.483
40.248 -95.486
40.249 -95.49
40.25 -95.5
40.249 -95.515
40.249 -95.522
40.259 -95.547
40.262 -95.552
40.263 -95.554
40.265 -95.555
40.268 -95.556
40.271 -95.556
40.281 -95.551
40.285 -95.551
40.286 -95.551
40.289 -95.552
40.291 -95.553
40.296 -95.559
40.297 -95.562
40.298 -95.564
40.299 -95.566
40.299 -95.568
40.299 -95.569
40.3 -95.582
40.302 -95.587
40.303 -95.59
40.309 -95.598
40.31 -95.599
40.313 -95.605
40.313 -95.607
40.314 -95.609
40.314 -95.61
40.314 -95.613
40.314 -95.615
40.314 -95.617
40.314 -95.618
40.312 -95.623
40.308 -95.636
40.306 -95.642
40.306 -95.645
40.307 -95.652
40.308 -95.654
40.311 -95.657
40.313 -95.658
40.316 -95.658
40.319 -95.657
40.323 -95.654
40.326 -95.648
40.329 -95.634
40.331 -95.63
40.334 -95.625
40.338 -95.623
40.341 -95.623
40.345 -95.623
40.347 -95.624
40.349 -95.625
40.353 -95.627
40.357 -95.631
40.361 -95.637
40.366 -95.641
40.37 -95.642
40.375 -95.643
40.378 -95.642
40.387 -95.644
40.396 -95.649
40.399 -95.652
40.409 -95.659
40.416 -95.661
40.419 -95.661
40.425 -95.658
40.427 -95.65
40.429 -95.647
40.432 -95.642
40.434 -95.64
40.435 -95.641
40.436 -95.643
40.438 -95.647
40.441 -95.65
40.444 -95.65
40.447 -95.649
40.454 -95.645
40.457 -95.644
40.458 -95.645
40.459 -95.647
40.46 -95.65
40.46 -95.653
40.459 -95.656
40.459 -95.657
40.457 -95.672
40.46 -95.677
40.463 -95.684
40.464 -95.686
40.469 -95.693
40.471 -95.695
40.476 -95.696
40.479 -95.697
40.481 -95.697
40.482 -95.696
40.484 -95.689
40.485 -95.686
40.487 -95.684
40.491 -95.681
40.494 -95.681
40.497 -95.681
40.499 -95.683
40.502 -95.686
40.503 -95.69
40.505 -95.7
40.506 -95.696
40.508 -95.692
40.515 -95.668
40.517 -95.662
40.524 -95.656
40.527 -95.655
40.538 -95.652
40.542 -95.653
40.547 -95.656
40.55 -95.662
40.557 -95.665
40.563 -95.672
40.563 -95.679
40.561 -95.687
40.557 -95.694
40.551 -95.695
40.545 -95.697
40.537 -95.697
40.533 -95.695
40.528 -95.697
40.522 -95.709
40.524 -95.71
40.527 -95.714
40.528 -95.722
40.528 -95.725
40.525 -95.731
40.524 -95.737
40.524 -95.749
40.526 -95.757
40.528 -95.763
40.532 -95.767
40.534 -95.769
40.537 -95.769
40.54 -95.768
40.546 -95.765
40.548 -95.764
40.551 -95.763
40.554 -95.764
40.557 -95.765
40.566 -95.772
40.574 -95.775
40.578 -95.774
40.583 -95.769
40.585 -95.766
40.585 -95.746
40.584 -95.688
40.584 -95.687
40.584 -95.642
40.583 -95.611
40.583 -95.574
40.583 -95.555
40.582 -95.545
40.582 -95.533
40.582 -95.527
40.582 -95.525
40.582 -95.469
40.581 -95.431
40.581 -95.415
40.581 -95.374
40.58 -95.358
40.58 -95.336
40.579 -95.222
40.579 -95.219
40.579 -95.217
40.579 -95.213
40.579 -95.212
40.579 -95.211
40.579 -95.202
40.578 -95.164
40.578 -95.155
40.577 -95.121
40.577 -95.112
40.577 -95.111
40.577 -95.11
40.577 -95.107
40.577 -95.098
40.577 -95.08
40.577 -95.069
40.576 -95.031
40.576 -95.026
40.576 -95.022
40.576 -94.992
40.576 -94.966
40.576 -94.955
40.575 -94.915
40.575 -94.901
40.575 -94.897
40.574 -94.824
40.574 -94.82
40.574 -94.811
40.573 -94.8
40.573 -94.774
40.573 -94.745
40.572 -94.717
40.572 -94.715
40.572 -94.683
40.571 -94.632
40.571 -94.594
40.571 -94.542
40.571 -94.538
40.571 -94.537
40.571 -94.534
40.571 -94.489
40.571 -94.471
40.571 -94.461
40.571 -94.46
40.571 -94.43
40.571 -94.403
40.571 -94.389
40.571 -94.358
40.571 -94.346
40.571 -94.337
40.571 -94.325
40.572 -94.311
40.571 -94.295
40.572 -94.287
40.572 -94.232
40.572 -94.229
40.573 -94.119
40.573 -94.091
40.573 -94.089
40.573 -94.08
40.574 -94.034
40.574 -94.015
40.574 -94.003
40.574 -93.988
40.575 -93.977
40.575 -93.964
40.575 -93.94
40.575 -93.939
40.575 -93.937
40.575 -93.936
40.576 -93.914
40.576 -93.901
40.576 -93.899
40.576 -93.898
40.576 -93.889
40.577 -93.854
40.577 -93.841
40.577 -93.819
40.577 -93.815
40.578 -93.774
40.578 -93.77
40.578 -93.75
40.578 -93.743
40.578 -93.737
40.578 -93.728
40.578 -93.722
40.578 -93.69
40.578 -93.677
40.578 -93.669
40.578 -93.662
40.578 -93.659
40.578 -93.656
40.579 -93.623
40.579 -93.597
40.58 -93.566
40.58 -93.565
40.58 -93.561
40.58 -93.559
40.58 -93.557
40.58 -93.554
40.58 -93.548
40.58 -93.528
40.58 -93.527
40.58 -93.524
40.58 -93.523
40.58 -93.521
40.58 -93.489
40.58 -93.467
40.58 -93.465
40.58 -93.442
40.58 -93.374
40.581 -93.345
40.581 -93.318
40.581 -93.261
40.582 -93.204
40.583 -93.136
40.584 -93.099
40.584 -93.097
40.584 -93.09
40.584 -93.086
40.587 -92.976
40.587 -92.958
40.587 -92.957
40.588 -92.942
40.588 -92.904
40.588 -92.89
40.588 -92.879
40.588 -92.863
40.588 -92.861
40.588 -92.857
40.588 -92.835
40.589 -92.828
40.589 -92.757
40.589 -92.748
40.589 -92.742
40.59 -92.714
40.59 -92.69
40.59 -92.687
40.591 -92.639
40.591 -92.638
40.592 -92.58
40.593 -92.559
40.595 -92.485
40.595 -92.482
40.595 -92.473
40.595 -92.462
40.595 -92.454
40.597 -92.38
40.597 -92.351
40.598 -92.331
40.598 -92.299
40.599 -92.246
40.6 -92.236
40.6 -92.218
40.6 -92.202
40.6 -92.196
40.601 -92.18
40.602 -92.096
40.602 -92.093
40.602 -92.083
40.602 -92.082
40.603 -92.07
40.603 -92.068
40.603 -92.053
40.604 -92.03
40.604 -91.999
40.605 -91.971
40.605 -91.948
40.606 -91.943
40.606 -91.939
40.608 -91.868
40.61 -91.832
