segment New York
45.011 -73.343
44.994 -73.35
44.99 -73.353
44.987 -73.355
44.984 -73.354
44.983 -73.354
44.981 -73.353
44.976 -73.35
44.972 -73.346
44.97 -73.345
44.966 -73.339
44.965 -73.338
44.961 -73.338
44.943 -73.34
44.924 -73.338
44.918 -73.339
44.917 -73.339
44.917 -73.34
44.915 -73.341
44.911 -73.348
44.91 -73.349
44.907 -73.354
44.904 -73.356
44.901 -73.358
44.897 -73.36
44.891 -73.362
44.889 -73.363
44.888 -73.363
44.875 -73.366
44.867 -73.369
44.862 -73.372
44.861 -73.376
44.857 -73.38
44.849 -73.381
44.845 -73.381
44.838 -73.379
44.837 -73.379
44.836 -73.375
44.831 -73.371
44.829 -73.37
44.829 -73.369
44.828 -73.368
44.826 -73.366
44.823 -73.358
44.822 -73.355
44.82 -73.353
44.816 -73.35
44.805 -73.335
44.802 -73.334
44.799 -73.334
44.792 -73.333
44.789 -73.333
44.785 -73.334
44.782 -73.336
44.776 -73.344
44.773 -73.347
44.768 -73.349
44.758 -73.353
44.756 -73.354
44.755 -73.354
44.751 -73.358
44.745 -73.364
44.742 -73.366
44.741 -73.366
44.738 -73.365
44.726 -73.365
44.701 -73.366
44.7 -73.366
44.698 -73.364
44.695 -73.361
44.688 -73.365
44.685 -73.37
44.684 -73.37
44.681 -73.367
44.679 -73.367
44.678 -73.371
44.677 -73.372
44.676 -73.372
44.669 -73.373
44.666 -73.37
44.663 -73.37
44.663 -73.371
44.663 -73.373
44.662 -73.374
44.657 -73.379
44.655 -73.379
44.654 -73.378
44.653 -73.378
44.646 -73.383
44.641 -73.379
44.64 -73.38
44.636 -73.387
44.633 -73.386
44.632 -73.386
44.631 -73.386
44.629 -73.386
44.627 -73.386
44.624 -73.387
44.62 -73.39
44.618 -73.39
44.617 -73.39
44.612 -73.383
44.609 -73.382
44.606 -73.381
44.605 -73.381
44.605 -73.38
44.6 -73.377
44.597 -73.376
44.595 -73.377
44.594 -73.378
44.591 -73.381
44.591 -73.382
44.59 -73.382
44.589 -73.382
44.585 -73.378
44.582 -73.376
44.575 -73.374
44.568 -73.367
44.564 -73.362
44.563 -73.36
44.558 -73.357
44.558 -73.356
44.557 -73.356
44.557 -73.355
44.555 -73.35
44.552 -73.343
44.548 -73.339
44.547 -73.339
44.545 -73.339
44.544 -73.339
44.543 -73.339
44.536 -73.332
44.534 -73.331
44.532 -73.331
44.531 -73.331
44.529 -73.329
44.528 -73.329
44.527 -73.324
44.525 -73.322
44.52 -73.321
44.516 -73.321
44.514 -73.321
44.512 -73.319
44.507 -73.313
44.5 -73.307
44.492 -73.305
44.486 -73.304
44.478 -73.3
44.477 -73.3
44.474 -73.299
44.471 -73.299
44.464 -73.299
44.455 -73.3
44.446 -73.295
44.441 -73.294
44.44 -73.294
44.438 -73.294
44.428 -73.296
44.403 -73.31
44.395 -73.312
44.389 -73.315
44.386 -73.317
44.383 -73.321
44.376 -73.33
44.372 -73.334
44.364 -73.335
44.357 -73.335
44.344 -73.327
44.339 -73.325
44.334 -73.324
44.325 -73.324
44.319 -73.325
44.31 -73.324
44.302 -73.322
44.288 -73.317
44.28 -73.312
44.274 -73.311
44.265 -73.313
44.264 -73.313
44.258 -73.317
44.25 -73.32
44.244 -73.324
44.244 -73.325
44.245 -73.329
44.244 -73.33
44.241 -73.334
44.24 -73.337
44.238 -73.343
44.235 -73.342
44.23 -73.35
44.226 -73.351
44.224 -73.355
44.223 -73.355
44.22 -73.355
44.216 -73.358
44.21 -73.361
44.209 -73.362
44.205 -73.371
44.202 -73.372
44.2 -73.375
44.199 -73.378
44.197 -73.382
44.193 -73.384
44.193 -73.385
44.192 -73.387
44.192 -73.388
44.192 -73.389
44.191 -73.391
44.189 -73.391
44.186 -73.39
44.182 -73.39
44.181 -73.39
44.179 -73.39
44.176 -73.396
44.174 -73.397
44.172 -73.397
44.169 -73.397
44.167 -73.395
44.166 -73.396
44.162 -73.399
44.155 -73.4
44.146 -73.402
44.144 -73.403
44.139 -73.408
44.138 -73.412
44.133 -73.416
44.132 -73.416
44.126 -73.414
44.118 -73.412
44.113 -73.411
44.111 -73.412
44.099 -73.416
44.093 -73.421
44.079 -73.429
44.072 -73.43
44.063 -73.432
44.045 -73.438
44.043 -73.437
44.039 -73.431
44.038 -73.428
44.037 -73.428
44.033 -73.423
44.032 -73.42
44.03 -73.414
44.027 -73.411
44.021 -73.408
44.016 -73.406
44.011 -73.406
43.986 -73.411
43.983 -73.413
43.98 -73.413
43.976 -73.411
43.967 -73.407
43.949 -73.406
43.933 -73.409
43.93 -73.408
43.924 -73.404
43.917 -73.401
43.906 -73.397
43.903 -73.396
43.891 -73.383
43.88 -73.376
43.876 -73.374
43.874 -73.374
43.865 -73.379
43.859 -73.382
43.856 -73.382
43.855 -73.382
43.853 -73.381
43.848 -73.374
43.846 -73.372
43.845 -73.372
43.843 -73.374
43.839 -73.377
43.837 -73.382
43.832 -73.388
43.829 -73.39
43.822 -73.393
43.821 -73.392
43.817 -73.39
43.813 -73.383
43.811 -73.381
43.808 -73.379
43.806 -73.378
43.801 -73.377
43.799 -73.376
43.793 -73.368
43.79 -73.363
43.786 -73.358
43.778 -73.356
43.777 -73.355
43.772 -73.351
43.771 -73.351
43.77 -73.351
43.764 -73.355
43.751 -73.364
43.746 -73.369
43.744 -73.37
43.742 -73.37
43.736 -73.371
43.729 -73.37
43.725 -73.371
43.718 -73.378
43.714 -73.383
43.711 -73.386
43.703 -73.392
43.7 -73.394
43.699 -73.394
43.697 -73.396
43.696 -73.396
43.695 -73.398
43.693 -73.402
43.69 -73.405
43.688 -73.405
43.685 -73.403
43.681 -73.404
43.673 -73.408
43.669 -73.408
43.658 -73.415
43.652 -73.416
43.648 -73.419
43.646 -73.424
43.644 -73.425
43.643 -73.426
43.637 -73.429
43.634 -73.428
43.623 -73.418
43.622 -73.418
43.621 -73.418
43.612 -73.424
43.611 -73.424
43.607 -73.422
43.603 -73.422
43.599 -73.425
43.591 -73.43
43.588 -73.431
43.587 -73.431
43.586 -73.43
43.584 -73.429
43.583 -73.427
43.581 -73.42
43.578 -73.417
43.571 -73.406
43.569 -73.4
43.568 -73.398
43.568 -73.396
43.57 -73.392
43.576 -73.384
43.577 -73.383
43.579 -73.383
43.585 -73.383
43.597 -73.383
43.6 -73.378
43.603 -73.373
43.605 -73.372
43.606 -73.372
43.613 -73.376
43.615 -73.375
43.619 -73.37
43.62 -73.37
43.623 -73.372
43.624 -73.372
43.625 -73.372
43.625 -73.37
43.625 -73.369
43.624 -73.367
43.623 -73.366
43.625 -73.359
43.623 -73.348
43.626 -73.342
43.626 -73.328
43.628 -73.324
43.627 -73.318
43.625 -73.313
43.624 -73.311
43.627 -73.308
43.628 -73.306
43.627 -73.304
43.626 -73.303
43.624 -73.302
43.611 -73.3
43.61 -73.298
43.605 -73.294
43.603 -73.292
43.598 -73.292
43.594 -73.293
43.593 -73.293
43.587 -73.297
43.585 -73.292
43.582 -73.294
43.582 -73.295
43.58 -73.295
43.579 -73.295
43.579 -73.294
43.579 -73.285
43.578 -73.281
43.575 -73.281
43.574 -73.28
43.572 -73.269
43.569 -73.264
43.567 -73.261
43.565 -73.259
43.557 -73.253
43.554 -73.249
43.553 -73.248
43.55 -73.25
43.543 -73.25
43.543 -73.248
43.542 -73.247
43.538 -73.244
43.535 -73.242
43.532 -73.241
43.529 -73.242
43.528 -73.243
43.526 -73.247
43.523 -73.248
43.519 -73.248
43.519 -73.247
43.515 -73.247
43.492 -73.248
43.47 -73.248
43.449 -73.249
43.438 -73.25
43.42 -73.251
43.406 -73.251
43.405 -73.251
43.398 -73.251
43.371 -73.253
43.37 -73.253
43.363 -73.253
43.355 -73.253
43.353 -73.253
43.259 -73.256
43.231 -73.259
43.23 -73.259
43.228 -73.259
43.189 -73.261
43.106 -73.265
43.104 -73.265
43.096 -73.266
43.087 -73.266
43.036 -73.27
42.944 -73.274
42.942 -73.274
42.94 -73.274
42.901 -73.276
42.897 -73.276
42.86 -73.277
42.838 -73.278
42.833 -73.279
42.835 -73.284
42.834 -73.285
42.82 -73.287
42.814 -73.284
42.808 -73.286
42.802 -73.291
42.746 -73.276
42.746 -73.265
42.721 -73.274
42.618 -73.313
42.539 -73.342
42.51 -73.353
42.429 -73.382
42.406 -73.391
42.348 -73.412
42.342 -73.414
42.264 -73.443
42.174 -73.476
42.121 -73.495
42.116 -73.497
42.086 -73.508
42.07 -73.503
42.05 -73.497
42.05 -73.487
42 -73.49
41.959 -73.493
41.922 -73.497
41.893 -73.498
41.882 -73.499
41.879 -73.5
41.859 -73.502
41.858 -73.502
41.824 -73.505
41.759 -73.511
41.741 -73.512
41.688 -73.517
41.671 -73.518
41.644 -73.52
41.641 -73.52
41.62 -73.521
41.616 -73.521
41.527 -73.53
41.5 -73.532
41.48 -73.534
41.479 -73.534
41.478 -73.534
41.477 -73.534
41.476 -73.534
41.457 -73.536
41.456 -73.536
41.455 -73.536
41.453 -73.536
41.451 -73.536
41.441 -73.537
41.436 -73.537
41.434 -73.538
41.406 -73.541
41.39 -73.542
41.389 -73.542
41.377 -73.543
41.366 -73.545
41.335 -73.548
41.326 -73.549
41.316 -73.55
41.309 -73.549
41.308 -73.549
41.303 -73.55
41.302 -73.55
41.295 -73.551
41.293 -73.549
41.292 -73.548
41.278 -73.536
41.266 -73.526
41.265 -73.525
41.257 -73.518
41.233 -73.499
41.225 -73.493
41.213 -73.483
41.201 -73.509
41.199 -73.513
41.198 -73.515
41.189 -73.536
41.175 -73.565
41.153 -73.614
41.145 -73.632
41.141 -73.64
41.132 -73.661
41.127 -73.67
41.121 -73.683
41.115 -73.696
41.101 -73.728
41.094 -73.723
41.088 -73.717
41.085 -73.715
41.074 -73.706
41.059 -73.694
41.051 -73.687
41.045 -73.683
41.044 -73.682
41.042 -73.68
41.036 -73.675
41.031 -73.671
41.03 -73.67
41.025 -73.666
41.02 -73.663
41.018 -73.661
41.017 -73.659
41.013 -73.655
41.012 -73.655
41.008 -73.656
41.003 -73.658
40.999 -73.659
40.996 -73.659
40.994 -73.659
40.993 -73.659
40.988 -73.66
40.985 -73.658
40.985 -73.657
40.981 -73.656
40.98 -73.656
40.968 -73.66
40.966 -73.662
40.967 -73.664
40.966 -73.667
40.964 -73.673
40.963 -73.678
40.959 -73.679
40.955 -73.681
40.949 -73.683
40.945 -73.686
40.94 -73.698
40.938 -73.703
40.935 -73.712
40.935 -73.714
40.932 -73.722
40.925 -73.732
40.923 -73.736
40.919 -73.744
40.919 -73.745
40.918 -73.745
40.918 -73.746
40.918 -73.747
40.917 -73.747
40.917 -73.748
40.916 -73.749
40.914 -73.753
40.914 -73.755
40.913 -73.755
40.913 -73.757
40.908 -73.761
40.903 -73.765
40.889 -73.778
40.889 -73.779
40.887 -73.78
40.885 -73.781
40.884 -73.782
40.882 -73.783
40.881 -73.784
40.879 -73.785
40.869 -73.785
40.86 -73.788
40.858 -73.789
40.854 -73.788
40.852 -73.785
40.851 -73.784
40.847 -73.782
40.846 -73.782
40.845 -73.782
40.843 -73.782
40.842 -73.782
40.839 -73.781
40.838 -73.783
40.837 -73.784
40.838 -73.785
40.84 -73.787
40.842 -73.788
40.844 -73.789
40.847 -73.791
40.848 -73.791
40.851 -73.79
40.856 -73.792
40.856 -73.794
40.853 -73.796
40.852 -73.797
40.849 -73.799
40.848 -73.8
40.85 -73.807
40.849 -73.809
40.847 -73.813
40.843 -73.814
40.839 -73.815
40.836 -73.815
40.835 -73.816
40.833 -73.815
40.832 -73.815
40.831 -73.815
40.825 -73.812
40.825 -73.811
40.824 -73.81
40.821 -73.808
40.819 -73.805
40.818 -73.804
40.818 -73.803
40.816 -73.799
40.816 -73.798
40.816 -73.797
40.815 -73.797
40.801 -73.786
40.795 -73.781
40.795 -73.776
40.801 -73.768
40.807 -73.764
40.815 -73.758
40.819 -73.755
40.821 -73.754
40.823 -73.754
40.825 -73.754
40.827 -73.754
40.833 -73.748
40.835 -73.747
40.844 -73.737
40.853 -73.728
40.857 -73.727
40.862 -73.729
40.865 -73.731
40.867 -73.73
40.87 -73.714
40.857 -73.676
40.857 -73.675
40.858 -73.673
40.859 -73.671
40.859 -73.67
40.864 -73.656
40.878 -73.654
40.883 -73.65
40.893 -73.641
40.896 -73.637
40.898 -73.634
40.899 -73.627
40.898 -73.621
40.898 -73.618
40.903 -73.602
40.907 -73.595
40.908 -73.592
40.911 -73.584
40.914 -73.575
40.916 -73.566
40.913 -73.558
40.909 -73.549
40.912 -73.532
40.912 -73.53
40.913 -73.526
40.914 -73.519
40.913 -73.515
40.918 -73.5
40.923 -73.497
40.942 -73.492
40.946 -73.485
40.942 -73.478
40.938 -73.464
40.937 -73.46
40.937 -73.454
40.936 -73.452
40.936 -73.445
40.935 -73.437
40.93 -73.43
40.925 -73.429
40.922 -73.429
40.921 -73.425
40.92 -73.406
40.925 -73.403
40.942 -73.403
40.946 -73.403
40.954 -73.401
40.955 -73.4
40.955 -73.398
40.955 -73.395
40.955 -73.393
40.938 -73.374
40.932 -73.366
40.927 -73.353
40.927 -73.352
40.926 -73.349
40.925 -73.346
40.927 -73.344
40.93 -73.331
40.929 -73.327
40.928 -73.322
40.927 -73.311
40.925 -73.301
40.924 -73.295
40.906 -73.231
40.905 -73.23
40.905 -73.229
40.906 -73.227
40.907 -73.224
40.928 -73.151
40.929 -73.149
40.93 -73.149
40.935 -73.146
40.945 -73.146
40.956 -73.145
40.962 -73.142
40.964 -73.142
40.966 -73.141
40.966 -73.14
40.967 -73.138
40.967 -73.137
40.967 -73.135
40.97 -73.118
40.971 -73.116
40.971 -73.115
40.972 -73.11
40.973 -73.095
40.973 -73.092
40.973 -73.082
40.973 -73.081
40.972 -73.076
40.971 -73.075
40.97 -73.072
40.969 -73.067
40.966 -73.058
40.963 -73.045
40.962 -73.044
40.963 -73.043
40.963 -73.042
40.965 -73.04
40.965 -73.035
40.965 -73.021
40.966 -73.01
40.966 -72.996
40.966 -72.985
40.966 -72.976
40.966 -72.975
40.966 -72.955
40.965 -72.946
40.965 -72.938
40.963 -72.925
40.963 -72.918
40.962 -72.914
40.963 -72.903
40.963 -72.891
40.963 -72.888
40.963 -72.884
40.964 -72.882
40.965 -72.869
40.965 -72.866
40.966 -72.865
40.966 -72.864
40.966 -72.86
40.969 -72.83
40.97 -72.827
40.97 -72.826
40.968 -72.811
40.966 -72.787
40.966 -72.78
40.966 -72.779
40.965 -72.774
40.975 -72.76
40.976 -72.755
40.986 -72.715
40.986 -72.714
40.99 -72.689
40.987 -72.665
40.988 -72.664
40.991 -72.635
40.997 -72.593
40.998 -72.585
41.009 -72.566
41.01 -72.565
41.015 -72.561
41.02 -72.55
41.038 -72.522
41.038 -72.521
41.039 -72.518
41.04 -72.514
41.043 -72.504
41.049 -72.488
41.052 -72.477
41.055 -72.475
41.067 -72.461
41.079 -72.451
41.086 -72.445
41.087 -72.435
41.088 -72.418
41.089 -72.416
41.096 -72.397
41.098 -72.395
41.105 -72.388
41.12 -72.371
41.128 -72.362
41.133 -72.356
41.134 -72.356
41.138 -72.333
41.141 -72.322
41.142 -72.321
41.144 -72.316
41.147 -72.309
41.151 -72.302
41.155 -72.292
41.156 -72.291
41.156 -72.29
41.159 -72.279
41.157 -72.277
41.155 -72.273
41.154 -72.268
41.157 -72.26
41.161 -72.245
41.159 -72.238
41.157 -72.238
41.156 -72.238
41.137 -72.254
41.129 -72.265
41.128 -72.265
41.122 -72.279
41.121 -72.281
41.12 -72.284
41.117 -72.29
41.117 -72.291
41.113 -72.3
41.112 -72.3
41.12 -72.3
41.132 -72.3
41.136 -72.305
41.138 -72.306
41.138 -72.307
41.139 -72.313
41.138 -72.316
41.137 -72.318
41.132 -72.327
41.131 -72.327
41.12 -72.335
41.118 -72.335
41.109 -72.335
41.107 -72.335
41.092 -72.32
41.089 -72.317
41.086 -72.311
41.083 -72.302
41.081 -72.298
41.081 -72.297
41.08 -72.281
41.08 -72.28
41.077 -72.277
41.072 -72.28
41.069 -72.282
41.068 -72.283
41.052 -72.274
41.045 -72.265
41.042 -72.261
41.045 -72.241
41.044 -72.229
41.041 -72.217
41.035 -72.206
41.032 -72.202
41.032 -72.201
41.033 -72.191
41.034 -72.188
41.034 -72.187
41.036 -72.183
41.038 -72.18
41.038 -72.179
41.046 -72.175
41.05 -72.168
41.051 -72.167
41.053 -72.163
41.054 -72.16
41.052 -72.154
41.051 -72.153
41.049 -72.15
41.043 -72.142
41.04 -72.137
41.031 -72.135
41.024 -72.137
41.023 -72.137
41.022 -72.136
41.007 -72.123
41 -72.116
40.994 -72.109
40.993 -72.106
40.992 -72.102
40.991 -72.096
40.991 -72.095
40.992 -72.095
40.996 -72.083
40.997 -72.083
41.003 -72.08
41.006 -72.079
41.009 -72.076
41.009 -72.061
41.005 -72.058
41.005 -72.057
41.005 -72.055
41.006 -72.052
41.01 -72.05
41.016 -72.052
41.021 -72.052
41.021 -72.051
41.023 -72.047
41.022 -72.047
41.021 -72.036
41.028 -72.015
41.034 -72.007
41.04 -71.999
41.045 -71.98
41.048 -71.967
41.053 -71.962
41.054 -71.961
41.06 -71.96
41.064 -71.961
41.064 -71.962
41.071 -71.96
41.073 -71.952
41.076 -71.944
41.077 -71.938
41.078 -71.937
41.078 -71.934
41.079 -71.928
41.081 -71.919
41.081 -71.899
41.08 -71.898
41.077 -71.896
41.076 -71.891
41.076 -71.89
41.076 -71.887
41.075 -71.87
41.077 -71.864
41.074 -71.857
41.071 -71.856
41.063 -71.864
41.055 -71.872
41.052 -71.874
41.049 -71.883
41.04 -71.904
41.034 -71.936
41.032 -71.943
41.024 -71.963
41.001 -72.025
41.001 -72.027
41 -72.029
40.99 -72.058
40.976 -72.103
40.972 -72.114
40.969 -72.123
40.966 -72.13
40.957 -72.155
40.955 -72.159
40.943 -72.193
40.941 -72.196
40.941 -72.198
40.929 -72.228
40.929 -72.229
40.923 -72.245
40.914 -72.27
40.906 -72.29
40.905 -72.295
40.892 -72.328
40.892 -72.329
40.883 -72.352
40.867 -72.396
40.843 -72.468
40.843 -72.47
40.841 -72.476
40.84 -72.48
40.828 -72.523
40.824 -72.535
40.816 -72.563
40.815 -72.566
40.813 -72.573
40.809 -72.59
40.802 -72.614
40.794 -72.646
40.785 -72.677
40.781 -72.695
40.772 -72.728
40.767 -72.745
40.764 -72.753
40.764 -72.756
40.764 -72.757
40.764 -72.758
40.764 -72.759
40.762 -72.768
40.76 -72.775
40.733 -72.863
40.713 -72.923
40.693 -72.976
40.687 -72.994
40.68 -73.013
40.677 -73.02
40.675 -73.026
40.671 -73.041
40.666 -73.055
40.648 -73.136
40.645 -73.145
40.644 -73.152
40.643 -73.158
40.636 -73.187
40.633 -73.199
40.631 -73.208
40.63 -73.212
40.625 -73.239
40.622 -73.26
40.621 -73.262
40.621 -73.264
40.621 -73.306
40.623 -73.31
40.629 -73.314
40.636 -73.319
40.63 -73.351
40.618 -73.392
40.61 -73.424
40.604 -73.45
40.597 -73.485
40.584 -73.562
40.585 -73.574
40.586 -73.576
40.586 -73.579
40.586 -73.581
40.587 -73.583
40.587 -73.584
40.587 -73.599
40.587 -73.602
40.588 -73.611
40.585 -73.628
40.585 -73.629
40.584 -73.637
40.584 -73.641
40.583 -73.647
40.583 -73.649
40.583 -73.652
40.583 -73.655
40.583 -73.658
40.583 -73.66
40.583 -73.681
40.583 -73.687
40.583 -73.69
40.583 -73.694
40.584 -73.697
40.584 -73.701
40.584 -73.718
40.584 -73.739
40.584 -73.755
40.586 -73.754
40.591 -73.753
40.591 -73.764
40.591 -73.768
40.591 -73.77
40.591 -73.773
40.591 -73.775
40.591 -73.776
40.59 -73.776
40.588 -73.789
40.588 -73.791
40.588 -73.792
40.587 -73.796
40.586 -73.801
40.586 -73.802
40.585 -73.804
40.585 -73.807
40.582 -73.818
40.581 -73.819
40.581 -73.821
40.579 -73.829
40.579 -73.83
40.577 -73.834
40.577 -73.836
40.574 -73.844
40.572 -73.848
40.572 -73.849
40.57 -73.853
40.569 -73.857
40.568 -73.86
40.567 -73.863
40.567 -73.864
40.566 -73.865
40.561 -73.879
40.555 -73.898
40.545 -73.935
40.555 -73.934
40.56 -73.933
40.565 -73.936
40.566 -73.939
40.569 -73.945
40.57 -73.946
40.573 -73.95
40.573 -73.952
40.573 -73.96
40.57 -73.991
40.571 -74.002
40.573 -74.009
40.574 -74.01
40.575 -74.012
40.576 -74.012
40.577 -74.013
40.578 -74.013
40.579 -74.012
40.584 -74.007
40.591 -74.002
40.596 -74.003
40.601 -74.011
40.602 -74.02
40.603 -74.026
40.604 -74.033
40.607 -74.035
40.609 -74.036
40.613 -74.04
40.615 -74.04
40.617 -74.041
40.619 -74.041
40.621 -74.041
40.621 -74.042
40.623 -74.042
40.625 -74.042
40.626 -74.042
40.629 -74.041
40.632 -74.04
40.633 -74.04
40.635 -74.039
40.637 -74.038
40.638 -74.038
40.64 -74.036
40.644 -74.034
40.645 -74.033
40.646 -74.032
40.649 -74.03
40.653 -74.025
40.659 -74.018
40.662 -74.019
40.666 -74.019
40.672 -74.02
40.679 -74.02
40.679 -74.021
40.681 -74.023
40.682 -74.024
40.684 -74.024
40.687 -74.025
40.693 -74.022
40.694 -74.022
40.695 -74.018
40.702 -74.017
40.704 -74.018
40.705 -74.019
40.707 -74.02
40.709 -74.025
40.716 -74.023
40.725 -74.022
40.726 -74.021
40.727 -74.021
40.734 -74.02
40.74 -74.018
40.757 -74.014
40.764 -74.009
40.776 -74
40.779 -73.998
40.802 -73.982
40.821 -73.968
40.827 -73.963
40.848 -73.954
40.851 -73.952
40.852 -73.952
40.858 -73.948
40.875 -73.938
40.882 -73.933
40.89 -73.929
40.913 -73.92
40.915 -73.919
40.917 -73.918
40.918 -73.918
40.919 -73.918
40.925 -73.916
40.935 -73.912
40.941 -73.91
40.951 -73.907
40.958 -73.905
40.975 -73.899
40.982 -73.896
40.997 -73.894
40.997 -73.903
40.998 -73.905
40.998 -73.907
41.001 -73.912
41.005 -73.92
41.013 -73.939
41.016 -73.945
41.019 -73.952
41.02 -73.953
41.023 -73.959
41.026 -73.967
41.031 -73.977
41.041 -74
41.047 -74.013
41.052 -74.024
41.052 -74.026
41.055 -74.033
41.056 -74.033
41.059 -74.041
41.064 -74.051
41.065 -74.054
41.066 -74.057
41.071 -74.068
41.076 -74.08
41.077 -74.082
41.082 -74.092
41.084 -74.097
41.084 -74.098
41.088 -74.106
41.091 -74.112
41.094 -74.119
41.094 -74.121
41.097 -74.127
41.097 -74.128
41.098 -74.129
41.104 -74.142
41.106 -74.147
41.107 -74.15
41.111 -74.158
41.112 -74.16
41.113 -74.163
41.122 -74.182
41.127 -74.195
41.143 -74.234
41.147 -74.243
41.173 -74.302
41.182 -74.321
41.183 -74.322
41.192 -74.342
41.203 -74.366
41.207 -74.375
41.209 -74.379
41.21 -74.381
41.211 -74.383
41.231 -74.423
41.234 -74.43
41.239 -74.44
41.248 -74.458
41.257 -74.477
41.267 -74.5
41.279 -74.525
41.285 -74.536
41.294 -74.556
41.295 -74.559
41.296 -74.561
41.297 -74.562
41.318 -74.607
41.333 -74.642
41.348 -74.674
41.356 -74.692
41.357 -74.694
41.357 -74.695
41.357 -74.696
41.36 -74.691
41.362 -74.69
41.364 -74.69
41.367 -74.691
41.37 -74.695
41.372 -74.697
41.375 -74.703
41.379 -74.708
41.382 -74.71
41.388 -74.713
41.39 -74.713
41.393 -74.716
41.395 -74.721
41.396 -74.73
41.397 -74.734
41.398 -74.736
41.401 -74.739
41.405 -74.741
41.408 -74.742
41.411 -74.741
41.413 -74.739
41.423 -74.735
41.426 -74.735
41.427 -74.736
41.429 -74.737
41.431 -74.738
41.431 -74.741
41.431 -74.744
41.428 -74.751
41.425 -74.754
41.425 -74.755
41.423 -74.758
41.423 -74.759
41.424 -74.762
41.424 -74.764
41.424 -74.765
41.426 -74.771
41.426 -74.773
41.425 -74.778
41.422 -74.784
41.422 -74.79
41.423 -74.794
41.424 -74.795
41.425 -74.796
41.43 -74.799
41.431 -74.8
41.433 -74.8
41.436 -74.8
41.437 -74.801
41.438 -74.801
41.442 -74.806
41.443 -74.808
41.443 -74.812
41.441 -74.817
41.441 -74.818
41.44 -74.819
41.439 -74.82
41.438 -74.822
41.437 -74.823
41.432 -74.826
41.431 -74.829
41.431 -74.831
41.431 -74.835
41.432 -74.837
41.438 -74.846
41.44 -74.849
41.443 -74.854
41.444 -74.859
41.444 -74.865
41.44 -74.877
41.438 -74.889
41.439 -74.894
41.44 -74.896
41.442 -74.896
41.446 -74.895
41.451 -74.889
41.453 -74.889
41.455 -74.89
41.457 -74.892
41.458 -74.895
41.46 -74.904
41.461 -74.907
41.465 -74.908
41.468 -74.908
41.472 -74.909
41.473 -74.91
41.475 -74.912
41.476 -74.913
41.477 -74.917
41.477 -74.923
41.477 -74.924
41.478 -74.927
41.482 -74.933
41.484 -74.942
41.483 -74.946
41.481 -74.948
41.477 -74.956
41.476 -74.958
41.477 -74.969
41.477 -74.97
41.48 -74.982
41.481 -74.983
41.482 -74.984
41.483 -74.984
41.484 -74.985
41.486 -74.986
41.489 -74.985
41.496 -74.982
41.498 -74.982
41.501 -74.982
41.505 -74.984
41.506 -74.984
41.507 -74.984
41.507 -74.985
41.508 -74.985
41.508 -74.986
41.509 -74.988
41.509 -74.994
41.507 -75
41.508 -75.003
41.509 -75.004
41.511 -75.004
41.515 -75.003
41.518 -75.001
41.519 -75.001
41.521 -75.001
41.524 -75.004
41.528 -75.01
41.531 -75.015
41.532 -75.017
41.533 -75.023
41.534 -75.024
41.535 -75.025
41.54 -75.025
41.541 -75.023
41.543 -75.018
41.544 -75.016
41.547 -75.016
41.552 -75.019
41.564 -75.027
41.565 -75.029
41.565 -75.033
41.567 -75.037
41.57 -75.04
41.575 -75.044
41.583 -75.047
41.588 -75.053
41.591 -75.06
41.592 -75.061
41.595 -75.064
41.599 -75.067
41.606 -75.075
41.608 -75.075
41.61 -75.072
41.61 -75.071
41.61 -75.068
41.61 -75.063
41.61 -75.061
41.611 -75.06
41.612 -75.06
41.614 -75.061
41.615 -75.062
41.616 -75.062
41.617 -75.06
41.618 -75.055
41.619 -75.054
41.619 -75.053
41.618 -75.053
41.618 -75.052
41.617 -75.051
41.616 -75.048
41.616 -75.047
41.616 -75.046
41.618 -75.044
41.624 -75.044
41.632 -75.048
41.634 -75.049
41.641 -75.049
41.642 -75.049
41.643 -75.049
41.65 -75.049
41.656 -75.049
41.663 -75.05
41.668 -75.054
41.669 -75.057
41.67 -75.058
41.672 -75.059
41.674 -75.059
41.678 -75.053
41.68 -75.051
41.682 -75.051
41.688 -75.053
41.696 -75.057
41.7 -75.06
41.705 -75.067
41.708 -75.069
41.71 -75.069
41.713 -75.067
41.713 -75.061
41.711 -75.052
41.712 -75.051
41.713 -75.05
41.715 -75.05
41.727 -75.054
41.728 -75.054
41.729 -75.054
41.735 -75.055
41.745 -75.053
41.752 -75.053
41.753 -75.053
41.756 -75.056
41.759 -75.057
41.765 -75.061
41.767 -75.065
41.767 -75.069
41.768 -75.069
41.769 -75.073
41.77 -75.073
41.77 -75.074
41.771 -75.074
41.771 -75.075
41.771 -75.076
41.772 -75.076
41.771 -75.076
41.771 -75.079
41.768 -75.093
41.768 -75.095
41.769 -75.099
41.769 -75.1
41.769 -75.101
41.771 -75.103
41.773 -75.104
41.774 -75.105
41.782 -75.104
41.787 -75.102
41.788 -75.101
41.789 -75.101
41.79 -75.099
41.795 -75.094
41.796 -75.093
41.797 -75.092
41.798 -75.088
41.796 -75.081
41.797 -75.078
41.799 -75.077
41.801 -75.075
41.802 -75.074
41.804 -75.074
41.808 -75.072
41.809 -75.072
41.811 -75.072
41.812 -75.072
41.813 -75.072
41.814 -75.072
41.814 -75.073
41.815 -75.074
41.815 -75.075
41.815 -75.078
41.815 -75.08
41.812 -75.085
41.812 -75.086
41.812 -75.089
41.813 -75.094
41.818 -75.1
41.823 -75.113
41.826 -75.115
41.827 -75.115
41.83 -75.115
41.836 -75.113
41.841 -75.113
41.844 -75.114
41.845 -75.116
41.846 -75.119
41.845 -75.128
41.845 -75.131
41.852 -75.14
41.852 -75.144
41.851 -75.146
41.849 -75.153
41.848 -75.157
41.85 -75.162
41.852 -75.164
41.854 -75.166
41.859 -75.169
41.867 -75.168
41.87 -75.169
41.871 -75.17
41.872 -75.171
41.872 -75.172
41.872 -75.173
41.873 -75.175
41.872 -75.176
41.872 -75.177
41.871 -75.178
41.87 -75.179
41.866 -75.18
41.862 -75.182
41.861 -75.184
41.86 -75.185
41.86 -75.187
41.861 -75.189
41.862 -75.19
41.865 -75.191
41.865 -75.192
41.867 -75.194
41.869 -75.198
41.87 -75.204
41.87 -75.205
41.869 -75.21
41.868 -75.214
41.867 -75.215
41.861 -75.22
41.858 -75.223
41.857 -75.224
41.857 -75.226
41.859 -75.232
41.862 -75.235
41.866 -75.239
41.867 -75.241
41.867 -75.243
41.863 -75.248
41.863 -75.249
41.862 -75.251
41.862 -75.258
41.864 -75.261
41.865 -75.261
41.865 -75.262
41.866 -75.263
41.868 -75.264
41.871 -75.264
41.873 -75.262
41.873 -75.261
41.874 -75.261
41.875 -75.258
41.876 -75.258
41.877 -75.258
41.884 -75.261
41.885 -75.263
41.886 -75.268
41.887 -75.271
41.893 -75.273
41.897 -75.273
41.902 -75.268
41.907 -75.268
41.911 -75.27
41.92 -75.275
41.922 -75.277
41.927 -75.276
41.933 -75.277
41.934 -75.277
41.939 -75.279
41.943 -75.289
41.945 -75.291
41.947 -75.292
41.952 -75.291
41.955 -75.294
41.955 -75.297
41.955 -75.299
41.954 -75.3
41.953 -75.302
41.952 -75.302
41.949 -75.301
41.948 -75.302
41.948 -75.304
41.949 -75.31
41.95 -75.313
41.954 -75.318
41.961 -75.32
41.962 -75.322
41.968 -75.329
41.97 -75.336
41.971 -75.339
41.973 -75.342
41.974 -75.342
41.984 -75.338
41.987 -75.338
41.993 -75.341
41.993 -75.342
41.995 -75.347
41.997 -75.354
41.999 -75.36
41.999 -75.406
41.999 -75.432
41.999 -75.436
41.999 -75.477
41.999 -75.484
41.999 -75.553
41.999 -75.598
41.999 -75.61
41.998 -75.732
41.998 -75.742
41.998 -75.763
41.999 -75.834
41.999 -75.871
41.999 -75.959
41.999 -75.98
41.999 -75.983
41.999 -76.005
41.999 -76.063
41.999 -76.106
41.999 -76.124
41.999 -76.131
41.999 -76.205
41.999 -76.276
41.998 -76.344
41.998 -76.35
41.999 -76.462
41.999 -76.467
41.999 -76.473
41.999 -76.474
41.999 -76.505
42 -76.512
42 -76.518
42 -76.524
42 -76.529
42 -76.535
42 -76.541
42 -76.549
42 -76.558
42.001 -76.702
42.002 -76.729
42.002 -76.73
42.002 -76.731
42.002 -76.75
42.002 -76.788
42.002 -76.816
42.002 -76.835
42.002 -76.902
42.002 -76.921
42.002 -76.922
42.002 -76.937
42.002 -76.943
42.001 -76.966
42.001 -77.008
42.001 -77.031
42 -77.064
42 -77.083
42 -77.103
42 -77.115
41.999 -77.125
41.999 -77.159
41.999 -77.176
42 -77.201
42 -77.317
42 -77.393
42 -77.457
42 -77.504
42 -77.505
41.999 -77.635
41.999 -77.636
41.999 -77.75
41.999 -77.823
41.999 -77.832
41.999 -77.84
41.999 -77.881
41.999 -77.939
41.999 -77.957
41.999 -77.998
41.999 -78.031
42 -78.055
42 -78.074
42 -78.122
42 -78.125
42 -78.191
41.999 -78.255
41.999 -78.269
41.999 -78.271
41.999 -78.308
41.999 -78.349
42 -78.386
42 -78.463
42 -78.52
42 -78.58
42 -78.587
42 -78.597
42 -78.618
41.999 -78.648
41.999 -78.697
41.998 -78.75
41.998 -78.827
41.998 -78.875
41.998 -78.906
41.998 -78.945
41.999 -78.974
41.999 -78.978
41.999 -78.983
41.999 -79.061
41.999 -79.145
41.999 -79.179
41.999 -79.234
41.999 -79.24
41.999 -79.25
41.999 -79.296
41.999 -79.342
41.998 -79.38
41.998 -79.412
41.998 -79.472
41.998 -79.528
41.999 -79.538
41.999 -79.551
41.999 -79.625
41.999 -79.631
41.999 -79.645
41.999 -79.657
41.999 -79.67
41.999 -79.761
42.019 -79.762
42.087 -79.762
42.119 -79.762
42.131 -79.762
42.151 -79.762
42.163 -79.762
42.173 -79.762
42.18 -79.762
42.184 -79.762
42.243 -79.762
42.251 -79.762
42.267 -79.762
42.27 -79.762
42.283 -79.722
42.285 -79.718
42.287 -79.712
42.304 -79.672
42.306 -79.668
42.309 -79.661
42.316 -79.646
42.316 -79.645
42.317 -79.644
42.319 -79.639
42.322 -79.633
42.331 -79.616
42.332 -79.614
42.338 -79.601
42.342 -79.594
42.356 -79.563
42.363 -79.546
42.364 -79.546
42.364 -79.544
42.37 -79.534
42.373 -79.528
42.382 -79.511
42.383 -79.509
42.392 -79.494
42.399 -79.483
42.401 -79.48
42.404 -79.475
42.411 -79.454
42.415 -79.449
42.42 -79.44
42.428 -79.429
42.431 -79.427
42.447 -79.412
42.453 -79.405
42.457 -79.399
42.466 -79.382
42.479 -79.364
42.479 -79.363
42.48 -79.362
42.489 -79.352
42.49 -79.344
42.49 -79.342
42.489 -79.336
42.488 -79.336
42.488 -79.335
42.489 -79.331
42.491 -79.329
42.491 -79.328
42.495 -79.323
42.496 -79.322
42.5 -79.318
42.503 -79.309
42.508 -79.294
42.51 -79.286
42.511 -79.283
42.519 -79.272
42.523 -79.265
42.528 -79.253
42.532 -79.243
42.533 -79.237
42.535 -79.226
42.536 -79.223
42.542 -79.205
42.543 -79.203
42.546 -79.194
42.546 -79.193
42.547 -79.186
42.549 -79.178
42.55 -79.172
42.55 -79.171
42.55 -79.167
42.552 -79.161
42.553 -79.155
42.554 -79.149
42.554 -79.148
42.562 -79.141
42.564 -79.139
42.568 -79.137
42.57 -79.137
42.586 -79.131
42.59 -79.13
42.591 -79.126
42.592 -79.125
42.594 -79.122
42.606 -79.114
42.61 -79.112
42.613 -79.111
42.627 -79.095
42.63 -79.091
42.64 -79.079
42.64 -79.073
42.645 -79.064
42.65 -79.063
42.665 -79.062
42.668 -79.062
42.674 -79.059
42.689 -79.049
42.697 -79.031
42.702 -79.019
42.705 -79.006
42.705 -78.991
42.717 -78.97
42.727 -78.952
42.732 -78.944
42.735 -78.931
42.735 -78.928
42.737 -78.918
42.738 -78.916
42.747 -78.903
42.749 -78.9
42.77 -78.869
42.773 -78.866
42.776 -78.862
42.784 -78.853
42.792 -78.851
42.8 -78.856
42.801 -78.859
42.805 -78.861
42.807 -78.861
42.813 -78.864
42.827 -78.866
42.83 -78.863
42.832 -78.862
42.835 -78.86
42.841 -78.859
42.852 -78.866
42.853 -78.87
42.853 -78.872
42.867 -78.883
42.874 -78.886
42.878 -78.888
42.885 -78.892
42.887 -78.912
42.892 -78.91
42.9 -78.906
42.907 -78.906
42.913 -78.906
42.921 -78.906
42.923 -78.906
42.933 -78.909
42.938 -78.912
42.938 -78.913
42.94 -78.914
42.947 -78.919
42.956 -78.932
42.958 -78.962
42.969 -78.975
42.972 -78.983
42.985 -79.012
42.995 -79.02
43.001 -79.02
43.005 -79.02
43.014 -79.021
43.021 -79.017
43.029 -79.012
43.047 -79.005
43.057 -79.005
43.064 -79.011
43.067 -79.024
43.068 -79.027
43.071 -79.04
43.072 -79.045
43.078 -79.074
43.082 -79.075
43.083 -79.075
43.088 -79.07
43.093 -79.065
43.094 -79.064
43.096 -79.064
43.105 -79.06
43.109 -79.061
43.111 -79.061
43.115 -79.062
43.12 -79.063
43.125 -79.06
43.127 -79.057
43.132 -79.052
43.135 -79.049
43.138 -79.044
43.144 -79.042
43.149 -79.043
43.153 -79.045
43.162 -79.047
43.165 -79.048
43.173 -79.053
43.174 -79.053
43.178 -79.053
43.179 -79.053
43.184 -79.053
43.193 -79.051
43.197 -79.051
43.204 -79.052
43.21 -79.053
43.218 -79.053
43.222 -79.053
43.237 -79.056
43.239 -79.056
43.251 -79.061
43.253 -79.063
43.262 -79.07
43.274 -79.02
43.276 -79.002
43.281 -78.972
43.287 -78.953
43.293 -78.931
43.301 -78.901
43.311 -78.859
43.313 -78.853
43.318 -78.836
43.318 -78.834
43.319 -78.826
43.32 -78.82
43.321 -78.816
43.323 -78.802
43.327 -78.778
43.333 -78.754
43.335 -78.747
43.338 -78.718
43.341 -78.697
43.342 -78.694
43.357 -78.635
43.358 -78.634
43.359 -78.625
43.367 -78.565
43.37 -78.547
43.371 -78.536
43.371 -78.535
43.372 -78.518
43.375 -78.489
43.375 -78.488
43.374 -78.483
43.371 -78.474
43.371 -78.473
43.371 -78.465
43.372 -78.448
43.373 -78.434
43.375 -78.389
43.376 -78.376
43.377 -78.37
43.376 -78.37
43.376 -78.367
43.374 -78.359
43.374 -78.358
43.374 -78.357
43.373 -78.341
43.373 -78.328
43.373 -78.309
43.372 -78.304
43.372 -78.29
43.372 -78.279
43.372 -78.275
43.371 -78.264
43.371 -78.251
43.369 -78.234
43.371 -78.204
43.372 -78.191
43.374 -78.164
43.375 -78.157
43.375 -78.154
43.376 -78.145
43.376 -78.142
43.376 -78.133
43.376 -78.115
43.376 -78.105
43.375 -78.103
43.374 -78.093
43.373 -78.08
43.372 -78.076
43.372 -78.075
43.37 -78.054
43.368 -78.036
43.368 -78.033
43.367 -78.024
43.365 -77.995
43.369 -77.976
43.369 -77.971
43.369 -77.97
43.368 -77.965
43.363 -77.953
43.357 -77.923
43.357 -77.905
43.354 -77.891
43.35 -77.875
43.344 -77.817
43.342 -77.809
43.34 -77.797
43.339 -77.785
43.34 -77.774
43.341 -77.76
43.337 -77.757
43.335 -77.748
43.33 -77.731
43.324 -77.714
43.308 -77.701
43.307 -77.699
43.298 -77.684
43.294 -77.678
43.283 -77.66
43.28 -77.655
43.279 -77.654
43.276 -77.644
43.275 -77.641
43.275 -77.639
43.271 -77.628
43.268 -77.622
43.258 -77.604
43.257 -77.602
43.251 -77.591
43.243 -77.577
43.236 -77.551
43.236 -77.55
43.235 -77.534
43.239 -77.525
43.246 -77.51
43.247 -77.507
43.25 -77.501
43.255 -77.477
43.258 -77.464
43.26 -77.457
43.26 -77.456
43.262 -77.452
43.266 -77.437
43.268 -77.425
43.269 -77.415
43.273 -77.401
43.276 -77.391
43.277 -77.385
43.278 -77.375
43.28 -77.345
43.281 -77.341
43.281 -77.315
43.28 -77.311
43.278 -77.304
43.278 -77.29
43.278 -77.283
43.278 -77.277
43.277 -77.264
43.279 -77.252
43.279 -77.249
43.281 -77.24
43.284 -77.214
43.284 -77.208
43.283 -77.196
43.282 -77.187
43.282 -77.184
43.282 -77.174
43.282 -77.173
43.282 -77.17
43.288 -77.143
43.287 -77.139
43.286 -77.134
43.286 -77.132
43.286 -77.131
43.286 -77.13
43.286 -77.129
43.287 -77.119
43.288 -77.112
43.286 -77.097
43.285 -77.094
43.284 -77.087
43.282 -77.074
43.281 -77.067
43.277 -77.053
43.275 -77.046
43.271 -77.034
43.271 -77.024
43.271 -77.009
43.271 -77
43.275 -76.988
43.273 -76.981
43.273 -76.975
43.271 -76.964
43.271 -76.963
43.27 -76.958
43.271 -76.953
43.271 -76.952
43.278 -76.937
43.285 -76.922
43.291 -76.906
43.292 -76.904
43.294 -76.887
43.294 -76.885
43.293 -76.877
43.298 -76.855
43.305 -76.842
43.306 -76.833
43.308 -76.808
43.31 -76.795
43.314 -76.781
43.318 -76.771
43.318 -76.77
43.318 -76.769
43.323 -76.761
43.324 -76.759
43.331 -76.747
43.341 -76.734
43.343 -76.732
43.343 -76.731
43.344 -76.723
43.344 -76.72
43.344 -76.717
43.344 -76.715
43.344 -76.703
43.344 -76.702
43.344 -76.701
43.344 -76.698
43.352 -76.686
43.353 -76.685
43.353 -76.684
43.354 -76.684
43.367 -76.67
43.401 -76.643
43.413 -76.631
43.419 -76.617
43.423 -76.607
43.449 -76.563
43.458 -76.538
43.459 -76.536
43.46 -76.532
43.464 -76.528
43.468 -76.522
43.469 -76.522
43.471 -76.516
43.469 -76.507
43.475 -76.487
43.482 -76.481
43.493 -76.472
43.509 -76.437
43.521 -76.418
43.523 -76.411
43.526 -76.371
43.526 -76.369
43.513 -76.345
43.512 -76.331
43.513 -76.297
43.521 -76.27
43.525 -76.26
43.528 -76.24
43.529 -76.236
43.533 -76.229
43.545 -76.218
43.56 -76.21
43.575 -76.203
43.6 -76.199
43.614 -76.198
43.63 -76.198
43.646 -76.197
43.649 -76.197
43.65 -76.197
43.68 -76.201
43.719 -76.205
43.722 -76.206
43.724 -76.207
43.754 -76.213
43.761 -76.216
43.784 -76.223
43.797 -76.227
43.804 -76.229
43.805 -76.23
43.806 -76.231
43.811 -76.236
43.826 -76.25
43.838 -76.267
43.841 -76.278
43.844 -76.283
43.851 -76.284
43.859 -76.283
43.863 -76.276
43.869 -76.269
43.873 -76.262
43.876 -76.25
43.878 -76.243
43.877 -76.235
43.875 -76.227
43.867 -76.219
43.865 -76.203
43.865 -76.202
43.869 -76.193
43.878 -76.181
43.888 -76.158
43.889 -76.146
43.893 -76.133
43.898 -76.127
43.904 -76.126
43.913 -76.125
43.932 -76.13
43.933 -76.13
43.94 -76.134
43.946 -76.134
43.955 -76.134
43.956 -76.135
43.962 -76.139
43.965 -76.146
43.965 -76.147
43.962 -76.17
43.965 -76.174
43.971 -76.185
43.971 -76.186
43.977 -76.208
43.983 -76.228
43.978 -76.237
43.976 -76.244
43.976 -76.252
43.976 -76.258
43.978 -76.264
43.981 -76.269
43.987 -76.269
43.996 -76.267
44.001 -76.27
44.009 -76.282
44.011 -76.288
44.013 -76.297
44.018 -76.299
44.023 -76.3
44.031 -76.3
44.045 -76.297
44.057 -76.301
44.059 -76.304
44.071 -76.36
44.088 -76.361
44.1 -76.367
44.112 -76.364
44.123 -76.358
44.133 -76.356
44.137 -76.352
44.199 -76.313
44.204 -76.287
44.204 -76.265
44.204 -76.25
44.204 -76.245
44.215 -76.207
44.217 -76.202
44.221 -76.191
44.24 -76.164
44.281 -76.162
44.297 -76.131
44.295 -76.128
44.295 -76.127
44.295 -76.118
44.298 -76.112
44.3 -76.097
44.316 -76.071
44.332 -76.045
44.344 -76.008
44.348 -76.001
44.347 -75.983
44.347 -75.982
44.347 -75.98
44.347 -75.978
44.346 -75.975
44.344 -75.973
44.343 -75.97
44.349 -75.95
44.355 -75.94
44.36 -75.929
44.366 -75.922
44.368 -75.913
44.395 -75.871
44.403 -75.86
44.432 -75.821
44.461 -75.811
44.472 -75.808
44.516 -75.766
44.535 -75.738
44.543 -75.727
44.568 -75.697
44.592 -75.662
44.593 -75.661
44.601 -75.648
44.619 -75.62
44.62 -75.618
44.626 -75.61
44.635 -75.598
44.649 -75.581
44.691 -75.524
44.694 -75.521
44.704 -75.508
44.705 -75.506
44.707 -75.502
44.708 -75.5
44.719 -75.48
44.72 -75.478
44.73 -75.463
44.733 -75.458
44.743 -75.444
44.756 -75.424
44.769 -75.414
44.773 -75.397
44.78 -75.387
44.783 -75.372
44.786 -75.37
44.789 -75.366
44.806 -75.347
44.806 -75.334
44.825 -75.307
44.826 -75.306
44.837 -75.308
44.849 -75.283
44.855 -75.268
44.858 -75.256
44.864 -75.246
44.867 -75.241
44.868 -75.229
44.876 -75.219
44.878 -75.203
44.881 -75.196
44.883 -75.188
44.893 -75.165
44.9 -75.143
44.909 -75.136
44.912 -75.134
44.918 -75.12
44.92 -75.11
44.921 -75.105
44.927 -75.097
44.93 -75.069
44.93 -75.066
44.935 -75.06
44.947 -75.027
44.953 -75.015
44.958 -75.005
44.966 -75
44.972 -74.999
44.977 -74.993
44.983 -74.972
44.985 -74.947
44.984 -74.939
44.983 -74.908
44.993 -74.901
45 -74.888
45.001 -74.877
45.001 -74.869
45.002 -74.865
45.003 -74.862
45.005 -74.857
45.005 -74.856
45.005 -74.854
45.01 -74.846
45.015 -74.835
45.016 -74.827
45.013 -74.82
45.014 -74.813
45.011 -74.805
45.009 -74.799
45.005 -74.793
45.004 -74.769
44.995 -74.76
44.994 -74.757
44.991 -74.745
44.99 -74.731
44.995 -74.726
44.998 -74.723
45.003 -74.702
45 -74.684
45 -74.678
45.001 -74.673
45.002 -74.667
45 -74.661
44.999 -74.647
44.999 -74.572
44.999 -74.549
44.998 -74.508
44.997 -74.458
44.997 -74.448
44.996 -74.442
44.992 -74.343
44.992 -74.335
44.992 -74.332
44.992 -74.275
44.992 -74.243
44.992 -74.239
44.992 -74.234
44.992 -74.207
44.992 -74.147
44.992 -74.145
44.996 -74.027
45.001 -73.875
45.002 -73.815
45.003 -73.763
45.003 -73.675
45.003 -73.652
45.003 -73.64
45.006 -73.56
45.007 -73.53
45.007 -73.519
45.009 -73.453
45.009 -73.437
45.01 -73.411
45.01 -73.388
45.01 -73.367
45.011 -73.357
45.011 -73.352
45.011 -73.343
segment New York
41.287 -71.944
41.29 -71.927
41.281 -71.935
41.276 -71.946
41.271 -71.963
41.265 -71.979
41.256 -71.995
41.255 -71.997
41.253 -72.001
41.253 -72.002
41.253 -72.003
41.25 -72.037
41.255 -72.035
41.263 -72.029
41.267 -72.026
41.271 -72.024
41.271 -72.023
41.274 -72.019
41.274 -72.009
41.273 -72.007
41.28 -71.993
41.281 -71.991
41.28 -71.98
41.282 -71.97
41.283 -71.963
41.285 -71.953
41.287 -71.944
segment New York
41.094 -72.081
41.076 -72.084
41.07 -72.085
41.062 -72.086
41.058 -72.087
41.054 -72.096
41.055 -72.097
41.076 -72.097
41.086 -72.103
41.089 -72.106
41.093 -72.121
41.092 -72.139
41.094 -72.142
41.098 -72.143
41.101 -72.141
41.104 -72.132
41.108 -72.128
41.115 -72.127
41.112 -72.116
41.107 -72.103
41.107 -72.1
41.102 -72.084
41.101 -72.084
41.094 -72.081
segment New York
40.885 -73.767
40.883 -73.767
40.881 -73.766
40.88 -73.767
40.879 -73.771
40.882 -73.775
40.884 -73.775
40.885 -73.773
40.887 -73.772
40.888 -73.771
40.888 -73.768
40.887 -73.767
40.886 -73.767
40.885 -73.767
segment New York
40.859 -73.773
40.86 -73.771
40.857 -73.766
40.854 -73.765
40.845 -73.766
40.845 -73.77
40.848 -73.773
40.855 -73.774
40.859 -73.773
segment New York
40.697 -74.043
40.7 -74.041
40.7 -74.04
40.701 -74.04
40.7 -74.039
40.699 -74.038
40.695 -74.04
40.69 -74.043
40.688 -74.044
40.689 -74.046
40.69 -74.047
40.691 -74.047
40.697 -74.043
segment New York
40.648 -74.088
40.649 -74.086
40.648 -74.076
40.647 -74.075
40.646 -74.074
40.643 -74.071
40.642 -74.071
40.641 -74.07
40.634 -74.069
40.624 -74.068
40.617 -74.063
40.616 -74.063
40.612 -74.06
40.609 -74.058
40.608 -74.057
40.604 -74.053
40.594 -74.059
40.584 -74.068
40.57 -74.087
40.567 -74.09
40.567 -74.091
40.566 -74.091
40.563 -74.095
40.561 -74.097
40.547 -74.111
40.548 -74.113
40.546 -74.116
40.543 -74.122
40.538 -74.128
40.53 -74.137
40.534 -74.14
40.534 -74.142
40.535 -74.144
40.534 -74.149
40.534 -74.15
40.531 -74.155
40.529 -74.157
40.529 -74.158
40.527 -74.16
40.527 -74.161
40.524 -74.168
40.52 -74.178
40.521 -74.182
40.52 -74.183
40.515 -74.194
40.513 -74.197
40.512 -74.199
40.512 -74.2
40.51 -74.21
40.509 -74.21
40.503 -74.219
40.503 -74.22
40.502 -74.222
40.502 -74.223
40.502 -74.228
40.501 -74.233
40.5 -74.236
40.5 -74.237
40.499 -74.238
40.499 -74.24
40.498 -74.241
40.496 -74.247
40.497 -74.25
40.502 -74.255
40.508 -74.256
40.512 -74.254
40.513 -74.253
40.514 -74.253
40.514 -74.252
40.515 -74.251
40.521 -74.243
40.522 -74.243
40.525 -74.242
40.531 -74.242
40.543 -74.247
40.543 -74.248
40.547 -74.243
40.55 -74.237
40.552 -74.234
40.555 -74.229
40.555 -74.223
40.555 -74.218
40.555 -74.217
40.556 -74.216
40.558 -74.214
40.561 -74.211
40.571 -74.208
40.579 -74.206
40.589 -74.204
40.597 -74.197
40.602 -74.195
40.616 -74.196
40.617 -74.201
40.62 -74.202
40.631 -74.201
40.636 -74.196
40.64 -74.191
40.642 -74.189
40.643 -74.187
40.643 -74.186
40.646 -74.18
40.645 -74.174
40.643 -74.171
40.642 -74.17
40.641 -74.163
40.641 -74.162
40.639 -74.153
40.64 -74.143
40.64 -74.14
40.64 -74.139
40.641 -74.131
40.642 -74.12
40.643 -74.114
40.644 -74.112
40.644 -74.111
40.645 -74.107
40.645 -74.105
40.646 -74.102
40.648 -74.088
