segment North Dakota
49.001 -97.776
49.001 -97.688
49.001 -97.557
49.001 -97.447
49.001 -97.425
49.001 -97.411
49.001 -97.39
49.001 -97.229
48.997 -97.231
48.996 -97.231
48.995 -97.231
48.993 -97.23
48.991 -97.231
48.989 -97.234
48.986 -97.237
48.983 -97.238
48.975 -97.238
48.974 -97.238
48.969 -97.239
48.967 -97.239
48.965 -97.238
48.965 -97.237
48.964 -97.234
48.964 -97.232
48.962 -97.231
48.961 -97.231
48.959 -97.231
48.958 -97.231
48.951 -97.232
48.949 -97.232
48.947 -97.229
48.946 -97.228
48.944 -97.227
48.943 -97.227
48.939 -97.226
48.934 -97.225
48.933 -97.221
48.932 -97.219
48.93 -97.218
48.928 -97.217
48.925 -97.219
48.922 -97.219
48.92 -97.218
48.918 -97.213
48.917 -97.211
48.914 -97.211
48.91 -97.213
48.908 -97.213
48.904 -97.211
48.903 -97.208
48.9 -97.199
48.898 -97.198
48.894 -97.198
48.892 -97.199
48.891 -97.2
48.889 -97.199
48.887 -97.198
48.886 -97.198
48.885 -97.198
48.882 -97.199
48.88 -97.198
48.879 -97.196
48.876 -97.19
48.875 -97.188
48.873 -97.186
48.872 -97.186
48.868 -97.187
48.866 -97.187
48.865 -97.185
48.864 -97.183
48.864 -97.182
48.862 -97.18
48.857 -97.179
48.853 -97.176
48.85 -97.176
48.849 -97.176
48.848 -97.177
48.846 -97.177
48.845 -97.176
48.843 -97.174
48.84 -97.174
48.838 -97.174
48.837 -97.174
48.837 -97.175
48.836 -97.176
48.834 -97.18
48.833 -97.181
48.829 -97.181
48.826 -97.178
48.825 -97.178
48.824 -97.178
48.821 -97.179
48.818 -97.18
48.816 -97.179
48.814 -97.177
48.812 -97.174
48.811 -97.171
48.811 -97.169
48.81 -97.166
48.808 -97.165
48.807 -97.165
48.805 -97.166
48.804 -97.166
48.801 -97.165
48.8 -97.164
48.797 -97.164
48.795 -97.164
48.793 -97.163
48.792 -97.161
48.791 -97.158
48.79 -97.157
48.788 -97.158
48.784 -97.158
48.783 -97.157
48.783 -97.156
48.782 -97.154
48.781 -97.153
48.778 -97.154
48.777 -97.155
48.776 -97.155
48.775 -97.155
48.773 -97.154
48.773 -97.153
48.766 -97.147
48.764 -97.147
48.761 -97.149
48.757 -97.151
48.756 -97.151
48.755 -97.15
48.751 -97.143
48.747 -97.139
48.74 -97.14
48.738 -97.14
48.737 -97.139
48.735 -97.136
48.735 -97.135
48.733 -97.135
48.73 -97.135
48.729 -97.136
48.728 -97.136
48.726 -97.136
48.725 -97.134
48.721 -97.126
48.719 -97.124
48.717 -97.123
48.714 -97.121
48.709 -97.116
48.705 -97.117
48.704 -97.118
48.703 -97.119
48.701 -97.118
48.691 -97.109
48.69 -97.105
48.688 -97.099
48.686 -97.098
48.685 -97.097
48.684 -97.098
48.683 -97.099
48.681 -97.1
48.68 -97.101
48.671 -97.1
48.668 -97.1
48.667 -97.102
48.665 -97.103
48.663 -97.102
48.662 -97.101
48.659 -97.101
48.656 -97.102
48.654 -97.105
48.653 -97.106
48.648 -97.108
48.645 -97.111
48.643 -97.112
48.639 -97.11
48.634 -97.108
48.633 -97.108
48.631 -97.11
48.63 -97.112
48.63 -97.115
48.631 -97.121
48.63 -97.125
48.629 -97.126
48.627 -97.126
48.625 -97.124
48.623 -97.124
48.622 -97.125
48.621 -97.126
48.621 -97.128
48.621 -97.13
48.619 -97.131
48.618 -97.131
48.617 -97.131
48.614 -97.131
48.613 -97.133
48.613 -97.136
48.612 -97.138
48.609 -97.138
48.607 -97.137
48.604 -97.138
48.601 -97.14
48.6 -97.141
48.598 -97.143
48.597 -97.144
48.595 -97.144
48.593 -97.142
48.591 -97.142
48.584 -97.143
48.582 -97.144
48.581 -97.145
48.581 -97.148
48.58 -97.15
48.577 -97.15
48.575 -97.149
48.572 -97.149
48.57 -97.15
48.568 -97.152
48.567 -97.154
48.566 -97.157
48.564 -97.159
48.56 -97.159
48.559 -97.158
48.557 -97.157
48.557 -97.156
48.556 -97.154
48.554 -97.152
48.552 -97.152
48.551 -97.153
48.551 -97.156
48.549 -97.161
48.548 -97.162
48.547 -97.163
48.544 -97.163
48.542 -97.161
48.542 -97.16
48.541 -97.16
48.539 -97.154
48.537 -97.15
48.534 -97.149
48.532 -97.149
48.531 -97.15
48.529 -97.152
48.524 -97.153
48.52 -97.152
48.512 -97.15
48.503 -97.148
48.502 -97.148
48.5 -97.146
48.497 -97.14
48.496 -97.14
48.494 -97.139
48.491 -97.139
48.486 -97.139
48.485 -97.14
48.483 -97.144
48.482 -97.145
48.479 -97.145
48.478 -97.143
48.477 -97.142
48.476 -97.141
48.475 -97.142
48.474 -97.144
48.469 -97.144
48.466 -97.143
48.464 -97.142
48.463 -97.139
48.461 -97.134
48.46 -97.133
48.456 -97.133
48.452 -97.134
48.449 -97.137
48.448 -97.138
48.444 -97.138
48.444 -97.137
48.443 -97.136
48.442 -97.135
48.44 -97.134
48.436 -97.135
48.435 -97.136
48.433 -97.138
48.432 -97.139
48.431 -97.139
48.428 -97.138
48.427 -97.136
48.426 -97.136
48.424 -97.136
48.422 -97.137
48.422 -97.138
48.42 -97.142
48.419 -97.143
48.418 -97.143
48.417 -97.142
48.416 -97.139
48.416 -97.138
48.412 -97.136
48.407 -97.135
48.404 -97.136
48.399 -97.14
48.397 -97.144
48.396 -97.145
48.394 -97.146
48.389 -97.145
48.386 -97.144
48.384 -97.141
48.383 -97.141
48.382 -97.14
48.38 -97.14
48.377 -97.141
48.374 -97.142
48.371 -97.144
48.371 -97.146
48.37 -97.146
48.369 -97.147
48.367 -97.148
48.36 -97.148
48.355 -97.144
48.354 -97.144
48.354 -97.141
48.353 -97.14
48.352 -97.138
48.351 -97.137
48.349 -97.138
48.347 -97.138
48.345 -97.138
48.344 -97.137
48.341 -97.132
48.34 -97.131
48.336 -97.132
48.331 -97.135
48.329 -97.135
48.328 -97.134
48.328 -97.132
48.328 -97.131
48.327 -97.128
48.326 -97.127
48.323 -97.128
48.321 -97.13
48.32 -97.131
48.318 -97.132
48.315 -97.132
48.313 -97.132
48.312 -97.131
48.311 -97.13
48.31 -97.127
48.309 -97.126
48.306 -97.126
48.304 -97.126
48.302 -97.123
48.301 -97.122
48.299 -97.123
48.299 -97.125
48.298 -97.127
48.298 -97.129
48.296 -97.129
48.293 -97.129
48.292 -97.127
48.292 -97.125
48.29 -97.122
48.283 -97.118
48.281 -97.117
48.28 -97.117
48.279 -97.117
48.271 -97.124
48.27 -97.125
48.269 -97.13
48.268 -97.132
48.266 -97.132
48.265 -97.131
48.265 -97.129
48.263 -97.127
48.261 -97.127
48.26 -97.128
48.259 -97.129
48.258 -97.13
48.257 -97.129
48.256 -97.129
48.254 -97.128
48.253 -97.127
48.251 -97.128
48.25 -97.129
48.25 -97.133
48.246 -97.138
48.245 -97.139
48.242 -97.139
48.241 -97.138
48.239 -97.136
48.238 -97.136
48.237 -97.138
48.236 -97.14
48.235 -97.141
48.232 -97.141
48.23 -97.139
48.229 -97.136
48.228 -97.136
48.227 -97.136
48.226 -97.136
48.225 -97.138
48.223 -97.138
48.222 -97.138
48.221 -97.136
48.219 -97.135
48.218 -97.135
48.217 -97.135
48.215 -97.137
48.213 -97.137
48.212 -97.136
48.21 -97.134
48.208 -97.135
48.206 -97.138
48.205 -97.139
48.203 -97.139
48.201 -97.139
48.198 -97.138
48.194 -97.141
48.193 -97.142
48.186 -97.146
48.185 -97.146
48.183 -97.145
48.183 -97.143
48.182 -97.142
48.179 -97.141
48.178 -97.142
48.177 -97.142
48.174 -97.145
48.171 -97.147
48.169 -97.147
48.162 -97.144
48.16 -97.142
48.159 -97.14
48.158 -97.139
48.155 -97.139
48.153 -97.139
48.151 -97.14
48.148 -97.142
48.145 -97.142
48.144 -97.141
48.143 -97.139
48.142 -97.134
48.14 -97.132
48.138 -97.133
48.136 -97.132
48.133 -97.129
48.127 -97.128
48.124 -97.127
48.117 -97.122
48.115 -97.121
48.113 -97.121
48.112 -97.121
48.109 -97.123
48.108 -97.124
48.107 -97.123
48.105 -97.12
48.106 -97.113
48.106 -97.111
48.105 -97.11
48.1 -97.108
48.098 -97.105
48.096 -97.104
48.095 -97.104
48.094 -97.104
48.093 -97.105
48.091 -97.106
48.09 -97.105
48.089 -97.102
48.086 -97.1
48.082 -97.099
48.077 -97.101
48.075 -97.104
48.073 -97.105
48.072 -97.104
48.072 -97.103
48.071 -97.098
48.063 -97.091
48.058 -97.087
48.058 -97.086
48.057 -97.085
48.056 -97.083
48.055 -97.08
48.053 -97.076
48.052 -97.075
48.051 -97.074
48.048 -97.072
48.047 -97.072
48.042 -97.07
48.028 -97.069
48.026 -97.069
48.021 -97.072
48.02 -97.072
48.019 -97.072
48.018 -97.071
48.017 -97.071
48.016 -97.069
48.016 -97.065
48.015 -97.063
48.013 -97.063
48.011 -97.065
48.01 -97.067
47.999 -97.064
47.998 -97.064
47.996 -97.062
47.993 -97.055
47.992 -97.054
47.991 -97.053
47.99 -97.053
47.988 -97.054
47.981 -97.056
47.975 -97.059
47.974 -97.059
47.97 -97.057
47.969 -97.058
47.966 -97.062
47.964 -97.062
47.964 -97.061
47.962 -97.059
47.96 -97.054
47.957 -97.052
47.955 -97.053
47.951 -97.055
47.95 -97.055
47.949 -97.056
47.946 -97.055
47.943 -97.051
47.941 -97.045
47.941 -97.039
47.94 -97.039
47.939 -97.036
47.937 -97.036
47.933 -97.037
47.93 -97.036
47.928 -97.03
47.927 -97.029
47.925 -97.025
47.924 -97.025
47.92 -97.018
47.918 -97.018
47.916 -97.024
47.915 -97.021
47.913 -97.017
47.91 -97.015
47.907 -97.015
47.906 -97.017
47.906 -97.02
47.908 -97.024
47.908 -97.025
47.905 -97.024
47.902 -97.02
47.9 -97.02
47.898 -97.024
47.895 -97.025
47.891 -97.019
47.89 -97.019
47.887 -97.025
47.884 -97.025
47.882 -97.023
47.88 -97.019
47.878 -97.018
47.877 -97.019
47.875 -97.023
47.874 -97.023
47.873 -97.021
47.872 -97.017
47.871 -97.016
47.87 -97.005
47.869 -97.002
47.867 -97.002
47.866 -97.003
47.865 -97.006
47.864 -97.006
47.861 -97.002
47.861 -97
47.86 -97
47.859 -96.998
47.855 -96.997
47.854 -96.997
47.848 -96.997
47.846 -96.996
47.844 -96.996
47.843 -96.998
47.842 -96.998
47.838 -96.993
47.838 -96.987
47.83 -96.982
47.829 -96.982
47.827 -96.982
47.826 -96.982
47.825 -96.981
47.825 -96.979
47.822 -96.979
47.821 -96.98
47.82 -96.981
47.816 -96.98
47.812 -96.978
47.81 -96.979
47.808 -96.981
47.807 -96.981
47.806 -96.981
47.802 -96.976
47.8 -96.976
47.798 -96.975
47.798 -96.974
47.798 -96.972
47.797 -96.966
47.795 -96.964
47.792 -96.958
47.791 -96.957
47.79 -96.957
47.789 -96.962
47.787 -96.964
47.785 -96.965
47.783 -96.965
47.783 -96.964
47.783 -96.963
47.783 -96.962
47.781 -96.959
47.78 -96.957
47.776 -96.957
47.775 -96.95
47.773 -96.946
47.768 -96.939
47.765 -96.937
47.762 -96.938
47.76 -96.938
47.759 -96.937
47.758 -96.936
47.757 -96.933
47.755 -96.933
47.755 -96.934
47.753 -96.934
47.752 -96.934
47.75 -96.929
47.748 -96.929
47.745 -96.929
47.743 -96.929
47.74 -96.933
47.739 -96.933
47.737 -96.933
47.734 -96.931
47.729 -96.925
47.725 -96.919
47.724 -96.919
47.723 -96.919
47.72 -96.923
47.718 -96.924
47.718 -96.923
47.717 -96.92
47.714 -96.92
47.712 -96.92
47.71 -96.92
47.709 -96.917
47.708 -96.916
47.707 -96.915
47.705 -96.914
47.704 -96.915
47.702 -96.915
47.702 -96.914
47.701 -96.914
47.702 -96.913
47.701 -96.912
47.7 -96.912
47.697 -96.91
47.695 -96.908
47.694 -96.907
47.693 -96.908
47.691 -96.91
47.69 -96.91
47.689 -96.909
47.688 -96.907
47.689 -96.905
47.692 -96.903
47.692 -96.902
47.691 -96.9
47.689 -96.899
47.675 -96.897
47.674 -96.895
47.673 -96.893
47.673 -96.892
47.672 -96.891
47.671 -96.89
47.669 -96.89
47.666 -96.887
47.664 -96.886
47.663 -96.886
47.662 -96.886
47.659 -96.887
47.659 -96.888
47.658 -96.888
47.653 -96.887
47.65 -96.883
47.649 -96.882
47.645 -96.883
47.642 -96.883
47.641 -96.883
47.641 -96.884
47.641 -96.885
47.64 -96.888
47.638 -96.889
47.633 -96.882
47.626 -96.881
47.621 -96.879
47.619 -96.876
47.618 -96.871
47.617 -96.871
47.615 -96.874
47.614 -96.874
47.613 -96.865
47.612 -96.86
47.611 -96.857
47.609 -96.856
47.609 -96.855
47.606 -96.855
47.602 -96.857
47.601 -96.856
47.6 -96.854
47.598 -96.853
47.597 -96.853
47.596 -96.854
47.595 -96.855
47.593 -96.853
47.591 -96.852
47.589 -96.851
47.585 -96.852
47.582 -96.853
47.579 -96.853
47.579 -96.854
47.576 -96.856
47.573 -96.856
47.572 -96.854
47.57 -96.854
47.568 -96.857
47.567 -96.859
47.566 -96.859
47.565 -96.859
47.564 -96.858
47.564 -96.857
47.563 -96.857
47.562 -96.857
47.56 -96.859
47.559 -96.859
47.557 -96.858
47.555 -96.856
47.555 -96.855
47.552 -96.854
47.55 -96.854
47.549 -96.856
47.548 -96.857
47.547 -96.856
47.545 -96.854
47.544 -96.854
47.543 -96.855
47.542 -96.855
47.54 -96.857
47.538 -96.856
47.537 -96.855
47.536 -96.855
47.53 -96.861
47.529 -96.862
47.528 -96.865
47.526 -96.866
47.525 -96.866
47.52 -96.864
47.517 -96.863
47.516 -96.861
47.515 -96.858
47.515 -96.857
47.515 -96.856
47.514 -96.854
47.514 -96.853
47.512 -96.853
47.511 -96.853
47.51 -96.852
47.509 -96.851
47.508 -96.852
47.507 -96.853
47.504 -96.853
47.501 -96.853
47.499 -96.852
47.498 -96.852
47.497 -96.852
47.496 -96.853
47.494 -96.856
47.493 -96.857
47.493 -96.858
47.491 -96.859
47.49 -96.859
47.488 -96.856
47.487 -96.856
47.486 -96.856
47.485 -96.858
47.484 -96.859
47.483 -96.859
47.482 -96.859
47.482 -96.858
47.481 -96.857
47.48 -96.855
47.478 -96.855
47.476 -96.856
47.474 -96.858
47.473 -96.859
47.471 -96.86
47.467 -96.86
47.464 -96.858
47.463 -96.857
47.46 -96.857
47.459 -96.86
47.457 -96.86
47.456 -96.86
47.456 -96.859
47.454 -96.858
47.453 -96.858
47.452 -96.859
47.446 -96.86
47.443 -96.858
47.442 -96.857
47.44 -96.857
47.438 -96.859
47.437 -96.86
47.436 -96.86
47.433 -96.859
47.43 -96.861
47.429 -96.861
47.428 -96.861
47.427 -96.86
47.426 -96.859
47.424 -96.86
47.422 -96.863
47.421 -96.864
47.42 -96.864
47.419 -96.864
47.418 -96.861
47.417 -96.861
47.415 -96.862
47.414 -96.862
47.411 -96.859
47.411 -96.858
47.41 -96.858
47.409 -96.853
47.408 -96.853
47.406 -96.853
47.405 -96.85
47.403 -96.848
47.4 -96.845
47.396 -96.846
47.394 -96.845
47.393 -96.842
47.392 -96.842
47.391 -96.841
47.39 -96.841
47.384 -96.841
47.382 -96.845
47.382 -96.846
47.379 -96.846
47.377 -96.847
47.375 -96.849
47.375 -96.853
47.373 -96.854
47.372 -96.852
47.371 -96.849
47.37 -96.849
47.369 -96.849
47.368 -96.85
47.367 -96.852
47.366 -96.852
47.364 -96.849
47.362 -96.849
47.36 -96.849
47.358 -96.848
47.357 -96.847
47.356 -96.845
47.356 -96.844
47.354 -96.843
47.354 -96.844
47.349 -96.845
47.346 -96.844
47.341 -96.841
47.339 -96.837
47.336 -96.836
47.332 -96.839
47.332 -96.838
47.331 -96.838
47.33 -96.837
47.33 -96.836
47.329 -96.835
47.326 -96.835
47.325 -96.836
47.324 -96.837
47.323 -96.836
47.321 -96.836
47.32 -96.836
47.319 -96.837
47.318 -96.839
47.318 -96.841
47.317 -96.842
47.312 -96.843
47.312 -96.841
47.311 -96.837
47.311 -96.836
47.307 -96.833
47.304 -96.833
47.297 -96.84
47.293 -96.844
47.291 -96.844
47.29 -96.844
47.284 -96.841
47.277 -96.84
47.276 -96.84
47.275 -96.84
47.274 -96.842
47.273 -96.842
47.27 -96.843
47.269 -96.84
47.268 -96.839
47.266 -96.84
47.265 -96.842
47.264 -96.843
47.263 -96.843
47.263 -96.841
47.262 -96.841
47.261 -96.841
47.259 -96.841
47.258 -96.842
47.257 -96.841
47.256 -96.84
47.255 -96.84
47.254 -96.84
47.254 -96.841
47.253 -96.84
47.253 -96.839
47.25 -96.835
47.248 -96.835
47.246 -96.835
47.245 -96.837
47.244 -96.837
47.243 -96.838
47.242 -96.838
47.241 -96.838
47.24 -96.836
47.238 -96.833
47.236 -96.833
47.235 -96.833
47.234 -96.835
47.234 -96.836
47.232 -96.838
47.229 -96.837
47.227 -96.836
47.225 -96.839
47.224 -96.839
47.223 -96.839
47.222 -96.838
47.221 -96.836
47.219 -96.836
47.217 -96.836
47.216 -96.837
47.214 -96.834
47.213 -96.834
47.211 -96.833
47.21 -96.834
47.208 -96.835
47.207 -96.835
47.206 -96.833
47.205 -96.832
47.204 -96.833
47.201 -96.838
47.2 -96.839
47.198 -96.839
47.196 -96.838
47.195 -96.837
47.194 -96.833
47.192 -96.831
47.191 -96.831
47.188 -96.833
47.188 -96.832
47.187 -96.832
47.186 -96.831
47.185 -96.83
47.184 -96.829
47.184 -96.828
47.183 -96.827
47.182 -96.827
47.18 -96.827
47.177 -96.829
47.176 -96.83
47.175 -96.83
47.174 -96.828
47.172 -96.825
47.171 -96.824
47.17 -96.824
47.167 -96.824
47.166 -96.823
47.165 -96.822
47.163 -96.822
47.161 -96.824
47.16 -96.825
47.159 -96.825
47.158 -96.823
47.157 -96.823
47.157 -96.822
47.156 -96.823
47.155 -96.826
47.154 -96.828
47.151 -96.831
47.15 -96.831
47.149 -96.831
47.149 -96.83
47.148 -96.83
47.147 -96.83
47.145 -96.831
47.144 -96.832
47.142 -96.832
47.142 -96.831
47.14 -96.829
47.137 -96.828
47.135 -96.828
47.133 -96.828
47.132 -96.829
47.13 -96.828
47.129 -96.826
47.127 -96.824
47.125 -96.825
47.123 -96.825
47.123 -96.827
47.121 -96.828
47.12 -96.827
47.116 -96.821
47.114 -96.821
47.112 -96.822
47.111 -96.822
47.11 -96.823
47.109 -96.822
47.108 -96.822
47.107 -96.819
47.106 -96.818
47.104 -96.818
47.103 -96.819
47.101 -96.82
47.099 -96.82
47.099 -96.819
47.098 -96.819
47.093 -96.818
47.091 -96.82
47.09 -96.821
47.09 -96.82
47.088 -96.819
47.084 -96.821
47.082 -96.82
47.081 -96.819
47.078 -96.819
47.076 -96.822
47.074 -96.821
47.073 -96.821
47.073 -96.822
47.072 -96.824
47.071 -96.824
47.066 -96.823
47.064 -96.822
47.063 -96.821
47.062 -96.822
47.061 -96.824
47.06 -96.824
47.056 -96.823
47.054 -96.82
47.053 -96.819
47.047 -96.819
47.041 -96.821
47.04 -96.821
47.038 -96.819
47.037 -96.819
47.036 -96.819
47.034 -96.819
47.033 -96.82
47.033 -96.821
47.032 -96.822
47.031 -96.821
47.03 -96.821
47.028 -96.819
47.027 -96.818
47.025 -96.819
47.023 -96.826
47.022 -96.829
47.016 -96.833
47.015 -96.832
47.01 -96.834
47.009 -96.835
47.008 -96.835
47.007 -96.834
47.006 -96.834
47.004 -96.832
47.002 -96.827
47.002 -96.826
47 -96.823
46.998 -96.823
46.997 -96.824
46.996 -96.824
46.993 -96.825
46.99 -96.823
46.978 -96.82
46.977 -96.82
46.971 -96.822
46.969 -96.822
46.967 -96.82
46.964 -96.81
46.966 -96.803
46.966 -96.802
46.966 -96.801
46.964 -96.799
46.962 -96.799
46.961 -96.799
46.959 -96.8
46.954 -96.8
46.953 -96.799
46.949 -96.799
46.947 -96.799
46.947 -96.798
46.946 -96.798
46.946 -96.796
46.946 -96.793
46.944 -96.792
46.942 -96.791
46.938 -96.79
46.934 -96.792
46.931 -96.792
46.93 -96.791
46.929 -96.79
46.929 -96.788
46.929 -96.787
46.926 -96.786
46.926 -96.785
46.925 -96.783
46.928 -96.78
46.93 -96.777
46.931 -96.775
46.935 -96.763
46.935 -96.762
46.933 -96.76
46.932 -96.76
46.929 -96.762
46.928 -96.762
46.927 -96.762
46.926 -96.76
46.924 -96.761
46.922 -96.761
46.921 -96.761
46.92 -96.759
46.919 -96.759
46.918 -96.759
46.918 -96.761
46.917 -96.763
46.913 -96.764
46.909 -96.764
46.907 -96.765
46.905 -96.766
46.905 -96.767
46.907 -96.77
46.904 -96.774
46.896 -96.777
46.89 -96.775
46.886 -96.774
46.885 -96.774
46.884 -96.772
46.885 -96.77
46.885 -96.768
46.884 -96.767
46.88 -96.768
46.878 -96.77
46.877 -96.771
46.879 -96.776
46.88 -96.78
46.879 -96.781
46.877 -96.78
46.876 -96.779
46.874 -96.779
46.873 -96.779
46.868 -96.78
46.868 -96.781
46.867 -96.781
46.865 -96.783
46.864 -96.783
46.863 -96.783
46.862 -96.782
46.86 -96.781
46.859 -96.781
46.858 -96.781
46.856 -96.782
46.855 -96.782
46.854 -96.782
46.853 -96.782
46.852 -96.781
46.852 -96.779
46.851 -96.778
46.85 -96.778
46.849 -96.779
46.848 -96.779
46.847 -96.78
46.845 -96.78
46.844 -96.779
46.842 -96.779
46.841 -96.78
46.841 -96.782
46.841 -96.783
46.84 -96.784
46.839 -96.784
46.837 -96.783
46.836 -96.784
46.834 -96.785
46.833 -96.789
46.832 -96.79
46.831 -96.789
46.829 -96.787
46.828 -96.788
46.827 -96.789
46.828 -96.792
46.822 -96.798
46.82 -96.8
46.815 -96.799
46.813 -96.8
46.812 -96.802
46.812 -96.803
46.81 -96.801
46.809 -96.796
46.808 -96.796
46.807 -96.796
46.804 -96.796
46.803 -96.796
46.8 -96.796
46.797 -96.797
46.796 -96.797
46.792 -96.797
46.79 -96.796
46.789 -96.795
46.788 -96.793
46.786 -96.791
46.784 -96.791
46.781 -96.792
46.781 -96.793
46.779 -96.792
46.778 -96.792
46.778 -96.789
46.776 -96.788
46.775 -96.789
46.773 -96.789
46.771 -96.789
46.769 -96.785
46.768 -96.784
46.767 -96.784
46.766 -96.786
46.764 -96.786
46.764 -96.785
46.763 -96.784
46.761 -96.785
46.761 -96.786
46.76 -96.787
46.758 -96.787
46.757 -96.787
46.755 -96.786
46.753 -96.784
46.75 -96.783
46.749 -96.785
46.747 -96.785
46.746 -96.785
46.745 -96.785
46.744 -96.785
46.743 -96.785
46.741 -96.781
46.737 -96.782
46.733 -96.784
46.73 -96.782
46.73 -96.781
46.729 -96.78
46.727 -96.779
46.723 -96.78
46.72 -96.785
46.716 -96.786
46.715 -96.786
46.713 -96.786
46.708 -96.789
46.704 -96.791
46.703 -96.791
46.7 -96.788
46.696 -96.787
46.693 -96.787
46.691 -96.788
46.688 -96.787
46.688 -96.785
46.687 -96.784
46.686 -96.784
46.685 -96.784
46.682 -96.788
46.68 -96.788
46.678 -96.789
46.677 -96.793
46.675 -96.794
46.674 -96.793
46.672 -96.793
46.669 -96.794
46.667 -96.796
46.665 -96.798
46.658 -96.799
46.653 -96.797
46.649 -96.791
46.642 -96.789
46.639 -96.79
46.637 -96.791
46.633 -96.791
46.632 -96.79
46.631 -96.79
46.63 -96.787
46.63 -96.785
46.629 -96.785
46.629 -96.784
46.627 -96.784
46.625 -96.785
46.622 -96.784
46.621 -96.779
46.62 -96.779
46.619 -96.778
46.618 -96.779
46.617 -96.779
46.616 -96.778
46.615 -96.776
46.615 -96.775
46.613 -96.774
46.612 -96.775
46.609 -96.776
46.607 -96.775
46.606 -96.772
46.604 -96.772
46.601 -96.772
46.6 -96.772
46.598 -96.77
46.598 -96.769
46.598 -96.767
46.595 -96.764
46.594 -96.763
46.593 -96.762
46.592 -96.762
46.59 -96.762
46.589 -96.762
46.587 -96.758
46.586 -96.757
46.584 -96.757
46.583 -96.756
46.583 -96.755
46.583 -96.753
46.582 -96.752
46.579 -96.753
46.578 -96.753
46.576 -96.752
46.576 -96.751
46.576 -96.748
46.574 -96.746
46.566 -96.744
46.563 -96.746
46.561 -96.747
46.56 -96.748
46.558 -96.749
46.556 -96.748
46.555 -96.747
46.551 -96.745
46.55 -96.744
46.548 -96.745
46.546 -96.746
46.545 -96.744
46.544 -96.743
46.543 -96.743
46.542 -96.745
46.541 -96.745
46.54 -96.745
46.54 -96.744
46.539 -96.742
46.537 -96.742
46.536 -96.743
46.535 -96.744
46.533 -96.744
46.529 -96.742
46.526 -96.738
46.518 -96.737
46.513 -96.736
46.509 -96.739
46.509 -96.738
46.506 -96.736
46.505 -96.736
46.501 -96.737
46.501 -96.738
46.5 -96.737
46.498 -96.736
46.498 -96.735
46.497 -96.734
46.494 -96.735
46.49 -96.738
46.488 -96.738
46.486 -96.737
46.485 -96.736
46.485 -96.735
46.484 -96.735
46.482 -96.736
46.481 -96.736
46.48 -96.736
46.479 -96.736
46.479 -96.735
46.476 -96.727
46.475 -96.727
46.474 -96.727
46.473 -96.725
46.473 -96.722
46.472 -96.722
46.471 -96.721
46.47 -96.721
46.468 -96.72
46.467 -96.72
46.464 -96.717
46.463 -96.716
46.459 -96.715
46.457 -96.715
46.456 -96.715
46.454 -96.716
46.453 -96.717
46.452 -96.719
46.451 -96.719
46.45 -96.718
46.449 -96.718
46.448 -96.717
46.447 -96.717
46.446 -96.717
46.445 -96.716
46.442 -96.718
46.44 -96.719
46.438 -96.718
46.436 -96.715
46.436 -96.712
46.435 -96.71
46.435 -96.709
46.433 -96.707
46.432 -96.707
46.43 -96.707
46.43 -96.706
46.43 -96.704
46.429 -96.703
46.429 -96.702
46.427 -96.701
46.426 -96.702
46.425 -96.702
46.424 -96.702
46.423 -96.702
46.421 -96.701
46.421 -96.698
46.42 -96.697
46.418 -96.696
46.417 -96.697
46.416 -96.697
46.414 -96.694
46.414 -96.693
46.413 -96.689
46.411 -96.688
46.409 -96.689
46.408 -96.688
46.407 -96.685
46.408 -96.682
46.407 -96.681
46.407 -96.68
46.406 -96.68
46.405 -96.679
46.39 -96.669
46.385 -96.67
46.376 -96.667
46.375 -96.667
46.375 -96.666
46.373 -96.658
46.371 -96.658
46.37 -96.657
46.367 -96.656
46.366 -96.655
46.364 -96.651
46.363 -96.647
46.361 -96.646
46.359 -96.647
46.358 -96.647
46.354 -96.646
46.352 -96.644
46.352 -96.64
46.354 -96.632
46.353 -96.629
46.351 -96.629
46.35 -96.629
46.348 -96.621
46.344 -96.618
46.341 -96.62
46.34 -96.62
46.337 -96.615
46.333 -96.608
46.331 -96.601
46.33 -96.6
46.329 -96.6
46.327 -96.6
46.325 -96.6
46.32 -96.601
46.314 -96.598
46.313 -96.598
46.304 -96.601
46.301 -96.6
46.3 -96.6
46.299 -96.599
46.298 -96.599
46.296 -96.599
46.294 -96.6
46.293 -96.599
46.292 -96.597
46.291 -96.596
46.286 -96.596
46.284 -96.598
46.283 -96.598
46.281 -96.599
46.28 -96.598
46.279 -96.597
46.278 -96.596
46.277 -96.596
46.276 -96.595
46.275 -96.595
46.273 -96.596
46.271 -96.596
46.268 -96.597
46.264 -96.599
46.262 -96.6
46.261 -96.599
46.26 -96.596
46.258 -96.595
46.258 -96.594
46.257 -96.594
46.255 -96.594
46.253 -96.595
46.252 -96.594
46.251 -96.592
46.25 -96.591
46.25 -96.59
46.249 -96.59
46.248 -96.59
46.247 -96.591
46.246 -96.592
46.245 -96.594
46.243 -96.598
46.242 -96.599
46.24 -96.598
46.238 -96.598
46.235 -96.598
46.233 -96.598
46.231 -96.598
46.228 -96.598
46.22 -96.596
46.218 -96.592
46.21 -96.587
46.204 -96.585
46.204 -96.584
46.201 -96.584
46.198 -96.584
46.197 -96.585
46.196 -96.587
46.195 -96.588
46.192 -96.588
46.19 -96.589
46.186 -96.589
46.185 -96.589
46.184 -96.588
46.183 -96.587
46.181 -96.587
46.18 -96.588
46.179 -96.588
46.178 -96.587
46.177 -96.587
46.177 -96.586
46.177 -96.584
46.174 -96.583
46.174 -96.584
46.173 -96.583
46.171 -96.583
46.17 -96.581
46.169 -96.581
46.168 -96.579
46.166 -96.578
46.163 -96.578
46.16 -96.578
46.151 -96.58
46.148 -96.579
46.145 -96.577
46.143 -96.575
46.136 -96.57
46.134 -96.569
46.133 -96.569
46.127 -96.57
46.126 -96.571
46.124 -96.57
46.123 -96.568
46.12 -96.563
46.119 -96.563
46.116 -96.563
46.115 -96.567
46.112 -96.566
46.108 -96.563
46.105 -96.559
46.102 -96.558
46.097 -96.557
46.092 -96.557
46.087 -96.556
46.084 -96.555
46.08 -96.556
46.072 -96.558
46.071 -96.558
46.069 -96.557
46.065 -96.557
46.064 -96.557
46.058 -96.559
46.057 -96.56
46.056 -96.561
46.055 -96.561
46.051 -96.566
46.038 -96.573
46.038 -96.574
46.027 -96.578
46.024 -96.577
46.023 -96.577
46.017 -96.574
46.008 -96.576
46.004 -96.574
46.002 -96.574
45.99 -96.572
45.98 -96.572
45.975 -96.572
45.964 -96.57
45.95 -96.565
45.948 -96.562
45.946 -96.561
45.937 -96.563
45.935 -96.563
45.935 -96.577
45.935 -96.597
45.935 -96.607
45.935 -96.618
45.935 -96.639
45.936 -96.66
45.936 -96.681
45.936 -96.701
45.936 -96.763
45.936 -96.792
45.936 -96.799
45.935 -96.805
45.935 -96.838
45.935 -96.844
45.936 -96.894
45.936 -96.917
45.936 -96.978
45.936 -96.999
45.935 -97
45.935 -97.02
45.936 -97.103
45.935 -97.118
45.935 -97.145
45.935 -97.228
45.935 -97.312
45.935 -97.319
45.935 -97.354
45.935 -97.479
45.935 -97.48
45.935 -97.482
45.935 -97.492
45.935 -97.519
45.935 -97.543
45.935 -97.634
45.935 -97.697
45.935 -97.759
45.935 -97.777
45.935 -97.785
45.936 -97.882
45.936 -97.959
45.936 -97.987
45.936 -98.008
45.936 -98.071
45.936 -98.174
45.936 -98.185
45.936 -98.186
45.936 -98.258
45.936 -98.382
45.937 -98.415
45.937 -98.458
45.937 -98.507
45.938 -98.625
45.938 -98.631
45.938 -98.655
45.939 -98.754
45.939 -98.757
45.939 -98.777
45.939 -98.787
45.939 -98.821
45.939 -98.88
45.94 -98.904
45.94 -98.905
45.94 -99.006
45.94 -99.093
45.94 -99.102
45.94 -99.213
45.94 -99.214
45.94 -99.222
45.94 -99.258
45.94 -99.276
45.94 -99.284
45.94 -99.297
45.94 -99.318
45.94 -99.345
45.94 -99.378
45.94 -99.386
45.94 -99.401
45.94 -99.443
45.94 -99.49
45.94 -99.493
45.941 -99.589
45.941 -99.611
45.941 -99.672
45.941 -99.693
45.941 -99.718
45.941 -99.748
45.941 -99.749
45.941 -99.75
45.941 -99.839
45.942 -99.88
45.942 -99.966
45.942 -100.005
45.942 -100.069
45.942 -100.084
45.942 -100.108
45.942 -100.11
45.943 -100.142
45.942 -100.152
45.943 -100.171
45.943 -100.275
45.943 -100.276
45.943 -100.284
45.943 -100.285
45.943 -100.294
45.943 -100.41
45.944 -100.42
45.944 -100.424
45.944 -100.431
45.944 -100.463
45.944 -100.512
45.944 -100.628
45.944 -100.651
45.944 -100.721
45.944 -100.75
45.944 -100.762
45.944 -100.77
45.944 -100.811
45.944 -100.877
45.944 -100.89
45.944 -100.936
45.944 -100.939
45.944 -100.964
45.944 -100.977
45.944 -100.981
45.944 -101.101
45.944 -101.107
45.944 -101.143
45.944 -101.146
45.944 -101.163
45.944 -101.171
45.944 -101.176
45.944 -101.179
45.944 -101.204
45.944 -101.224
45.944 -101.272
45.944 -101.287
45.944 -101.313
45.944 -101.334
45.944 -101.365
45.944 -101.371
45.944 -101.374
45.944 -101.42
45.944 -101.557
45.944 -101.562
45.944 -101.629
45.944 -101.658
45.944 -101.681
45.944 -101.682
45.944 -101.709
45.944 -101.723
45.944 -101.73
45.944 -101.759
45.944 -101.764
45.944 -101.765
45.944 -101.766
45.944 -101.79
45.944 -101.795
45.944 -101.833
45.944 -101.853
45.945 -101.874
45.945 -101.887
45.944 -101.957
45.944 -101.974
45.944 -101.99
45.944 -101.992
45.945 -101.999
45.945 -102
45.945 -102.001
45.945 -102.061
45.945 -102.085
45.945 -102.088
45.945 -102.123
45.945 -102.125
45.945 -102.135
45.945 -102.145
45.945 -102.156
45.945 -102.158
45.945 -102.159
45.945 -102.177
45.945 -102.218
45.945 -102.248
45.945 -102.328
45.945 -102.353
45.945 -102.354
45.945 -102.373
45.945 -102.393
45.945 -102.396
45.945 -102.399
45.945 -102.406
45.945 -102.41
45.945 -102.42
45.945 -102.425
45.945 -102.446
45.945 -102.46
45.945 -102.468
45.945 -102.476
45.945 -102.497
45.945 -102.551
45.945 -102.559
45.945 -102.601
45.945 -102.622
45.945 -102.643
45.945 -102.652
45.945 -102.667
45.945 -102.672
45.945 -102.674
45.945 -102.705
45.945 -102.746
45.945 -102.768
45.945 -102.871
45.945 -102.88
45.945 -102.92
45.945 -102.99
45.945 -102.995
45.945 -103.026
45.945 -103.048
45.945 -103.078
45.945 -103.098
45.945 -103.12
45.945 -103.141
45.945 -103.161
45.945 -103.211
45.945 -103.218
45.945 -103.245
45.945 -103.253
45.945 -103.284
45.945 -103.369
45.945 -103.375
45.945 -103.411
45.945 -103.418
45.945 -103.432
45.945 -103.435
45.945 -103.494
45.945 -103.559
45.945 -103.577
45.945 -103.618
45.945 -103.661
45.945 -103.668
45.945 -103.743
45.945 -104.045
46 -104.047
46.119 -104.046
46.124 -104.046
46.125 -104.045
46.206 -104.045
46.218 -104.045
46.28 -104.045
46.325 -104.045
46.342 -104.045
46.367 -104.045
46.384 -104.046
46.479 -104.045
46.51 -104.045
46.541 -104.045
46.556 -104.045
46.629 -104.045
46.641 -104.045
46.709 -104.045
46.714 -104.046
46.721 -104.045
46.722 -104.045
46.725 -104.045
46.803 -104.046
46.831 -104.046
46.905 -104.046
46.919 -104.046
46.934 -104.046
46.941 -104.046
46.98 -104.045
47.038 -104.045
47.041 -104.045
47.054 -104.045
47.058 -104.045
47.064 -104.045
47.067 -104.045
47.079 -104.045
47.081 -104.045
47.093 -104.045
47.127 -104.045
47.151 -104.045
47.154 -104.045
47.216 -104.046
47.264 -104.045
47.266 -104.045
47.267 -104.045
47.271 -104.045
47.274 -104.045
47.277 -104.045
47.33 -104.045
47.332 -104.045
47.343 -104.045
47.375 -104.045
47.397 -104.045
47.438 -104.045
47.459 -104.045
47.524 -104.044
47.603 -104.044
47.612 -104.044
47.625 -104.044
47.747 -104.043
47.803 -104.042
47.805 -104.042
47.807 -104.043
47.808 -104.043
47.842 -104.042
47.862 -104.042
47.891 -104.042
47.95 -104.043
47.954 -104.043
47.972 -104.044
47.993 -104.044
47.996 -104.044
48.025 -104.044
48.111 -104.045
48.133 -104.045
48.138 -104.045
48.14 -104.045
48.164 -104.045
48.176 -104.045
48.192 -104.045
48.194 -104.046
48.198 -104.046
48.241 -104.046
48.245 -104.046
48.246 -104.046
48.255 -104.046
48.256 -104.046
48.257 -104.046
48.263 -104.046
48.274 -104.046
48.285 -104.046
48.299 -104.046
48.314 -104.046
48.321 -104.046
48.342 -104.046
48.373 -104.046
48.374 -104.046
48.375 -104.047
48.38 -104.047
48.386 -104.047
48.388 -104.047
48.389 -104.047
48.391 -104.047
48.411 -104.047
48.421 -104.047
48.446 -104.047
48.447 -104.047
48.453 -104.047
48.46 -104.047
48.467 -104.047
48.494 -104.048
48.5 -104.048
48.518 -104.048
48.526 -104.048
48.531 -104.048
48.54 -104.048
48.547 -104.048
48.563 -104.048
48.583 -104.048
48.592 -104.048
48.598 -104.048
48.599 -104.048
48.62 -104.048
48.626 -104.048
48.627 -104.048
48.634 -104.048
48.649 -104.048
48.65 -104.048
48.657 -104.048
48.659 -104.048
48.663 -104.048
48.664 -104.048
48.67 -104.048
48.677 -104.048
48.721 -104.048
48.747 -104.048
48.751 -104.049
48.766 -104.048
48.789 -104.049
48.797 -104.049
48.808 -104.049
48.847 -104.049
48.866 -104.049
48.868 -104.049
48.874 -104.049
48.876 -104.049
48.88 -104.049
48.895 -104.049
48.903 -104.049
48.907 -104.049
48.912 -104.049
48.934 -104.049
48.94 -104.049
48.943 -104.049
48.95 -104.049
48.952 -104.049
48.957 -104.049
48.959 -104.049
48.964 -104.049
48.967 -104.049
48.987 -104.048
49 -104.049
49 -103.992
49 -103.989
49 -103.984
49 -103.982
49 -103.981
49 -103.976
49 -103.969
49 -103.923
49 -103.922
49 -103.919
49 -103.917
49 -103.877
49 -103.865
49 -103.863
49 -103.859
49 -103.858
49 -103.856
49 -103.852
48.999 -103.727
48.999 -103.63
48.999 -103.597
48.999 -103.533
48.999 -103.465
48.999 -103.422
48.999 -103.375
49 -103.355
49 -103.334
49 -103.201
48.999 -103.07
48.999 -102.939
48.999 -102.85
48.999 -102.808
48.999 -102.677
48.999 -102.568
48.999 -102.563
48.999 -102.534
48.999 -102.414
48.999 -102.411
48.999 -102.284
48.999 -102.217
48.999 -102.214
48.999 -102.211
48.999 -102.152
48.999 -102.132
48.999 -102.021
48.999 -101.89
48.999 -101.765
48.999 -101.759
48.999 -101.628
48.999 -101.625
48.999 -101.624
49 -101.5
49 -101.497
48.999 -101.47
48.999 -101.457
48.999 -101.365
48.999 -101.324
49 -101.234
49 -101.226
49 -101.225
48.999 -101.221
48.999 -101.216
48.999 -101.125
48.999 -101.102
48.999 -100.958
49 -100.921
49 -100.918
49 -100.914
49 -100.907
49 -100.841
49 -100.709
48.999 -100.577
48.999 -100.556
48.999 -100.446
48.999 -100.434
49 -100.434
49 -100.432
48.999 -100.432
48.999 -100.315
48.999 -100.183
48.999 -99.914
48.999 -99.893
48.999 -99.861
48.999 -99.833
48.999 -99.821
48.999 -99.659
48.999 -99.657
48.999 -99.526
48.999 -99.394
48.999 -99.385
48.999 -99.376
48.999 -99.356
49 -99.263
49 -99.258
49 -99.222
49 -99.133
49 -99
49 -98.869
49 -98.737
49 -98.606
49 -98.494
49 -98.475
49 -98.446
49 -98.343
49 -98.211
49 -98.207
49.001 -97.95
49.001 -97.819
49.001 -97.776
