segment Pennsylvania
41.999 -79.761
41.999 -79.753
41.999 -79.704
41.999 -79.67
41.999 -79.625
41.999 -79.61
41.999 -79.551
41.999 -79.538
41.998 -79.511
41.998 -79.491
41.998 -79.472
41.998 -79.394
41.999 -79.286
41.999 -79.25
41.999 -79.179
41.999 -79.168
41.999 -79.13
41.999 -79.061
41.999 -79.052
41.999 -78.99
41.999 -78.983
41.999 -78.961
41.998 -78.919
41.998 -78.878
41.998 -78.875
41.998 -78.78
41.998 -78.75
41.999 -78.715
41.999 -78.642
42 -78.618
42 -78.597
42 -78.583
42 -78.572
42 -78.534
42 -78.463
41.999 -78.35
41.999 -78.347
41.999 -78.323
41.999 -78.308
41.999 -78.271
41.999 -78.268
42 -78.207
42 -78.169
42 -78.143
42 -78.125
42 -78.089
42 -78.059
41.999 -78.031
41.999 -78.008
41.999 -77.998
41.999 -77.963
41.999 -77.901
41.999 -77.845
41.999 -77.832
41.999 -77.823
41.999 -77.75
41.999 -77.727
42 -77.61
42 -77.505
42 -77.483
42 -77.476
42 -77.44
42 -77.328
42 -77.317
42 -77.291
42 -77.22
41.999 -77.142
41.999 -77.125
42 -77.115
42 -77.103
42 -77.064
42.001 -77.053
42.001 -77.008
42.001 -76.966
42.002 -76.943
42.002 -76.937
42.002 -76.927
42.002 -76.922
42.002 -76.921
42.002 -76.835
42.002 -76.831
42.002 -76.816
42.002 -76.75
42.002 -76.747
42.001 -76.638
42 -76.558
42 -76.532
42 -76.521
41.999 -76.473
41.999 -76.467
41.999 -76.462
41.999 -76.382
41.998 -76.35
41.998 -76.344
41.999 -76.264
41.999 -76.147
41.999 -76.131
41.999 -76.124
41.999 -76.113
41.999 -76.106
41.999 -76.059
41.999 -75.989
41.999 -75.983
41.999 -75.98
41.999 -75.891
41.999 -75.871
41.998 -75.773
41.998 -75.766
41.998 -75.742
41.998 -75.673
41.999 -75.656
41.999 -75.61
41.999 -75.608
41.999 -75.484
41.999 -75.483
41.999 -75.477
41.999 -75.436
41.999 -75.432
41.999 -75.36
41.997 -75.354
41.995 -75.347
41.993 -75.341
41.987 -75.338
41.984 -75.338
41.974 -75.342
41.973 -75.342
41.971 -75.339
41.97 -75.336
41.968 -75.329
41.962 -75.322
41.961 -75.32
41.954 -75.318
41.95 -75.313
41.949 -75.31
41.948 -75.304
41.948 -75.302
41.949 -75.301
41.953 -75.302
41.954 -75.3
41.955 -75.299
41.955 -75.294
41.952 -75.291
41.947 -75.292
41.945 -75.291
41.943 -75.289
41.939 -75.279
41.934 -75.277
41.927 -75.276
41.922 -75.277
41.92 -75.275
41.911 -75.27
41.907 -75.268
41.902 -75.268
41.897 -75.273
41.893 -75.273
41.887 -75.271
41.886 -75.268
41.885 -75.263
41.884 -75.261
41.877 -75.258
41.876 -75.258
41.875 -75.258
41.874 -75.261
41.873 -75.261
41.873 -75.262
41.871 -75.264
41.868 -75.264
41.866 -75.263
41.865 -75.262
41.865 -75.261
41.864 -75.261
41.862 -75.258
41.862 -75.251
41.863 -75.249
41.863 -75.248
41.867 -75.243
41.867 -75.241
41.866 -75.239
41.862 -75.235
41.859 -75.232
41.857 -75.226
41.857 -75.225
41.857 -75.224
41.858 -75.224
41.861 -75.22
41.867 -75.215
41.869 -75.21
41.87 -75.205
41.87 -75.204
41.869 -75.198
41.867 -75.194
41.865 -75.191
41.862 -75.19
41.861 -75.189
41.86 -75.187
41.86 -75.185
41.86 -75.184
41.861 -75.184
41.861 -75.183
41.862 -75.182
41.863 -75.182
41.864 -75.181
41.866 -75.18
41.87 -75.179
41.872 -75.177
41.873 -75.175
41.872 -75.171
41.87 -75.169
41.867 -75.168
41.859 -75.169
41.854 -75.166
41.852 -75.164
41.85 -75.162
41.848 -75.157
41.849 -75.153
41.851 -75.146
41.852 -75.144
41.852 -75.14
41.845 -75.131
41.845 -75.128
41.846 -75.119
41.845 -75.116
41.844 -75.114
41.841 -75.113
41.836 -75.113
41.83 -75.115
41.827 -75.115
41.826 -75.115
41.823 -75.113
41.818 -75.1
41.813 -75.094
41.812 -75.089
41.812 -75.086
41.815 -75.08
41.815 -75.078
41.815 -75.074
41.814 -75.072
41.812 -75.072
41.808 -75.072
41.802 -75.074
41.801 -75.075
41.799 -75.077
41.797 -75.078
41.796 -75.081
41.798 -75.088
41.797 -75.092
41.796 -75.093
41.788 -75.101
41.787 -75.102
41.782 -75.104
41.779 -75.104
41.774 -75.105
41.773 -75.104
41.771 -75.103
41.769 -75.101
41.769 -75.1
41.769 -75.099
41.768 -75.095
41.768 -75.093
41.771 -75.079
41.772 -75.076
41.771 -75.074
41.769 -75.073
41.767 -75.069
41.767 -75.065
41.765 -75.061
41.753 -75.053
41.745 -75.053
41.735 -75.055
41.727 -75.054
41.715 -75.05
41.713 -75.05
41.712 -75.051
41.711 -75.052
41.713 -75.061
41.713 -75.067
41.71 -75.069
41.708 -75.069
41.706 -75.067
41.705 -75.067
41.7 -75.06
41.696 -75.057
41.688 -75.053
41.682 -75.051
41.68 -75.051
41.679 -75.052
41.678 -75.053
41.674 -75.059
41.672 -75.059
41.67 -75.058
41.669 -75.057
41.668 -75.054
41.663 -75.05
41.656 -75.049
41.642 -75.049
41.634 -75.049
41.632 -75.048
41.624 -75.044
41.618 -75.044
41.616 -75.046
41.616 -75.047
41.616 -75.048
41.618 -75.052
41.619 -75.054
41.617 -75.06
41.616 -75.062
41.615 -75.062
41.612 -75.06
41.611 -75.06
41.61 -75.063
41.61 -75.068
41.61 -75.072
41.609 -75.072
41.609 -75.073
41.608 -75.075
41.606 -75.075
41.602 -75.07
41.599 -75.067
41.595 -75.064
41.591 -75.06
41.588 -75.053
41.583 -75.047
41.575 -75.044
41.57 -75.04
41.567 -75.037
41.565 -75.033
41.565 -75.029
41.564 -75.027
41.552 -75.019
41.547 -75.016
41.544 -75.016
41.543 -75.018
41.541 -75.023
41.54 -75.025
41.535 -75.025
41.534 -75.024
41.533 -75.023
41.532 -75.017
41.531 -75.015
41.528 -75.01
41.524 -75.004
41.521 -75.001
41.519 -75.001
41.518 -75.001
41.515 -75.003
41.511 -75.004
41.509 -75.004
41.508 -75.003
41.507 -75
41.509 -74.994
41.509 -74.988
41.508 -74.986
41.508 -74.985
41.507 -74.985
41.507 -74.984
41.505 -74.984
41.501 -74.982
41.498 -74.982
41.496 -74.982
41.49 -74.985
41.489 -74.985
41.488 -74.985
41.487 -74.986
41.486 -74.986
41.485 -74.985
41.484 -74.985
41.483 -74.985
41.481 -74.983
41.48 -74.982
41.477 -74.97
41.477 -74.968
41.477 -74.966
41.477 -74.961
41.476 -74.958
41.477 -74.958
41.477 -74.957
41.477 -74.956
41.481 -74.948
41.483 -74.946
41.483 -74.943
41.484 -74.942
41.483 -74.938
41.482 -74.933
41.478 -74.927
41.477 -74.924
41.477 -74.917
41.476 -74.913
41.475 -74.912
41.472 -74.909
41.468 -74.908
41.465 -74.908
41.461 -74.907
41.46 -74.904
41.458 -74.895
41.457 -74.892
41.455 -74.89
41.453 -74.889
41.451 -74.889
41.446 -74.895
41.442 -74.896
41.44 -74.896
41.439 -74.894
41.439 -74.893
41.438 -74.889
41.439 -74.886
41.44 -74.879
41.44 -74.877
41.444 -74.865
41.444 -74.859
41.443 -74.854
41.44 -74.849
41.438 -74.846
41.432 -74.837
41.431 -74.835
41.431 -74.831
41.431 -74.829
41.432 -74.826
41.437 -74.823
41.44 -74.818
41.441 -74.818
41.441 -74.817
41.441 -74.816
41.443 -74.812
41.443 -74.808
41.442 -74.806
41.442 -74.805
41.438 -74.801
41.437 -74.801
41.436 -74.8
41.433 -74.8
41.431 -74.8
41.43 -74.799
41.425 -74.796
41.424 -74.795
41.423 -74.794
41.422 -74.792
41.422 -74.79
41.422 -74.784
41.425 -74.778
41.426 -74.773
41.426 -74.771
41.424 -74.765
41.424 -74.764
41.424 -74.762
41.423 -74.759
41.423 -74.758
41.425 -74.755
41.425 -74.754
41.428 -74.751
41.431 -74.744
41.431 -74.741
41.431 -74.738
41.429 -74.737
41.427 -74.736
41.426 -74.735
41.423 -74.735
41.413 -74.739
41.411 -74.741
41.408 -74.742
41.405 -74.741
41.401 -74.739
41.398 -74.736
41.397 -74.734
41.396 -74.73
41.395 -74.721
41.393 -74.716
41.39 -74.713
41.382 -74.71
41.379 -74.708
41.377 -74.706
41.376 -74.705
41.375 -74.703
41.373 -74.699
41.372 -74.697
41.37 -74.695
41.367 -74.691
41.364 -74.69
41.362 -74.69
41.36 -74.691
41.357 -74.696
41.357 -74.695
41.355 -74.701
41.354 -74.704
41.353 -74.709
41.347 -74.721
41.346 -74.73
41.347 -74.736
41.346 -74.751
41.346 -74.753
41.346 -74.754
41.345 -74.756
41.34 -74.76
41.332 -74.764
41.329 -74.767
41.326 -74.77
41.325 -74.772
41.325 -74.773
41.324 -74.774
41.324 -74.775
41.324 -74.778
41.324 -74.782
41.324 -74.783
41.324 -74.787
41.323 -74.789
41.323 -74.791
41.323 -74.792
41.322 -74.792
41.32 -74.795
41.319 -74.796
41.318 -74.796
41.318 -74.795
41.314 -74.792
41.312 -74.792
41.311 -74.793
41.303 -74.807
41.298 -74.812
41.296 -74.816
41.294 -74.822
41.287 -74.83
41.281 -74.834
41.277 -74.838
41.276 -74.839
41.275 -74.84
41.271 -74.841
41.263 -74.846
41.262 -74.846
41.262 -74.847
41.258 -74.845
41.255 -74.846
41.253 -74.847
41.251 -74.849
41.251 -74.855
41.25 -74.856
41.249 -74.857
41.242 -74.862
41.238 -74.862
41.232 -74.866
41.228 -74.867
41.227 -74.867
41.222 -74.861
41.221 -74.859
41.219 -74.86
41.217 -74.86
41.209 -74.867
41.199 -74.874
41.19 -74.878
41.188 -74.878
41.181 -74.882
41.174 -74.889
41.166 -74.9
41.164 -74.901
41.161 -74.902
41.156 -74.905
41.138 -74.923
41.133 -74.931
41.129 -74.945
41.126 -74.948
41.124 -74.947
41.124 -74.948
41.114 -74.964
41.114 -74.966
41.114 -74.969
41.113 -74.973
41.11 -74.98
41.108 -74.982
41.092 -74.992
41.089 -74.992
41.089 -74.991
41.088 -74.988
41.089 -74.985
41.089 -74.984
41.09 -74.981
41.094 -74.976
41.094 -74.975
41.096 -74.972
41.096 -74.969
41.095 -74.967
41.094 -74.967
41.093 -74.967
41.088 -74.968
41.085 -74.971
41.079 -74.983
41.078 -74.989
41.077 -74.995
41.074 -75
41.068 -75.006
41.068 -75.011
41.066 -75.013
41.061 -75.015
41.058 -75.016
41.055 -75.017
41.053 -75.019
41.046 -75.026
41.044 -75.026
41.041 -75.025
41.04 -75.026
41.038 -75.031
41.037 -75.034
41.032 -75.041
41.03 -75.044
41.019 -75.071
41.017 -75.075
41.017 -75.081
41.015 -75.09
41.013 -75.09
41.013 -75.091
41.011 -75.093
41.009 -75.096
41.008 -75.096
41.007 -75.099
41.007 -75.101
41.004 -75.109
41.002 -75.111
40.996 -75.123
40.994 -75.127
40.993 -75.128
40.992 -75.129
40.991 -75.131
40.99 -75.131
40.989 -75.131
40.989 -75.132
40.985 -75.132
40.983 -75.132
40.98 -75.133
40.977 -75.136
40.974 -75.136
40.971 -75.134
40.969 -75.131
40.969 -75.129
40.97 -75.123
40.968 -75.12
40.967 -75.12
40.964 -75.121
40.963 -75.12
40.962 -75.12
40.956 -75.119
40.953 -75.118
40.948 -75.112
40.94 -75.106
40.936 -75.106
40.93 -75.1
40.927 -75.098
40.924 -75.096
40.919 -75.087
40.914 -75.079
40.911 -75.078
40.91 -75.077
40.907 -75.076
40.9 -75.075
40.896 -75.076
40.894 -75.075
40.892 -75.074
40.886 -75.065
40.884 -75.064
40.882 -75.062
40.878 -75.059
40.874 -75.054
40.871 -75.052
40.87 -75.052
40.868 -75.051
40.866 -75.051
40.865 -75.051
40.86 -75.053
40.853 -75.06
40.848 -75.064
40.848 -75.066
40.847 -75.071
40.849 -75.074
40.85 -75.077
40.849 -75.091
40.847 -75.096
40.845 -75.097
40.843 -75.098
40.841 -75.098
40.839 -75.097
40.837 -75.095
40.83 -75.086
40.828 -75.084
40.824 -75.084
40.822 -75.085
40.816 -75.091
40.812 -75.096
40.81 -75.098
40.808 -75.1
40.805 -75.101
40.803 -75.1
40.801 -75.1
40.8 -75.101
40.791 -75.109
40.79 -75.111
40.789 -75.116
40.789 -75.117
40.789 -75.119
40.788 -75.119
40.787 -75.123
40.784 -75.126
40.781 -75.128
40.776 -75.131
40.774 -75.133
40.774 -75.134
40.774 -75.139
40.775 -75.149
40.778 -75.161
40.778 -75.164
40.778 -75.165
40.778 -75.17
40.778 -75.172
40.776 -75.173
40.775 -75.174
40.773 -75.176
40.769 -75.177
40.764 -75.177
40.762 -75.179
40.759 -75.183
40.756 -75.192
40.752 -75.196
40.752 -75.197
40.75 -75.197
40.747 -75.196
40.745 -75.195
40.741 -75.19
40.738 -75.186
40.737 -75.186
40.737 -75.185
40.734 -75.183
40.732 -75.182
40.73 -75.182
40.725 -75.186
40.724 -75.186
40.718 -75.189
40.716 -75.193
40.715 -75.193
40.714 -75.194
40.711 -75.196
40.705 -75.199
40.695 -75.202
40.691 -75.204
40.689 -75.203
40.685 -75.201
40.681 -75.197
40.679 -75.191
40.679 -75.19
40.68 -75.185
40.68 -75.184
40.68 -75.182
40.679 -75.181
40.679 -75.18
40.678 -75.178
40.677 -75.177
40.676 -75.177
40.673 -75.177
40.67 -75.179
40.667 -75.182
40.666 -75.183
40.664 -75.188
40.662 -75.191
40.661 -75.192
40.655 -75.197
40.649 -75.2
40.647 -75.2
40.642 -75.193
40.641 -75.192
40.638 -75.191
40.625 -75.189
40.621 -75.189
40.62 -75.191
40.619 -75.198
40.618 -75.201
40.617 -75.202
40.615 -75.201
40.611 -75.199
40.609 -75.197
40.607 -75.196
40.603 -75.192
40.593 -75.191
40.592 -75.19
40.59 -75.19
40.587 -75.191
40.586 -75.191
40.586 -75.192
40.583 -75.194
40.582 -75.195
40.58 -75.195
40.579 -75.195
40.576 -75.194
40.574 -75.192
40.572 -75.189
40.57 -75.187
40.569 -75.187
40.569 -75.185
40.568 -75.184
40.567 -75.183
40.567 -75.182
40.565 -75.177
40.565 -75.175
40.564 -75.171
40.564 -75.169
40.564 -75.167
40.564 -75.166
40.564 -75.163
40.565 -75.159
40.565 -75.158
40.572 -75.15
40.572 -75.148
40.573 -75.147
40.574 -75.145
40.575 -75.143
40.575 -75.142
40.575 -75.139
40.576 -75.137
40.573 -75.117
40.571 -75.111
40.568 -75.1
40.564 -75.096
40.554 -75.084
40.548 -75.079
40.542 -75.069
40.54 -75.067
40.537 -75.066
40.526 -75.065
40.519 -75.066
40.511 -75.066
40.505 -75.065
40.493 -75.063
40.492 -75.062
40.486 -75.062
40.481 -75.062
40.477 -75.064
40.473 -75.068
40.469 -75.068
40.465 -75.067
40.463 -75.068
40.462 -75.068
40.456 -75.071
40.455 -75.071
40.448 -75.067
40.433 -75.063
40.423 -75.062
40.423 -75.061
40.421 -75.061
40.421 -75.06
40.42 -75.06
40.418 -75.059
40.418 -75.058
40.416 -75.057
40.416 -75.056
40.416 -75.055
40.414 -75.046
40.412 -75.043
40.41 -75.042
40.407 -75.037
40.405 -75.033
40.404 -75.03
40.404 -75.028
40.403 -75.025
40.405 -75.017
40.408 -75.003
40.41 -74.999
40.411 -74.996
40.409 -74.989
40.406 -74.985
40.405 -74.984
40.404 -74.983
40.404 -74.981
40.403 -74.979
40.4 -74.97
40.397 -74.966
40.395 -74.964
40.376 -74.954
40.373 -74.953
40.365 -74.949
40.357 -74.946
40.35 -74.945
40.347 -74.945
40.343 -74.944
40.342 -74.943
40.338 -74.94
40.333 -74.933
40.329 -74.927
40.329 -74.926
40.322 -74.917
40.317 -74.908
40.316 -74.903
40.315 -74.901
40.315 -74.896
40.313 -74.892
40.31 -74.887
40.306 -74.881
40.295 -74.868
40.291 -74.865
40.285 -74.86
40.277 -74.857
40.27 -74.853
40.269 -74.853
40.259 -74.847
40.251 -74.842
40.25 -74.842
40.246 -74.836
40.242 -74.826
40.242 -74.824
40.239 -74.82
40.229 -74.795
40.222 -74.781
40.221 -74.781
40.219 -74.778
40.215 -74.771
40.215 -74.77
40.21 -74.768
40.208 -74.767
40.199 -74.761
40.198 -74.76
40.189 -74.757
40.187 -74.756
40.185 -74.754
40.183 -74.752
40.181 -74.744
40.178 -74.737
40.175 -74.734
40.161 -74.722
40.158 -74.722
40.154 -74.722
40.15 -74.723
40.147 -74.724
40.145 -74.726
40.135 -74.741
40.134 -74.743
40.134 -74.746
40.135 -74.755
40.134 -74.757
40.134 -74.759
40.133 -74.763
40.132 -74.763
40.129 -74.769
40.121 -74.782
40.12 -74.785
40.12 -74.789
40.123 -74.801
40.124 -74.805
40.127 -74.813
40.128 -74.816
40.128 -74.819
40.127 -74.822
40.124 -74.826
40.12 -74.828
40.118 -74.83
40.117 -74.83
40.116 -74.831
40.112 -74.833
40.107 -74.834
40.104 -74.835
40.101 -74.838
40.098 -74.843
40.097 -74.846
40.096 -74.847
40.096 -74.848
40.095 -74.851
40.094 -74.852
40.093 -74.854
40.091 -74.856
40.091 -74.857
40.089 -74.858
40.085 -74.86
40.084 -74.861
40.082 -74.864
40.079 -74.88
40.076 -74.888
40.07 -74.909
40.07 -74.912
40.071 -74.921
40.071 -74.925
40.068 -74.932
40.068 -74.934
40.063 -74.944
40.062 -74.947
40.053 -74.967
40.049 -74.975
40.044 -74.982
40.043 -74.984
40.041 -74.986
40.04 -74.987
40.037 -74.99
40.028 -75.002
40.023 -75.008
40.021 -75.011
40.021 -75.012
40.021 -75.013
40.02 -75.016
40.016 -75.029
40.013 -75.038
40.013 -75.039
40.012 -75.041
40.011 -75.042
40.011 -75.043
40.009 -75.047
40.005 -75.051
40.003 -75.052
39.993 -75.059
39.986 -75.066
39.985 -75.068
39.983 -75.069
39.981 -75.072
39.975 -75.089
39.974 -75.094
39.97 -75.108
39.968 -75.113
39.965 -75.119
39.962 -75.125
39.961 -75.127
39.96 -75.129
39.959 -75.129
39.959 -75.13
39.954 -75.134
39.948 -75.135
39.947 -75.136
39.946 -75.136
39.943 -75.136
39.941 -75.136
39.934 -75.136
39.933 -75.136
39.929 -75.135
39.927 -75.135
39.926 -75.134
39.922 -75.133
39.919 -75.131
39.917 -75.13
39.915 -75.129
39.914 -75.129
39.912 -75.128
39.905 -75.13
39.9 -75.131
39.896 -75.133
39.893 -75.136
39.888 -75.14
39.886 -75.142
39.884 -75.145
39.883 -75.151
39.882 -75.175
39.882 -75.183
39.882 -75.185
39.881 -75.189
39.877 -75.195
39.866 -75.21
39.861 -75.221
39.857 -75.235
39.855 -75.243
39.849 -75.271
39.849 -75.272
39.849 -75.287
39.849 -75.289
39.849 -75.293
39.849 -75.299
39.849 -75.302
39.85 -75.31
39.85 -75.317
39.85 -75.319
39.85 -75.323
39.849 -75.33
39.846 -75.341
39.846 -75.342
39.845 -75.343
39.842 -75.35
39.84 -75.354
39.839 -75.356
39.83 -75.368
39.828 -75.372
39.826 -75.375
39.825 -75.375
39.823 -75.379
39.821 -75.382
39.815 -75.391
39.811 -75.398
39.81 -75.4
39.808 -75.404
39.807 -75.405
39.802 -75.415
39.809 -75.428
39.813 -75.437
39.819 -75.451
39.82 -75.454
39.822 -75.46
39.824 -75.463
39.827 -75.473
39.829 -75.481
39.832 -75.493
39.833 -75.499
39.836 -75.518
39.838 -75.539
39.838 -75.541
39.839 -75.553
39.839 -75.57
39.839 -75.58
39.837 -75.594
39.837 -75.596
39.834 -75.617
39.83 -75.635
39.828 -75.642
39.821 -75.663
39.814 -75.68
39.812 -75.683
39.811 -75.686
39.81 -75.687
39.803 -75.701
39.792 -75.717
39.79 -75.719
39.789 -75.721
39.784 -75.727
39.781 -75.73
39.778 -75.734
39.776 -75.736
39.772 -75.741
39.771 -75.741
39.768 -75.744
39.765 -75.747
39.76 -75.751
39.758 -75.753
39.756 -75.754
39.747 -75.76
39.738 -75.766
39.735 -75.767
39.725 -75.772
39.722 -75.774
39.722 -75.788
39.722 -75.8
39.722 -75.81
39.722 -75.812
39.722 -75.842
39.722 -75.962
39.722 -75.981
39.722 -75.999
39.722 -76.013
39.722 -76.028
39.722 -76.135
39.722 -76.154
39.721 -76.233
39.721 -76.24
39.721 -76.264
39.721 -76.332
39.721 -76.337
39.721 -76.343
39.721 -76.38
39.721 -76.381
39.721 -76.396
39.721 -76.405
39.721 -76.419
39.721 -76.439
39.721 -76.461
39.721 -76.492
39.721 -76.517
39.721 -76.526
39.721 -76.551
39.721 -76.569
39.721 -76.609
39.721 -76.633
39.721 -76.654
39.721 -76.658
39.721 -76.685
39.721 -76.702
39.721 -76.712
39.721 -76.716
39.721 -76.758
39.721 -76.787
39.721 -76.801
39.721 -76.806
39.721 -76.809
39.72 -76.881
39.72 -76.89
39.72 -76.898
39.721 -76.937
39.72 -76.975
39.72 -76.991
39.72 -77
39.72 -77.043
39.72 -77.047
39.72 -77.058
39.72 -77.059
39.72 -77.154
39.72 -77.166
39.72 -77.217
39.72 -77.24
39.72 -77.243
39.72 -77.32
39.72 -77.35
39.72 -77.362
39.72 -77.363
39.72 -77.372
39.72 -77.38
39.72 -77.382
39.72 -77.392
39.72 -77.459
39.72 -77.469
39.72 -77.497
39.72 -77.533
39.72 -77.535
39.72 -77.543
39.72 -77.605
39.721 -77.67
39.721 -77.672
39.721 -77.675
39.721 -77.724
39.721 -77.733
39.721 -77.743
39.721 -77.755
39.721 -77.769
39.721 -77.782
39.722 -77.79
39.722 -77.838
39.722 -77.848
39.722 -77.866
39.722 -77.875
39.722 -77.903
39.722 -77.937
39.722 -77.939
39.722 -77.996
39.722 -78.074
39.722 -78.076
39.722 -78.099
39.722 -78.131
39.722 -78.176
39.722 -78.203
39.723 -78.204
39.722 -78.24
39.722 -78.243
39.723 -78.269
39.723 -78.282
39.723 -78.331
39.722 -78.337
39.723 -78.34
39.723 -78.343
39.723 -78.381
39.722 -78.439
39.723 -78.452
39.723 -78.461
39.723 -78.477
39.723 -78.493
39.722 -78.538
39.723 -78.542
39.723 -78.546
39.723 -78.576
39.723 -78.591
39.723 -78.6
39.723 -78.655
39.723 -78.684
39.723 -78.724
39.723 -78.736
39.723 -78.773
39.723 -78.787
39.723 -78.808
39.723 -78.851
39.723 -78.915
39.723 -78.931
39.723 -79.046
39.723 -79.057
39.723 -79.087
39.722 -79.206
39.722 -79.254
39.721 -79.393
39.721 -79.477
39.721 -79.524
39.721 -79.548
39.721 -79.592
39.721 -79.599
39.721 -79.608
39.721 -79.611
39.721 -79.711
39.721 -79.72
39.721 -79.738
39.721 -79.764
39.721 -79.853
39.721 -79.856
39.721 -79.857
39.721 -79.916
39.721 -79.99
39.721 -80.042
39.721 -80.062
39.721 -80.076
39.721 -80.174
39.721 -80.244
39.721 -80.288
39.721 -80.309
39.721 -80.399
39.721 -80.421
39.721 -80.452
39.721 -80.455
39.721 -80.462
39.721 -80.519
39.792 -80.519
39.806 -80.519
39.854 -80.519
39.864 -80.519
39.891 -80.519
39.937 -80.519
39.939 -80.519
39.957 -80.519
39.959 -80.519
39.962 -80.519
39.963 -80.519
40.016 -80.519
40.017 -80.519
40.043 -80.519
40.068 -80.519
40.074 -80.519
40.077 -80.519
40.078 -80.519
40.104 -80.519
40.144 -80.519
40.16 -80.519
40.173 -80.519
40.196 -80.519
40.246 -80.519
40.282 -80.519
40.316 -80.519
40.342 -80.519
40.344 -80.519
40.348 -80.519
40.367 -80.518
40.368 -80.518
40.399 -80.518
40.462 -80.518
40.464 -80.518
40.474 -80.519
40.477 -80.519
40.518 -80.519
40.559 -80.519
40.59 -80.519
40.616 -80.519
40.637 -80.519
40.639 -80.519
40.689 -80.519
40.737 -80.519
40.77 -80.519
40.775 -80.519
40.781 -80.519
40.789 -80.519
40.792 -80.519
40.801 -80.519
40.849 -80.519
40.85 -80.519
40.851 -80.519
40.878 -80.519
40.9 -80.52
40.901 -80.52
40.902 -80.52
40.907 -80.52
40.913 -80.52
40.921 -80.519
40.932 -80.519
40.942 -80.519
40.944 -80.519
40.951 -80.519
40.953 -80.519
40.967 -80.519
40.993 -80.519
40.995 -80.519
41.015 -80.519
41.03 -80.519
41.052 -80.519
41.062 -80.519
41.071 -80.519
41.072 -80.519
41.075 -80.519
41.082 -80.519
41.091 -80.519
41.101 -80.519
41.105 -80.519
41.116 -80.519
41.125 -80.519
41.133 -80.519
41.146 -80.519
41.161 -80.519
41.171 -80.519
41.187 -80.519
41.209 -80.519
41.219 -80.519
41.22 -80.519
41.228 -80.519
41.233 -80.519
41.243 -80.519
41.249 -80.519
41.265 -80.519
41.268 -80.519
41.306 -80.519
41.312 -80.519
41.333 -80.519
41.336 -80.519
41.337 -80.519
41.339 -80.519
41.34 -80.519
41.341 -80.519
41.36 -80.519
41.361 -80.519
41.372 -80.519
41.379 -80.519
41.416 -80.519
41.429 -80.519
41.435 -80.519
41.441 -80.519
41.463 -80.519
41.489 -80.519
41.49 -80.519
41.5 -80.519
41.529 -80.519
41.539 -80.519
41.552 -80.519
41.578 -80.519
41.661 -80.519
41.67 -80.519
41.671 -80.519
41.701 -80.519
41.714 -80.519
41.739 -80.519
41.752 -80.519
41.758 -80.519
41.765 -80.519
41.85 -80.519
41.862 -80.519
41.863 -80.519
41.867 -80.519
41.884 -80.519
41.907 -80.519
41.929 -80.519
41.937 -80.519
41.944 -80.519
41.95 -80.519
41.976 -80.519
41.978 -80.519
41.98 -80.511
41.989 -80.484
42.006 -80.435
42.008 -80.427
42.012 -80.41
42.02 -80.386
42.021 -80.382
42.024 -80.373
42.024 -80.372
42.027 -80.365
42.027 -80.364
42.028 -80.363
42.028 -80.361
42.03 -80.35
42.03 -80.349
42.031 -80.345
42.032 -80.344
42.036 -80.33
42.037 -80.328
42.038 -80.325
42.048 -80.299
42.049 -80.297
42.056 -80.281
42.064 -80.263
42.067 -80.255
42.075 -80.238
42.078 -80.23
42.085 -80.212
42.086 -80.209
42.089 -80.201
42.092 -80.195
42.094 -80.188
42.098 -80.181
42.099 -80.179
42.1 -80.177
42.102 -80.174
42.106 -80.166
42.106 -80.165
42.108 -80.162
42.115 -80.154
42.142 -80.14
42.15 -80.136
42.156 -80.13
42.166 -80.117
42.168 -80.111
42.169 -80.107
42.17 -80.101
42.173 -80.089
42.171 -80.077
42.169 -80.073
42.164 -80.08
42.155 -80.072
42.151 -80.079
42.148 -80.076
42.146 -80.072
42.146 -80.068
42.145 -80.061
42.151 -80.047
42.154 -80.042
42.154 -80.04
42.156 -80.036
42.159 -80.029
42.163 -80.021
42.166 -80.013
42.167 -80.011
42.171 -80.002
42.175 -79.993
42.177 -79.99
42.177 -79.989
42.179 -79.985
42.18 -79.984
42.183 -79.979
42.192 -79.96
42.196 -79.952
42.203 -79.939
42.207 -79.931
42.208 -79.924
42.214 -79.907
42.216 -79.903
42.217 -79.901
42.223 -79.89
42.225 -79.886
42.231 -79.868
42.235 -79.845
42.24 -79.833
42.243 -79.827
42.256 -79.798
42.265 -79.775
42.27 -79.762
42.267 -79.762
42.251 -79.762
42.243 -79.762
42.241 -79.762
42.184 -79.762
42.18 -79.762
42.173 -79.762
42.163 -79.762
42.155 -79.762
42.151 -79.762
42.131 -79.762
42.119 -79.762
42.087 -79.762
42.042 -79.762
42.019 -79.762
41.999 -79.761
