segment Puerto Rico
17.983 -66.45
17.987 -66.455
17.99 -66.461
17.99 -66.478
17.99 -66.483
17.99 -66.491
17.99 -66.492
17.987 -66.505
17.986 -66.51
17.984 -66.516
17.981 -66.523
17.976 -66.538
17.97 -66.556
17.97 -66.558
17.961 -66.583
17.969 -66.589
17.969 -66.59
17.971 -66.594
17.97 -66.598
17.97 -66.6
17.969 -66.605
17.973 -66.611
17.977 -66.617
17.981 -66.624
17.981 -66.625
17.982 -66.629
17.983 -66.632
17.982 -66.638
17.98 -66.646
17.975 -66.658
17.97 -66.663
17.968 -66.664
17.966 -66.673
17.978 -66.699
17.982 -66.71
17.988 -66.713
17.99 -66.717
17.991 -66.727
17.992 -66.731
17.991 -66.735
17.99 -66.746
17.995 -66.75
17.998 -66.753
18 -66.754
18.001 -66.755
18.003 -66.759
18.006 -66.764
18.006 -66.768
18.006 -66.77
18.003 -66.776
17.994 -66.796
17.994 -66.797
17.992 -66.8
17.988 -66.803
17.984 -66.807
17.98 -66.808
17.976 -66.807
17.975 -66.806
17.977 -66.795
17.981 -66.789
17.978 -66.785
17.973 -66.787
17.966 -66.808
17.954 -66.822
17.95 -66.839
17.955 -66.852
17.957 -66.856
17.954 -66.859
17.952 -66.863
17.953 -66.872
17.953 -66.883
17.948 -66.9
17.951 -66.905
17.955 -66.907
17.963 -66.906
17.964 -66.907
17.964 -66.908
17.971 -66.922
17.973 -66.925
17.97 -66.928
17.97 -66.929
17.969 -66.929
17.964 -66.93
17.963 -66.93
17.963 -66.928
17.959 -66.916
17.953 -66.909
17.95 -66.909
17.947 -66.913
17.943 -66.93
17.94 -66.933
17.937 -66.932
17.932 -66.919
17.927 -66.924
17.927 -66.927
17.931 -66.937
17.94 -66.96
17.952 -66.981
17.953 -66.981
17.955 -66.983
17.961 -66.982
17.971 -66.987
17.973 -66.997
17.971 -67.004
17.968 -67.015
17.969 -67.016
17.971 -67.025
17.972 -67.041
17.973 -67.048
17.973 -67.056
17.974 -67.062
17.968 -67.077
17.959 -67.084
17.951 -67.09
17.947 -67.101
17.946 -67.11
17.948 -67.128
17.952 -67.134
17.963 -67.167
17.965 -67.179
17.963 -67.184
17.951 -67.189
17.946 -67.187
17.938 -67.184
17.937 -67.184
17.931 -67.183
17.931 -67.184
17.932 -67.187
17.933 -67.193
17.933 -67.195
17.936 -67.197
17.937 -67.197
17.942 -67.198
17.944 -67.198
17.948 -67.199
17.95 -67.201
17.954 -67.21
17.956 -67.212
17.962 -67.214
17.983 -67.215
17.993 -67.212
17.998 -67.208
18.002 -67.197
18.009 -67.178
18.011 -67.174
18.015 -67.172
18.021 -67.172
18.024 -67.173
18.025 -67.174
18.026 -67.178
18.032 -67.193
18.035 -67.21
18.048 -67.205
18.048 -67.204
18.066 -67.197
18.064 -67.191
18.065 -67.19
18.066 -67.188
18.066 -67.187
18.068 -67.185
18.069 -67.184
18.07 -67.184
18.074 -67.186
18.077 -67.193
18.077 -67.198
18.083 -67.199
18.091 -67.199
18.096 -67.195
18.104 -67.184
18.109 -67.182
18.12 -67.181
18.142 -67.178
18.151 -67.177
18.159 -67.179
18.168 -67.181
18.178 -67.171
18.189 -67.161
18.195 -67.156
18.195 -67.155
18.202 -67.153
18.203 -67.153
18.208 -67.154
18.212 -67.156
18.214 -67.157
18.217 -67.158
18.22 -67.162
18.23 -67.172
18.231 -67.173
18.24 -67.174
18.247 -67.175
18.248 -67.175
18.252 -67.178
18.267 -67.188
18.272 -67.189
18.28 -67.19
18.281 -67.19
18.282 -67.19
18.29 -67.196
18.292 -67.2
18.295 -67.21
18.297 -67.226
18.3 -67.235
18.31 -67.241
18.316 -67.245
18.32 -67.247
18.327 -67.252
18.335 -67.256
18.341 -67.26
18.349 -67.265
18.353 -67.267
18.362 -67.271
18.367 -67.268
18.37 -67.261
18.374 -67.245
18.375 -67.239
18.378 -67.227
18.379 -67.224
18.382 -67.217
18.384 -67.213
18.39 -67.202
18.392 -67.199
18.397 -67.191
18.406 -67.176
18.416 -67.16
18.417 -67.158
18.419 -67.157
18.423 -67.156
18.424 -67.155
18.425 -67.155
18.429 -67.156
18.43 -67.156
18.432 -67.156
18.439 -67.157
18.44 -67.157
18.442 -67.158
18.453 -67.162
18.458 -67.164
18.466 -67.169
18.472 -67.169
18.478 -67.169
18.481 -67.167
18.487 -67.164
18.502 -67.147
18.505 -67.143
18.508 -67.138
18.511 -67.129
18.512 -67.126
18.513 -67.112
18.515 -67.103
18.516 -67.094
18.513 -67.08
18.513 -67.079
18.512 -67.053
18.511 -67.038
18.511 -67.024
18.511 -67.02
18.51 -67.02
18.498 -66.989
18.496 -66.981
18.49 -66.96
18.489 -66.958
18.489 -66.957
18.492 -66.945
18.487 -66.924
18.484 -66.907
18.485 -66.901
18.488 -66.882
18.49 -66.871
18.491 -66.867
18.491 -66.858
18.491 -66.854
18.491 -66.85
18.49 -66.848
18.488 -66.837
18.49 -66.819
18.491 -66.811
18.493 -66.799
18.492 -66.793
18.492 -66.783
18.491 -66.78
18.484 -66.765
18.481 -66.758
18.478 -66.753
18.477 -66.749
18.475 -66.744
18.475 -66.742
18.474 -66.735
18.473 -66.734
18.473 -66.729
18.473 -66.728
18.473 -66.727
18.473 -66.725
18.473 -66.719
18.473 -66.715
18.473 -66.714
18.473 -66.711
18.473 -66.71
18.477 -66.698
18.477 -66.697
18.478 -66.695
18.479 -66.691
18.481 -66.685
18.481 -66.684
18.482 -66.683
18.484 -66.681
18.485 -66.68
18.486 -66.675
18.487 -66.667
18.488 -66.664
18.488 -66.656
18.489 -66.646
18.489 -66.644
18.492 -66.635
18.494 -66.625
18.493 -66.62
18.485 -66.587
18.484 -66.584
18.486 -66.565
18.488 -66.563
18.491 -66.563
18.49 -66.559
18.489 -66.556
18.481 -66.535
18.482 -66.534
18.483 -66.529
18.477 -66.512
18.476 -66.51
18.473 -66.491
18.472 -66.485
18.469 -66.47
18.469 -66.456
18.471 -66.449
18.48 -66.442
18.486 -66.44
18.486 -66.439
18.489 -66.421
18.489 -66.417
18.49 -66.412
18.49 -66.41
18.49 -66.399
18.49 -66.394
18.488 -66.378
18.488 -66.377
18.488 -66.373
18.486 -66.35
18.486 -66.341
18.486 -66.338
18.475 -66.315
18.472 -66.291
18.472 -66.284
18.477 -66.278
18.478 -66.277
18.48 -66.27
18.48 -66.267
18.479 -66.267
18.478 -66.263
18.477 -66.258
18.476 -66.257
18.474 -66.254
18.472 -66.252
18.469 -66.242
18.466 -66.22
18.466 -66.199
18.466 -66.198
18.466 -66.193
18.461 -66.184
18.457 -66.181
18.455 -66.179
18.453 -66.174
18.452 -66.173
18.451 -66.172
18.452 -66.162
18.452 -66.16
18.454 -66.154
18.454 -66.153
18.46 -66.144
18.462 -66.139
18.453 -66.139
18.446 -66.133
18.445 -66.128
18.451 -66.125
18.456 -66.124
18.457 -66.124
18.459 -66.123
18.46 -66.123
18.461 -66.123
18.461 -66.124
18.462 -66.124
18.47 -66.125
18.47 -66.119
18.47 -66.118
18.469 -66.116
18.469 -66.113
18.468 -66.107
18.467 -66.095
18.467 -66.092
18.462 -66.083
18.458 -66.074
18.458 -66.071
18.457 -66.069
18.457 -66.063
18.456 -66.063
18.456 -66.06
18.455 -66.055
18.455 -66.052
18.455 -66.051
18.454 -66.044
18.454 -66.043
18.454 -66.039
18.451 -66.037
18.45 -66.037
18.45 -66.036
18.445 -66.026
18.444 -66.023
18.444 -66.016
18.444 -66.007
18.45 -65.997
18.457 -65.993
18.458 -65.993
18.46 -65.992
18.46 -65.991
18.451 -65.958
18.445 -65.926
18.445 -65.917
18.447 -65.908
18.451 -65.905
18.45 -65.902
18.446 -65.895
18.438 -65.879
18.438 -65.878
18.437 -65.873
18.435 -65.86
18.434 -65.854
18.433 -65.849
18.433 -65.846
18.432 -65.839
18.427 -65.831
18.426 -65.831
18.424 -65.828
18.411 -65.817
18.407 -65.806
18.405 -65.801
18.403 -65.795
18.403 -65.788
18.414 -65.775
18.413 -65.771
18.409 -65.77
18.406 -65.772
18.396 -65.762
18.385 -65.75
18.38 -65.742
18.382 -65.734
18.382 -65.733
18.381 -65.732
18.379 -65.725
18.379 -65.724
18.378 -65.724
18.378 -65.723
18.377 -65.721
18.376 -65.719
18.376 -65.718
18.375 -65.715
18.374 -65.713
18.373 -65.712
18.373 -65.711
18.368 -65.699
18.367 -65.692
18.362 -65.67
18.362 -65.669
18.362 -65.668
18.365 -65.656
18.367 -65.647
18.37 -65.634
18.376 -65.627
18.382 -65.627
18.387 -65.625
18.388 -65.623
18.387 -65.619
18.386 -65.618
18.382 -65.615
18.375 -65.617
18.373 -65.618
18.368 -65.619
18.367 -65.62
18.366 -65.62
18.359 -65.625
18.354 -65.628
18.347 -65.631
18.344 -65.632
18.341 -65.633
18.341 -65.634
18.339 -65.634
18.335 -65.632
18.328 -65.628
18.326 -65.628
18.31 -65.627
18.304 -65.627
18.299 -65.626
18.296 -65.63
18.293 -65.633
18.292 -65.634
18.292 -65.635
18.291 -65.635
18.29 -65.635
18.288 -65.636
18.284 -65.635
18.265 -65.631
18.248 -65.623
18.234 -65.598
18.228 -65.59
18.224 -65.594
18.227 -65.611
18.227 -65.616
18.232 -65.622
18.235 -65.627
18.229 -65.638
18.224 -65.638
18.223 -65.637
18.218 -65.634
18.213 -65.632
18.209 -65.63
18.205 -65.628
18.2 -65.635
18.206 -65.64
18.207 -65.658
18.207 -65.661
18.207 -65.662
18.207 -65.663
18.207 -65.664
18.206 -65.667
18.198 -65.685
18.195 -65.691
18.187 -65.695
18.184 -65.693
18.179 -65.691
18.179 -65.696
18.185 -65.708
18.187 -65.711
18.189 -65.713
18.19 -65.718
18.187 -65.724
18.186 -65.728
18.18 -65.735
18.174 -65.739
18.173 -65.739
18.172 -65.74
18.169 -65.741
18.164 -65.744
18.161 -65.75
18.157 -65.759
18.151 -65.765
18.148 -65.767
18.146 -65.768
18.129 -65.778
18.121 -65.781
18.12 -65.781
18.099 -65.79
18.084 -65.797
18.08 -65.796
18.079 -65.795
18.074 -65.795
18.07 -65.797
18.059 -65.802
18.058 -65.802
18.057 -65.809
18.063 -65.817
18.057 -65.826
18.056 -65.827
18.051 -65.831
18.04 -65.834
18.039 -65.834
18.036 -65.834
18.023 -65.833
18.015 -65.832
18.015 -65.84
18.012 -65.849
18.012 -65.851
18.007 -65.87
18.003 -65.875
17.989 -65.885
17.99 -65.896
17.984 -65.905
17.982 -65.91
17.976 -65.925
17.974 -65.939
17.973 -65.942
17.97 -65.96
17.969 -65.966
17.968 -65.977
17.969 -65.985
17.972 -65.985
17.979 -65.995
17.98 -66.002
17.981 -66.008
17.98 -66.016
17.98 -66.017
17.979 -66.018
17.978 -66.02
17.976 -66.024
17.957 -66.044
17.956 -66.045
17.955 -66.047
17.955 -66.049
17.955 -66.05
17.958 -66.056
17.959 -66.058
17.96 -66.059
17.963 -66.063
17.965 -66.067
17.966 -66.069
17.966 -66.07
17.967 -66.081
17.958 -66.098
17.949 -66.116
17.947 -66.127
17.941 -66.141
17.938 -66.144
17.934 -66.148
17.929 -66.155
17.929 -66.16
17.93 -66.16
17.932 -66.161
17.933 -66.173
17.934 -66.176
17.934 -66.178
17.935 -66.187
17.935 -66.188
17.934 -66.19
17.931 -66.196
17.93 -66.2
17.932 -66.207
17.945 -66.213
17.945 -66.203
17.941 -66.186
17.944 -66.18
17.948 -66.175
17.95 -66.177
17.955 -66.189
17.96 -66.198
17.961 -66.201
17.963 -66.206
17.963 -66.207
17.961 -66.211
17.959 -66.215
17.957 -66.218
17.955 -66.221
17.954 -66.221
17.951 -66.224
17.95 -66.226
17.949 -66.226
17.949 -66.227
17.944 -66.232
17.935 -66.229
17.931 -66.232
17.935 -66.253
17.936 -66.261
17.947 -66.271
17.948 -66.275
17.948 -66.276
17.946 -66.291
17.957 -66.297
17.959 -66.298
17.966 -66.305
17.974 -66.314
17.975 -66.316
17.977 -66.317
17.978 -66.32
17.979 -66.324
17.978 -66.327
17.976 -66.338
17.971 -66.353
17.968 -66.363
17.965 -66.365
17.964 -66.365
17.958 -66.368
17.958 -66.369
17.957 -66.369
17.951 -66.372
17.944 -66.38
17.939 -66.385
17.946 -66.391
17.951 -66.399
17.952 -66.4
17.955 -66.408
17.957 -66.412
17.961 -66.417
17.967 -66.426
17.974 -66.438
17.977 -66.443
17.979 -66.445
17.983 -66.45
segment Puerto Rico
18.379 -67.478
18.382 -67.485
18.387 -67.489
18.391 -67.482
18.391 -67.478
18.383 -67.472
18.379 -67.478
segment Puerto Rico
18.382 -65.587
18.386 -65.592
18.391 -65.593
18.391 -65.589
18.387 -65.585
18.384 -65.584
18.382 -65.587
segment Puerto Rico
18.382 -65.569
18.378 -65.567
18.378 -65.566
18.378 -65.567
18.376 -65.572
18.382 -65.572
18.382 -65.571
18.382 -65.569
segment Puerto Rico
18.352 -65.572
18.353 -65.569
18.35 -65.566
18.347 -65.565
18.343 -65.568
18.352 -65.572
segment Puerto Rico
18.322 -65.259
18.319 -65.253
18.31 -65.245
18.303 -65.244
18.297 -65.25
18.291 -65.26
18.291 -65.264
18.296 -65.276
18.299 -65.277
18.303 -65.276
18.306 -65.281
18.307 -65.287
18.309 -65.296
18.31 -65.303
18.306 -65.302
18.305 -65.302
18.303 -65.302
18.303 -65.303
18.302 -65.307
18.306 -65.312
18.31 -65.316
18.314 -65.317
18.321 -65.323
18.324 -65.327
18.345 -65.342
18.35 -65.336
18.342 -65.329
18.338 -65.322
18.338 -65.31
18.332 -65.304
18.331 -65.298
18.33 -65.285
18.329 -65.282
18.333 -65.277
18.322 -65.259
segment Puerto Rico
18.342 -65.266
18.342 -65.256
18.335 -65.246
18.333 -65.247
18.334 -65.26
18.339 -65.266
18.342 -65.266
segment Puerto Rico
18.323 -65.228
18.321 -65.222
18.312 -65.221
18.31 -65.223
18.311 -65.23
18.32 -65.232
18.323 -65.228
segment Puerto Rico
18.296 -65.328
18.296 -65.331
18.308 -65.337
18.316 -65.33
18.309 -65.328
18.296 -65.328
segment Puerto Rico
18.288 -65.281
18.28 -65.283
18.278 -65.287
18.294 -65.3
18.3 -65.302
18.302 -65.3
18.302 -65.297
18.3 -65.289
18.288 -65.281
segment Puerto Rico
18.247 -65.583
18.249 -65.592
18.249 -65.595
18.248 -65.596
18.248 -65.598
18.256 -65.6
18.256 -65.585
18.247 -65.583
segment Puerto Rico
18.159 -65.426
18.159 -65.422
18.162 -65.4
18.158 -65.371
18.148 -65.334
18.144 -65.313
18.145 -65.309
18.141 -65.302
18.143 -65.295
18.148 -65.288
18.134 -65.275
18.132 -65.276
18.133 -65.283
18.128 -65.296
18.127 -65.323
18.124 -65.327
18.112 -65.339
18.111 -65.342
18.112 -65.35
18.12 -65.365
18.115 -65.382
18.111 -65.398
18.109 -65.4
18.106 -65.412
18.098 -65.424
18.094 -65.426
18.09 -65.438
18.089 -65.441
18.086 -65.45
18.086 -65.451
18.088 -65.457
18.088 -65.466
18.092 -65.469
18.093 -65.469
18.094 -65.471
18.095 -65.475
18.096 -65.48
18.095 -65.49
18.093 -65.498
18.092 -65.507
18.082 -65.524
18.081 -65.542
18.085 -65.556
18.086 -65.559
18.092 -65.569
18.097 -65.571
18.103 -65.577
18.116 -65.576
18.119 -65.546
18.122 -65.538
18.133 -65.512
18.134 -65.503
18.135 -65.498
18.135 -65.495
18.136 -65.49
18.138 -65.485
18.141 -65.475
18.144 -65.468
18.149 -65.457
18.15 -65.455
18.151 -65.452
18.151 -65.451
18.152 -65.45
18.156 -65.441
18.157 -65.438
18.158 -65.437
18.159 -65.426
segment Puerto Rico
18.154 -67.95
18.155 -67.954
18.158 -67.953
18.157 -67.95
18.154 -67.95
segment Puerto Rico
18.114 -67.892
18.113 -67.887
18.114 -67.876
18.119 -67.87
18.122 -67.862
18.108 -67.848
18.095 -67.843
18.085 -67.844
18.082 -67.845
18.078 -67.853
18.065 -67.866
18.058 -67.871
18.052 -67.896
18.059 -67.904
18.063 -67.919
18.069 -67.928
18.08 -67.941
18.111 -67.934
18.113 -67.932
18.12 -67.911
18.114 -67.892
segment Puerto Rico
17.896 -66.523
17.903 -66.513
17.9 -66.51
17.899 -66.51
17.893 -66.515
17.885 -66.529
17.893 -66.526
17.896 -66.523
