segment South Dakota
45.945 -102.652
45.945 -102.643
45.945 -102.569
45.945 -102.559
45.945 -102.551
45.945 -102.476
45.945 -102.468
45.945 -102.46
45.945 -102.446
45.945 -102.445
45.945 -102.425
45.945 -102.42
45.945 -102.41
45.945 -102.406
45.945 -102.399
45.945 -102.396
45.945 -102.393
45.945 -102.354
45.945 -102.353
45.945 -102.328
45.945 -102.321
45.945 -102.218
45.945 -102.197
45.945 -102.177
45.945 -102.171
45.945 -102.159
45.945 -102.158
45.945 -102.156
45.945 -102.146
45.945 -102.145
45.945 -102.135
45.945 -102.125
45.945 -102.115
45.945 -102.088
45.945 -102.085
45.945 -102.061
45.945 -102.001
45.945 -102
45.945 -101.999
45.944 -101.992
45.944 -101.99
45.944 -101.974
45.944 -101.957
45.945 -101.887
45.944 -101.853
45.944 -101.833
45.944 -101.824
45.944 -101.795
45.944 -101.79
45.944 -101.766
45.944 -101.765
45.944 -101.764
45.944 -101.759
45.944 -101.73
45.944 -101.723
45.944 -101.709
45.944 -101.701
45.944 -101.682
45.944 -101.681
45.944 -101.658
45.944 -101.629
45.944 -101.576
45.944 -101.562
45.944 -101.557
45.944 -101.452
45.944 -101.446
45.944 -101.42
45.944 -101.374
45.944 -101.371
45.944 -101.365
45.944 -101.334
45.944 -101.329
45.944 -101.313
45.944 -101.287
45.944 -101.272
45.944 -101.224
45.944 -101.205
45.944 -101.204
45.944 -101.179
45.944 -101.176
45.944 -101.171
45.944 -101.163
45.944 -101.146
45.944 -101.143
45.944 -101.107
45.944 -101.101
45.944 -100.981
45.944 -100.977
45.944 -100.964
45.944 -100.956
45.944 -100.939
45.944 -100.936
45.944 -100.89
45.944 -100.77
45.944 -100.762
45.944 -100.75
45.944 -100.721
45.944 -100.708
45.944 -100.651
45.944 -100.628
45.944 -100.512
45.944 -100.499
45.944 -100.463
45.944 -100.431
45.944 -100.424
45.944 -100.42
45.943 -100.41
45.943 -100.294
45.943 -100.285
45.943 -100.284
45.943 -100.276
45.943 -100.275
45.943 -100.171
45.942 -100.152
45.943 -100.142
45.942 -100.11
45.942 -100.108
45.942 -100.084
45.942 -100.069
45.942 -100.005
45.942 -99.966
45.942 -99.88
45.941 -99.839
45.941 -99.75
45.941 -99.749
45.941 -99.748
45.941 -99.718
45.941 -99.693
45.941 -99.672
45.941 -99.611
45.941 -99.589
45.94 -99.493
45.94 -99.49
45.94 -99.449
45.94 -99.401
45.94 -99.386
45.94 -99.378
45.94 -99.345
45.94 -99.318
45.94 -99.297
45.94 -99.284
45.94 -99.276
45.94 -99.258
45.94 -99.222
45.94 -99.214
45.94 -99.213
45.94 -99.201
45.94 -99.102
45.94 -99.098
45.94 -99.093
45.94 -99.006
45.94 -98.973
45.94 -98.905
45.94 -98.904
45.939 -98.846
45.939 -98.796
45.939 -98.724
45.938 -98.663
45.938 -98.625
45.938 -98.6
45.937 -98.476
45.937 -98.458
45.937 -98.415
45.936 -98.352
45.936 -98.186
45.936 -98.185
45.936 -98.174
45.936 -98.103
45.936 -98.071
45.936 -98.008
45.936 -97.987
45.936 -97.979
45.936 -97.959
45.936 -97.855
45.935 -97.785
45.935 -97.777
45.935 -97.73
45.935 -97.697
45.935 -97.604
45.935 -97.543
45.935 -97.519
45.935 -97.492
45.935 -97.482
45.935 -97.48
45.935 -97.478
45.935 -97.354
45.935 -97.319
45.935 -97.312
45.935 -97.228
45.935 -97.145
45.935 -97.118
45.936 -97.103
45.935 -97.02
45.935 -97
45.936 -96.999
45.936 -96.978
45.936 -96.967
45.936 -96.888
45.935 -96.852
45.935 -96.844
45.935 -96.838
45.935 -96.805
45.936 -96.799
45.936 -96.792
45.936 -96.733
45.936 -96.725
45.936 -96.722
45.936 -96.701
45.936 -96.681
45.936 -96.66
45.935 -96.639
45.935 -96.618
45.935 -96.607
45.935 -96.597
45.935 -96.587
45.935 -96.577
45.935 -96.563
45.926 -96.565
45.921 -96.564
45.92 -96.564
45.917 -96.567
45.916 -96.567
45.913 -96.567
45.912 -96.567
45.911 -96.566
45.91 -96.565
45.909 -96.564
45.907 -96.566
45.906 -96.567
45.905 -96.567
45.903 -96.568
45.899 -96.568
45.891 -96.568
45.888 -96.569
45.887 -96.571
45.876 -96.573
45.872 -96.572
45.867 -96.575
45.865 -96.574
45.862 -96.573
45.843 -96.575
45.84 -96.577
45.838 -96.578
45.833 -96.577
45.826 -96.58
45.82 -96.583
45.82 -96.584
45.819 -96.584
45.816 -96.587
45.814 -96.593
45.812 -96.597
45.806 -96.602
45.799 -96.608
45.798 -96.608
45.796 -96.611
45.794 -96.613
45.793 -96.616
45.791 -96.618
45.788 -96.625
45.786 -96.628
45.784 -96.629
45.781 -96.631
45.774 -96.637
45.77 -96.639
45.769 -96.639
45.765 -96.64
45.76 -96.642
45.747 -96.652
45.739 -96.663
45.733 -96.672
45.732 -96.673
45.726 -96.687
45.718 -96.711
45.702 -96.745
45.699 -96.75
45.691 -96.757
45.688 -96.761
45.676 -96.785
45.668 -96.8
45.668 -96.801
45.654 -96.826
45.654 -96.827
45.653 -96.827
45.653 -96.828
45.652 -96.833
45.65 -96.836
45.649 -96.836
45.645 -96.841
45.64 -96.844
45.619 -96.852
45.615 -96.852
45.609 -96.857
45.606 -96.858
45.602 -96.854
45.599 -96.849
45.594 -96.844
45.586 -96.835
45.555 -96.802
45.554 -96.799
45.551 -96.794
45.541 -96.785
45.536 -96.781
45.521 -96.765
45.515 -96.761
45.502 -96.753
45.5 -96.751
45.489 -96.745
45.484 -96.744
45.481 -96.743
45.479 -96.743
45.473 -96.738
45.467 -96.737
45.459 -96.733
45.457 -96.731
45.451 -96.724
45.437 -96.711
45.428 -96.704
45.427 -96.703
45.426 -96.702
45.425 -96.7
45.419 -96.694
45.417 -96.693
45.415 -96.688
45.413 -96.686
45.412 -96.684
45.41 -96.68
45.41 -96.675
45.411 -96.67
45.409 -96.662
45.41 -96.648
45.409 -96.641
45.409 -96.631
45.409 -96.63
45.409 -96.625
45.408 -96.618
45.408 -96.617
45.408 -96.616
45.403 -96.601
45.396 -96.585
45.392 -96.579
45.39 -96.571
45.386 -96.562
45.381 -96.546
45.38 -96.54
45.378 -96.531
45.376 -96.522
45.368 -96.508
45.365 -96.502
45.357 -96.489
45.346 -96.483
45.34 -96.479
45.327 -96.47
45.325 -96.469
45.321 -96.469
45.319 -96.468
45.317 -96.467
45.314 -96.462
45.308 -96.458
45.304 -96.457
45.302 -96.454
45.298 -96.453
45.289 -96.453
45.284 -96.453
45.269 -96.453
45.24 -96.453
45.209 -96.452
45.205 -96.452
45.203 -96.452
45.179 -96.452
45.151 -96.452
45.124 -96.452
45.123 -96.452
45.095 -96.452
45.094 -96.452
45.064 -96.452
45.052 -96.452
45.05 -96.452
45.042 -96.452
45.036 -96.452
44.977 -96.452
44.963 -96.452
44.911 -96.452
44.907 -96.452
44.89 -96.452
44.805 -96.452
44.803 -96.452
44.798 -96.452
44.792 -96.452
44.79 -96.452
44.787 -96.452
44.776 -96.452
44.762 -96.451
44.761 -96.452
44.718 -96.451
44.703 -96.452
44.689 -96.452
44.631 -96.452
44.544 -96.452
44.527 -96.452
44.517 -96.452
44.507 -96.452
44.473 -96.452
44.471 -96.452
44.46 -96.452
44.442 -96.452
44.413 -96.452
44.39 -96.452
44.384 -96.452
44.36 -96.452
44.355 -96.452
44.345 -96.452
44.342 -96.452
44.341 -96.452
44.328 -96.452
44.326 -96.452
44.313 -96.452
44.312 -96.452
44.299 -96.452
44.297 -96.452
44.286 -96.452
44.283 -96.453
44.272 -96.452
44.269 -96.452
44.255 -96.452
44.255 -96.453
44.197 -96.453
44.111 -96.453
44.038 -96.453
44.036 -96.453
44.025 -96.453
44.024 -96.453
44.022 -96.453
44.009 -96.453
44.007 -96.453
43.995 -96.453
43.993 -96.453
43.98 -96.453
43.978 -96.453
43.967 -96.453
43.951 -96.453
43.949 -96.453
43.935 -96.453
43.879 -96.453
43.877 -96.453
43.85 -96.453
43.805 -96.453
43.791 -96.453
43.762 -96.453
43.69 -96.453
43.675 -96.453
43.61 -96.453
43.608 -96.453
43.589 -96.453
43.588 -96.453
43.587 -96.453
43.581 -96.453
43.5 -96.453
43.5 -96.532
43.501 -96.591
43.5 -96.599
43.496 -96.599
43.495 -96.598
43.493 -96.595
43.494 -96.592
43.494 -96.59
43.491 -96.586
43.49 -96.585
43.481 -96.581
43.478 -96.586
43.471 -96.585
43.47 -96.585
43.465 -96.588
43.463 -96.59
43.457 -96.6
43.451 -96.603
43.45 -96.603
43.448 -96.602
43.434 -96.594
43.433 -96.593
43.432 -96.59
43.432 -96.588
43.432 -96.583
43.432 -96.582
43.432 -96.578
43.432 -96.576
43.432 -96.575
43.429 -96.57
43.428 -96.57
43.425 -96.57
43.424 -96.571
43.419 -96.574
43.417 -96.569
43.417 -96.568
43.413 -96.563
43.407 -96.558
43.404 -96.553
43.395 -96.537
43.396 -96.531
43.396 -96.53
43.398 -96.53
43.398 -96.529
43.397 -96.526
43.396 -96.525
43.395 -96.524
43.386 -96.522
43.376 -96.521
43.375 -96.521
43.372 -96.522
43.368 -96.526
43.368 -96.527
43.362 -96.527
43.352 -96.527
43.348 -96.526
43.348 -96.525
43.348 -96.524
43.347 -96.524
43.347 -96.525
43.346 -96.526
43.344 -96.527
43.339 -96.532
43.338 -96.532
43.336 -96.535
43.329 -96.533
43.317 -96.529
43.312 -96.526
43.31 -96.526
43.308 -96.527
43.307 -96.527
43.305 -96.528
43.3 -96.53
43.3 -96.531
43.296 -96.541
43.294 -96.549
43.293 -96.551
43.293 -96.552
43.293 -96.553
43.295 -96.555
43.295 -96.564
43.295 -96.567
43.295 -96.569
43.296 -96.569
43.296 -96.57
43.297 -96.571
43.298 -96.572
43.299 -96.574
43.298 -96.58
43.297 -96.581
43.296 -96.58
43.295 -96.579
43.294 -96.579
43.291 -96.579
43.279 -96.578
43.275 -96.581
43.275 -96.583
43.277 -96.583
43.277 -96.584
43.274 -96.586
43.269 -96.585
43.268 -96.583
43.268 -96.577
43.263 -96.569
43.26 -96.564
43.259 -96.56
43.259 -96.557
43.26 -96.555
43.259 -96.553
43.258 -96.553
43.257 -96.553
43.251 -96.552
43.247 -96.553
43.245 -96.559
43.244 -96.565
43.239 -96.571
43.233 -96.569
43.232 -96.569
43.224 -96.56
43.224 -96.559
43.225 -96.557
43.226 -96.556
43.227 -96.555
43.227 -96.548
43.226 -96.545
43.226 -96.54
43.228 -96.536
43.224 -96.527
43.221 -96.522
43.218 -96.521
43.218 -96.519
43.219 -96.512
43.221 -96.501
43.224 -96.496
43.224 -96.494
43.224 -96.485
43.222 -96.477
43.222 -96.476
43.221 -96.476
43.217 -96.475
43.21 -96.472
43.207 -96.471
43.205 -96.471
43.199 -96.474
43.19 -96.474
43.186 -96.472
43.185 -96.469
43.185 -96.467
43.183 -96.465
43.182 -96.465
43.18 -96.465
43.171 -96.466
43.168 -96.467
43.164 -96.467
43.16 -96.467
43.15 -96.467
43.148 -96.465
43.144 -96.46
43.143 -96.459
43.144 -96.456
43.142 -96.45
43.134 -96.443
43.129 -96.443
43.125 -96.442
43.123 -96.441
43.122 -96.44
43.121 -96.437
43.114 -96.439
43.104 -96.448
43.1 -96.452
43.095 -96.461
43.092 -96.463
43.091 -96.463
43.09 -96.463
43.088 -96.455
43.087 -96.455
43.084 -96.454
43.083 -96.454
43.075 -96.455
43.068 -96.458
43.064 -96.461
43.063 -96.463
43.062 -96.468
43.062 -96.47
43.064 -96.473
43.062 -96.477
43.056 -96.487
43.054 -96.488
43.051 -96.489
43.051 -96.49
43.049 -96.502
43.049 -96.505
43.05 -96.509
43.05 -96.51
43.042 -96.518
43.04 -96.517
43.039 -96.516
43.039 -96.515
43.04 -96.514
43.04 -96.512
43.037 -96.509
43.032 -96.511
43.03 -96.513
43.028 -96.513
43.026 -96.512
43.025 -96.511
43.02 -96.503
43.019 -96.499
43.015 -96.494
43.01 -96.492
43.007 -96.492
43.005 -96.493
43.002 -96.494
42.999 -96.497
42.998 -96.498
42.997 -96.503
42.997 -96.507
42.995 -96.51
42.991 -96.513
42.989 -96.512
42.986 -96.512
42.981 -96.517
42.98 -96.52
42.98 -96.521
42.978 -96.52
42.973 -96.516
42.971 -96.511
42.971 -96.506
42.971 -96.505
42.968 -96.503
42.959 -96.5
42.955 -96.505
42.949 -96.508
42.945 -96.509
42.944 -96.511
42.944 -96.515
42.94 -96.52
42.938 -96.52
42.935 -96.516
42.934 -96.516
42.933 -96.517
42.932 -96.518
42.932 -96.519
42.933 -96.521
42.935 -96.521
42.936 -96.524
42.936 -96.526
42.924 -96.541
42.923 -96.542
42.921 -96.542
42.919 -96.54
42.911 -96.538
42.909 -96.537
42.906 -96.537
42.905 -96.539
42.905 -96.542
42.905 -96.543
42.904 -96.543
42.9 -96.539
42.901 -96.536
42.898 -96.529
42.894 -96.527
42.892 -96.526
42.891 -96.528
42.891 -96.534
42.89 -96.54
42.889 -96.54
42.886 -96.538
42.878 -96.538
42.875 -96.544
42.874 -96.546
42.874 -96.547
42.87 -96.55
42.864 -96.55
42.863 -96.55
42.857 -96.547
42.857 -96.545
42.858 -96.544
42.859 -96.543
42.86 -96.543
42.859 -96.542
42.858 -96.541
42.851 -96.544
42.85 -96.546
42.848 -96.551
42.848 -96.554
42.846 -96.555
42.844 -96.554
42.842 -96.552
42.841 -96.55
42.839 -96.55
42.837 -96.551
42.836 -96.552
42.836 -96.554
42.837 -96.556
42.839 -96.559
42.839 -96.561
42.836 -96.563
42.831 -96.563
42.83 -96.566
42.837 -96.571
42.838 -96.58
42.838 -96.582
42.834 -96.582
42.829 -96.578
42.828 -96.578
42.822 -96.582
42.819 -96.584
42.818 -96.586
42.815 -96.591
42.816 -96.595
42.815 -96.596
42.81 -96.596
42.81 -96.593
42.81 -96.592
42.809 -96.591
42.808 -96.591
42.806 -96.591
42.804 -96.592
42.801 -96.592
42.793 -96.595
42.788 -96.603
42.784 -96.604
42.783 -96.604
42.783 -96.605
42.783 -96.607
42.785 -96.615
42.785 -96.616
42.784 -96.619
42.779 -96.622
42.774 -96.626
42.773 -96.627
42.771 -96.63
42.771 -96.631
42.771 -96.632
42.77 -96.632
42.768 -96.633
42.762 -96.632
42.758 -96.629
42.758 -96.624
42.758 -96.623
42.758 -96.622
42.758 -96.621
42.757 -96.62
42.755 -96.619
42.754 -96.621
42.753 -96.626
42.75 -96.63
42.746 -96.632
42.741 -96.636
42.74 -96.637
42.737 -96.64
42.736 -96.639
42.735 -96.639
42.725 -96.632
42.726 -96.626
42.725 -96.625
42.714 -96.624
42.71 -96.627
42.709 -96.63
42.706 -96.631
42.706 -96.63
42.705 -96.63
42.7 -96.62
42.699 -96.615
42.699 -96.614
42.699 -96.613
42.698 -96.613
42.698 -96.612
42.697 -96.612
42.696 -96.612
42.695 -96.61
42.695 -96.606
42.695 -96.605
42.697 -96.602
42.698 -96.601
42.697 -96.599
42.695 -96.597
42.691 -96.596
42.689 -96.596
42.688 -96.592
42.687 -96.586
42.683 -96.576
42.683 -96.575
42.678 -96.574
42.677 -96.574
42.675 -96.575
42.673 -96.578
42.672 -96.579
42.671 -96.576
42.671 -96.572
42.672 -96.571
42.674 -96.57
42.676 -96.569
42.676 -96.568
42.676 -96.567
42.669 -96.561
42.669 -96.56
42.664 -96.556
42.664 -96.559
42.663 -96.56
42.659 -96.56
42.658 -96.559
42.658 -96.556
42.661 -96.547
42.661 -96.544
42.661 -96.543
42.661 -96.542
42.655 -96.538
42.652 -96.538
42.649 -96.538
42.648 -96.538
42.646 -96.538
42.644 -96.534
42.643 -96.533
42.641 -96.527
42.63 -96.516
42.628 -96.516
42.628 -96.515
42.627 -96.516
42.626 -96.516
42.625 -96.516
42.622 -96.517
42.62 -96.519
42.619 -96.521
42.619 -96.524
42.618 -96.528
42.617 -96.53
42.617 -96.531
42.616 -96.531
42.615 -96.532
42.614 -96.531
42.612 -96.53
42.61 -96.53
42.609 -96.529
42.609 -96.528
42.609 -96.526
42.612 -96.523
42.613 -96.522
42.614 -96.52
42.615 -96.517
42.615 -96.513
42.613 -96.51
42.613 -96.509
42.611 -96.508
42.605 -96.505
42.603 -96.504
42.594 -96.5
42.593 -96.5
42.591 -96.501
42.589 -96.501
42.589 -96.5
42.588 -96.497
42.586 -96.495
42.584 -96.495
42.583 -96.496
42.582 -96.496
42.581 -96.496
42.58 -96.496
42.579 -96.495
42.577 -96.492
42.577 -96.491
42.576 -96.489
42.576 -96.487
42.576 -96.486
42.575 -96.486
42.574 -96.486
42.572 -96.487
42.571 -96.489
42.571 -96.493
42.571 -96.497
42.571 -96.499
42.568 -96.499
42.565 -96.499
42.561 -96.498
42.558 -96.498
42.557 -96.495
42.556 -96.477
42.546 -96.477
42.536 -96.478
42.53 -96.48
42.526 -96.479
42.524 -96.48
42.52 -96.491
42.517 -96.493
42.512 -96.49
42.51 -96.484
42.511 -96.479
42.51 -96.478
42.51 -96.477
42.504 -96.473
42.5 -96.475
42.498 -96.477
42.495 -96.477
42.494 -96.477
42.492 -96.474
42.491 -96.463
42.492 -96.456
42.489 -96.443
42.486 -96.46
42.483 -96.466
42.48 -96.476
42.48 -96.479
42.48 -96.489
42.483 -96.501
42.485 -96.506
42.487 -96.509
42.494 -96.516
42.497 -96.518
42.501 -96.519
42.505 -96.521
42.51 -96.525
42.513 -96.529
42.515 -96.532
42.518 -96.538
42.521 -96.549
42.52 -96.558
42.518 -96.568
42.516 -96.573
42.508 -96.584
42.505 -96.591
42.505 -96.596
42.505 -96.597
42.505 -96.601
42.504 -96.603
42.505 -96.605
42.505 -96.606
42.505 -96.607
42.505 -96.609
42.506 -96.611
42.514 -96.626
42.517 -96.628
42.524 -96.631
42.529 -96.633
42.532 -96.633
42.54 -96.633
42.541 -96.634
42.545 -96.635
42.548 -96.635
42.548 -96.636
42.552 -96.638
42.558 -96.644
42.561 -96.648
42.566 -96.659
42.572 -96.676
42.572 -96.677
42.574 -96.68
42.574 -96.681
42.575 -96.682
42.578 -96.686
42.59 -96.697
42.599 -96.706
42.604 -96.709
42.608 -96.711
42.615 -96.712
42.617 -96.711
42.622 -96.709
42.625 -96.707
42.636 -96.698
42.638 -96.697
42.639 -96.696
42.641 -96.693
42.642 -96.693
42.643 -96.691
42.644 -96.689
42.646 -96.688
42.649 -96.687
42.65 -96.687
42.652 -96.687
42.653 -96.688
42.656 -96.691
42.656 -96.692
42.659 -96.698
42.667 -96.728
42.667 -96.735
42.666 -96.747
42.666 -96.749
42.664 -96.751
42.662 -96.764
42.663 -96.776
42.663 -96.778
42.664 -96.782
42.666 -96.793
42.668 -96.799
42.67 -96.801
42.672 -96.802
42.684 -96.8
42.692 -96.8
42.699 -96.802
42.704 -96.806
42.706 -96.813
42.708 -96.819
42.708 -96.83
42.712 -96.843
42.715 -96.85
42.721 -96.86
42.724 -96.873
42.725 -96.887
42.731 -96.9
42.732 -96.902
42.733 -96.905
42.734 -96.907
42.731 -96.92
42.73 -96.924
42.726 -96.93
42.723 -96.937
42.722 -96.941
42.719 -96.949
42.719 -96.956
42.72 -96.962
42.721 -96.964
42.722 -96.965
42.725 -96.966
42.727 -96.966
42.737 -96.961
42.739 -96.961
42.741 -96.961
42.741 -96.962
42.754 -96.969
42.758 -96.975
42.76 -96.979
42.76 -96.98
42.76 -96.982
42.761 -96.982
42.759 -96.993
42.76 -97.003
42.762 -97.022
42.762 -97.025
42.763 -97.026
42.764 -97.03
42.766 -97.033
42.77 -97.052
42.772 -97.066
42.772 -97.072
42.771 -97.079
42.77 -97.085
42.769 -97.096
42.77 -97.101
42.769 -97.112
42.772 -97.131
42.772 -97.132
42.774 -97.134
42.779 -97.137
42.781 -97.137
42.782 -97.137
42.783 -97.138
42.79 -97.145
42.796 -97.151
42.8 -97.16
42.801 -97.164
42.802 -97.167
42.803 -97.172
42.803 -97.178
42.805 -97.188
42.805 -97.189
42.805 -97.2
42.807 -97.205
42.809 -97.21
42.811 -97.212
42.813 -97.213
42.82 -97.214
42.821 -97.214
42.822 -97.215
42.823 -97.215
42.828 -97.218
42.83 -97.218
42.844 -97.217
42.845 -97.219
42.846 -97.219
42.846 -97.22
42.849 -97.226
42.851 -97.232
42.852 -97.234
42.852 -97.235
42.853 -97.238
42.855 -97.249
42.855 -97.252
42.854 -97.257
42.853 -97.268
42.854 -97.276
42.854 -97.279
42.854 -97.28
42.855 -97.29
42.865 -97.301
42.866 -97.302
42.866 -97.303
42.867 -97.306
42.868 -97.307
42.867 -97.309
42.866 -97.311
42.863 -97.318
42.863 -97.319
42.862 -97.324
42.861 -97.326
42.86 -97.329
42.858 -97.331
42.857 -97.336
42.856 -97.341
42.855 -97.36
42.855 -97.362
42.858 -97.369
42.863 -97.375
42.865 -97.377
42.864 -97.394
42.865 -97.399
42.868 -97.404
42.868 -97.408
42.868 -97.41
42.867 -97.413
42.866 -97.417
42.861 -97.423
42.858 -97.425
42.857 -97.426
42.852 -97.432
42.847 -97.439
42.846 -97.442
42.846 -97.452
42.847 -97.456
42.848 -97.459
42.849 -97.462
42.85 -97.471
42.85 -97.485
42.852 -97.491
42.853 -97.496
42.855 -97.499
42.857 -97.5
42.858 -97.505
42.854 -97.516
42.851 -97.527
42.851 -97.529
42.85 -97.532
42.849 -97.54
42.848 -97.546
42.848 -97.547
42.848 -97.562
42.85 -97.575
42.854 -97.592
42.856 -97.599
42.858 -97.604
42.858 -97.612
42.857 -97.619
42.857 -97.62
42.855 -97.624
42.851 -97.635
42.848 -97.647
42.845 -97.658
42.844 -97.66
42.843 -97.668
42.842 -97.687
42.844 -97.701
42.847 -97.72
42.849 -97.75
42.849 -97.754
42.849 -97.765
42.85 -97.774
42.853 -97.788
42.857 -97.8
42.858 -97.801
42.859 -97.805
42.862 -97.817
42.868 -97.826
42.869 -97.828
42.869 -97.834
42.869 -97.836
42.868 -97.843
42.868 -97.845
42.867 -97.848
42.866 -97.852
42.865 -97.858
42.863 -97.866
42.86 -97.872
42.859 -97.875
42.854 -97.877
42.853 -97.877
42.85 -97.876
42.848 -97.876
42.844 -97.879
42.835 -97.88
42.826 -97.885
42.817 -97.889
42.815 -97.89
42.812 -97.894
42.799 -97.905
42.795 -97.909
42.79 -97.916
42.788 -97.921
42.778 -97.933
42.776 -97.937
42.77 -97.95
42.769 -97.953
42.769 -97.962
42.77 -97.978
42.765 -97.993
42.763 -98
42.763 -98.003
42.764 -98.006
42.762 -98.013
42.762 -98.017
42.764 -98.035
42.766 -98.037
42.766 -98.038
42.767 -98.042
42.768 -98.045
42.769 -98.052
42.771 -98.057
42.773 -98.06
42.778 -98.061
42.781 -98.063
42.785 -98.067
42.794 -98.083
42.796 -98.088
42.799 -98.095
42.808 -98.105
42.811 -98.108
42.82 -98.127
42.821 -98.129
42.833 -98.138
42.84 -98.147
42.84 -98.148
42.839 -98.153
42.837 -98.163
42.837 -98.168
42.837 -98.171
42.842 -98.19
42.847 -98.205
42.85 -98.211
42.853 -98.22
42.856 -98.224
42.858 -98.227
42.86 -98.23
42.86 -98.231
42.861 -98.232
42.868 -98.247
42.872 -98.25
42.873 -98.252
42.873 -98.253
42.874 -98.258
42.874 -98.268
42.875 -98.28
42.88 -98.297
42.885 -98.32
42.886 -98.326
42.888 -98.33
42.891 -98.332
42.892 -98.333
42.896 -98.336
42.898 -98.338
42.901 -98.342
42.903 -98.346
42.903 -98.348
42.904 -98.348
42.908 -98.358
42.912 -98.373
42.913 -98.375
42.918 -98.386
42.922 -98.399
42.926 -98.408
42.932 -98.421
42.932 -98.426
42.932 -98.431
42.929 -98.435
42.928 -98.437
42.928 -98.44
42.929 -98.444
42.931 -98.446
42.935 -98.447
42.936 -98.448
42.938 -98.452
42.943 -98.459
42.944 -98.462
42.947 -98.467
42.948 -98.467
42.964 -98.479
42.978 -98.49
42.988 -98.496
42.999 -98.499
42.998 -98.565
42.999 -98.569
42.998 -98.664
42.999 -98.666
42.998 -98.705
42.998 -98.742
42.998 -98.764
42.998 -98.801
42.998 -98.824
42.998 -98.9
42.998 -98.903
42.998 -98.919
42.998 -98.943
42.998 -98.962
42.998 -99
42.998 -99.022
42.998 -99.061
42.998 -99.08
42.998 -99.082
42.998 -99.098
42.998 -99.136
42.999 -99.139
42.998 -99.151
42.998 -99.161
42.998 -99.178
42.998 -99.195
42.998 -99.234
42.998 -99.254
42.998 -99.263
42.998 -99.288
42.998 -99.297
42.998 -99.347
42.998 -99.369
42.998 -99.371
42.998 -99.374
42.998 -99.396
42.998 -99.416
42.998 -99.471
42.998 -99.475
42.998 -99.491
42.998 -99.494
42.998 -99.534
42.998 -99.535
42.998 -99.569
42.998 -99.652
42.998 -99.699
42.998 -99.701
42.998 -99.719
42.998 -99.727
42.998 -99.743
42.998 -99.769
42.998 -99.771
42.998 -99.788
42.998 -99.8
42.998 -99.803
42.998 -99.809
42.998 -99.822
42.998 -99.85
42.998 -99.86
42.998 -99.87
42.998 -99.878
42.998 -99.89
42.998 -99.918
42.998 -99.928
42.998 -99.95
42.998 -99.951
42.998 -99.961
42.998 -100.005
42.998 -100.008
42.998 -100.028
42.998 -100.034
42.999 -100.119
42.999 -100.126
42.999 -100.127
42.999 -100.198
42.999 -100.278
42.999 -100.284
42.999 -100.35
42.999 -100.355
42.999 -100.432
42.999 -100.473
42.999 -100.532
42.999 -100.534
42.999 -100.544
42.999 -100.553
42.999 -100.625
42.998 -100.632
42.998 -100.749
42.998 -100.867
42.998 -100.888
42.998 -100.907
42.998 -100.958
42.998 -100.964
42.998 -101
42.998 -101.006
42.998 -101.043
42.998 -101.226
42.998 -101.227
42.998 -101.228
42.998 -101.229
42.998 -101.23
42.997 -101.5
42.997 -101.537
42.997 -101.579
42.997 -101.584
42.996 -101.625
42.997 -101.713
42.997 -101.714
42.999 -101.85
42.999 -101.904
42.999 -101.909
42.999 -102.017
42.999 -102.043
42.999 -102.077
42.999 -102.083
43 -102.354
43 -102.406
43 -102.435
43 -102.441
43 -102.487
43 -102.554
43 -102.574
43 -102.653
43 -102.792
43 -102.811
43 -102.838
43 -103.001
43.001 -103.132
43.001 -103.133
43.001 -103.341
43.001 -103.347
43.001 -103.405
43.001 -103.505
43.001 -103.506
43.001 -103.507
43.001 -103.524
43.001 -103.576
43.001 -103.577
43.001 -103.618
43.001 -103.653
43.001 -103.715
43.001 -103.814
43.001 -103.816
43.001 -103.86
43.001 -103.925
43.002 -103.966
43.002 -103.991
43.001 -104.053
43.135 -104.053
43.29 -104.054
43.297 -104.054
43.304 -104.054
43.326 -104.054
43.391 -104.055
43.429 -104.055
43.478 -104.055
43.503 -104.055
43.559 -104.055
43.579 -104.055
43.584 -104.055
43.747 -104.055
43.75 -104.055
43.853 -104.055
43.937 -104.055
43.938 -104.055
44.029 -104.055
44.119 -104.055
44.141 -104.055
44.18 -104.054
44.25 -104.055
44.324 -104.056
44.327 -104.056
44.365 -104.056
44.518 -104.056
44.543 -104.056
44.571 -104.056
44.691 -104.056
44.694 -104.056
44.7 -104.056
44.723 -104.056
44.724 -104.056
44.749 -104.056
44.768 -104.056
44.867 -104.056
44.875 -104.056
44.997 -104.058
44.998 -104.04
45 -104.04
45.124 -104.04
45.125 -104.04
45.213 -104.04
45.336 -104.04
45.345 -104.04
45.374 -104.04
45.393 -104.04
45.463 -104.041
45.491 -104.042
45.5 -104.041
45.503 -104.041
45.539 -104.042
45.549 -104.042
45.551 -104.042
45.558 -104.042
45.75 -104.043
45.868 -104.044
45.872 -104.044
45.882 -104.044
45.945 -104.045
45.945 -103.924
45.945 -103.799
45.945 -103.678
45.945 -103.668
45.945 -103.661
45.945 -103.577
45.945 -103.559
45.945 -103.435
45.945 -103.432
45.945 -103.418
45.945 -103.411
45.945 -103.375
45.945 -103.369
45.945 -103.307
45.945 -103.284
45.945 -103.218
45.945 -103.211
45.945 -103.161
45.945 -103.141
45.945 -103.098
45.945 -103.078
45.945 -103.064
45.945 -103.048
45.945 -103.026
45.945 -102.995
45.945 -102.99
45.945 -102.942
45.945 -102.92
45.945 -102.88
45.945 -102.818
45.945 -102.705
45.945 -102.694
45.945 -102.674
45.945 -102.672
45.945 -102.667
45.945 -102.652
