segment Washington
49.002 -122.406
49.002 -122.291
49.002 -122.286
49.002 -122.252
49.002 -122.251
49.002 -122.137
49.002 -122.098
49.002 -122.085
49.001 -121.988
49 -121.95
48.997 -121.751
48.999 -121.524
49 -121.396
49.001 -121.345
49 -121.257
49 -121.251
49.001 -121.249
49.001 -121.23
49.001 -121.126
49.001 -121.06
49.001 -121.036
49 -121.019
49 -120.979
49 -120.851
49 -120.717
49.001 -120.376
49 -120.24
48.999 -120.001
49 -119.919
49 -119.876
49 -119.702
49 -119.701
49 -119.473
49 -119.458
49 -119.437
49 -119.429
49 -119.303
49 -119.181
49 -119.137
49 -119.132
49 -119.093
49 -119.051
49 -118.891
49 -118.837
49 -118.817
49 -118.621
49 -118.365
49 -118.197
49 -118.046
49 -118.002
49 -118.001
49 -117.884
49.001 -117.876
49.001 -117.631
49.001 -117.607
49.001 -117.493
49 -117.43
49 -117.355
49 -117.352
49 -117.337
49 -117.3
49 -117.268
48.999 -117.126
48.999 -117.032
48.875 -117.032
48.834 -117.033
48.82 -117.033
48.75 -117.033
48.657 -117.034
48.629 -117.034
48.621 -117.035
48.563 -117.035
48.559 -117.035
48.547 -117.035
48.546 -117.035
48.522 -117.035
48.5 -117.035
48.479 -117.035
48.471 -117.035
48.438 -117.035
48.43 -117.035
48.423 -117.035
48.393 -117.035
48.371 -117.035
48.256 -117.038
48.208 -117.039
48.204 -117.039
48.201 -117.039
48.197 -117.039
48.196 -117.039
48.192 -117.039
48.189 -117.039
48.186 -117.04
48.184 -117.04
48.181 -117.04
48.18 -117.04
48.178 -117.04
48.177 -117.039
48.174 -117.04
48.17 -117.04
48.166 -117.04
48.125 -117.041
48.085 -117.041
48.046 -117.042
47.966 -117.042
47.926 -117.042
47.883 -117.042
47.879 -117.042
47.877 -117.042
47.875 -117.042
47.867 -117.042
47.839 -117.042
47.836 -117.042
47.832 -117.042
47.822 -117.042
47.779 -117.042
47.767 -117.042
47.765 -117.043
47.761 -117.043
47.745 -117.042
47.744 -117.042
47.736 -117.042
47.735 -117.042
47.723 -117.042
47.707 -117.042
47.706 -117.042
47.701 -117.042
47.699 -117.042
47.698 -117.042
47.697 -117.042
47.695 -117.042
47.683 -117.042
47.68 -117.041
47.678 -117.041
47.623 -117.041
47.599 -117.041
47.585 -117.041
47.58 -117.041
47.574 -117.041
47.559 -117.041
47.558 -117.041
47.533 -117.041
47.528 -117.041
47.522 -117.041
47.478 -117.04
47.463 -117.04
47.435 -117.04
47.412 -117.04
47.399 -117.04
47.375 -117.04
47.347 -117.04
47.333 -117.04
47.259 -117.04
47.226 -117.04
47.203 -117.04
47.182 -117.04
47.155 -117.04
47.134 -117.04
47.126 -117.04
47.091 -117.04
47.09 -117.04
47.048 -117.04
46.967 -117.04
46.963 -117.04
46.861 -117.04
46.827 -117.04
46.826 -117.04
46.815 -117.04
46.766 -117.04
46.732 -117.04
46.7 -117.039
46.621 -117.04
46.588 -117.04
46.472 -117.04
46.47 -117.04
46.463 -117.04
46.429 -117.04
46.425 -117.04
46.424 -117.039
46.424 -117.038
46.423 -117.037
46.42 -117.036
46.418 -117.035
46.41 -117.036
46.408 -117.036
46.407 -117.037
46.406 -117.038
46.396 -117.041
46.395 -117.042
46.392 -117.042
46.387 -117.044
46.38 -117.047
46.377 -117.049
46.376 -117.052
46.375 -117.053
46.371 -117.058
46.368 -117.061
46.365 -117.063
46.354 -117.063
46.353 -117.063
46.349 -117.061
46.348 -117.059
46.347 -117.058
46.346 -117.056
46.345 -117.055
46.345 -117.054
46.344 -117.053
46.344 -117.052
46.342 -117.045
46.341 -117.036
46.341 -117.034
46.34 -117.031
46.339 -117.028
46.336 -117.024
46.335 -117.023
46.329 -117.023
46.326 -117.023
46.32 -117.023
46.317 -117.022
46.315 -117.021
46.311 -117.016
46.305 -117.007
46.304 -117.001
46.304 -117
46.303 -116.997
46.303 -116.996
46.299 -116.99
46.297 -116.987
46.293 -116.985
46.29 -116.985
46.28 -116.991
46.278 -116.991
46.276 -116.991
46.273 -116.987
46.266 -116.976
46.263 -116.973
46.261 -116.97
46.257 -116.967
46.255 -116.966
46.254 -116.965
46.253 -116.964
46.242 -116.959
46.231 -116.955
46.226 -116.956
46.22 -116.959
46.209 -116.966
46.208 -116.967
46.203 -116.966
46.2 -116.963
46.194 -116.952
46.19 -116.948
46.185 -116.942
46.171 -116.924
46.168 -116.922
46.165 -116.921
46.161 -116.923
46.142 -116.935
46.141 -116.936
46.127 -116.947
46.126 -116.948
46.123 -116.95
46.119 -116.951
46.111 -116.951
46.102 -116.955
46.099 -116.96
46.098 -116.974
46.097 -116.977
46.096 -116.979
46.093 -116.982
46.091 -116.982
46.089 -116.982
46.085 -116.982
46.082 -116.98
46.08 -116.979
46.077 -116.97
46.076 -116.963
46.076 -116.96
46.075 -116.957
46.068 -116.949
46.061 -116.943
46.04 -116.932
46.018 -116.923
46 -116.919
45.997 -116.917
45.995 -116.916
45.996 -116.941
45.997 -116.986
45.997 -117.051
45.998 -117.07
45.998 -117.146
45.998 -117.213
45.998 -117.215
45.998 -117.217
45.998 -117.246
45.998 -117.249
45.999 -117.278
45.999 -117.338
45.996 -117.354
45.999 -117.391
45.999 -117.44
45.998 -117.475
45.998 -117.48
45.998 -117.505
45.999 -117.603
46 -117.718
46 -117.911
46.001 -117.929
46.001 -117.971
46.001 -117.997
46 -118.126
46 -118.131
46.001 -118.146
46 -118.229
46 -118.237
46 -118.253
46 -118.256
46.001 -118.284
46 -118.315
46.001 -118.341
46.001 -118.346
46.001 -118.368
46.001 -118.378
46.001 -118.387
46.001 -118.404
46.001 -118.471
46.001 -118.497
46.001 -118.534
46.001 -118.537
46.001 -118.544
46.001 -118.555
46.001 -118.569
46.001 -118.576
46.001 -118.58
46.001 -118.607
46.001 -118.638
46.001 -118.639
46.001 -118.659
46.001 -118.678
46.001 -118.788
46.001 -118.825
46.001 -118.853
46.001 -118.897
46.001 -118.941
46 -118.978
46 -118.987
45.979 -119.009
45.969 -119.027
45.959 -119.061
45.943 -119.093
45.933 -119.126
45.928 -119.169
45.928 -119.196
45.933 -119.226
45.94 -119.257
45.933 -119.323
45.932 -119.328
45.922 -119.364
45.921 -119.376
45.917 -119.45
45.906 -119.488
45.909 -119.525
45.925 -119.572
45.92 -119.601
45.906 -119.623
45.903 -119.626
45.857 -119.67
45.846 -119.773
45.848 -119.803
45.836 -119.868
45.835 -119.876
45.828 -119.907
45.824 -119.966
45.812 -120.001
45.785 -120.07
45.773 -120.141
45.762 -120.17
45.726 -120.211
45.721 -120.282
45.72 -120.289
45.711 -120.329
45.699 -120.404
45.694 -120.482
45.699 -120.501
45.7 -120.506
45.71 -120.522
45.734 -120.553
45.738 -120.559
45.747 -120.591
45.746 -120.635
45.73 -120.669
45.716 -120.689
45.706 -120.724
45.686 -120.789
45.676 -120.836
45.672 -120.856
45.661 -120.87
45.643 -120.896
45.64 -120.913
45.641 -120.916
45.656 -120.944
45.657 -120.953
45.649 -120.978
45.648 -120.983
45.652 -121.001
45.653 -121.007
45.651 -121.034
45.653 -121.064
45.648 -121.085
45.623 -121.12
45.618 -121.117
45.616 -121.122
45.61 -121.132
45.612 -121.139
45.611 -121.141
45.608 -121.146
45.606 -121.168
45.606 -121.184
45.617 -121.197
45.63 -121.195
45.648 -121.2
45.65 -121.2
45.656 -121.205
45.671 -121.216
45.678 -121.251
45.687 -121.287
45.691 -121.294
45.7 -121.312
45.705 -121.338
45.704 -121.351
45.703 -121.373
45.693 -121.402
45.694 -121.424
45.701 -121.463
45.713 -121.484
45.716 -121.49
45.718 -121.495
45.721 -121.499
45.725 -121.522
45.727 -121.533
45.705 -121.631
45.705 -121.668
45.703 -121.676
45.695 -121.707
45.694 -121.735
45.707 -121.811
45.7 -121.838
45.695 -121.858
45.693 -121.867
45.688 -121.876
45.671 -121.902
45.662 -121.901
45.654 -121.908
45.644 -121.935
45.645 -121.952
45.644 -121.956
45.633 -121.964
45.625 -121.98
45.623 -121.983
45.616 -122.004
45.615 -122.023
45.61 -122.044
45.584 -122.101
45.584 -122.102
45.581 -122.112
45.583 -122.126
45.583 -122.129
45.583 -122.13
45.585 -122.141
45.578 -122.184
45.564 -122.202
45.548 -122.249
45.544 -122.263
45.544 -122.267
45.544 -122.295
45.548 -122.331
45.569 -122.353
45.574 -122.372
45.576 -122.38
45.576 -122.383
45.575 -122.392
45.573 -122.397
45.568 -122.411
45.564 -122.439
45.567 -122.454
45.568 -122.455
45.576 -122.471
45.578 -122.473
45.578 -122.475
45.579 -122.476
45.58 -122.479
45.583 -122.49
45.583 -122.492
45.584 -122.495
45.584 -122.496
45.586 -122.505
45.59 -122.524
45.596 -122.546
45.597 -122.548
45.604 -122.581
45.608 -122.603
45.608 -122.608
45.61 -122.644
45.618 -122.675
45.625 -122.691
45.637 -122.713
45.642 -122.73
45.643 -122.732
45.644 -122.738
45.657 -122.764
45.68 -122.775
45.695 -122.773
45.7 -122.773
45.734 -122.76
45.759 -122.761
45.779 -122.769
45.781 -122.77
45.782 -122.771
45.81 -122.796
45.825 -122.796
45.844 -122.786
45.851 -122.786
45.868 -122.785
45.884 -122.798
45.913 -122.812
45.932 -122.806
45.954 -122.812
45.961 -122.814
45.977 -122.833
45.981 -122.838
46.014 -122.856
46.016 -122.858
46.031 -122.878
46.046 -122.881
46.06 -122.884
46.084 -122.904
46.093 -122.931
46.105 -122.963
46.134 -123.004
46.136 -123.009
46.139 -123.021
46.139 -123.022
46.139 -123.023
46.144 -123.034
46.146 -123.041
46.154 -123.051
46.178 -123.105
46.185 -123.116
46.186 -123.12
46.189 -123.166
46.173 -123.213
46.166 -123.231
46.156 -123.251
46.145 -123.28
46.145 -123.301
46.145 -123.302
46.146 -123.332
46.146 -123.371
46.182 -123.431
46.225 -123.428
46.229 -123.428
46.236 -123.434
46.25 -123.448
46.262 -123.465
46.265 -123.469
46.268 -123.475
46.269 -123.48
46.271 -123.501
46.266 -123.516
46.263 -123.526
46.261 -123.538
46.259 -123.548
46.266 -123.548
46.266 -123.549
46.265 -123.552
46.265 -123.554
46.265 -123.556
46.265 -123.56
46.262 -123.564
46.262 -123.569
46.261 -123.582
46.26 -123.586
46.26 -123.588
46.26 -123.614
46.261 -123.624
46.267 -123.669
46.273 -123.679
46.278 -123.68
46.286 -123.678
46.291 -123.679
46.296 -123.681
46.299 -123.688
46.305 -123.701
46.303 -123.717
46.301 -123.724
46.295 -123.724
46.29 -123.728
46.289 -123.729
46.29 -123.741
46.275 -123.759
46.275 -123.76
46.273 -123.767
46.275 -123.775
46.28 -123.783
46.285 -123.796
46.284 -123.806
46.283 -123.806
46.28 -123.812
46.279 -123.814
46.27 -123.828
46.269 -123.829
46.263 -123.838
46.262 -123.841
46.256 -123.85
46.253 -123.855
46.251 -123.857
46.249 -123.86
46.249 -123.861
46.244 -123.869
46.242 -123.872
46.241 -123.873
46.241 -123.874
46.24 -123.875
46.24 -123.876
46.243 -123.892
46.245 -123.909
46.251 -123.92
46.252 -123.92
46.255 -123.925
46.259 -123.929
46.267 -123.941
46.277 -123.954
46.291 -123.969
46.293 -123.971
46.294 -123.971
46.295 -123.971
46.299 -123.97
46.301 -123.972
46.303 -123.975
46.306 -123.979
46.309 -123.985
46.309 -123.986
46.313 -124
46.313 -124.001
46.314 -124.008
46.316 -124.021
46.308 -124.03
46.303 -124.033
46.297 -124.036
46.293 -124.036
46.284 -124.039
46.276 -124.044
46.279 -124.061
46.267 -124.081
46.269 -124.082
46.275 -124.082
46.284 -124.079
46.296 -124.076
46.297 -124.076
46.304 -124.072
46.305 -124.072
46.306 -124.071
46.31 -124.07
46.315 -124.068
46.318 -124.068
46.318 -124.067
46.324 -124.066
46.327 -124.065
46.33 -124.064
46.331 -124.064
46.339 -124.063
46.36 -124.061
46.368 -124.06
46.373 -124.06
46.387 -124.058
46.395 -124.058
46.409 -124.057
46.465 -124.057
46.473 -124.057
46.491 -124.057
46.493 -124.057
46.5 -124.058
46.501 -124.058
46.513 -124.059
46.529 -124.06
46.536 -124.06
46.551 -124.062
46.556 -124.062
46.559 -124.062
46.601 -124.068
46.628 -124.069
46.63 -124.07
46.631 -124.07
46.632 -124.069
46.634 -124.069
46.635 -124.069
46.636 -124.068
46.642 -124.063
46.643 -124.063
46.643 -124.062
46.646 -124.057
46.646 -124.056
46.646 -124.048
46.644 -124.047
46.637 -124.041
46.631 -124.036
46.627 -124.044
46.624 -124.049
46.623 -124.053
46.617 -124.051
46.605 -124.04
46.592 -124.03
46.592 -124.029
46.591 -124.029
46.583 -124.024
46.564 -124.023
46.539 -124.025
46.532 -124.026
46.514 -124.029
46.513 -124.029
46.512 -124.029
46.51 -124.029
46.498 -124.032
46.497 -124.032
46.496 -124.032
46.492 -124.031
46.491 -124.031
46.486 -124.03
46.484 -124.03
46.463 -124.026
46.461 -124.007
46.46 -124.003
46.46 -124.001
46.463 -123.991
46.466 -123.991
46.469 -123.994
46.472 -123.994
46.478 -123.993
46.489 -123.993
46.497 -123.988
46.498 -123.985
46.499 -123.984
46.498 -123.983
46.497 -123.979
46.49 -123.979
46.477 -123.972
46.476 -123.971
46.475 -123.971
46.473 -123.968
46.477 -123.944
46.493 -123.932
46.499 -123.928
46.507 -123.921
46.508 -123.921
46.517 -123.906
46.523 -123.897
46.528 -123.897
46.537 -123.894
46.552 -123.903
46.558 -123.912
46.563 -123.917
46.567 -123.92
46.577 -123.922
46.587 -123.928
46.589 -123.929
46.596 -123.939
46.6 -123.948
46.604 -123.956
46.614 -123.959
46.62 -123.96
46.63 -123.96
46.636 -123.961
46.637 -123.959
46.641 -123.941
46.649 -123.925
46.65 -123.922
46.654 -123.921
46.658 -123.922
46.672 -123.923
46.673 -123.923
46.679 -123.916
46.679 -123.913
46.684 -123.896
46.684 -123.895
46.699 -123.865
46.703 -123.851
46.707 -123.85
46.713 -123.848
46.717 -123.846
46.72 -123.849
46.724 -123.856
46.728 -123.862
46.728 -123.871
46.73 -123.876
46.731 -123.877
46.732 -123.878
46.746 -123.89
46.75 -123.893
46.75 -123.894
46.75 -123.899
46.747 -123.91
46.747 -123.911
46.746 -123.911
46.741 -123.916
46.737 -123.916
46.732 -123.914
46.731 -123.913
46.727 -123.917
46.726 -123.922
46.725 -123.929
46.725 -123.949
46.732 -123.961
46.736 -123.969
46.733 -123.975
46.725 -123.98
46.722 -123.979
46.718 -123.977
46.714 -123.975
46.707 -123.968
46.705 -123.967
46.703 -123.974
46.706 -123.984
46.707 -123.987
46.708 -123.988
46.708 -123.994
46.704 -124
46.703 -124.003
46.702 -124.003
46.705 -124.01
46.706 -124.015
46.709 -124.022
46.711 -124.027
46.712 -124.028
46.718 -124.038
46.72 -124.042
46.723 -124.042
46.726 -124.046
46.734 -124.063
46.735 -124.081
46.742 -124.092
46.746 -124.097
46.757 -124.095
46.784 -124.097
46.794 -124.098
46.811 -124.101
46.836 -124.108
46.859 -124.116
46.87 -124.12
46.872 -124.12
46.88 -124.123
46.885 -124.126
46.904 -124.137
46.906 -124.138
46.906 -124.137
46.906 -124.136
46.912 -124.119
46.912 -124.118
46.913 -124.111
46.91 -124.106
46.906 -124.101
46.901 -124.093
46.896 -124.09
46.892 -124.09
46.891 -124.09
46.89 -124.09
46.868 -124.089
46.863 -124.076
46.861 -124.073
46.862 -124.071
46.863 -124.068
46.864 -124.066
46.865 -124.061
46.87 -124.055
46.891 -124.049
46.894 -124.046
46.898 -124.036
46.901 -124.023
46.903 -124.016
46.904 -124.014
46.904 -124.013
46.91 -124.01
46.913 -124.003
46.922 -123.985
46.923 -123.979
46.922 -123.962
46.922 -123.961
46.921 -123.958
46.921 -123.957
46.933 -123.915
46.937 -123.894
46.939 -123.885
46.94 -123.883
46.941 -123.879
46.942 -123.878
46.949 -123.86
46.951 -123.863
46.952 -123.864
46.952 -123.865
46.961 -123.876
46.967 -123.885
46.969 -123.889
46.969 -123.89
46.971 -123.894
46.972 -123.897
46.972 -123.898
46.972 -123.899
46.972 -123.901
46.972 -123.902
46.972 -123.903
46.972 -123.914
46.972 -123.922
46.97 -123.939
46.972 -123.948
46.975 -123.951
46.976 -123.952
46.981 -123.959
46.982 -123.959
46.982 -123.961
46.98 -123.992
46.984 -124.005
46.984 -124.009
46.985 -124.012
46.991 -124.02
46.995 -124.014
46.997 -124.011
46.998 -124.01
47.003 -124.006
47.004 -124.005
47.012 -124.017
47.015 -124.017
47.03 -124.026
47.036 -124.047
47.04 -124.061
47.041 -124.066
47.041 -124.075
47.042 -124.079
47.042 -124.087
47.043 -124.106
47.042 -124.122
47.035 -124.142
47.029 -124.149
47.021 -124.151
47.02 -124.151
47.017 -124.15
47.015 -124.149
47.013 -124.148
46.988 -124.14
46.974 -124.138
46.972 -124.138
46.971 -124.138
46.969 -124.137
46.966 -124.135
46.962 -124.134
46.954 -124.129
46.952 -124.128
46.946 -124.125
46.944 -124.124
46.943 -124.129
46.942 -124.134
46.94 -124.14
46.94 -124.141
46.929 -124.159
46.926 -124.18
46.927 -124.18
46.931 -124.178
46.942 -124.175
46.958 -124.171
46.963 -124.171
46.983 -124.17
46.994 -124.169
46.995 -124.169
47.018 -124.171
47.044 -124.172
47.065 -124.173
47.066 -124.174
47.069 -124.174
47.086 -124.176
47.089 -124.176
47.091 -124.176
47.093 -124.177
47.105 -124.179
47.115 -124.182
47.125 -124.184
47.132 -124.183
47.134 -124.183
47.136 -124.186
47.145 -124.189
47.147 -124.19
47.158 -124.192
47.16 -124.193
47.174 -124.196
47.175 -124.196
47.177 -124.197
47.19 -124.201
47.191 -124.201
47.218 -124.209
47.245 -124.219
47.245 -124.22
47.283 -124.234
47.284 -124.235
47.285 -124.235
47.287 -124.236
47.295 -124.242
47.301 -124.251
47.301 -124.252
47.302 -124.254
47.304 -124.256
47.304 -124.257
47.304 -124.258
47.305 -124.271
47.325 -124.286
47.327 -124.287
47.33 -124.289
47.339 -124.293
47.346 -124.299
47.348 -124.3
47.349 -124.302
47.351 -124.304
47.352 -124.308
47.356 -124.319
47.368 -124.324
47.387 -124.326
47.389 -124.327
47.391 -124.327
47.4 -124.331
47.416 -124.337
47.438 -124.339
47.444 -124.34
47.459 -124.342
47.462 -124.342
47.463 -124.342
47.471 -124.343
47.488 -124.345
47.489 -124.345
47.534 -124.354
47.546 -124.356
47.548 -124.359
47.56 -124.362
47.563 -124.362
47.582 -124.366
47.583 -124.367
47.6 -124.372
47.604 -124.375
47.632 -124.382
47.648 -124.389
47.666 -124.396
47.677 -124.403
47.691 -124.412
47.712 -124.417
47.713 -124.417
47.725 -124.42
47.733 -124.423
47.738 -124.425
47.746 -124.43
47.746 -124.431
47.75 -124.435
47.765 -124.454
47.766 -124.465
47.767 -124.472
47.77 -124.477
47.783 -124.479
47.797 -124.482
47.798 -124.482
47.817 -124.49
47.822 -124.498
47.823 -124.498
47.823 -124.499
47.824 -124.507
47.823 -124.511
47.823 -124.513
47.825 -124.518
47.833 -124.533
47.837 -124.54
47.848 -124.55
47.849 -124.551
47.856 -124.558
47.863 -124.559
47.866 -124.562
47.878 -124.588
47.88 -124.61
47.881 -124.611
47.888 -124.625
47.888 -124.626
47.892 -124.63
47.896 -124.63
47.897 -124.63
47.904 -124.633
47.914 -124.637
47.917 -124.638
47.92 -124.639
47.924 -124.641
47.935 -124.645
47.942 -124.651
47.943 -124.652
47.951 -124.662
47.958 -124.667
47.964 -124.672
47.982 -124.671
47.983 -124.671
48.002 -124.676
48.016 -124.679
48.019 -124.68
48.035 -124.682
48.036 -124.682
48.049 -124.685
48.055 -124.688
48.059 -124.694
48.061 -124.694
48.069 -124.697
48.075 -124.696
48.08 -124.696
48.087 -124.695
48.091 -124.691
48.092 -124.689
48.099 -124.687
48.112 -124.694
48.114 -124.695
48.115 -124.695
48.116 -124.696
48.118 -124.697
48.153 -124.722
48.16 -124.732
48.163 -124.733
48.164 -124.733
48.17 -124.732
48.176 -124.72
48.182 -124.709
48.184 -124.704
48.199 -124.696
48.213 -124.691
48.22 -124.69
48.225 -124.694
48.23 -124.698
48.236 -124.703
48.239 -124.705
48.24 -124.706
48.246 -124.7
48.247 -124.698
48.255 -124.685
48.265 -124.681
48.275 -124.679
48.295 -124.676
48.296 -124.67
48.296 -124.669
48.297 -124.668
48.299 -124.666
48.3 -124.666
48.31 -124.662
48.324 -124.66
48.327 -124.66
48.331 -124.659
48.341 -124.67
48.343 -124.675
48.344 -124.679
48.35 -124.697
48.366 -124.714
48.37 -124.724
48.371 -124.727
48.375 -124.73
48.376 -124.731
48.381 -124.732
48.383 -124.729
48.386 -124.726
48.389 -124.718
48.39 -124.717
48.389 -124.695
48.39 -124.673
48.39 -124.659
48.391 -124.653
48.389 -124.649
48.386 -124.639
48.378 -124.633
48.378 -124.632
48.377 -124.631
48.378 -124.612
48.381 -124.599
48.382 -124.597
48.378 -124.595
48.375 -124.592
48.374 -124.591
48.373 -124.589
48.372 -124.586
48.366 -124.573
48.368 -124.565
48.361 -124.556
48.355 -124.548
48.354 -124.547
48.354 -124.546
48.351 -124.542
48.351 -124.541
48.35 -124.539
48.35 -124.538
48.349 -124.527
48.349 -124.526
48.349 -124.525
48.347 -124.521
48.343 -124.511
48.332 -124.484
48.327 -124.473
48.319 -124.454
48.315 -124.446
48.301 -124.414
48.289 -124.396
48.288 -124.392
48.285 -124.381
48.288 -124.362
48.288 -124.361
48.278 -124.342
48.272 -124.315
48.268 -124.3
48.268 -124.299
48.263 -124.296
48.262 -124.297
48.261 -124.298
48.259 -124.296
48.258 -124.29
48.256 -124.279
48.255 -124.273
48.254 -124.272
48.255 -124.269
48.255 -124.266
48.255 -124.265
48.259 -124.255
48.261 -124.252
48.263 -124.252
48.265 -124.251
48.262 -124.239
48.253 -124.218
48.246 -124.193
48.243 -124.182
48.234 -124.159
48.227 -124.141
48.221 -124.111
48.22 -124.11
48.218 -124.104
48.217 -124.102
48.2 -124.107
48.196 -124.091
48.19 -124.072
48.184 -124.062
48.178 -124.051
48.173 -124.026
48.165 -123.981
48.165 -123.98
48.165 -123.955
48.163 -123.945
48.162 -123.939
48.161 -123.937
48.161 -123.935
48.159 -123.917
48.159 -123.916
48.16 -123.898
48.16 -123.891
48.161 -123.88
48.16 -123.879
48.155 -123.867
48.155 -123.865
48.154 -123.86
48.154 -123.859
48.154 -123.858
48.158 -123.832
48.157 -123.819
48.155 -123.778
48.157 -123.772
48.161 -123.756
48.161 -123.751
48.163 -123.729
48.161 -123.728
48.159 -123.725
48.159 -123.718
48.163 -123.706
48.166 -123.706
48.167 -123.703
48.167 -123.702
48.163 -123.672
48.158 -123.655
48.157 -123.651
48.156 -123.65
48.15 -123.637
48.146 -123.641
48.139 -123.629
48.135 -123.591
48.141 -123.574
48.146 -123.567
48.148 -123.564
48.151 -123.561
48.151 -123.559
48.151 -123.558
48.151 -123.556
48.151 -123.551
48.15 -123.547
48.146 -123.535
48.137 -123.524
48.136 -123.522
48.135 -123.522
48.135 -123.521
48.132 -123.507
48.133 -123.494
48.134 -123.477
48.134 -123.476
48.134 -123.473
48.135 -123.472
48.138 -123.462
48.14 -123.455
48.142 -123.44
48.141 -123.439
48.124 -123.442
48.123 -123.438
48.12 -123.43
48.118 -123.425
48.117 -123.416
48.116 -123.411
48.116 -123.406
48.115 -123.4
48.114 -123.395
48.115 -123.389
48.115 -123.38
48.116 -123.366
48.116 -123.361
48.115 -123.352
48.114 -123.344
48.114 -123.339
48.113 -123.333
48.113 -123.321
48.114 -123.32
48.114 -123.315
48.12 -123.29
48.121 -123.29
48.121 -123.288
48.119 -123.284
48.119 -123.283
48.118 -123.282
48.117 -123.28
48.117 -123.279
48.117 -123.276
48.116 -123.269
48.116 -123.249
48.116 -123.248
48.117 -123.243
48.118 -123.239
48.119 -123.237
48.124 -123.225
48.126 -123.221
48.127 -123.217
48.144 -123.192
48.144 -123.191
48.145 -123.19
48.147 -123.188
48.148 -123.187
48.166 -123.164
48.171 -123.155
48.173 -123.15
48.176 -123.145
48.176 -123.144
48.176 -123.142
48.177 -123.133
48.176 -123.133
48.175 -123.132
48.166 -123.139
48.157 -123.143
48.155 -123.138
48.153 -123.131
48.153 -123.125
48.15 -123.116
48.145 -123.109
48.127 -123.085
48.126 -123.082
48.124 -123.075
48.121 -123.066
48.12 -123.066
48.103 -123.05
48.086 -123.041
48.083 -123.04
48.082 -123.039
48.081 -123.039
48.085 -123.017
48.088 -123.011
48.091 -123.004
48.096 -122.979
48.099 -122.946
48.097 -122.935
48.096 -122.93
48.096 -122.929
48.092 -122.918
48.088 -122.921
48.076 -122.926
48.074 -122.927
48.073 -122.927
48.067 -122.928
48.065 -122.927
48.064 -122.926
48.058 -122.919
48.053 -122.898
48.047 -122.878
48.05 -122.865
48.054 -122.849
48.055 -122.85
48.065 -122.857
48.066 -122.858
48.076 -122.878
48.089 -122.88
48.101 -122.882
48.111 -122.876
48.112 -122.874
48.122 -122.856
48.126 -122.848
48.134 -122.833
48.136 -122.822
48.137 -122.816
48.141 -122.793
48.142 -122.791
48.143 -122.784
48.143 -122.776
48.143 -122.766
48.143 -122.761
48.143 -122.76
48.14 -122.759
48.126 -122.753
48.118 -122.749
48.117 -122.749
48.115 -122.754
48.112 -122.76
48.112 -122.762
48.107 -122.773
48.106 -122.778
48.105 -122.78
48.104 -122.782
48.1 -122.788
48.1 -122.789
48.097 -122.793
48.092 -122.798
48.092 -122.799
48.088 -122.801
48.084 -122.799
48.074 -122.789
48.069 -122.785
48.069 -122.784
48.053 -122.771
48.048 -122.77
48.044 -122.767
48.046 -122.758
48.049 -122.742
48.052 -122.741
48.054 -122.74
48.059 -122.74
48.069 -122.739
48.071 -122.741
48.071 -122.747
48.072 -122.748
48.073 -122.747
48.088 -122.736
48.091 -122.734
48.091 -122.733
48.092 -122.732
48.098 -122.719
48.103 -122.698
48.102 -122.687
48.097 -122.692
48.087 -122.692
48.051 -122.684
48.043 -122.682
48.036 -122.677
48.032 -122.669
48.027 -122.669
48.017 -122.67
48.008 -122.687
48.008 -122.69
48.009 -122.691
48.012 -122.694
48.014 -122.696
48.015 -122.697
48.016 -122.702
48.013 -122.71
48.008 -122.723
47.995 -122.72
47.988 -122.718
47.986 -122.716
47.973 -122.701
47.972 -122.683
47.968 -122.679
47.959 -122.676
47.95 -122.681
47.946 -122.684
47.944 -122.685
47.943 -122.685
47.94 -122.684
47.936 -122.682
47.933 -122.669
47.931 -122.662
47.931 -122.658
47.921 -122.651
47.916 -122.654
47.905 -122.655
47.903 -122.653
47.895 -122.646
47.89 -122.637
47.89 -122.619
47.887 -122.61
47.883 -122.618
47.879 -122.625
47.875 -122.632
47.868 -122.634
47.866 -122.636
47.864 -122.65
47.867 -122.666
47.868 -122.694
47.86 -122.691
47.856 -122.687
47.85 -122.682
47.842 -122.683
47.839 -122.684
47.831 -122.689
47.827 -122.696
47.817 -122.713
47.816 -122.714
47.813 -122.72
47.813 -122.721
47.81 -122.731
47.81 -122.732
47.805 -122.74
47.803 -122.743
47.801 -122.748
47.774 -122.751
47.758 -122.758
47.746 -122.758
47.741 -122.749
47.736 -122.74
47.738 -122.734
47.738 -122.733
47.739 -122.732
47.748 -122.723
47.749 -122.723
47.753 -122.722
47.761 -122.72
47.768 -122.715
47.772 -122.706
47.772 -122.705
47.776 -122.697
47.777 -122.694
47.778 -122.691
47.782 -122.689
47.796 -122.685
47.799 -122.684
47.801 -122.682
47.808 -122.672
47.825 -122.648
47.835 -122.625
47.836 -122.623
47.851 -122.615
47.853 -122.612
47.856 -122.609
47.857 -122.608
47.857 -122.601
47.857 -122.579
47.857 -122.578
47.858 -122.574
47.868 -122.573
47.874 -122.573
47.881 -122.576
47.884 -122.578
47.899 -122.585
47.902 -122.586
47.913 -122.588
47.92 -122.596
47.922 -122.605
47.925 -122.617
47.932 -122.62
47.939 -122.617
47.941 -122.612
47.941 -122.605
47.94 -122.604
47.932 -122.602
47.923 -122.592
47.92 -122.582
47.919 -122.555
47.919 -122.553
47.919 -122.549
47.916 -122.545
47.912 -122.538
47.911 -122.535
47.906 -122.528
47.881 -122.514
47.88 -122.514
47.875 -122.514
47.864 -122.513
47.835 -122.507
47.832 -122.506
47.83 -122.505
47.826 -122.502
47.826 -122.501
47.822 -122.495
47.818 -122.487
47.816 -122.483
47.815 -122.483
47.814 -122.482
47.813 -122.482
47.809 -122.482
47.804 -122.485
47.797 -122.495
47.796 -122.495
47.795 -122.495
47.793 -122.495
47.787 -122.495
47.786 -122.495
47.78 -122.488
47.775 -122.481
47.766 -122.471
47.757 -122.47
47.75 -122.472
47.746 -122.477
47.744 -122.488
47.743 -122.494
47.743 -122.508
47.744 -122.515
47.746 -122.519
47.747 -122.526
47.747 -122.528
47.747 -122.535
47.747 -122.537
47.747 -122.538
47.747 -122.542
47.746 -122.55
47.746 -122.552
47.746 -122.554
47.745 -122.554
47.744 -122.554
47.735 -122.551
47.732 -122.55
47.726 -122.548
47.719 -122.546
47.711 -122.543
47.705 -122.531
47.705 -122.528
47.705 -122.526
47.708 -122.524
47.709 -122.513
47.709 -122.512
47.709 -122.511
47.708 -122.511
47.699 -122.505
47.695 -122.505
47.691 -122.505
47.686 -122.504
47.685 -122.505
47.671 -122.509
47.67 -122.509
47.668 -122.51
47.665 -122.512
47.653 -122.517
47.652 -122.518
47.651 -122.518
47.646 -122.511
47.639 -122.502
47.635 -122.493
47.63 -122.493
47.629 -122.493
47.624 -122.494
47.624 -122.495
47.622 -122.496
47.62 -122.498
47.618 -122.5
47.617 -122.5
47.614 -122.5
47.605 -122.499
47.602 -122.499
47.598 -122.498
47.589 -122.494
47.587 -122.484
47.584 -122.479
47.583 -122.48
47.575 -122.504
47.574 -122.518
47.572 -122.523
47.566 -122.535
47.563 -122.537
47.562 -122.538
47.556 -122.543
47.554 -122.543
47.55 -122.543
47.538 -122.542
47.536 -122.543
47.535 -122.544
47.528 -122.547
47.524 -122.547
47.524 -122.546
47.523 -122.545
47.522 -122.535
47.522 -122.534
47.522 -122.533
47.522 -122.532
47.523 -122.529
47.523 -122.528
47.524 -122.524
47.524 -122.523
47.524 -122.522
47.523 -122.52
47.519 -122.51
47.515 -122.501
47.51 -122.495
47.513 -122.485
47.511 -122.474
47.51 -122.468
47.504 -122.453
47.503 -122.452
47.501 -122.455
47.497 -122.458
47.495 -122.46
47.495 -122.461
47.495 -122.46
47.487 -122.46
47.481 -122.453
47.481 -122.452
47.476 -122.445
47.468 -122.435
47.466 -122.433
47.46 -122.439
47.458 -122.44
47.456 -122.44
47.449 -122.44
47.448 -122.44
47.437 -122.44
47.43 -122.44
47.418 -122.44
47.41 -122.438
47.407 -122.438
47.407 -122.437
47.402 -122.427
47.4 -122.409
47.399 -122.395
47.394 -122.384
47.39 -122.376
47.389 -122.374
47.388 -122.374
47.387 -122.376
47.385 -122.378
47.381 -122.402
47.376 -122.413
47.374 -122.419
47.37 -122.427
47.366 -122.438
47.355 -122.448
47.344 -122.454
47.343 -122.454
47.343 -122.457
47.345 -122.469
47.345 -122.47
47.339 -122.484
47.335 -122.491
47.334 -122.491
47.333 -122.491
47.332 -122.491
47.331 -122.493
47.33 -122.493
47.33 -122.494
47.331 -122.504
47.331 -122.505
47.333 -122.519
47.338 -122.523
47.338 -122.524
47.34 -122.525
47.346 -122.528
47.359 -122.526
47.359 -122.538
47.36 -122.552
47.358 -122.552
47.352 -122.554
47.348 -122.556
47.327 -122.571
47.327 -122.575
47.326 -122.576
47.322 -122.575
47.318 -122.574
47.318 -122.573
47.316 -122.571
47.316 -122.56
47.316 -122.548
47.318 -122.547
47.319 -122.54
47.317 -122.533
47.307 -122.518
47.301 -122.509
47.299 -122.505
47.295 -122.499
47.29 -122.492
47.283 -122.481
47.281 -122.477
47.277 -122.472
47.276 -122.469
47.275 -122.465
47.275 -122.464
47.274 -122.463
47.269 -122.451
47.268 -122.448
47.267 -122.444
47.268 -122.438
47.27 -122.43
47.282 -122.418
47.289 -122.409
47.294 -122.414
47.298 -122.424
47.296 -122.432
47.296 -122.433
47.297 -122.435
47.3 -122.445
47.306 -122.443
47.313 -122.433
47.314 -122.431
47.318 -122.425
47.319 -122.424
47.321 -122.418
47.324 -122.406
47.327 -122.396
47.327 -122.395
47.331 -122.382
47.334 -122.371
47.336 -122.364
47.337 -122.359
47.339 -122.351
47.341 -122.337
47.343 -122.334
47.349 -122.325
47.361 -122.325
47.365 -122.325
47.367 -122.325
47.368 -122.325
47.372 -122.325
47.374 -122.325
47.379 -122.325
47.388 -122.326
47.392 -122.326
47.398 -122.328
47.401 -122.328
47.407 -122.334
47.408 -122.335
47.415 -122.347
47.416 -122.348
47.417 -122.348
47.418 -122.349
47.429 -122.352
47.437 -122.354
47.439 -122.354
47.442 -122.355
47.442 -122.356
47.445 -122.362
47.448 -122.367
47.451 -122.383
47.458 -122.371
47.459 -122.368
47.462 -122.367
47.464 -122.367
47.467 -122.366
47.468 -122.365
47.469 -122.365
47.47 -122.365
47.471 -122.365
47.473 -122.364
47.474 -122.363
47.475 -122.363
47.477 -122.363
47.481 -122.362
47.481 -122.361
47.488 -122.365
47.496 -122.376
47.499 -122.382
47.501 -122.384
47.502 -122.387
47.512 -122.394
47.515 -122.397
47.52 -122.395
47.524 -122.394
47.525 -122.394
47.526 -122.394
47.537 -122.396
47.54 -122.397
47.543 -122.397
47.546 -122.398
47.55 -122.398
47.561 -122.405
47.562 -122.405
47.564 -122.407
47.567 -122.409
47.569 -122.41
47.57 -122.412
47.572 -122.415
47.576 -122.421
47.577 -122.419
47.578 -122.416
47.579 -122.413
47.58 -122.412
47.582 -122.406
47.582 -122.405
47.584 -122.402
47.596 -122.387
47.589 -122.38
47.588 -122.378
47.587 -122.378
47.586 -122.376
47.585 -122.375
47.583 -122.37
47.584 -122.362
47.585 -122.358
47.59 -122.346
47.59 -122.345
47.591 -122.345
47.591 -122.343
47.599 -122.34
47.602 -122.341
47.609 -122.345
47.61 -122.346
47.612 -122.349
47.613 -122.351
47.614 -122.352
47.614 -122.353
47.62 -122.361
47.624 -122.368
47.626 -122.371
47.631 -122.384
47.632 -122.386
47.631 -122.39
47.631 -122.394
47.634 -122.404
47.64 -122.415
47.642 -122.417
47.644 -122.418
47.651 -122.424
47.659 -122.43
47.669 -122.419
47.675 -122.413
47.676 -122.412
47.677 -122.411
47.68 -122.408
47.687 -122.405
47.689 -122.404
47.693 -122.401
47.694 -122.4
47.698 -122.397
47.699 -122.396
47.699 -122.395
47.702 -122.393
47.705 -122.388
47.709 -122.38
47.712 -122.379
47.715 -122.377
47.717 -122.376
47.719 -122.376
47.72 -122.376
47.725 -122.374
47.729 -122.373
47.734 -122.375
47.749 -122.383
47.759 -122.38
47.763 -122.385
47.767 -122.389
47.772 -122.394
47.778 -122.396
47.78 -122.397
47.785 -122.397
47.803 -122.395
47.808 -122.392
47.814 -122.385
47.818 -122.38
47.823 -122.374
47.834 -122.361
47.841 -122.353
47.841 -122.351
47.842 -122.349
47.842 -122.347
47.846 -122.341
47.847 -122.34
47.85 -122.338
47.852 -122.336
47.853 -122.336
47.855 -122.335
47.859 -122.333
47.86 -122.333
47.865 -122.331
47.869 -122.33
47.875 -122.33
47.879 -122.333
47.88 -122.334
47.881 -122.333
47.893 -122.33
47.898 -122.329
47.899 -122.328
47.9 -122.328
47.904 -122.326
47.906 -122.325
47.911 -122.322
47.912 -122.322
47.917 -122.318
47.922 -122.314
47.924 -122.312
47.925 -122.311
47.929 -122.31
47.937 -122.311
47.945 -122.308
47.948 -122.307
47.949 -122.307
47.95 -122.305
47.953 -122.293
47.953 -122.292
47.957 -122.278
47.958 -122.266
47.958 -122.26
47.96 -122.249
47.965 -122.24
47.969 -122.233
47.97 -122.231
47.971 -122.23
47.976 -122.226
47.981 -122.229
47.983 -122.23
47.987 -122.232
47.988 -122.232
48.007 -122.23
48.012 -122.229
48.017 -122.225
48.018 -122.226
48.028 -122.231
48.03 -122.232
48.039 -122.255
48.042 -122.263
48.05 -122.281
48.052 -122.284
48.057 -122.288
48.062 -122.294
48.066 -122.298
48.073 -122.305
48.073 -122.306
48.074 -122.306
48.086 -122.322
48.093 -122.326
48.098 -122.343
48.123 -122.363
48.124 -122.364
48.126 -122.365
48.133 -122.365
48.139 -122.364
48.143 -122.364
48.151 -122.365
48.154 -122.366
48.159 -122.368
48.161 -122.369
48.165 -122.37
48.166 -122.369
48.174 -122.364
48.174 -122.363
48.188 -122.362
48.193 -122.372
48.193 -122.373
48.199 -122.377
48.201 -122.378
48.207 -122.382
48.218 -122.386
48.22 -122.388
48.221 -122.388
48.221 -122.389
48.223 -122.391
48.228 -122.395
48.229 -122.396
48.233 -122.426
48.236 -122.431
48.237 -122.434
48.233 -122.449
48.233 -122.45
48.232 -122.45
48.23 -122.453
48.229 -122.454
48.227 -122.454
48.215 -122.45
48.215 -122.445
48.214 -122.444
48.212 -122.442
48.21 -122.442
48.209 -122.442
48.209 -122.443
48.197 -122.455
48.194 -122.461
48.193 -122.462
48.195 -122.465
48.194 -122.468
48.194 -122.47
48.188 -122.479
48.176 -122.479
48.167 -122.476
48.151 -122.461
48.147 -122.458
48.138 -122.449
48.137 -122.448
48.133 -122.445
48.131 -122.442
48.129 -122.44
48.129 -122.439
48.127 -122.435
48.125 -122.433
48.12 -122.423
48.113 -122.412
48.095 -122.389
48.087 -122.379
48.083 -122.377
48.062 -122.36
48.06 -122.36
48.056 -122.358
48.056 -122.359
48.055 -122.363
48.058 -122.377
48.065 -122.388
48.069 -122.391
48.078 -122.393
48.085 -122.401
48.094 -122.412
48.101 -122.422
48.102 -122.422
48.103 -122.424
48.104 -122.426
48.114 -122.45
48.127 -122.464
48.13 -122.467
48.13 -122.468
48.129 -122.478
48.127 -122.48
48.124 -122.483
48.124 -122.484
48.121 -122.487
48.121 -122.49
48.123 -122.494
48.131 -122.507
48.131 -122.508
48.134 -122.512
48.14 -122.514
48.143 -122.515
48.16 -122.522
48.162 -122.523
48.169 -122.527
48.17 -122.528
48.177 -122.532
48.184 -122.537
48.2 -122.538
48.203 -122.538
48.21 -122.539
48.223 -122.534
48.225 -122.535
48.229 -122.535
48.24 -122.535
48.25 -122.531
48.252 -122.524
48.257 -122.504
48.257 -122.503
48.257 -122.5
48.256 -122.499
48.255 -122.499
48.254 -122.498
48.253 -122.498
48.253 -122.497
48.252 -122.495
48.252 -122.493
48.252 -122.484
48.252 -122.482
48.252 -122.481
48.252 -122.48
48.255 -122.474
48.27 -122.467
48.271 -122.464
48.269 -122.459
48.266 -122.451
48.262 -122.437
48.26 -122.432
48.252 -122.407
48.252 -122.406
48.257 -122.395
48.27 -122.392
48.288 -122.372
48.296 -122.377
48.298 -122.378
48.304 -122.384
48.308 -122.388
48.311 -122.391
48.311 -122.392
48.315 -122.397
48.317 -122.398
48.322 -122.404
48.326 -122.409
48.334 -122.424
48.336 -122.431
48.338 -122.443
48.345 -122.454
48.352 -122.463
48.36 -122.476
48.36 -122.478
48.361 -122.479
48.362 -122.482
48.362 -122.492
48.362 -122.498
48.365 -122.507
48.371 -122.516
48.372 -122.517
48.373 -122.519
48.375 -122.521
48.375 -122.522
48.376 -122.524
48.38 -122.529
48.383 -122.533
48.397 -122.539
48.4 -122.547
48.406 -122.555
48.41 -122.555
48.418 -122.557
48.427 -122.558
48.439 -122.551
48.442 -122.554
48.444 -122.557
48.445 -122.568
48.443 -122.575
48.436 -122.578
48.429 -122.582
48.425 -122.591
48.415 -122.614
48.413 -122.624
48.413 -122.626
48.411 -122.634
48.409 -122.646
48.409 -122.65
48.416 -122.665
48.417 -122.666
48.425 -122.674
48.439 -122.679
48.444 -122.677
48.443 -122.674
48.442 -122.674
48.443 -122.667
48.454 -122.655
48.471 -122.658
48.473 -122.658
48.474 -122.659
48.478 -122.665
48.478 -122.67
48.477 -122.689
48.465 -122.696
48.461 -122.696
48.458 -122.701
48.462 -122.71
48.464 -122.712
48.479 -122.713
48.488 -122.707
48.494 -122.704
48.498 -122.702
48.501 -122.697
48.501 -122.696
48.503 -122.693
48.509 -122.685
48.508 -122.679
48.507 -122.678
48.504 -122.677
48.504 -122.672
48.504 -122.671
48.506 -122.665
48.509 -122.656
48.512 -122.644
48.513 -122.644
48.513 -122.642
48.515 -122.636
48.521 -122.615
48.522 -122.612
48.522 -122.607
48.521 -122.6
48.517 -122.599
48.512 -122.598
48.512 -122.597
48.51 -122.583
48.509 -122.577
48.508 -122.568
48.502 -122.561
48.5 -122.558
48.499 -122.557
48.479 -122.545
48.467 -122.537
48.466 -122.533
48.468 -122.528
48.468 -122.527
48.466 -122.52
48.466 -122.515
48.462 -122.511
48.461 -122.501
48.465 -122.488
48.467 -122.483
48.471 -122.472
48.472 -122.47
48.475 -122.47
48.48 -122.474
48.482 -122.479
48.492 -122.483
48.497 -122.484
48.509 -122.485
48.51 -122.485
48.516 -122.484
48.52 -122.484
48.522 -122.484
48.528 -122.485
48.556 -122.498
48.565 -122.504
48.565 -122.505
48.566 -122.51
48.567 -122.519
48.567 -122.52
48.567 -122.525
48.569 -122.532
48.574 -122.535
48.576 -122.535
48.578 -122.512
48.576 -122.496
48.571 -122.492
48.569 -122.491
48.566 -122.489
48.565 -122.488
48.561 -122.484
48.56 -122.482
48.559 -122.478
48.564 -122.465
48.564 -122.462
48.565 -122.46
48.566 -122.458
48.567 -122.455
48.567 -122.454
48.57 -122.445
48.579 -122.436
48.582 -122.433
48.596 -122.427
48.6 -122.425
48.601 -122.427
48.623 -122.449
48.626 -122.464
48.631 -122.471
48.643 -122.487
48.645 -122.489
48.646 -122.489
48.652 -122.494
48.656 -122.5
48.666 -122.505
48.67 -122.507
48.683 -122.511
48.687 -122.512
48.712 -122.519
48.713 -122.519
48.717 -122.517
48.718 -122.517
48.721 -122.516
48.721 -122.515
48.722 -122.514
48.723 -122.511
48.723 -122.509
48.724 -122.507
48.725 -122.506
48.725 -122.505
48.726 -122.505
48.728 -122.503
48.733 -122.499
48.737 -122.495
48.738 -122.495
48.744 -122.493
48.745 -122.493
48.745 -122.492
48.748 -122.491
48.751 -122.49
48.753 -122.495
48.753 -122.497
48.757 -122.507
48.758 -122.511
48.758 -122.512
48.759 -122.513
48.768 -122.528
48.771 -122.53
48.776 -122.536
48.778 -122.55
48.779 -122.561
48.779 -122.564
48.779 -122.565
48.779 -122.567
48.778 -122.572
48.778 -122.574
48.777 -122.578
48.776 -122.579
48.771 -122.597
48.769 -122.598
48.759 -122.607
48.746 -122.625
48.745 -122.628
48.736 -122.637
48.732 -122.638
48.721 -122.626
48.717 -122.618
48.715 -122.613
48.701 -122.606
48.699 -122.606
48.694 -122.615
48.694 -122.62
48.697 -122.63
48.701 -122.637
48.708 -122.646
48.712 -122.651
48.714 -122.653
48.724 -122.664
48.731 -122.671
48.733 -122.673
48.747 -122.668
48.748 -122.667
48.749 -122.667
48.75 -122.666
48.753 -122.662
48.754 -122.661
48.755 -122.66
48.758 -122.659
48.769 -122.651
48.773 -122.648
48.774 -122.647
48.782 -122.646
48.785 -122.647
48.785 -122.657
48.787 -122.66
48.79 -122.664
48.79 -122.665
48.793 -122.667
48.794 -122.669
48.796 -122.671
48.797 -122.672
48.798 -122.675
48.799 -122.675
48.803 -122.68
48.804 -122.694
48.803 -122.696
48.803 -122.697
48.802 -122.697
48.801 -122.699
48.795 -122.7
48.79 -122.699
48.789 -122.699
48.786 -122.703
48.786 -122.71
48.791 -122.711
48.792 -122.711
48.8 -122.711
48.817 -122.709
48.818 -122.709
48.819 -122.709
48.832 -122.712
48.847 -122.717
48.853 -122.723
48.857 -122.732
48.869 -122.755
48.876 -122.769
48.885 -122.786
48.893 -122.793
48.895 -122.793
48.895 -122.784
48.897 -122.78
48.902 -122.77
48.909 -122.756
48.911 -122.751
48.916 -122.748
48.921 -122.745
48.931 -122.747
48.933 -122.749
48.939 -122.756
48.941 -122.765
48.942 -122.765
48.942 -122.766
48.943 -122.77
48.933 -122.785
48.932 -122.788
48.939 -122.818
48.941 -122.821
48.941 -122.822
48.942 -122.822
48.945 -122.822
48.956 -122.817
48.97 -122.802
48.975 -122.797
48.991 -122.774
48.991 -122.769
48.992 -122.767
48.992 -122.766
48.993 -122.763
48.997 -122.756
49 -122.756
49.002 -122.758
49.002 -122.744
49.002 -122.739
49.002 -122.735
49.002 -122.724
49.002 -122.705
49.002 -122.656
49.002 -122.621
49.002 -122.606
49.002 -122.551
49.002 -122.485
49.002 -122.463
49.002 -122.408
49.002 -122.406
segment Washington
49.002 -123.091
49.002 -123.068
49.002 -123.035
48.999 -123.034
48.991 -123.029
48.983 -123.025
48.981 -123.024
48.977 -123.021
48.974 -123.028
48.977 -123.041
48.976 -123.052
48.975 -123.061
48.975 -123.063
48.975 -123.064
48.976 -123.066
48.976 -123.069
48.976 -123.084
48.977 -123.084
48.987 -123.085
48.996 -123.088
49.002 -123.091
segment Washington
48.749 -122.715
48.744 -122.703
48.737 -122.696
48.732 -122.691
48.724 -122.684
48.722 -122.683
48.707 -122.669
48.706 -122.668
48.703 -122.667
48.697 -122.663
48.694 -122.655
48.691 -122.645
48.691 -122.644
48.671 -122.619
48.671 -122.618
48.669 -122.618
48.651 -122.612
48.645 -122.61
48.646 -122.617
48.651 -122.634
48.652 -122.635
48.681 -122.674
48.689 -122.679
48.694 -122.681
48.703 -122.687
48.711 -122.692
48.717 -122.702
48.717 -122.709
48.717 -122.719
48.723 -122.722
48.732 -122.722
48.741 -122.719
48.749 -122.716
48.749 -122.715
segment Washington
48.718 -123.025
48.721 -123.02
48.722 -123.01
48.719 -123.008
48.694 -123.005
48.685 -123.014
48.681 -123.021
48.676 -123.042
48.679 -123.042
48.685 -123.036
48.69 -123.036
48.696 -123.047
48.7 -123.07
48.717 -123.04
48.718 -123.025
segment Washington
48.714 -122.906
48.715 -122.895
48.713 -122.884
48.713 -122.88
48.712 -122.876
48.699 -122.837
48.699 -122.834
48.698 -122.833
48.697 -122.831
48.694 -122.826
48.686 -122.809
48.684 -122.806
48.683 -122.803
48.68 -122.8
48.668 -122.761
48.663 -122.745
48.662 -122.743
48.661 -122.742
48.65 -122.755
48.646 -122.763
48.64 -122.774
48.635 -122.784
48.633 -122.792
48.622 -122.806
48.621 -122.808
48.619 -122.81
48.615 -122.809
48.605 -122.799
48.602 -122.799
48.602 -122.8
48.6 -122.802
48.596 -122.805
48.59 -122.803
48.585 -122.801
48.583 -122.797
48.577 -122.788
48.577 -122.787
48.562 -122.771
48.558 -122.77
48.552 -122.772
48.545 -122.783
48.53 -122.789
48.525 -122.788
48.523 -122.787
48.518 -122.777
48.509 -122.779
48.495 -122.799
48.495 -122.8
48.494 -122.8
48.491 -122.809
48.488 -122.816
48.484 -122.818
48.481 -122.818
48.477 -122.818
48.476 -122.818
48.459 -122.82
48.453 -122.813
48.449 -122.811
48.444 -122.808
48.442 -122.807
48.433 -122.803
48.431 -122.803
48.43 -122.803
48.429 -122.804
48.427 -122.807
48.422 -122.812
48.424 -122.825
48.424 -122.826
48.421 -122.853
48.42 -122.863
48.419 -122.866
48.419 -122.867
48.419 -122.868
48.418 -122.874
48.418 -122.875
48.419 -122.884
48.421 -122.888
48.423 -122.894
48.436 -122.889
48.437 -122.903
48.443 -122.914
48.44 -122.918
48.44 -122.928
48.453 -122.916
48.458 -122.92
48.461 -122.927
48.456 -122.938
48.454 -122.951
48.451 -122.962
48.456 -123.001
48.459 -123.026
48.459 -123.029
48.459 -123.033
48.46 -123.039
48.472 -123.058
48.479 -123.068
48.48 -123.071
48.482 -123.076
48.488 -123.1
48.493 -123.119
48.498 -123.129
48.502 -123.135
48.505 -123.141
48.508 -123.145
48.512 -123.149
48.513 -123.151
48.514 -123.151
48.515 -123.152
48.516 -123.153
48.53 -123.163
48.536 -123.164
48.539 -123.162
48.541 -123.162
48.548 -123.161
48.553 -123.168
48.556 -123.172
48.562 -123.176
48.568 -123.176
48.572 -123.172
48.579 -123.173
48.587 -123.185
48.586 -123.195
48.586 -123.197
48.586 -123.198
48.59 -123.203
48.596 -123.203
48.607 -123.196
48.621 -123.18
48.622 -123.178
48.624 -123.152
48.623 -123.14
48.62 -123.136
48.621 -123.131
48.622 -123.107
48.616 -123.102
48.613 -123.099
48.613 -123.098
48.61 -123.098
48.604 -123.102
48.598 -123.102
48.598 -123.101
48.595 -123.088
48.593 -123.079
48.593 -123.078
48.592 -123.077
48.592 -123.075
48.582 -123.06
48.579 -123.057
48.577 -123.056
48.571 -123.05
48.569 -123.048
48.565 -123.037
48.563 -123.034
48.562 -123.026
48.561 -123.015
48.561 -123.006
48.562 -122.995
48.562 -122.987
48.57 -122.986
48.575 -122.99
48.578 -122.995
48.58 -123.001
48.58 -123.003
48.581 -123.005
48.58 -123.017
48.585 -123.023
48.588 -123.029
48.591 -123.033
48.592 -123.034
48.594 -123.025
48.599 -123.023
48.612 -123.041
48.611 -123.046
48.611 -123.047
48.621 -123.049
48.625 -123.04
48.634 -123.023
48.643 -123.016
48.648 -123.015
48.655 -123.01
48.66 -123.001
48.661 -123
48.667 -122.989
48.673 -122.985
48.681 -122.971
48.693 -122.949
48.703 -122.941
48.707 -122.942
48.711 -122.927
48.713 -122.919
48.714 -122.918
48.714 -122.909
48.714 -122.907
48.714 -122.906
segment Washington
48.68 -123.172
48.668 -123.148
48.658 -123.133
48.657 -123.131
48.647 -123.122
48.633 -123.106
48.633 -123.12
48.637 -123.135
48.652 -123.171
48.662 -123.197
48.669 -123.216
48.679 -123.23
48.681 -123.233
48.683 -123.237
48.684 -123.237
48.689 -123.237
48.69 -123.214
48.69 -123.213
48.69 -123.212
48.686 -123.203
48.685 -123.198
48.685 -123.187
48.685 -123.186
48.684 -123.184
48.68 -123.172
segment Washington
48.621 -122.699
48.623 -122.698
48.63 -122.674
48.61 -122.657
48.608 -122.666
48.61 -122.677
48.613 -122.686
48.621 -122.699
segment Washington
48.609 -122.715
48.597 -122.695
48.591 -122.692
48.569 -122.671
48.544 -122.689
48.54 -122.717
48.541 -122.722
48.55 -122.724
48.566 -122.73
48.569 -122.736
48.574 -122.739
48.584 -122.74
48.603 -122.725
48.609 -122.715
segment Washington
48.558 -122.603
48.554 -122.593
48.552 -122.584
48.548 -122.579
48.529 -122.573
48.532 -122.584
48.536 -122.59
48.537 -122.599
48.537 -122.6
48.536 -122.601
48.529 -122.62
48.529 -122.622
48.526 -122.633
48.526 -122.636
48.526 -122.64
48.527 -122.643
48.529 -122.649
48.531 -122.652
48.538 -122.654
48.549 -122.654
48.554 -122.651
48.583 -122.652
48.588 -122.649
48.588 -122.643
48.572 -122.629
48.561 -122.611
48.558 -122.603
segment Washington
48.399 -122.665
48.401 -122.665
48.402 -122.665
48.402 -122.664
48.405 -122.645
48.404 -122.635
48.401 -122.633
48.399 -122.634
48.398 -122.637
48.396 -122.638
48.395 -122.636
48.397 -122.628
48.407 -122.617
48.412 -122.61
48.41 -122.602
48.406 -122.597
48.397 -122.595
48.395 -122.585
48.393 -122.585
48.387 -122.586
48.383 -122.586
48.382 -122.587
48.376 -122.587
48.369 -122.588
48.363 -122.589
48.359 -122.587
48.353 -122.585
48.35 -122.572
48.348 -122.566
48.348 -122.564
48.344 -122.556
48.342 -122.551
48.324 -122.522
48.321 -122.517
48.32 -122.516
48.319 -122.515
48.31 -122.507
48.301 -122.505
48.3 -122.505
48.298 -122.506
48.293 -122.513
48.289 -122.519
48.288 -122.52
48.286 -122.523
48.282 -122.531
48.282 -122.552
48.282 -122.556
48.282 -122.558
48.295 -122.575
48.298 -122.583
48.298 -122.584
48.298 -122.585
48.298 -122.598
48.298 -122.6
48.298 -122.602
48.295 -122.617
48.294 -122.618
48.294 -122.619
48.289 -122.627
48.283 -122.621
48.281 -122.621
48.279 -122.622
48.269 -122.624
48.268 -122.632
48.266 -122.648
48.265 -122.653
48.259 -122.653
48.245 -122.666
48.241 -122.669
48.231 -122.669
48.224 -122.668
48.224 -122.665
48.223 -122.658
48.223 -122.653
48.222 -122.641
48.221 -122.631
48.222 -122.628
48.21 -122.609
48.209 -122.608
48.208 -122.606
48.186 -122.588
48.185 -122.588
48.182 -122.586
48.17 -122.583
48.156 -122.575
48.154 -122.574
48.149 -122.568
48.147 -122.567
48.12 -122.558
48.119 -122.558
48.114 -122.56
48.105 -122.572
48.102 -122.572
48.095 -122.567
48.093 -122.565
48.077 -122.555
48.062 -122.549
48.058 -122.547
48.053 -122.545
48.05 -122.539
48.052 -122.533
48.057 -122.516
48.059 -122.514
48.073 -122.511
48.075 -122.511
48.081 -122.517
48.094 -122.524
48.097 -122.525
48.098 -122.513
48.095 -122.499
48.094 -122.491
48.085 -122.481
48.077 -122.471
48.069 -122.462
48.054 -122.448
48.051 -122.442
48.05 -122.441
48.045 -122.431
48.044 -122.428
48.042 -122.42
48.038 -122.407
48.037 -122.401
48.034 -122.387
48.034 -122.376
48.028 -122.376
48.026 -122.376
48.016 -122.375
48.009 -122.374
48.008 -122.374
48.001 -122.373
47.995 -122.369
47.991 -122.364
47.981 -122.354
47.981 -122.353
47.979 -122.353
47.975 -122.352
47.969 -122.35
47.964 -122.35
47.959 -122.35
47.954 -122.351
47.953 -122.351
47.939 -122.358
47.938 -122.358
47.937 -122.359
47.936 -122.361
47.932 -122.368
47.93 -122.371
47.924 -122.376
47.924 -122.377
47.913 -122.376
47.91 -122.376
47.909 -122.376
47.906 -122.377
47.905 -122.378
47.904 -122.38
47.906 -122.39
47.912 -122.397
47.912 -122.414
47.912 -122.419
47.915 -122.431
47.927 -122.442
47.93 -122.446
47.936 -122.446
47.937 -122.445
47.941 -122.443
47.947 -122.441
47.95 -122.441
47.951 -122.441
47.952 -122.441
47.963 -122.447
47.965 -122.449
47.966 -122.449
47.968 -122.451
47.972 -122.456
47.986 -122.47
47.988 -122.472
47.988 -122.473
47.991 -122.488
47.987 -122.501
47.987 -122.502
47.981 -122.515
47.975 -122.518
47.973 -122.521
47.967 -122.547
47.974 -122.552
47.975 -122.552
47.977 -122.551
47.986 -122.543
47.993 -122.542
47.996 -122.543
47.997 -122.545
48.007 -122.56
48.008 -122.566
48.01 -122.58
48.01 -122.581
48.01 -122.582
48.031 -122.607
48.033 -122.605
48.039 -122.597
48.047 -122.594
48.049 -122.594
48.051 -122.594
48.056 -122.595
48.057 -122.596
48.058 -122.597
48.069 -122.61
48.073 -122.614
48.079 -122.613
48.088 -122.607
48.102 -122.602
48.111 -122.598
48.116 -122.599
48.12 -122.6
48.13 -122.601
48.135 -122.602
48.15 -122.609
48.152 -122.61
48.154 -122.612
48.158 -122.617
48.159 -122.617
48.159 -122.619
48.163 -122.633
48.163 -122.655
48.163 -122.656
48.162 -122.657
48.159 -122.668
48.158 -122.668
48.157 -122.671
48.155 -122.677
48.155 -122.68
48.166 -122.683
48.174 -122.686
48.175 -122.687
48.181 -122.693
48.182 -122.693
48.189 -122.704
48.193 -122.711
48.194 -122.712
48.194 -122.714
48.195 -122.716
48.196 -122.719
48.2 -122.735
48.203 -122.738
48.21 -122.745
48.215 -122.763
48.224 -122.77
48.228 -122.77
48.231 -122.768
48.232 -122.768
48.249 -122.759
48.26 -122.753
48.262 -122.751
48.264 -122.748
48.278 -122.734
48.279 -122.732
48.28 -122.732
48.283 -122.731
48.289 -122.729
48.303 -122.723
48.304 -122.723
48.304 -122.722
48.308 -122.717
48.315 -122.707
48.331 -122.694
48.333 -122.692
48.343 -122.684
48.355 -122.674
48.369 -122.667
48.375 -122.665
48.399 -122.665
segment Washington
48.02 -122.322
48.006 -122.303
48.004 -122.307
48.01 -122.326
48.019 -122.335
48.021 -122.328
48.02 -122.322
