segment West Virginia
40.639 -80.519
40.616 -80.519
40.592 -80.519
40.59 -80.519
40.551 -80.519
40.519 -80.519
40.518 -80.519
40.487 -80.519
40.482 -80.519
40.477 -80.519
40.474 -80.519
40.462 -80.518
40.423 -80.518
40.404 -80.518
40.399 -80.518
40.368 -80.518
40.362 -80.518
40.343 -80.519
40.342 -80.519
40.33 -80.519
40.294 -80.519
40.268 -80.519
40.257 -80.519
40.244 -80.519
40.173 -80.519
40.16 -80.519
40.118 -80.519
40.104 -80.519
40.103 -80.519
40.095 -80.519
40.078 -80.519
40.077 -80.519
40.016 -80.519
39.966 -80.519
39.963 -80.519
39.962 -80.519
39.959 -80.519
39.957 -80.519
39.939 -80.519
39.937 -80.519
39.891 -80.519
39.878 -80.519
39.875 -80.519
39.848 -80.519
39.837 -80.519
39.806 -80.519
39.721 -80.519
39.721 -80.476
39.721 -80.462
39.721 -80.458
39.721 -80.421
39.721 -80.339
39.721 -80.309
39.721 -80.274
39.721 -80.241
39.721 -80.22
39.721 -80.208
39.721 -80.207
39.721 -80.206
39.721 -80.186
39.721 -80.128
39.721 -80.076
39.721 -80.065
39.721 -80.063
39.721 -80.061
39.721 -80.052
39.721 -79.984
39.721 -79.916
39.721 -79.911
39.721 -79.858
39.721 -79.857
39.721 -79.856
39.721 -79.854
39.721 -79.853
39.721 -79.808
39.721 -79.764
39.721 -79.661
39.721 -79.626
39.721 -79.611
39.721 -79.608
39.721 -79.548
39.721 -79.477
39.664 -79.477
39.644 -79.477
39.643 -79.477
39.642 -79.478
39.63 -79.478
39.567 -79.479
39.556 -79.479
39.532 -79.479
39.532 -79.482
39.525 -79.482
39.521 -79.483
39.51 -79.483
39.454 -79.483
39.419 -79.484
39.373 -79.484
39.344 -79.484
39.344 -79.486
39.318 -79.486
39.296 -79.487
39.28 -79.488
39.278 -79.487
39.265 -79.487
39.265 -79.486
39.206 -79.487
39.204 -79.476
39.207 -79.469
39.212 -79.453
39.217 -79.44
39.224 -79.43
39.228 -79.424
39.234 -79.425
39.239 -79.42
39.24 -79.415
39.241 -79.412
39.243 -79.409
39.258 -79.394
39.266 -79.387
39.271 -79.379
39.273 -79.377
39.273 -79.376
39.274 -79.372
39.274 -79.369
39.275 -79.362
39.275 -79.361
39.275 -79.36
39.276 -79.358
39.278 -79.354
39.286 -79.344
39.287 -79.344
39.29 -79.346
39.293 -79.344
39.294 -79.344
39.3 -79.332
39.304 -79.317
39.304 -79.315
39.304 -79.314
39.3 -79.302
39.299 -79.293
39.299 -79.29
39.3 -79.29
39.31 -79.284
39.319 -79.283
39.323 -79.282
39.328 -79.274
39.331 -79.269
39.334 -79.26
39.336 -79.255
39.337 -79.254
39.338 -79.254
39.347 -79.254
39.348 -79.254
39.354 -79.254
39.356 -79.253
39.357 -79.252
39.357 -79.248
39.359 -79.237
39.359 -79.236
39.361 -79.232
39.364 -79.229
39.363 -79.22
39.365 -79.214
39.366 -79.213
39.378 -79.203
39.379 -79.202
39.383 -79.2
39.386 -79.198
39.388 -79.196
39.388 -79.193
39.387 -79.19
39.387 -79.189
39.388 -79.179
39.391 -79.178
39.392 -79.177
39.393 -79.175
39.392 -79.172
39.392 -79.17
39.393 -79.167
39.397 -79.166
39.401 -79.166
39.405 -79.165
39.412 -79.161
39.413 -79.159
39.413 -79.157
39.412 -79.154
39.409 -79.152
39.408 -79.15
39.408 -79.147
39.408 -79.145
39.409 -79.144
39.411 -79.143
39.414 -79.142
39.417 -79.141
39.418 -79.137
39.418 -79.134
39.418 -79.132
39.42 -79.13
39.423 -79.129
39.427 -79.129
39.428 -79.129
39.43 -79.129
39.433 -79.124
39.433 -79.123
39.433 -79.122
39.433 -79.121
39.433 -79.119
39.434 -79.118
39.436 -79.117
39.438 -79.117
39.44 -79.116
39.443 -79.114
39.446 -79.108
39.448 -79.104
39.463 -79.095
39.463 -79.096
39.466 -79.096
39.468 -79.098
39.469 -79.098
39.47 -79.099
39.471 -79.099
39.472 -79.098
39.473 -79.097
39.473 -79.095
39.472 -79.091
39.471 -79.083
39.475 -79.069
39.472 -79.059
39.471 -79.057
39.473 -79.055
39.477 -79.054
39.478 -79.054
39.48 -79.054
39.482 -79.052
39.483 -79.051
39.484 -79.046
39.477 -79.037
39.475 -79.036
39.473 -79.036
39.471 -79.036
39.468 -79.034
39.465 -79.03
39.465 -79.028
39.465 -79.027
39.467 -79.021
39.467 -79.017
39.462 -79.011
39.461 -79.01
39.459 -79.005
39.455 -78.997
39.454 -78.993
39.452 -78.99
39.452 -78.987
39.449 -78.979
39.445 -78.973
39.443 -78.97
39.441 -78.968
39.44 -78.967
39.439 -78.967
39.439 -78.966
39.438 -78.965
39.439 -78.964
39.44 -78.958
39.44 -78.957
39.442 -78.955
39.464 -78.953
39.466 -78.947
39.47 -78.942
39.474 -78.939
39.475 -78.939
39.477 -78.942
39.48 -78.943
39.481 -78.942
39.484 -78.939
39.486 -78.934
39.486 -78.933
39.487 -78.929
39.487 -78.927
39.487 -78.926
39.486 -78.918
39.486 -78.917
39.487 -78.916
39.497 -78.909
39.512 -78.895
39.519 -78.891
39.523 -78.886
39.521 -78.88
39.521 -78.879
39.521 -78.877
39.523 -78.875
39.531 -78.869
39.532 -78.869
39.552 -78.852
39.554 -78.851
39.555 -78.851
39.558 -78.851
39.56 -78.851
39.562 -78.848
39.566 -78.84
39.567 -78.839
39.565 -78.83
39.563 -78.826
39.561 -78.821
39.562 -78.817
39.567 -78.814
39.568 -78.814
39.571 -78.815
39.576 -78.82
39.577 -78.823
39.577 -78.826
39.589 -78.826
39.59 -78.825
39.59 -78.819
39.598 -78.812
39.601 -78.812
39.608 -78.809
39.607 -78.802
39.605 -78.8
39.605 -78.798
39.607 -78.796
39.608 -78.796
39.61 -78.795
39.611 -78.795
39.614 -78.796
39.615 -78.796
39.617 -78.797
39.627 -78.802
39.629 -78.801
39.637 -78.796
39.638 -78.791
39.637 -78.784
39.637 -78.781
39.641 -78.778
39.642 -78.778
39.646 -78.775
39.647 -78.771
39.648 -78.766
39.646 -78.765
39.644 -78.765
39.639 -78.768
39.638 -78.771
39.637 -78.773
39.628 -78.777
39.624 -78.778
39.623 -78.778
39.622 -78.778
39.622 -78.777
39.621 -78.774
39.619 -78.77
39.619 -78.763
39.623 -78.757
39.624 -78.753
39.626 -78.749
39.626 -78.748
39.625 -78.743
39.622 -78.736
39.617 -78.734
39.616 -78.734
39.615 -78.734
39.614 -78.734
39.613 -78.734
39.61 -78.739
39.606 -78.747
39.607 -78.749
39.609 -78.749
39.609 -78.75
39.609 -78.751
39.61 -78.752
39.61 -78.756
39.61 -78.76
39.609 -78.768
39.604 -78.777
39.603 -78.778
39.602 -78.778
39.601 -78.778
39.599 -78.776
39.597 -78.774
39.597 -78.773
39.596 -78.772
39.595 -78.771
39.592 -78.768
39.589 -78.768
39.587 -78.767
39.582 -78.76
39.581 -78.757
39.581 -78.756
39.58 -78.746
39.581 -78.743
39.586 -78.74
39.586 -78.739
39.587 -78.734
39.584 -78.733
39.575 -78.732
39.569 -78.727
39.568 -78.726
39.567 -78.726
39.564 -78.725
39.563 -78.721
39.563 -78.716
39.563 -78.715
39.562 -78.713
39.557 -78.709
39.556 -78.707
39.554 -78.7
39.554 -78.698
39.553 -78.695
39.553 -78.694
39.552 -78.693
39.551 -78.692
39.548 -78.691
39.546 -78.689
39.544 -78.682
39.54 -78.676
39.54 -78.669
39.537 -78.664
39.535 -78.658
39.535 -78.656
39.537 -78.631
39.538 -78.629
39.539 -78.629
39.54 -78.623
39.538 -78.615
39.537 -78.613
39.535 -78.607
39.534 -78.606
39.533 -78.601
39.535 -78.598
39.535 -78.596
39.535 -78.594
39.534 -78.593
39.532 -78.592
39.53 -78.591
39.529 -78.588
39.528 -78.587
39.527 -78.579
39.522 -78.573
39.52 -78.568
39.519 -78.566
39.522 -78.557
39.521 -78.553
39.521 -78.55
39.521 -78.547
39.523 -78.536
39.524 -78.529
39.525 -78.529
39.525 -78.528
39.525 -78.523
39.525 -78.521
39.523 -78.514
39.519 -78.503
39.519 -78.499
39.518 -78.49
39.519 -78.486
39.52 -78.484
39.519 -78.481
39.516 -78.474
39.516 -78.471
39.517 -78.469
39.521 -78.463
39.526 -78.461
39.527 -78.461
39.529 -78.461
39.533 -78.462
39.535 -78.461
39.536 -78.459
39.536 -78.454
39.537 -78.453
39.537 -78.451
39.538 -78.45
39.539 -78.45
39.54 -78.45
39.541 -78.45
39.542 -78.45
39.542 -78.449
39.543 -78.447
39.543 -78.445
39.541 -78.442
39.541 -78.441
39.539 -78.439
39.539 -78.438
39.539 -78.437
39.539 -78.436
39.54 -78.436
39.541 -78.435
39.542 -78.435
39.544 -78.435
39.547 -78.435
39.549 -78.434
39.549 -78.43
39.547 -78.427
39.546 -78.424
39.547 -78.421
39.547 -78.419
39.549 -78.419
39.552 -78.42
39.554 -78.422
39.556 -78.423
39.557 -78.424
39.559 -78.427
39.564 -78.438
39.571 -78.45
39.574 -78.454
39.58 -78.458
39.585 -78.458
39.587 -78.457
39.589 -78.455
39.59 -78.451
39.591 -78.446
39.591 -78.443
39.587 -78.428
39.584 -78.423
39.582 -78.42
39.581 -78.419
39.581 -78.417
39.579 -78.408
39.58 -78.401
39.582 -78.397
39.584 -78.395
39.587 -78.395
39.588 -78.396
39.59 -78.397
39.594 -78.403
39.598 -78.412
39.598 -78.413
39.603 -78.421
39.608 -78.426
39.614 -78.432
39.617 -78.433
39.618 -78.434
39.619 -78.434
39.621 -78.433
39.623 -78.431
39.623 -78.43
39.625 -78.426
39.624 -78.421
39.621 -78.413
39.616 -78.396
39.612 -78.391
39.609 -78.384
39.608 -78.378
39.609 -78.375
39.61 -78.373
39.611 -78.372
39.612 -78.372
39.618 -78.379
39.622 -78.383
39.623 -78.383
39.625 -78.383
39.627 -78.383
39.628 -78.382
39.629 -78.381
39.629 -78.38
39.63 -78.373
39.629 -78.368
39.628 -78.366
39.626 -78.362
39.626 -78.358
39.626 -78.356
39.628 -78.354
39.629 -78.353
39.631 -78.354
39.633 -78.356
39.636 -78.359
39.638 -78.36
39.64 -78.358
39.64 -78.356
39.641 -78.355
39.64 -78.352
39.638 -78.339
39.636 -78.332
39.634 -78.323
39.631 -78.313
39.63 -78.308
39.627 -78.301
39.626 -78.297
39.624 -78.292
39.62 -78.283
39.62 -78.271
39.619 -78.267
39.619 -78.265
39.622 -78.263
39.626 -78.263
39.63 -78.262
39.64 -78.254
39.645 -78.247
39.652 -78.238
39.657 -78.228
39.659 -78.225
39.661 -78.224
39.663 -78.224
39.67 -78.233
39.673 -78.233
39.674 -78.232
39.675 -78.231
39.676 -78.227
39.676 -78.207
39.677 -78.203
39.677 -78.202
39.678 -78.201
39.682 -78.197
39.689 -78.192
39.69 -78.191
39.693 -78.186
39.695 -78.183
39.695 -78.182
39.696 -78.177
39.696 -78.176
39.696 -78.171
39.695 -78.171
39.695 -78.17
39.694 -78.162
39.693 -78.16
39.691 -78.156
39.691 -78.154
39.69 -78.143
39.688 -78.135
39.687 -78.133
39.686 -78.124
39.683 -78.112
39.682 -78.108
39.68 -78.102
39.678 -78.097
39.672 -78.09
39.671 -78.089
39.671 -78.085
39.671 -78.082
39.669 -78.078
39.667 -78.075
39.661 -78.068
39.648 -78.052
39.645 -78.05
39.645 -78.049
39.644 -78.048
39.643 -78.048
39.642 -78.046
39.638 -78.039
39.636 -78.036
39.627 -78.03
39.623 -78.025
39.622 -78.024
39.619 -78.022
39.604 -78.011
39.603 -78.01
39.601 -78.007
39.601 -78.003
39.6 -78.002
39.6 -77.993
39.6 -77.991
39.599 -77.985
39.6 -77.977
39.601 -77.974
39.605 -77.97
39.606 -77.966
39.607 -77.961
39.606 -77.958
39.605 -77.957
39.602 -77.955
39.6 -77.954
39.597 -77.952
39.596 -77.95
39.596 -77.948
39.596 -77.946
39.596 -77.944
39.597 -77.942
39.603 -77.937
39.606 -77.937
39.61 -77.938
39.613 -77.94
39.614 -77.94
39.615 -77.94
39.616 -77.939
39.617 -77.937
39.616 -77.934
39.614 -77.929
39.608 -77.926
39.605 -77.923
39.603 -77.917
39.603 -77.916
39.599 -77.895
39.598 -77.89
39.597 -77.888
39.598 -77.886
39.598 -77.885
39.598 -77.884
39.599 -77.883
39.6 -77.882
39.603 -77.881
39.606 -77.881
39.608 -77.882
39.613 -77.887
39.615 -77.887
39.616 -77.885
39.614 -77.875
39.611 -77.869
39.611 -77.867
39.609 -77.863
39.608 -77.86
39.608 -77.858
39.607 -77.853
39.607 -77.843
39.606 -77.838
39.603 -77.834
39.603 -77.833
39.601 -77.832
39.6 -77.832
39.591 -77.83
39.587 -77.83
39.585 -77.83
39.581 -77.831
39.571 -77.833
39.566 -77.836
39.564 -77.842
39.565 -77.856
39.564 -77.864
39.564 -77.866
39.564 -77.873
39.563 -77.878
39.563 -77.88
39.562 -77.881
39.562 -77.883
39.56 -77.886
39.559 -77.888
39.558 -77.889
39.557 -77.889
39.556 -77.889
39.552 -77.887
39.552 -77.886
39.544 -77.872
39.539 -77.866
39.538 -77.865
39.537 -77.865
39.536 -77.864
39.535 -77.864
39.53 -77.865
39.528 -77.865
39.526 -77.866
39.525 -77.866
39.523 -77.866
39.521 -77.866
39.52 -77.867
39.519 -77.866
39.518 -77.866
39.517 -77.866
39.516 -77.865
39.515 -77.864
39.514 -77.86
39.515 -77.851
39.516 -77.85
39.518 -77.842
39.521 -77.841
39.529 -77.841
39.531 -77.839
39.532 -77.837
39.533 -77.834
39.531 -77.828
39.53 -77.827
39.53 -77.826
39.529 -77.825
39.526 -77.824
39.524 -77.824
39.517 -77.826
39.514 -77.829
39.506 -77.845
39.503 -77.848
39.502 -77.848
39.501 -77.848
39.499 -77.846
39.499 -77.845
39.495 -77.832
39.494 -77.826
39.494 -77.822
39.494 -77.821
39.494 -77.82
39.492 -77.813
39.491 -77.809
39.49 -77.808
39.49 -77.806
39.49 -77.803
39.489 -77.802
39.49 -77.796
39.491 -77.792
39.491 -77.791
39.492 -77.79
39.496 -77.787
39.497 -77.787
39.498 -77.784
39.499 -77.782
39.5 -77.774
39.499 -77.771
39.499 -77.77
39.498 -77.769
39.498 -77.768
39.497 -77.768
39.496 -77.767
39.496 -77.766
39.494 -77.765
39.493 -77.766
39.491 -77.767
39.49 -77.769
39.49 -77.77
39.489 -77.771
39.489 -77.772
39.489 -77.774
39.487 -77.782
39.486 -77.786
39.485 -77.787
39.485 -77.789
39.482 -77.795
39.48 -77.797
39.479 -77.798
39.476 -77.798
39.472 -77.797
39.471 -77.796
39.468 -77.79
39.464 -77.779
39.463 -77.778
39.462 -77.778
39.46 -77.779
39.46 -77.78
39.46 -77.784
39.462 -77.793
39.462 -77.796
39.461 -77.798
39.458 -77.799
39.456 -77.798
39.451 -77.793
39.447 -77.786
39.445 -77.786
39.444 -77.786
39.443 -77.789
39.441 -77.8
39.441 -77.801
39.44 -77.802
39.439 -77.803
39.437 -77.803
39.436 -77.803
39.436 -77.802
39.435 -77.802
39.435 -77.801
39.433 -77.799
39.433 -77.798
39.432 -77.796
39.431 -77.795
39.431 -77.793
39.429 -77.787
39.428 -77.775
39.428 -77.763
39.427 -77.759
39.425 -77.755
39.423 -77.753
39.42 -77.753
39.411 -77.747
39.404 -77.742
39.402 -77.74
39.401 -77.74
39.393 -77.736
39.39 -77.736
39.388 -77.736
39.386 -77.738
39.386 -77.739
39.386 -77.74
39.385 -77.741
39.384 -77.749
39.384 -77.75
39.383 -77.752
39.382 -77.753
39.38 -77.754
39.378 -77.753
39.365 -77.744
39.364 -77.744
39.36 -77.744
39.353 -77.746
39.349 -77.75
39.346 -77.758
39.345 -77.759
39.344 -77.76
39.343 -77.761
39.34 -77.761
39.337 -77.76
39.336 -77.759
39.336 -77.758
39.335 -77.757
39.334 -77.756
39.333 -77.754
39.332 -77.751
39.331 -77.748
39.331 -77.746
39.327 -77.735
39.325 -77.731
39.322 -77.728
39.322 -77.727
39.321 -77.719
39.32 -77.72
39.318 -77.722
39.316 -77.73
39.312 -77.735
39.295 -77.747
39.289 -77.75
39.283 -77.753
39.28 -77.753
39.278 -77.753
39.277 -77.753
39.275 -77.755
39.275 -77.756
39.269 -77.758
39.268 -77.759
39.264 -77.761
39.263 -77.762
39.261 -77.762
39.258 -77.763
39.257 -77.767
39.258 -77.768
39.256 -77.769
39.256 -77.77
39.255 -77.771
39.25 -77.771
39.249 -77.771
39.249 -77.767
39.237 -77.771
39.229 -77.778
39.227 -77.781
39.224 -77.784
39.215 -77.789
39.21 -77.794
39.209 -77.794
39.206 -77.795
39.201 -77.798
39.2 -77.798
39.194 -77.798
39.193 -77.798
39.179 -77.805
39.178 -77.804
39.174 -77.805
39.172 -77.806
39.169 -77.809
39.168 -77.811
39.165 -77.813
39.155 -77.818
39.152 -77.821
39.148 -77.823
39.145 -77.823
39.143 -77.822
39.14 -77.822
39.132 -77.828
39.153 -77.86
39.153 -77.861
39.191 -77.919
39.248 -78.007
39.264 -78.033
39.294 -78.08
39.295 -78.081
39.312 -78.108
39.312 -78.109
39.334 -78.141
39.338 -78.148
39.343 -78.158
39.344 -78.159
39.364 -78.187
39.375 -78.205
39.391 -78.229
39.414 -78.263
39.421 -78.274
39.429 -78.288
39.441 -78.307
39.466 -78.347
39.462 -78.349
39.459 -78.345
39.453 -78.346
39.451 -78.347
39.448 -78.347
39.446 -78.346
39.443 -78.347
39.441 -78.348
39.437 -78.353
39.431 -78.348
39.428 -78.347
39.424 -78.348
39.421 -78.351
39.416 -78.357
39.413 -78.359
39.409 -78.36
39.404 -78.358
39.397 -78.349
39.393 -78.35
39.389 -78.343
39.372 -78.355
39.363 -78.363
39.359 -78.367
39.358 -78.362
39.355 -78.349
39.353 -78.34
39.35 -78.339
39.349 -78.339
39.346 -78.341
39.347 -78.343
39.347 -78.344
39.343 -78.347
39.343 -78.348
39.341 -78.345
39.339 -78.346
39.319 -78.359
39.318 -78.36
39.318 -78.362
39.317 -78.365
39.31 -78.367
39.308 -78.372
39.305 -78.375
39.295 -78.386
39.293 -78.387
39.291 -78.387
39.289 -78.389
39.285 -78.391
39.285 -78.392
39.283 -78.393
39.283 -78.394
39.281 -78.399
39.277 -78.402
39.275 -78.403
39.264 -78.414
39.263 -78.415
39.257 -78.419
39.256 -78.419
39.255 -78.416
39.256 -78.416
39.256 -78.415
39.253 -78.409
39.244 -78.4
39.241 -78.404
39.238 -78.405
39.231 -78.406
39.218 -78.418
39.212 -78.424
39.209 -78.428
39.207 -78.43
39.206 -78.431
39.205 -78.432
39.2 -78.437
39.198 -78.439
39.197 -78.437
39.196 -78.431
39.193 -78.425
39.192 -78.424
39.187 -78.429
39.183 -78.426
39.173 -78.412
39.171 -78.407
39.167 -78.404
39.16 -78.413
39.158 -78.414
39.153 -78.427
39.142 -78.437
39.135 -78.438
39.132 -78.439
39.113 -78.46
39.113 -78.467
39.111 -78.47
39.11 -78.47
39.108 -78.473
39.107 -78.475
39.109 -78.477
39.11 -78.478
39.107 -78.484
39.101 -78.495
39.099 -78.496
39.091 -78.504
39.089 -78.508
39.086 -78.511
39.085 -78.512
39.082 -78.516
39.08 -78.516
39.078 -78.517
39.071 -78.523
39.068 -78.527
39.067 -78.532
39.061 -78.54
39.055 -78.546
39.054 -78.548
39.048 -78.554
39.045 -78.557
39.042 -78.56
39.032 -78.572
39.026 -78.566
39.026 -78.565
39.026 -78.563
39.024 -78.56
39.021 -78.557
39.018 -78.55
39.016 -78.552
39.015 -78.555
39.012 -78.559
39.009 -78.562
39.002 -78.57
38.991 -78.58
38.988 -78.582
38.985 -78.583
38.979 -78.589
38.972 -78.593
38.97 -78.596
38.97 -78.599
38.967 -78.601
38.965 -78.602
38.97 -78.608
38.976 -78.611
38.976 -78.614
38.974 -78.619
38.977 -78.62
38.981 -78.62
38.983 -78.62
38.983 -78.626
38.981 -78.63
38.98 -78.631
38.977 -78.632
38.975 -78.632
38.967 -78.638
38.968 -78.647
38.961 -78.652
38.954 -78.655
38.947 -78.659
38.946 -78.662
38.942 -78.666
38.939 -78.667
38.934 -78.671
38.925 -78.68
38.926 -78.682
38.925 -78.688
38.922 -78.691
38.916 -78.697
38.915 -78.704
38.909 -78.713
38.905 -78.716
38.904 -78.717
38.905 -78.719
38.906 -78.72
38.91 -78.721
38.92 -78.719
38.922 -78.72
38.923 -78.72
38.924 -78.72
38.927 -78.72
38.936 -78.717
38.934 -78.718
38.931 -78.722
38.931 -78.724
38.931 -78.726
38.927 -78.739
38.916 -78.751
38.908 -78.755
38.906 -78.755
38.903 -78.757
38.901 -78.759
38.894 -78.773
38.892 -78.779
38.887 -78.786
38.885 -78.788
38.88 -78.79
38.878 -78.792
38.875 -78.796
38.86 -78.806
38.856 -78.808
38.85 -78.811
38.842 -78.815
38.831 -78.821
38.822 -78.827
38.814 -78.832
38.812 -78.835
38.795 -78.848
38.772 -78.864
38.767 -78.866
38.763 -78.869
38.848 -78.991
38.85 -78.994
38.85 -78.995
38.847 -78.998
38.845 -79
38.841 -78.999
38.84 -78.999
38.837 -79.002
38.83 -79.005
38.826 -79.006
38.825 -79.006
38.824 -79.007
38.822 -79.008
38.82 -79.012
38.82 -79.017
38.818 -79.02
38.809 -79.024
38.804 -79.024
38.803 -79.023
38.799 -79.023
38.792 -79.027
38.791 -79.029
38.791 -79.033
38.792 -79.047
38.791 -79.049
38.786 -79.055
38.783 -79.056
38.781 -79.054
38.779 -79.052
38.778 -79.052
38.774 -79.051
38.773 -79.052
38.772 -79.054
38.771 -79.056
38.767 -79.057
38.761 -79.057
38.76 -79.058
38.757 -79.061
38.754 -79.065
38.748 -79.073
38.745 -79.073
38.742 -79.074
38.739 -79.077
38.735 -79.08
38.73 -79.082
38.725 -79.085
38.72 -79.087
38.716 -79.087
38.702 -79.093
38.7 -79.093
38.699 -79.092
38.693 -79.091
38.69 -79.088
38.689 -79.086
38.687 -79.084
38.674 -79.088
38.669 -79.091
38.664 -79.092
38.663 -79.093
38.662 -79.093
38.66 -79.093
38.656 -79.106
38.66 -79.112
38.66 -79.12
38.66 -79.122
38.655 -79.13
38.653 -79.131
38.646 -79.134
38.644 -79.135
38.644 -79.136
38.642 -79.136
38.641 -79.137
38.638 -79.138
38.637 -79.14
38.634 -79.143
38.626 -79.147
38.621 -79.151
38.611 -79.155
38.609 -79.156
38.607 -79.154
38.601 -79.159
38.595 -79.159
38.594 -79.158
38.592 -79.159
38.583 -79.163
38.579 -79.168
38.578 -79.168
38.574 -79.171
38.572 -79.172
38.569 -79.171
38.568 -79.171
38.567 -79.175
38.566 -79.175
38.566 -79.177
38.56 -79.181
38.552 -79.184
38.547 -79.189
38.542 -79.193
38.537 -79.197
38.528 -79.201
38.525 -79.206
38.507 -79.211
38.504 -79.207
38.5 -79.208
38.496 -79.21
38.494 -79.21
38.493 -79.211
38.489 -79.215
38.487 -79.219
38.485 -79.221
38.481 -79.221
38.476 -79.226
38.474 -79.232
38.473 -79.234
38.47 -79.24
38.464 -79.242
38.457 -79.242
38.454 -79.243
38.453 -79.247
38.456 -79.253
38.456 -79.254
38.448 -79.261
38.445 -79.263
38.444 -79.263
38.442 -79.265
38.438 -79.267
38.437 -79.272
38.436 -79.275
38.432 -79.282
38.432 -79.283
38.431 -79.283
38.429 -79.282
38.427 -79.281
38.425 -79.28
38.424 -79.28
38.421 -79.28
38.418 -79.283
38.419 -79.286
38.421 -79.287
38.421 -79.288
38.421 -79.291
38.42 -79.292
38.418 -79.296
38.416 -79.298
38.415 -79.3
38.412 -79.312
38.427 -79.37
38.457 -79.476
38.457 -79.477
38.496 -79.499
38.498 -79.5
38.534 -79.521
38.543 -79.532
38.545 -79.533
38.546 -79.533
38.551 -79.537
38.551 -79.538
38.552 -79.538
38.553 -79.543
38.56 -79.555
38.563 -79.566
38.563 -79.572
38.592 -79.649
38.576 -79.656
38.573 -79.658
38.573 -79.659
38.567 -79.662
38.566 -79.661
38.562 -79.659
38.561 -79.663
38.561 -79.665
38.55 -79.669
38.543 -79.67
38.538 -79.667
38.534 -79.669
38.529 -79.673
38.528 -79.672
38.527 -79.67
38.524 -79.667
38.519 -79.663
38.516 -79.662
38.514 -79.663
38.514 -79.666
38.513 -79.668
38.512 -79.669
38.511 -79.669
38.508 -79.67
38.51 -79.674
38.511 -79.68
38.508 -79.682
38.505 -79.682
38.501 -79.683
38.496 -79.688
38.497 -79.691
38.496 -79.692
38.494 -79.695
38.487 -79.698
38.485 -79.697
38.481 -79.695
38.481 -79.693
38.478 -79.694
38.478 -79.696
38.475 -79.699
38.474 -79.7
38.47 -79.699
38.469 -79.696
38.466 -79.693
38.464 -79.691
38.459 -79.689
38.457 -79.689
38.457 -79.688
38.45 -79.688
38.45 -79.689
38.446 -79.691
38.443 -79.69
38.44 -79.691
38.436 -79.692
38.434 -79.691
38.433 -79.69
38.431 -79.69
38.416 -79.707
38.412 -79.709
38.41 -79.709
38.405 -79.713
38.402 -79.717
38.39 -79.723
38.387 -79.726
38.38 -79.73
38.373 -79.732
38.372 -79.73
38.372 -79.728
38.371 -79.727
38.366 -79.726
38.364 -79.726
38.363 -79.726
38.362 -79.727
38.362 -79.729
38.36 -79.732
38.357 -79.735
38.354 -79.741
38.354 -79.744
38.357 -79.756
38.358 -79.758
38.357 -79.764
38.353 -79.767
38.351 -79.766
38.342 -79.77
38.336 -79.773
38.332 -79.779
38.331 -79.786
38.33 -79.787
38.324 -79.796
38.323 -79.797
38.319 -79.798
38.317 -79.8
38.314 -79.804
38.31 -79.808
38.309 -79.809
38.307 -79.81
38.305 -79.81
38.302 -79.808
38.299 -79.804
38.297 -79.803
38.293 -79.803
38.292 -79.803
38.292 -79.8
38.292 -79.798
38.29 -79.795
38.281 -79.79
38.273 -79.788
38.269 -79.789
38.268 -79.79
38.266 -79.798
38.261 -79.801
38.259 -79.806
38.26 -79.812
38.258 -79.814
38.255 -79.816
38.254 -79.816
38.252 -79.815
38.25 -79.817
38.248 -79.82
38.248 -79.821
38.25 -79.825
38.25 -79.831
38.248 -79.833
38.245 -79.834
38.243 -79.834
38.242 -79.835
38.241 -79.837
38.242 -79.843
38.241 -79.845
38.24 -79.846
38.233 -79.85
38.231 -79.857
38.224 -79.864
38.211 -79.879
38.208 -79.884
38.208 -79.885
38.208 -79.886
38.208 -79.887
38.207 -79.888
38.205 -79.892
38.203 -79.892
38.202 -79.892
38.2 -79.893
38.193 -79.898
38.189 -79.906
38.188 -79.911
38.188 -79.914
38.186 -79.916
38.184 -79.916
38.184 -79.917
38.18 -79.921
38.178 -79.917
38.176 -79.917
38.173 -79.919
38.17 -79.919
38.168 -79.918
38.168 -79.916
38.168 -79.915
38.155 -79.919
38.151 -79.923
38.15 -79.925
38.15 -79.926
38.145 -79.929
38.144 -79.929
38.14 -79.929
38.136 -79.934
38.134 -79.943
38.132 -79.945
38.112 -79.939
38.111 -79.938
38.11 -79.934
38.109 -79.93
38.107 -79.926
38.105 -79.928
38.101 -79.931
38.099 -79.934
38.098 -79.934
38.097 -79.935
38.095 -79.938
38.092 -79.942
38.084 -79.949
38.081 -79.954
38.08 -79.954
38.069 -79.96
38.064 -79.96
38.048 -79.968
38.044 -79.971
38.04 -79.974
38.039 -79.974
38.036 -79.972
38.033 -79.974
38.03 -79.975
38.029 -79.977
38.029 -79.978
38.028 -79.98
38.019 -79.986
38.018 -79.986
38.017 -79.985
38.014 -79.986
38.013 -79.99
38.008 -79.995
38.006 -79.996
38.003 -79.995
38.001 -79.996
37.996 -79.999
37.993 -80.003
37.991 -80.009
37.989 -80.012
37.987 -80.013
37.986 -80.013
37.984 -80.013
37.977 -80.024
37.968 -80.036
37.957 -80.048
37.957 -80.051
37.953 -80.055
37.952 -80.057
37.951 -80.059
37.948 -80.064
37.947 -80.067
37.942 -80.075
37.94 -80.075
37.936 -80.081
37.93 -80.087
37.918 -80.097
37.919 -80.103
37.915 -80.107
37.906 -80.117
37.904 -80.119
37.902 -80.119
37.901 -80.117
37.898 -80.118
37.897 -80.121
37.898 -80.123
37.898 -80.124
37.894 -80.13
37.893 -80.13
37.891 -80.131
37.889 -80.132
37.883 -80.142
37.884 -80.146
37.886 -80.147
37.887 -80.149
37.886 -80.149
37.883 -80.152
37.882 -80.154
37.875 -80.162
37.867 -80.169
37.862 -80.172
37.86 -80.172
37.856 -80.175
37.854 -80.176
37.854 -80.177
37.853 -80.182
37.851 -80.183
37.847 -80.184
37.84 -80.179
37.838 -80.182
37.838 -80.186
37.835 -80.19
37.832 -80.195
37.829 -80.197
37.828 -80.2
37.824 -80.203
37.819 -80.206
37.816 -80.206
37.813 -80.211
37.81 -80.216
37.81 -80.217
37.81 -80.219
37.799 -80.227
37.795 -80.229
37.792 -80.229
37.792 -80.228
37.783 -80.22
37.783 -80.219
37.782 -80.216
37.777 -80.216
37.776 -80.216
37.776 -80.217
37.777 -80.218
37.778 -80.222
37.779 -80.228
37.778 -80.23
37.776 -80.232
37.769 -80.241
37.768 -80.247
37.763 -80.251
37.761 -80.25
37.757 -80.25
37.756 -80.252
37.756 -80.254
37.756 -80.256
37.756 -80.257
37.738 -80.263
37.734 -80.26
37.73 -80.252
37.727 -80.252
37.726 -80.253
37.721 -80.258
37.719 -80.264
37.712 -80.272
37.708 -80.275
37.696 -80.287
37.694 -80.294
37.692 -80.296
37.684 -80.292
37.657 -80.279
37.649 -80.27
37.646 -80.267
37.646 -80.265
37.645 -80.263
37.642 -80.254
37.638 -80.239
37.628 -80.221
37.623 -80.223
37.62 -80.226
37.607 -80.24
37.602 -80.25
37.595 -80.259
37.593 -80.264
37.592 -80.267
37.591 -80.27
37.59 -80.273
37.588 -80.276
37.585 -80.282
37.579 -80.295
37.571 -80.312
37.564 -80.329
37.564 -80.328
37.546 -80.312
37.544 -80.314
37.541 -80.321
37.541 -80.324
37.54 -80.327
37.536 -80.33
37.527 -80.309
37.537 -80.292
37.534 -80.282
37.508 -80.3
37.504 -80.31
37.503 -80.309
37.501 -80.315
37.499 -80.321
37.495 -80.327
37.494 -80.332
37.492 -80.344
37.485 -80.367
37.48 -80.363
37.477 -80.369
37.474 -80.372
37.471 -80.378
37.47 -80.383
37.462 -80.4
37.46 -80.403
37.45 -80.426
37.438 -80.443
37.434 -80.451
37.432 -80.457
37.426 -80.465
37.423 -80.476
37.435 -80.495
37.445 -80.497
37.458 -80.493
37.482 -80.511
37.479 -80.513
37.479 -80.515
37.477 -80.523
37.477 -80.528
37.477 -80.532
37.476 -80.533
37.475 -80.54
37.475 -80.545
37.474 -80.552
37.47 -80.561
37.467 -80.566
37.457 -80.586
37.453 -80.59
37.451 -80.591
37.446 -80.6
37.439 -80.617
37.436 -80.622
37.433 -80.623
37.433 -80.626
37.432 -80.632
37.431 -80.634
37.429 -80.637
37.429 -80.638
37.427 -80.637
37.422 -80.646
37.42 -80.654
37.418 -80.657
37.414 -80.664
37.414 -80.665
37.405 -80.685
37.402 -80.692
37.397 -80.701
37.396 -80.702
37.395 -80.705
37.393 -80.709
37.392 -80.712
37.391 -80.715
37.388 -80.724
37.385 -80.732
37.383 -80.738
37.38 -80.746
37.38 -80.749
37.375 -80.76
37.372 -80.77
37.384 -80.777
37.389 -80.782
37.391 -80.783
37.393 -80.783
37.395 -80.784
37.396 -80.79
37.396 -80.794
37.396 -80.799
37.396 -80.8
37.397 -80.802
37.398 -80.806
37.4 -80.807
37.401 -80.807
37.402 -80.807
37.404 -80.806
37.406 -80.809
37.408 -80.812
37.421 -80.831
37.424 -80.836
37.425 -80.837
37.426 -80.838
37.426 -80.842
37.424 -80.844
37.423 -80.846
37.426 -80.851
37.427 -80.853
37.427 -80.857
37.428 -80.858
37.429 -80.859
37.43 -80.86
37.425 -80.863
37.42 -80.865
37.417 -80.865
37.414 -80.864
37.412 -80.863
37.384 -80.883
37.377 -80.877
37.368 -80.868
37.347 -80.849
37.341 -80.865
37.34 -80.866
37.339 -80.868
37.339 -80.869
37.338 -80.869
37.329 -80.88
37.315 -80.9
37.315 -80.901
37.306 -80.919
37.304 -80.927
37.303 -80.931
37.3 -80.938
37.296 -80.948
37.292 -80.967
37.291 -80.974
37.292 -80.974
37.293 -80.98
37.293 -80.981
37.296 -80.982
37.301 -80.979
37.302 -80.98
37.3 -80.996
37.298 -81.001
37.296 -81.008
37.294 -81.022
37.29 -81.037
37.288 -81.053
37.288 -81.057
37.284 -81.084
37.283 -81.095
37.278 -81.113
37.275 -81.124
37.269 -81.142
37.265 -81.159
37.265 -81.161
37.263 -81.167
37.259 -81.176
37.259 -81.177
37.258 -81.178
37.254 -81.185
37.243 -81.205
37.237 -81.219
37.235 -81.225
37.24 -81.233
37.249 -81.245
37.256 -81.257
37.257 -81.258
37.262 -81.265
37.268 -81.274
37.274 -81.283
37.28 -81.292
37.297 -81.316
37.298 -81.318
37.299 -81.32
37.313 -81.335
37.338 -81.362
37.336 -81.366
37.335 -81.367
37.332 -81.368
37.332 -81.369
37.331 -81.369
37.329 -81.368
37.328 -81.368
37.324 -81.371
37.32 -81.373
37.319 -81.374
37.318 -81.377
37.318 -81.38
37.319 -81.384
37.319 -81.385
37.32 -81.386
37.32 -81.387
37.32 -81.388
37.316 -81.394
37.311 -81.399
37.308 -81.399
37.306 -81.397
37.304 -81.397
37.303 -81.398
37.302 -81.402
37.299 -81.405
37.297 -81.404
37.286 -81.409
37.285 -81.41
37.284 -81.41
37.28 -81.412
37.273 -81.417
37.271 -81.428
37.273 -81.433
37.271 -81.448
37.27 -81.449
37.267 -81.454
37.266 -81.459
37.266 -81.461
37.264 -81.46
37.263 -81.46
37.26 -81.462
37.259 -81.465
37.257 -81.47
37.255 -81.476
37.251 -81.48
37.251 -81.484
37.251 -81.492
37.252 -81.496
37.255 -81.498
37.257 -81.498
37.258 -81.498
37.258 -81.499
37.257 -81.5
37.253 -81.503
37.25 -81.504
37.248 -81.505
37.244 -81.506
37.239 -81.506
37.234 -81.507
37.233 -81.509
37.227 -81.521
37.226 -81.527
37.223 -81.533
37.221 -81.544
37.22 -81.545
37.214 -81.549
37.208 -81.554
37.207 -81.556
37.207 -81.557
37.208 -81.557
37.208 -81.558
37.207 -81.561
37.204 -81.617
37.201 -81.678
37.202 -81.679
37.204 -81.681
37.206 -81.683
37.211 -81.684
37.213 -81.687
37.214 -81.695
37.218 -81.699
37.229 -81.716
37.234 -81.716
37.238 -81.72
37.24 -81.723
37.241 -81.726
37.24 -81.727
37.24 -81.728
37.238 -81.733
37.238 -81.739
37.242 -81.744
37.243 -81.744
37.244 -81.744
37.246 -81.743
37.248 -81.743
37.254 -81.741
37.255 -81.742
37.255 -81.743
37.258 -81.745
37.261 -81.746
37.264 -81.746
37.264 -81.748
37.265 -81.751
37.266 -81.752
37.267 -81.753
37.268 -81.755
37.27 -81.758
37.271 -81.758
37.272 -81.758
37.274 -81.758
37.275 -81.76
37.276 -81.762
37.275 -81.763
37.275 -81.764
37.275 -81.765
37.274 -81.768
37.275 -81.775
37.276 -81.777
37.277 -81.779
37.28 -81.779
37.283 -81.783
37.283 -81.784
37.284 -81.788
37.284 -81.789
37.284 -81.79
37.282 -81.793
37.282 -81.794
37.284 -81.793
37.285 -81.794
37.286 -81.803
37.286 -81.805
37.283 -81.807
37.283 -81.809
37.283 -81.811
37.281 -81.813
37.28 -81.817
37.279 -81.82
37.279 -81.821
37.28 -81.825
37.282 -81.834
37.283 -81.834
37.284 -81.834
37.285 -81.833
37.285 -81.834
37.286 -81.837
37.286 -81.839
37.286 -81.842
37.286 -81.843
37.285 -81.847
37.285 -81.85
37.288 -81.854
37.291 -81.854
37.295 -81.853
37.3 -81.854
37.301 -81.854
37.307 -81.854
37.307 -81.856
37.305 -81.86
37.306 -81.862
37.308 -81.865
37.309 -81.865
37.309 -81.866
37.31 -81.865
37.312 -81.864
37.314 -81.86
37.316 -81.86
37.321 -81.867
37.321 -81.87
37.323 -81.873
37.325 -81.873
37.329 -81.878
37.332 -81.879
37.332 -81.88
37.331 -81.881
37.331 -81.885
37.331 -81.887
37.331 -81.888
37.33 -81.893
37.33 -81.894
37.331 -81.895
37.332 -81.895
37.332 -81.896
37.34 -81.899
37.341 -81.899
37.342 -81.903
37.343 -81.904
37.343 -81.906
37.343 -81.907
37.344 -81.908
37.349 -81.911
37.349 -81.912
37.349 -81.917
37.353 -81.92
37.355 -81.921
37.356 -81.922
37.357 -81.926
37.359 -81.927
37.361 -81.928
37.365 -81.927
37.367 -81.93
37.373 -81.934
37.374 -81.933
37.378 -81.934
37.379 -81.936
37.381 -81.937
37.389 -81.934
37.394 -81.929
37.398 -81.928
37.402 -81.931
37.405 -81.93
37.407 -81.927
37.407 -81.926
37.408 -81.925
37.411 -81.923
37.414 -81.931
37.415 -81.932
37.42 -81.937
37.429 -81.941
37.432 -81.938
37.436 -81.935
37.438 -81.936
37.44 -81.939
37.44 -81.941
37.44 -81.943
37.44 -81.946
37.446 -81.949
37.447 -81.954
37.447 -81.955
37.448 -81.959
37.447 -81.965
37.447 -81.966
37.45 -81.969
37.451 -81.969
37.457 -81.976
37.457 -81.98
37.454 -81.985
37.455 -81.987
37.461 -81.992
37.47 -81.996
37.477 -81.997
37.477 -81.996
37.483 -81.993
37.485 -81.99
37.486 -81.986
37.485 -81.98
37.485 -81.979
37.485 -81.978
37.49 -81.971
37.493 -81.965
37.492 -81.957
37.492 -81.953
37.494 -81.953
37.495 -81.954
37.496 -81.954
37.5 -81.954
37.501 -81.953
37.502 -81.952
37.502 -81.949
37.502 -81.946
37.503 -81.944
37.507 -81.944
37.509 -81.943
37.509 -81.941
37.512 -81.932
37.512 -81.928
37.513 -81.927
37.514 -81.926
37.519 -81.933
37.514 -81.937
37.513 -81.939
37.512 -81.942
37.513 -81.944
37.514 -81.945
37.517 -81.945
37.52 -81.944
37.521 -81.944
37.524 -81.947
37.525 -81.948
37.528 -81.948
37.53 -81.944
37.531 -81.944
37.532 -81.946
37.528 -81.954
37.528 -81.957
37.53 -81.958
37.533 -81.957
37.534 -81.957
37.535 -81.957
37.535 -81.959
37.533 -81.968
37.534 -81.969
37.538 -81.968
37.541 -81.965
37.543 -81.965
37.546 -81.97
37.547 -81.97
37.546 -81.971
37.545 -81.976
37.542 -81.981
37.542 -81.982
37.543 -81.988
37.543 -81.989
37.538 -81.993
37.538 -81.994
37.539 -81.997
37.543 -81.997
37.543 -81.998
37.543 -82
37.534 -82.007
37.533 -82.009
37.534 -82.014
37.534 -82.016
37.539 -82.017
37.541 -82.019
37.541 -82.021
37.538 -82.025
37.538 -82.029
37.543 -82.037
37.547 -82.038
37.548 -82.039
37.548 -82.042
37.548 -82.043
37.547 -82.044
37.547 -82.045
37.546 -82.045
37.545 -82.045
37.542 -82.045
37.536 -82.042
37.535 -82.042
37.534 -82.042
37.532 -82.043
37.53 -82.044
37.529 -82.044
37.529 -82.045
37.528 -82.047
37.529 -82.048
37.534 -82.048
37.535 -82.05
37.537 -82.055
37.537 -82.057
37.536 -82.061
37.536 -82.063
37.537 -82.064
37.539 -82.065
37.542 -82.064
37.544 -82.064
37.545 -82.064
37.545 -82.065
37.546 -82.065
37.555 -82.073
37.556 -82.075
37.556 -82.079
37.555 -82.083
37.555 -82.085
37.556 -82.089
37.553 -82.099
37.553 -82.103
37.553 -82.105
37.554 -82.105
37.555 -82.105
37.556 -82.104
37.558 -82.102
37.559 -82.102
37.56 -82.103
37.56 -82.108
37.56 -82.117
37.559 -82.117
37.557 -82.121
37.553 -82.122
37.551 -82.124
37.551 -82.127
37.552 -82.132
37.553 -82.133
37.554 -82.135
37.557 -82.135
37.561 -82.133
37.562 -82.134
37.564 -82.137
37.566 -82.143
37.567 -82.145
37.568 -82.145
37.57 -82.143
37.571 -82.142
37.572 -82.13
37.573 -82.127
37.576 -82.124
37.578 -82.124
37.579 -82.125
37.579 -82.126
37.583 -82.126
37.587 -82.127
37.592 -82.13
37.594 -82.132
37.594 -82.133
37.595 -82.142
37.593 -82.146
37.591 -82.148
37.593 -82.157
37.597 -82.158
37.605 -82.156
37.609 -82.157
37.61 -82.159
37.608 -82.164
37.608 -82.168
37.61 -82.169
37.613 -82.169
37.615 -82.168
37.618 -82.165
37.619 -82.165
37.62 -82.164
37.621 -82.165
37.622 -82.167
37.622 -82.17
37.62 -82.173
37.619 -82.174
37.618 -82.176
37.618 -82.177
37.619 -82.177
37.619 -82.178
37.62 -82.18
37.621 -82.181
37.622 -82.181
37.623 -82.182
37.624 -82.182
37.626 -82.182
37.627 -82.181
37.629 -82.177
37.631 -82.174
37.631 -82.173
37.632 -82.173
37.633 -82.172
37.634 -82.173
37.637 -82.176
37.64 -82.178
37.642 -82.177
37.644 -82.176
37.646 -82.175
37.647 -82.175
37.648 -82.175
37.649 -82.178
37.649 -82.183
37.649 -82.185
37.649 -82.186
37.648 -82.188
37.644 -82.191
37.643 -82.191
37.64 -82.19
37.639 -82.188
37.637 -82.187
37.629 -82.186
37.628 -82.187
37.627 -82.187
37.626 -82.192
37.628 -82.201
37.627 -82.202
37.626 -82.203
37.626 -82.204
37.625 -82.21
37.625 -82.213
37.626 -82.216
37.628 -82.215
37.634 -82.22
37.635 -82.22
37.636 -82.219
37.64 -82.217
37.641 -82.217
37.643 -82.219
37.645 -82.224
37.647 -82.225
37.652 -82.226
37.653 -82.226
37.661 -82.239
37.662 -82.24
37.662 -82.241
37.661 -82.244
37.658 -82.25
37.657 -82.252
37.657 -82.253
37.657 -82.256
37.657 -82.257
37.662 -82.268
37.664 -82.272
37.668 -82.276
37.67 -82.278
37.673 -82.28
37.675 -82.282
37.676 -82.282
37.676 -82.284
37.675 -82.285
37.67 -82.286
37.668 -82.288
37.669 -82.292
37.67 -82.294
37.671 -82.294
37.672 -82.295
37.673 -82.294
37.678 -82.294
37.678 -82.295
37.678 -82.297
37.676 -82.302
37.676 -82.304
37.677 -82.305
37.678 -82.304
37.684 -82.297
37.686 -82.296
37.687 -82.296
37.688 -82.298
37.691 -82.302
37.694 -82.303
37.696 -82.302
37.7 -82.297
37.701 -82.297
37.702 -82.297
37.704 -82.298
37.706 -82.301
37.706 -82.303
37.707 -82.306
37.708 -82.307
37.709 -82.308
37.712 -82.31
37.713 -82.311
37.717 -82.311
37.719 -82.312
37.722 -82.316
37.728 -82.318
37.733 -82.318
37.734 -82.319
37.734 -82.32
37.736 -82.327
37.741 -82.333
37.743 -82.334
37.748 -82.328
37.75 -82.324
37.751 -82.322
37.751 -82.321
37.752 -82.321
37.755 -82.321
37.756 -82.321
37.759 -82.319
37.76 -82.318
37.761 -82.313
37.762 -82.311
37.763 -82.311
37.764 -82.312
37.765 -82.312
37.765 -82.313
37.765 -82.318
37.762 -82.327
37.762 -82.329
37.763 -82.331
37.765 -82.334
37.766 -82.334
37.768 -82.332
37.773 -82.324
37.774 -82.323
37.775 -82.324
37.776 -82.326
37.776 -82.33
37.774 -82.333
37.775 -82.336
37.775 -82.337
37.775 -82.338
37.777 -82.339
37.778 -82.339
37.78 -82.338
37.786 -82.34
37.787 -82.349
37.789 -82.351
37.79 -82.351
37.793 -82.354
37.793 -82.355
37.794 -82.355
37.794 -82.356
37.794 -82.361
37.795 -82.364
37.797 -82.365
37.798 -82.365
37.798 -82.366
37.799 -82.366
37.8 -82.367
37.801 -82.368
37.802 -82.37
37.802 -82.375
37.803 -82.377
37.808 -82.378
37.808 -82.379
37.811 -82.38
37.812 -82.38
37.817 -82.385
37.818 -82.387
37.818 -82.388
37.817 -82.389
37.812 -82.394
37.811 -82.395
37.809 -82.396
37.809 -82.397
37.809 -82.399
37.81 -82.402
37.811 -82.402
37.813 -82.402
37.822 -82.398
37.829 -82.4
37.83 -82.4
37.833 -82.404
37.834 -82.406
37.835 -82.408
37.837 -82.409
37.844 -82.412
37.845 -82.412
37.845 -82.413
37.846 -82.417
37.847 -82.42
37.854 -82.416
37.854 -82.415
37.856 -82.415
37.857 -82.416
37.859 -82.422
37.86 -82.424
37.862 -82.424
37.863 -82.424
37.864 -82.422
37.865 -82.41
37.866 -82.408
37.867 -82.407
37.869 -82.41
37.869 -82.414
37.87 -82.416
37.871 -82.418
37.872 -82.419
37.873 -82.419
37.874 -82.419
37.875 -82.419
37.882 -82.419
37.884 -82.42
37.886 -82.421
37.886 -82.422
37.888 -82.429
37.89 -82.432
37.893 -82.434
37.896 -82.435
37.897 -82.436
37.899 -82.437
37.9 -82.439
37.904 -82.448
37.905 -82.448
37.905 -82.449
37.908 -82.451
37.909 -82.452
37.909 -82.453
37.909 -82.455
37.909 -82.458
37.91 -82.46
37.911 -82.461
37.913 -82.461
37.915 -82.463
37.915 -82.464
37.914 -82.468
37.911 -82.469
37.904 -82.469
37.902 -82.469
37.899 -82.471
37.899 -82.473
37.9 -82.475
37.902 -82.476
37.904 -82.476
37.906 -82.475
37.908 -82.474
37.91 -82.475
37.912 -82.476
37.915 -82.479
37.917 -82.488
37.918 -82.488
37.92 -82.488
37.924 -82.481
37.926 -82.48
37.927 -82.484
37.927 -82.496
37.928 -82.498
37.933 -82.502
37.935 -82.502
37.937 -82.5
37.937 -82.498
37.936 -82.491
37.937 -82.49
37.938 -82.489
37.939 -82.489
37.939 -82.49
37.94 -82.494
37.942 -82.497
37.943 -82.497
37.946 -82.497
37.947 -82.495
37.945 -82.488
37.946 -82.485
37.949 -82.481
37.955 -82.475
37.959 -82.472
37.96 -82.472
37.961 -82.473
37.962 -82.479
37.964 -82.484
37.966 -82.485
37.97 -82.484
37.972 -82.484
37.973 -82.48
37.973 -82.469
37.977 -82.465
37.98 -82.464
37.983 -82.464
37.984 -82.464
37.984 -82.465
37.985 -82.465
37.985 -82.466
37.986 -82.467
37.986 -82.469
37.987 -82.471
37.987 -82.472
37.985 -82.478
37.984 -82.481
37.984 -82.483
37.985 -82.484
37.987 -82.485
37.989 -82.486
37.996 -82.486
37.998 -82.488
37.999 -82.49
37.999 -82.5
38 -82.504
38.002 -82.507
38.001 -82.508
38.001 -82.509
38.001 -82.51
38 -82.513
38 -82.516
38.001 -82.517
38.002 -82.518
38.003 -82.518
38.005 -82.517
38.007 -82.518
38.009 -82.52
38.013 -82.523
38.02 -82.526
38.026 -82.526
38.028 -82.527
38.029 -82.53
38.032 -82.535
38.037 -82.539
38.04 -82.539
38.043 -82.537
38.045 -82.537
38.048 -82.541
38.051 -82.543
38.052 -82.544
38.054 -82.545
38.059 -82.545
38.061 -82.547
38.063 -82.549
38.069 -82.55
38.07 -82.551
38.071 -82.551
38.071 -82.552
38.071 -82.554
38.073 -82.56
38.081 -82.566
38.082 -82.574
38.09 -82.584
38.091 -82.584
38.094 -82.585
38.098 -82.585
38.107 -82.586
38.109 -82.588
38.11 -82.592
38.111 -82.594
38.112 -82.594
38.112 -82.595
38.116 -82.598
38.117 -82.6
38.118 -82.603
38.121 -82.606
38.121 -82.607
38.121 -82.611
38.12 -82.613
38.12 -82.614
38.12 -82.616
38.12 -82.617
38.121 -82.619
38.121 -82.62
38.123 -82.621
38.132 -82.621
38.133 -82.622
38.135 -82.625
38.135 -82.626
38.136 -82.629
38.136 -82.631
38.137 -82.634
38.137 -82.635
38.138 -82.636
38.139 -82.637
38.143 -82.638
38.152 -82.638
38.157 -82.639
38.165 -82.645
38.17 -82.643
38.171 -82.64
38.171 -82.639
38.17 -82.625
38.169 -82.619
38.17 -82.616
38.17 -82.615
38.17 -82.613
38.172 -82.611
38.188 -82.604
38.193 -82.602
38.195 -82.601
38.196 -82.6
38.197 -82.599
38.2 -82.599
38.201 -82.599
38.202 -82.599
38.217 -82.598
38.219 -82.6
38.221 -82.606
38.224 -82.609
38.227 -82.61
38.235 -82.613
38.236 -82.612
38.246 -82.607
38.247 -82.605
38.247 -82.604
38.245 -82.595
38.246 -82.586
38.246 -82.584
38.249 -82.582
38.249 -82.581
38.253 -82.579
38.255 -82.578
38.264 -82.575
38.275 -82.575
38.278 -82.577
38.282 -82.579
38.285 -82.579
38.292 -82.58
38.295 -82.583
38.297 -82.583
38.3 -82.581
38.305 -82.578
38.312 -82.573
38.314 -82.572
38.316 -82.572
38.319 -82.573
38.326 -82.576
38.328 -82.577
38.334 -82.585
38.339 -82.588
38.34 -82.589
38.34 -82.59
38.341 -82.592
38.342 -82.593
38.343 -82.597
38.345 -82.598
38.349 -82.598
38.358 -82.598
38.364 -82.598
38.365 -82.598
38.367 -82.597
38.369 -82.596
38.372 -82.594
38.375 -82.593
38.381 -82.595
38.383 -82.595
38.389 -82.599
38.39 -82.6
38.393 -82.599
38.394 -82.599
38.395 -82.598
38.4 -82.596
38.401 -82.595
38.403 -82.595
38.405 -82.596
38.406 -82.596
38.41 -82.597
38.413 -82.597
38.418 -82.596
38.422 -82.594
38.416 -82.589
38.415 -82.588
38.415 -82.587
38.413 -82.584
38.41 -82.58
38.41 -82.579
38.409 -82.578
38.409 -82.577
38.407 -82.573
38.407 -82.571
38.406 -82.569
38.404 -82.561
38.403 -82.55
38.404 -82.54
38.405 -82.53
38.411 -82.508
38.418 -82.487
38.422 -82.471
38.423 -82.467
38.425 -82.46
38.426 -82.451
38.427 -82.447
38.429 -82.438
38.43 -82.436
38.43 -82.435
38.43 -82.434
38.431 -82.431
38.433 -82.425
38.438 -82.409
38.439 -82.405
38.435 -82.392
38.434 -82.39
38.435 -82.382
38.436 -82.375
38.437 -82.372
38.439 -82.36
38.441 -82.341
38.441 -82.34
38.444 -82.33
38.449 -82.324
38.458 -82.318
38.462 -82.316
38.464 -82.316
38.468 -82.314
38.47 -82.314
38.471 -82.313
38.476 -82.313
38.483 -82.311
38.491 -82.306
38.496 -82.304
38.504 -82.303
38.517 -82.304
38.518 -82.304
38.52 -82.304
38.523 -82.303
38.527 -82.301
38.529 -82.3
38.533 -82.298
38.538 -82.296
38.541 -82.295
38.559 -82.293
38.56 -82.293
38.57 -82.294
38.573 -82.294
38.575 -82.293
38.579 -82.291
38.584 -82.285
38.593 -82.275
38.594 -82.274
38.595 -82.273
38.595 -82.272
38.595 -82.271
38.598 -82.262
38.599 -82.252
38.598 -82.246
38.591 -82.222
38.592 -82.219
38.592 -82.207
38.592 -82.205
38.592 -82.204
38.593 -82.194
38.595 -82.189
38.599 -82.182
38.604 -82.177
38.608 -82.175
38.609 -82.175
38.611 -82.174
38.619 -82.172
38.626 -82.172
38.629 -82.173
38.63 -82.173
38.633 -82.174
38.643 -82.177
38.649 -82.179
38.66 -82.186
38.666 -82.186
38.667 -82.186
38.669 -82.187
38.673 -82.188
38.68 -82.191
38.684 -82.19
38.687 -82.19
38.689 -82.19
38.694 -82.187
38.696 -82.186
38.699 -82.185
38.701 -82.184
38.705 -82.183
38.706 -82.183
38.709 -82.182
38.716 -82.185
38.722 -82.187
38.734 -82.188
38.737 -82.19
38.741 -82.193
38.752 -82.196
38.758 -82.199
38.76 -82.202
38.764 -82.207
38.768 -82.217
38.774 -82.22
38.779 -82.221
38.78 -82.222
38.787 -82.222
38.796 -82.217
38.799 -82.214
38.801 -82.211
38.803 -82.209
38.809 -82.199
38.815 -82.191
38.817 -82.18
38.817 -82.179
38.822 -82.166
38.823 -82.165
38.824 -82.163
38.825 -82.162
38.825 -82.161
38.833 -82.152
38.837 -82.148
38.838 -82.147
38.84 -82.145
38.841 -82.145
38.846 -82.143
38.847 -82.143
38.849 -82.142
38.851 -82.142
38.855 -82.141
38.857 -82.141
38.86 -82.14
38.863 -82.14
38.865 -82.139
38.866 -82.139
38.868 -82.14
38.87 -82.14
38.873 -82.141
38.874 -82.141
38.877 -82.142
38.882 -82.145
38.883 -82.145
38.884 -82.145
38.892 -82.145
38.898 -82.143
38.906 -82.135
38.91 -82.129
38.917 -82.124
38.921 -82.121
38.925 -82.118
38.93 -82.114
38.933 -82.112
38.934 -82.111
38.935 -82.111
38.94 -82.111
38.946 -82.109
38.955 -82.101
38.956 -82.101
38.958 -82.099
38.965 -82.095
38.971 -82.093
38.974 -82.092
38.976 -82.089
38.981 -82.079
38.985 -82.069
38.986 -82.067
38.99 -82.059
38.993 -82.054
38.994 -82.052
38.997 -82.049
39.004 -82.046
39.005 -82.045
39.014 -82.043
39.018 -82.042
39.018 -82.041
39.023 -82.039
39.025 -82.036
39.028 -82.027
39.029 -82.024
39.03 -82.018
39.03 -82.007
39.028 -82.003
39.028 -82.002
39.022 -81.995
39.018 -81.991
39.012 -81.987
39.011 -81.986
39.01 -81.986
39.006 -81.984
39.005 -81.984
39.003 -81.983
39.002 -81.983
38.996 -81.982
38.994 -81.981
38.993 -81.979
38.993 -81.977
38.993 -81.975
38.992 -81.974
38.993 -81.968
38.994 -81.964
38.994 -81.961
38.995 -81.959
38.996 -81.951
38.995 -81.949
38.993 -81.942
38.99 -81.937
38.988 -81.933
38.982 -81.929
38.978 -81.927
38.967 -81.918
38.954 -81.912
38.953 -81.912
38.95 -81.91
38.947 -81.908
38.945 -81.907
38.938 -81.901
38.934 -81.9
38.93 -81.898
38.925 -81.9
38.924 -81.901
38.917 -81.908
38.916 -81.911
38.916 -81.912
38.914 -81.913
38.911 -81.918
38.909 -81.919
38.904 -81.924
38.901 -81.927
38.895 -81.928
38.893 -81.928
38.892 -81.927
38.884 -81.916
38.879 -81.91
38.878 -81.909
38.875 -81.899
38.874 -81.893
38.874 -81.892
38.874 -81.89
38.874 -81.889
38.875 -81.888
38.881 -81.875
38.887 -81.865
38.89 -81.859
38.893 -81.856
38.901 -81.849
38.91 -81.845
38.913 -81.846
38.929 -81.844
38.937 -81.838
38.944 -81.832
38.946 -81.827
38.947 -81.825
38.947 -81.82
38.946 -81.814
38.942 -81.806
38.932 -81.796
38.93 -81.793
38.926 -81.786
38.925 -81.781
38.924 -81.779
38.923 -81.774
38.923 -81.77
38.923 -81.766
38.924 -81.763
38.926 -81.76
38.928 -81.759
38.93 -81.758
38.934 -81.756
38.937 -81.757
38.941 -81.761
38.944 -81.764
38.949 -81.77
38.952 -81.774
38.956 -81.779
38.958 -81.78
38.959 -81.781
38.962 -81.781
38.964 -81.782
38.965 -81.782
38.967 -81.781
38.972 -81.78
38.973 -81.78
38.981 -81.776
38.982 -81.776
38.985 -81.777
38.99 -81.776
38.991 -81.775
38.993 -81.774
38.994 -81.774
38.997 -81.772
39 -81.767
39.002 -81.765
39.003 -81.765
39.007 -81.764
39.008 -81.764
39.009 -81.764
39.014 -81.764
39.015 -81.764
39.016 -81.765
39.02 -81.767
39.026 -81.772
39.026 -81.773
39.037 -81.787
39.04 -81.793
39.045 -81.8
39.048 -81.803
39.055 -81.809
39.06 -81.812
39.066 -81.813
39.073 -81.814
39.079 -81.814
39.082 -81.812
39.083 -81.811
39.084 -81.808
39.084 -81.803
39.083 -81.798
39.08 -81.791
39.079 -81.786
39.078 -81.781
39.078 -81.776
39.082 -81.765
39.084 -81.761
39.09 -81.752
39.095 -81.747
39.098 -81.745
39.102 -81.744
39.107 -81.743
39.117 -81.742
39.127 -81.745
39.131 -81.745
39.139 -81.745
39.142 -81.744
39.148 -81.745
39.171 -81.754
39.175 -81.755
39.177 -81.756
39.179 -81.756
39.18 -81.756
39.181 -81.756
39.182 -81.755
39.185 -81.753
39.186 -81.75
39.19 -81.742
39.194 -81.737
39.196 -81.736
39.205 -81.734
39.206 -81.733
39.212 -81.73
39.215 -81.727
39.217 -81.724
39.218 -81.719
39.219 -81.712
39.219 -81.711
39.22 -81.706
39.221 -81.702
39.221 -81.701
39.221 -81.7
39.222 -81.699
39.224 -81.695
39.225 -81.693
39.226 -81.692
39.228 -81.691
39.23 -81.691
39.233 -81.692
39.234 -81.692
39.236 -81.692
39.238 -81.693
39.243 -81.696
39.246 -81.697
39.247 -81.697
39.249 -81.697
39.253 -81.697
39.257 -81.696
39.261 -81.694
39.263 -81.692
39.264 -81.691
39.266 -81.69
39.266 -81.689
39.271 -81.684
39.274 -81.678
39.276 -81.672
39.276 -81.67
39.277 -81.663
39.277 -81.656
39.277 -81.645
39.277 -81.643
39.274 -81.621
39.275 -81.614
39.276 -81.613
39.276 -81.611
39.276 -81.608
39.276 -81.606
39.276 -81.605
39.276 -81.603
39.273 -81.595
39.271 -81.59
39.27 -81.589
39.269 -81.586
39.268 -81.582
39.268 -81.57
39.271 -81.567
39.276 -81.565
39.283 -81.565
39.29 -81.565
39.294 -81.565
39.318 -81.56
39.331 -81.56
39.339 -81.558
39.353 -81.542
39.356 -81.538
39.358 -81.534
39.361 -81.526
39.361 -81.525
39.362 -81.524
39.364 -81.521
39.366 -81.515
39.367 -81.513
39.373 -81.503
39.384 -81.489
39.389 -81.483
39.39 -81.483
39.4 -81.473
39.403 -81.469
39.404 -81.468
39.409 -81.456
39.41 -81.448
39.41 -81.447
39.408 -81.436
39.408 -81.435
39.405 -81.429
39.4 -81.421
39.395 -81.413
39.388 -81.407
39.385 -81.406
39.377 -81.403
39.369 -81.401
39.356 -81.396
39.352 -81.394
39.349 -81.391
39.347 -81.389
39.344 -81.385
39.343 -81.385
39.343 -81.384
39.342 -81.38
39.342 -81.376
39.342 -81.371
39.343 -81.357
39.346 -81.348
39.346 -81.347
39.348 -81.343
39.348 -81.342
39.353 -81.336
39.358 -81.326
39.361 -81.32
39.371 -81.305
39.372 -81.303
39.373 -81.3
39.374 -81.298
39.375 -81.297
39.377 -81.288
39.379 -81.283
39.379 -81.282
39.379 -81.281
39.384 -81.276
39.384 -81.275
39.386 -81.271
39.387 -81.26
39.387 -81.259
39.387 -81.257
39.39 -81.249
39.39 -81.242
39.386 -81.224
39.386 -81.221
39.388 -81.217
39.389 -81.216
39.391 -81.213
39.393 -81.212
39.396 -81.211
39.397 -81.211
39.402 -81.211
39.404 -81.211
39.407 -81.208
39.411 -81.205
39.415 -81.2
39.416 -81.2
39.419 -81.196
39.424 -81.191
39.431 -81.186
39.434 -81.182
39.435 -81.18
39.439 -81.171
39.44 -81.167
39.441 -81.164
39.442 -81.159
39.443 -81.156
39.443 -81.153
39.443 -81.151
39.443 -81.15
39.443 -81.149
39.444 -81.138
39.445 -81.134
39.446 -81.133
39.449 -81.129
39.45 -81.128
39.453 -81.125
39.458 -81.121
39.466 -81.115
39.466 -81.114
39.487 -81.101
39.491 -81.097
39.497 -81.092
39.497 -81.091
39.51 -81.076
39.516 -81.071
39.523 -81.06
39.529 -81.052
39.532 -81.05
39.536 -81.045
39.537 -81.044
39.545 -81.031
39.545 -81.03
39.547 -81.029
39.549 -81.027
39.552 -81.024
39.555 -81.02
39.561 -81.012
39.563 -81.009
39.565 -81.005
39.565 -81.004
39.567 -81.002
39.568 -80.999
39.569 -80.997
39.571 -80.994
39.577 -80.988
39.584 -80.979
39.584 -80.978
39.588 -80.973
39.59 -80.97
39.607 -80.944
39.613 -80.937
39.615 -80.933
39.617 -80.926
39.619 -80.918
39.618 -80.906
39.617 -80.897
39.617 -80.892
39.621 -80.88
39.627 -80.876
39.636 -80.872
39.637 -80.872
39.639 -80.871
39.642 -80.87
39.643 -80.871
39.644 -80.871
39.647 -80.87
39.653 -80.867
39.659 -80.866
39.663 -80.866
39.675 -80.866
39.678 -80.867
39.683 -80.866
39.686 -80.866
39.69 -80.864
39.692 -80.864
39.692 -80.863
39.694 -80.862
39.696 -80.858
39.697 -80.855
39.699 -80.852
39.699 -80.845
39.7 -80.842
39.701 -80.841
39.701 -80.839
39.703 -80.834
39.706 -80.832
39.711 -80.83
39.712 -80.83
39.714 -80.83
39.719 -80.832
39.721 -80.833
39.721 -80.834
39.722 -80.835
39.724 -80.837
39.738 -80.846
39.741 -80.853
39.743 -80.855
39.753 -80.865
39.757 -80.868
39.764 -80.87
39.766 -80.869
39.768 -80.868
39.772 -80.866
39.775 -80.863
39.791 -80.835
39.799 -80.826
39.801 -80.825
39.808 -80.823
39.812 -80.822
39.825 -80.822
39.827 -80.823
39.835 -80.826
39.836 -80.826
39.842 -80.827
39.844 -80.826
39.847 -80.824
39.85 -80.821
39.853 -80.816
39.854 -80.813
39.859 -80.8
39.864 -80.793
39.867 -80.791
39.872 -80.79
39.882 -80.794
39.883 -80.794
39.884 -80.795
39.885 -80.795
39.886 -80.796
39.892 -80.802
39.897 -80.806
39.903 -80.809
39.906 -80.81
39.91 -80.809
39.911 -80.809
39.913 -80.808
39.915 -80.808
39.916 -80.807
39.917 -80.806
39.919 -80.804
39.919 -80.803
39.919 -80.801
39.92 -80.796
39.917 -80.783
39.911 -80.773
39.911 -80.772
39.91 -80.77
39.91 -80.768
39.909 -80.767
39.909 -80.763
39.909 -80.761
39.909 -80.759
39.91 -80.758
39.914 -80.756
39.916 -80.756
39.917 -80.756
39.918 -80.756
39.919 -80.757
39.921 -80.757
39.922 -80.757
39.929 -80.761
39.934 -80.762
39.947 -80.765
39.95 -80.764
39.954 -80.763
39.959 -80.759
39.96 -80.758
39.96 -80.757
39.961 -80.756
39.962 -80.755
39.966 -80.746
39.969 -80.743
39.971 -80.74
39.975 -80.74
39.98 -80.739
39.985 -80.739
39.988 -80.739
39.991 -80.74
39.994 -80.74
39.997 -80.741
40.001 -80.741
40.002 -80.742
40.004 -80.742
40.006 -80.742
40.007 -80.742
40.008 -80.742
40.015 -80.741
40.021 -80.738
40.023 -80.737
40.028 -80.737
40.03 -80.736
40.033 -80.733
40.037 -80.732
40.039 -80.731
40.047 -80.731
40.048 -80.731
40.049 -80.731
40.05 -80.731
40.053 -80.732
40.055 -80.732
40.058 -80.733
40.059 -80.733
40.059 -80.734
40.06 -80.734
40.065 -80.737
40.071 -80.739
40.072 -80.739
40.076 -80.739
40.08 -80.737
40.086 -80.731
40.087 -80.729
40.088 -80.727
40.094 -80.717
40.097 -80.713
40.1 -80.71
40.101 -80.709
40.105 -80.708
40.111 -80.707
40.113 -80.707
40.115 -80.708
40.116 -80.708
40.117 -80.708
40.118 -80.709
40.125 -80.711
40.129 -80.71
40.136 -80.71
40.138 -80.71
40.143 -80.708
40.145 -80.707
40.147 -80.707
40.148 -80.707
40.152 -80.706
40.153 -80.705
40.155 -80.705
40.157 -80.703
40.182 -80.686
40.184 -80.684
40.185 -80.682
40.186 -80.68
40.192 -80.673
40.2 -80.668
40.206 -80.666
40.213 -80.665
40.219 -80.664
40.23 -80.662
40.232 -80.66
40.245 -80.652
40.251 -80.645
40.255 -80.637
40.254 -80.637
40.262 -80.622
40.265 -80.619
40.266 -80.619
40.272 -80.616
40.279 -80.617
40.285 -80.617
40.292 -80.615
40.298 -80.611
40.304 -80.607
40.307 -80.603
40.311 -80.602
40.312 -80.602
40.316 -80.6
40.318 -80.6
40.321 -80.6
40.328 -80.603
40.329 -80.603
40.336 -80.608
40.341 -80.611
40.348 -80.613
40.355 -80.612
40.358 -80.61
40.362 -80.609
40.37 -80.608
40.375 -80.61
40.379 -80.614
40.382 -80.619
40.384 -80.627
40.385 -80.631
40.385 -80.632
40.39 -80.634
40.394 -80.632
40.396 -80.628
40.398 -80.622
40.4 -80.615
40.403 -80.612
40.404 -80.612
40.408 -80.613
40.419 -80.612
40.426 -80.613
40.429 -80.613
40.435 -80.612
40.438 -80.611
40.447 -80.605
40.45 -80.604
40.452 -80.603
40.458 -80.598
40.463 -80.596
40.47 -80.595
40.471 -80.595
40.475 -80.595
40.48 -80.598
40.483 -80.599
40.484 -80.602
40.485 -80.603
40.49 -80.609
40.497 -80.614
40.502 -80.618
40.512 -80.621
40.513 -80.621
40.517 -80.622
40.52 -80.622
40.532 -80.626
40.536 -80.628
40.538 -80.63
40.539 -80.633
40.545 -80.638
40.548 -80.641
40.549 -80.642
40.563 -80.652
40.565 -80.655
40.57 -80.663
40.574 -80.667
40.578 -80.668
40.582 -80.668
40.588 -80.666
40.591 -80.663
40.592 -80.663
40.597 -80.655
40.596 -80.654
40.598 -80.652
40.604 -80.645
40.611 -80.64
40.611 -80.639
40.616 -80.634
40.62 -80.627
40.62 -80.625
40.622 -80.617
40.622 -80.616
40.623 -80.611
40.623 -80.61
40.625 -80.604
40.625 -80.603
40.625 -80.599
40.624 -80.594
40.622 -80.592
40.62 -80.589
40.618 -80.587
40.616 -80.584
40.615 -80.582
40.615 -80.581
40.614 -80.58
40.614 -80.577
40.615 -80.572
40.616 -80.571
40.617 -80.569
40.618 -80.568
40.624 -80.561
40.629 -80.551
40.63 -80.546
40.632 -80.54
40.636 -80.533
40.636 -80.53
40.636 -80.526
40.637 -80.522
40.639 -80.519
