Source 8.CH.3              
0.7318999871612379 0.3175 15.0 8.0 5.0
132.93 42.85
134.86 41.82
129.73 38.38
128.15 40.35
132.93 42.85
Source 8.CH.4              
0.7318999871612379 0.5169 15.0 7.8 5.0
132.14 43.97
132.98 42.89
129.99 41.33
129.32 42.38
132.14 43.97
Source 8.CH.5              
0.7318999871612379 0.295 15.0 7.5 5.0
130.71 44.83
131.75 43.75
129.32 42.41
128.37 43.58
130.71 44.83
Source 8.CH.6              
1.3268130716626245 0.0032 15.0 6.5 5.0
128.48 56.21
132.17 57.85
133.99 57.14
129.78 55.52
128.48 56.21
Source 8.CH.7              
1.3268130716626245 0.0231 15.0 6.0 5.0
124.01 54.31
125.14 55.57
134.38 52.96
133.29 51.75
124.01 54.31
Source 8.CH.8              
1.3268130716626245 0.0026 15.0 6.0 5.0
118.16 50.78
116.21 51.78
120.41 54.03
122.49 53.26
118.16 50.78
Source 8.CH.9              
1.3268130716626245 0.0194 15.0 6.8 5.0
138.78 51.37
132.27 47.97
130.93 49.26
137.39 52.7
138.78 51.37
Source 8.CH.10             
1.3268130716626245 0.0389 15.0 6.5 5.0
131.52 48.69
132.21 48.02
126.29 43.68
125.47 44.24
131.52 48.69
Source 8.CH.11             
1.3268130716626245 0.0385 15.0 6.5 5.0
123.3 41.36
122.59 41.78
125.49 44.23
126.31 43.66
123.3 41.36
Source 8.CH.12             
1.3268130716626245 0.0635 15.0 6.5 5.0
122.59 41.79
123.29 41.37
120.74 39.28
120.0 39.66
122.59 41.79
Source 8.CH.13             
1.3268130716626245 0.1148 15.0 7.8 5.0
123.09 41.18
123.68 40.76
122.56 39.8
121.9 40.21
123.09 41.18
Source 8.CH.14             
1.3268130716626245 0.0295 15.0 5.8 5.0
127.07 49.67
127.89 49.32
126.81 47.87
125.94 48.22
127.07 49.67
Source 8.CH.15             
1.3268130716626245 0.0325 15.0 6.5 5.0
125.55 45.95
127.5 48.16
128.37 47.81
126.51 45.6
125.55 45.95
Source 8.CH.16             
1.3268130716626245 0.0396 15.0 7.0 5.0
125.86 44.86
125.31 44.47
123.07 45.88
123.41 46.34
125.86 44.86
Source 8.CH.19             
1.3268130716626245 0.0109 15.0 6.0 5.0
124.15 48.27
123.55 47.43
120.99 48.87
121.73 49.63
124.15 48.27
Source 8.CH.20             
1.3268130716626245 0.0522 15.0 7.0 5.0
117.85 41.1
119.93 43.7
121.09 43.73
119.19 41.07
117.85 41.1
Source 8.CH.21             
1.3268130716626245 0.0101 15.0 5.5 5.0
115.47 47.96
117.14 49.53
117.88 49.41
115.94 47.65
115.47 47.96
Source 8.CH.410            
1.3268130716626245 0.0712 15.0 7.3 5.0
121.9 40.21
122.64 39.74
121.65 38.89
120.77 39.3
121.9 40.21
Source 8.CH.22             
1.0819999693303157 0.0417 15.0 6.9 5.0
126.45 41.61
126.84 41.22
124.2 39.3
123.76 39.66
126.45 41.61
Source 8.CH.23             
1.0819999693303157 0.0134 15.0 6.5 5.0
124.96 39.0
125.76 39.29
126.78 37.69
125.96 37.37
124.96 39.0
Source 8.CH.25             
1.0819999693303157 0.0231 15.0 6.5 5.0
129.0 36.56
129.26 36.2
127.63 35.6
127.39 36.0
129.0 36.56
Source 8.CH.26             
1.0819999693303157 0.0142 15.0 6.8 5.0
126.96 35.18
129.39 36.05
129.63 35.6
127.19 34.73
126.96 35.18
Source 8.CH.27             
1.0819999693303157 0.0128 15.0 6.0 5.0
129.39 35.41
129.69 35.18
127.72 33.94
127.37 34.17
129.39 35.41
Source 8.CH.28             
1.0819999693303157 0.0201 15.0 7.3 5.0
128.91 38.26
129.8 38.21
129.63 36.85
128.74 36.9
128.91 38.26
Source 8.CH.29             
1.0819999693303157 0.0035 15.0 6.0 5.0
125.96 33.34
126.65 33.81
127.0 33.57
126.33 33.02
125.96 33.34
Source 8.CH.30             
0.651615440647639 0.0025 15.0 7.8 5.0
118.69 37.76
118.03 38.14
119.35 39.39
120.01 39.08
118.69 37.76
Source 8.CH.31             
0.651615440647639 0.0198 15.0 7.6 5.0
120.94 39.15
119.68 37.81
119.1 38.15
120.41 39.48
120.94 39.15
Source 8.CH.33             
0.651615440647639 0.0495 15.0 7.8 5.0
118.2 36.26
119.16 37.97
120.04 37.65
119.16 35.96
118.2 36.26
Source 8.CH.34             
0.651615440647639 0.0025 15.0 6.5 5.0
117.94 37.83
118.55 36.91
118.18 36.24
118.03 35.78
116.94 37.36
117.94 37.83
Source 8.CH.35             
0.651615440647639 0.0025 15.0 6.8 5.0
120.54 36.32
123.26 36.91
123.47 36.2
120.68 35.58
120.54 36.32
Source 8.CH.36             
0.651615440647639 0.0025 15.0 7.0 5.0
124.49 35.85
124.66 34.89
119.95 34.57
119.91 35.33
124.49 35.85
Source 8.CH.37             
0.651615440647639 0.0792 15.0 8.5 5.0
118.18 36.26
119.16 35.96
118.55 34.05
117.51 34.29
118.18 36.26
Source 8.CH.38             
0.651615440647639 0.0025 15.0 6.5 5.0
116.93 36.42
117.93 35.46
117.67 34.75
116.52 35.58
116.93 36.42
Source 8.CH.39             
0.651615440647639 0.0025 15.0 6.8 5.0
116.1 34.31
116.79 35.13
117.57 34.57
116.86 33.69
116.1 34.31
Source 8.CH.40             
0.651615440647639 0.0025 15.0 6.8 5.0
116.12 34.32
117.49 33.18
117.25 32.13
115.79 33.34
116.12 34.32
Source 8.CH.41             
0.651615440647639 0.0198 15.0 7.5 5.0
117.66 34.24
118.57 34.05
118.16 31.22
117.07 31.72
117.29 32.15
117.66 34.24
Source 8.CH.42             
0.651615440647639 0.0025 15.0 6.5 5.0
120.93 31.06
120.15 30.55
118.31 32.19
118.48 33.32
120.93 31.06
Source 8.CH.43             
0.651615440647639 0.0025 15.0 7.3 5.0
120.37 33.98
122.28 34.16
122.56 33.49
120.65 33.44
119.85 32.95
119.56 33.16
120.37 33.98
Source 8.CH.44             
0.651615440647639 0.0025 15.0 6.8 5.0
122.45 33.21
123.34 32.43
121.35 32.34
120.59 32.02
120.0 32.68
120.84 33.09
122.45 33.21
Source 8.CH.45             
0.651615440647639 0.0025 15.0 6.8 5.0
119.63 30.24
122.88 32.29
123.54 31.6
120.48 29.79
119.63 30.24
Source 8.CH.46             
0.689008195539509 0.0082 15.0 7.0 5.0
116.35 40.46
116.81 40.29
115.5 38.81
115.1 38.98
116.35 40.46
Source 8.CH.48             
0.689008195539509 0.0712 15.0 8.0 5.0
118.75 40.15
119.59 39.81
118.02 38.86
117.38 39.32
118.75 40.15
Source 8.CH.49             
0.689008195539509 0.0086 15.0 7.0 5.0
115.75 38.29
116.72 39.09
116.86 39.02
117.16 39.18
117.74 38.77
116.64 37.72
115.75 38.29
Source 8.CH.50             
0.689008195539509 0.0907 15.0 7.5 5.0
114.33 37.07
115.3 38.29
115.81 38.08
114.86 36.8
114.33 37.07
Source 8.CH.51             
0.689008195539509 0.0145 15.0 6.5 5.0
114.93 38.23
113.95 37.0
113.24 37.42
114.28 38.61
114.93 38.23
Source 8.CH.52             
0.689008195539509 0.0035 15.0 6.0 5.0
113.46 37.26
113.81 37.08
112.89 35.63
112.5 35.78
113.46 37.26
Source 8.CH.54             
0.689008195539509 0.0217 15.0 7.2 5.0
114.69 34.69
115.79 36.64
116.64 36.5
115.38 34.31
114.69 34.69
Source 8.CH.55             
0.689008195539509 0.0046 15.0 6.5 5.0
111.8 34.19
112.66 35.71
113.31 35.48
112.42 34.0
111.8 34.19
Source 8.CH.56             
0.689008195539509 0.0069 15.0 6.5 5.0
113.39 35.05
114.09 34.5
114.73 34.53
115.0 33.91
113.52 33.92
112.89 34.67
113.39 35.05
Source 8.CH.57             
0.689008195539509 0.0039 15.0 6.2 5.0
113.45 33.78
115.66 33.2
115.46 32.71
113.27 33.43
113.45 33.78
Source 8.CH.58             
0.7758670919201593 0.0014 15.0 6.8 5.5
114.49 41.07
115.08 40.78
114.48 40.65
113.93 40.4
113.63 40.58
114.49 41.07
Source 8.CH.59             
0.7551946745815645 0.0081 15.0 7.0 5.5
115.47 40.88
116.52 40.72
115.27 39.99
114.72 40.46
115.47 40.88
Source 8.CH.60             
0.7551946745815645 0.0137 15.0 6.3 5.5
113.73 39.83
113.56 39.99
114.44 40.42
114.63 40.21
113.73 39.83
Source 8.CH.61             
0.7551946745815645 0.0049 15.0 7.0 5.5
114.95 40.25
115.24 40.02
114.14 39.54
113.89 39.8
114.95 40.25
Source 8.CH.62             
0.7551946745815645 0.0026 15.0 7.3 5.5
112.95 38.9
112.61 39.09
114.32 39.56
114.44 39.38
112.95 38.9
Source 8.CH.63             
0.7551946745815645 0.0050 15.0 7.0 5.5
113.38 40.65
113.72 40.43
113.25 39.82
112.61 39.23
112.34 39.33
113.38 40.65
Source 8.CH.64             
0.7551946745815645 0.0092 15.0 7.8 5.5
112.6 39.1
113.37 38.66
112.66 37.98
112.26 38.43
112.6 39.1
Source 8.CH.65             
0.7551946745815645 0.0111 15.0 6.8 5.5
112.53 38.12
112.68 37.99
112.93 37.46
112.09 36.82
111.56 37.2
112.53 38.12
Source 8.CH.66             
0.7551946745815645 0.0050 15.0 8.0 5.5
111.82 36.99
112.09 36.82
111.59 35.79
111.06 35.78
111.82 36.99
Source 8.CH.67             
0.7551946745815645 0.0013 15.0 6.8 5.5
111.35 35.34
111.85 36.31
112.03 36.33
111.7 35.36
111.35 35.34
Source 8.CH.69             
0.7772134048140594 0.0122 15.0 7.2 5.5
111.69 35.25
111.71 35.03
110.0 34.66
110.0 34.88
111.69 35.25
Source 8.CH.71             
0.7551946745815645 0.0011 15.0 6.5 5.5
107.48 34.35
108.61 34.19
110.51 33.99
110.36 33.81
108.62 33.99
107.46 34.16
107.48 34.35
Source 8.CH.72             
0.7551946745815645 0.0026 15.0 7.2 5.5
107.47 34.61
108.77 34.65
108.79 34.49
107.5 34.4
107.47 34.61
Source 8.CH.73             
1.9619001329179895 0.0185 15.0 6.0 5.5
111.71 38.7
111.98 38.48
111.52 37.42
110.66 36.14
109.46 35.13
108.88 35.47
111.71 38.7
Source 8.CH.74             
1.9619001329179895 0.0185 15.0 6.0 5.5
107.77 34.93
106.91 35.25
110.66 39.37
111.52 39.02
107.77 34.93
Source 8.CH.75             
1.3577999829464216 0.0022 15.0 6.8 5.5
106.5 32.75
107.17 33.65
111.84 32.45
110.84 31.55
106.5 32.75
Source 8.CH.76             
1.3577999829464216 4.0E-4 15.0 6.0 5.5
113.4 29.74
110.86 31.54
111.86 32.49
114.24 30.78
113.4 29.74
Source 8.CH.77             
1.3577999829464216 0.0034 15.0 6.8 5.5
112.17 32.71
112.47 33.33
115.36 32.42
115.09 31.83
112.17 32.71
Source 8.CH.78             
1.3577999829464216 0.0079 15.0 6.5 5.5
115.83 32.19
116.8 31.61
114.72 29.87
113.9 30.41
115.83 32.19
Source 8.CH.79             
1.3577999829464216 0.0012 15.0 6.0 5.5
117.03 31.71
118.15 31.22
114.53 27.92
113.51 28.66
117.03 31.71
Source 8.CH.80             
1.3577999829464216 0.0012 15.0 6.0 5.5
113.66 28.78
112.7 27.86
110.38 29.48
111.25 30.38
113.66 28.78
Source 8.CH.81             
1.3577999829464216 4.0E-4 15.0 6.0 5.5
111.33 28.02
112.72 27.55
109.61 26.33
109.22 27.03
111.33 28.02
Source 8.CH.83             
1.3577999829464216 0.0012 15.0 6.0 5.5
106.67 30.43
107.9 32.1
108.31 31.93
107.21 30.41
107.21 28.92
106.71 28.88
106.67 30.43
Source 8.CH.84             
1.3577999829464216 0.0020 15.0 6.8 5.5
108.77 24.51
108.47 23.96
104.63 25.74
104.93 26.36
108.77 24.51
Source 8.CH.85             
1.3577999829464216 0.0037 15.0 6.0 5.5
108.04 23.36
107.31 22.86
104.23 24.38
104.8 24.87
108.04 23.36
Source 8.CH.86             
1.3577999829464216 1.0E-5 15.0 5.5 5.0
108.06 23.36
108.72 23.08
106.54 21.64
106.1 22.0
108.06 23.36
Source 8.CH.87             
1.3577999829464216 0.0054 15.0 6.0 5.5
105.62 22.19
107.62 20.5
107.08 19.95
105.56 21.16
103.65 22.09
103.85 22.82
105.62 22.19
Source 8.CH.88             
1.3577999829464216 0.0021 15.0 6.0 5.5
110.42 23.78
110.98 23.46
108.44 21.55
107.88 21.94
110.42 23.78
Source 8.CH.89             
1.3577999829464216 1.0E-5 15.0 5.5 5.0
111.37 24.85
111.67 26.04
112.37 26.04
112.06 24.73
110.98 23.48
110.42 23.78
111.37 24.85
Source 8.CH.90             
1.3577999829464216 1.0E-5 15.0 5.5 5.0
110.76 26.15
111.05 25.92
110.11 24.93
109.92 23.47
109.61 23.45
109.74 25.03
110.76 26.15
Source 8.CH.385            
1.3577999829464216 0.1 15.0 6.5 5.5
121.17 29.55
121.76 29.15
119.76 26.06
119.18 26.57
121.17 29.55
Source 8.CH.92             
0.6950883182861545 0.0043 15.0 6.5 5.5
118.72 26.6
119.89 25.88
117.83 23.86
116.88 24.66
118.72 26.6
Source 8.CH.93             
0.6950883182861545 0.0205 15.0 7.7 5.5
119.89 25.89
120.5 25.44
117.83 22.95
117.31 23.34
119.89 25.89
Source 8.CH.95             
0.6950883182861545 0.0039 15.0 6.5 5.5
114.34 24.39
115.08 23.94
113.84 22.67
113.13 23.34
114.34 24.39
Source 8.CH.96             
0.6950883182861545 0.0010 15.0 6.0 5.5
111.29 23.16
112.31 23.89
113.96 22.37
112.9 21.66
111.29 23.16
Source 8.CH.97             
0.6950883182861545 0.0023 15.0 6.5 5.5
115.05 22.58
115.92 21.87
112.23 20.35
111.54 21.12
115.05 22.58
Source 8.CH.98             
0.6950883182861545 0.0046 15.0 6.8 5.5
111.5 21.17
108.77 19.83
108.14 20.74
110.76 22.06
111.5 21.17
Source 8.CH.99             
0.6950883182861545 0.0166 15.0 7.7 5.5
109.53 20.19
111.28 20.25
110.83 19.14
108.73 19.47
109.53 20.19
Source 8.CH.100            
0.6950883182861545 0.0037 15.0 6.0 5.5
113.14 20.42
113.8 19.75
112.6 18.81
111.98 19.56
113.14 20.42
Source 8.CH.101            
0.6950883182861545 1.0E-5 15.0 5.6 5.5
109.52 18.08
111.21 18.97
111.46 18.61
109.87 17.77
109.52 18.08
Source 8.CH.102            
0.8050951105522481 0.027 15.0 7.8 5.5
109.95 40.99
112.53 40.99
112.5 40.09
109.91 40.19
109.95 40.99
Source 8.CH.103            
0.8050951105522481 0.0431 15.0 7.5 5.5
107.34 41.5
109.97 41.44
109.9 40.33
107.27 40.37
107.34 41.5
Source 8.CH.104            
0.8050951105522481 0.0143 15.0 6.5 5.5
107.27 40.37
106.83 40.11
105.35 40.14
106.62 41.49
107.33 41.5
107.27 40.37
Source 8.CH.105            
0.8050951105522481 0.0114 15.0 6.5 5.5
105.33 41.1
105.71 40.61
103.53 39.34
103.09 40.01
105.33 41.1
Source 8.CH.106            
0.8050951105522481 0.0109 15.0 6.5 5.5
105.67 38.41
104.62 39.28
105.36 40.15
106.29 40.13
105.67 38.41
Source 8.CH.107            
0.8050951105522481 0.0559 15.0 8.0 5.5
106.28 40.12
106.84 40.11
106.54 37.69
105.67 38.41
106.28 40.12
Source 8.CH.108            
0.8050951105522481 0.0341 15.0 7.2 5.5
104.22 39.33
104.81 38.94
104.02 37.9
103.37 38.29
104.22 39.33
Source 8.CH.109            
0.7266180976723305 0.0035 15.0 6.8 5.5
106.68 35.13
107.49 34.61
107.47 34.24
107.07 34.37
106.41 34.94
106.68 35.13
Source 8.CH.110            
0.7266180976723305 0.0103 15.0 7.0 5.5
106.41 34.94
105.93 35.91
106.21 36.04
106.67 35.13
106.41 34.94
Source 8.CH.112            
0.7266180976723305 0.0094 15.0 7.6 5.5
105.25 37.46
105.51 37.36
106.0 36.79
105.68 36.74
105.31 37.17
104.11 37.31
104.11 37.53
105.25 37.46
Source 8.CH.113            
0.7266180976723305 0.0087 15.0 7.5 5.5
105.41 37.52
105.65 37.72
106.26 37.13
106.54 36.48
106.23 36.42
105.99 37.04
105.41 37.52
Source 8.CH.115            
0.7266180976723305 0.0211 15.0 8.0 5.5
103.99 37.4
103.86 36.96
102.63 37.29
102.43 37.98
103.99 37.4
Source 8.CH.117            
0.7266180976723305 0.017 15.0 6.5 5.5
99.63 38.77
101.58 37.73
101.73 37.28
99.41 38.34
99.63 38.77
Source 8.CH.118            
0.7266180976723305 0.0016 15.0 6.0 5.5
101.52 38.03
101.61 37.72
99.14 39.02
99.26 39.22
101.52 38.03
Source 8.CH.119            
0.7266180976723305 0.0103 15.0 7.8 5.5
99.44 39.53
100.82 38.79
100.59 38.52
99.26 39.22
99.44 39.53
Source 8.CH.120            
0.7266180976723305 0.0142 15.0 7.4 5.5
102.43 38.69
102.21 38.38
99.56 39.64
99.76 39.96
102.43 38.69
Source 8.CH.121            
0.7266180976723305 0.0113 15.0 6.8 5.5
96.87 38.96
96.88 39.39
98.85 38.75
98.85 38.34
96.87 38.96
Source 8.CH.122            
0.7266180976723305 0.0133 15.0 7.5 5.5
97.97 39.98
99.34 39.35
99.1 38.94
97.67 39.53
97.97 39.98
Source 8.CH.123            
0.7266180976723305 0.0107 15.0 7.8 5.5
96.35 39.81
97.28 40.06
97.93 39.93
97.64 39.48
96.35 39.81
Source 8.CH.124            
1.160217708404537 0.0783 15.0 7.8 5.5
98.54 33.78
98.85 34.18
101.59 33.28
103.67 31.62
102.85 30.75
98.54 33.78
Source 8.CH.125            
1.160217708404537 0.0257 15.0 7.0 5.5
104.23 32.14
104.64 31.85
103.02 30.23
102.56 30.5
104.23 32.14
Source 8.CH.126            
1.160217708404537 0.0523 15.0 7.2 5.5
103.86 33.31
103.75 31.84
103.23 31.93
103.37 33.38
103.86 33.31
Source 8.CH.127            
1.160217708404537 0.0406 15.0 7.3 5.5
103.85 33.16
104.07 33.2
104.16 33.05
104.3 32.82
104.56 32.33
104.22 32.17
103.82 32.8
103.85 33.16
Source 8.CH.128            
1.160217708404537 0.0187 15.0 8.0 5.5
104.6 33.18
105.3 33.41
105.46 33.16
104.3 32.81
104.17 33.06
104.6 33.18
Source 8.CH.129            
1.160217708404537 0.0178 15.0 7.0 5.5
102.83 34.34
103.36 34.27
105.1 33.34
104.61 33.19
103.22 33.92
102.86 33.97
102.83 34.34
Source 8.CH.130            
1.160217708404537 0.0063 15.0 7.0 5.5
102.94 34.74
102.93 34.96
104.16 34.55
104.69 33.84
104.46 33.77
104.0 34.4
102.94 34.74
Source 8.CH.131            
1.160217708404537 0.013 15.0 8.0 5.5
104.93 33.74
104.73 34.09
105.56 34.55
106.15 34.42
104.93 33.74
Source 8.CH.133            
1.160217708404537 0.0224 15.0 7.8 5.5
107.46 34.16
104.19 34.82
103.97 35.73
107.02 34.39
107.46 34.24
107.46 34.16
Source 8.CH.134            
1.160217708404537 0.0102 15.0 7.1 5.5
104.96 35.73
105.29 35.98
106.04 35.4
105.75 35.13
104.96 35.73
Source 8.CH.135            
1.160217708404537 0.0215 15.0 7.5 5.5
103.82 36.28
104.19 34.82
103.65 34.94
103.3 36.27
103.82 36.28
Source 8.CH.136            
1.160217708404537 0.0102 15.0 7.0 5.5
103.16 36.27
102.76 37.27
103.22 37.14
103.6 36.27
103.16 36.27
Source 8.CH.138            
1.160217708404537 0.0055 15.0 6.5 5.5
100.0 38.05
100.51 37.84
101.2 36.6
100.72 36.67
100.0 38.05
Source 8.CH.139            
1.160217708404537 0.0508 15.0 7.5 5.5
101.35 36.33
100.56 35.67
99.18 36.31
98.73 37.53
101.35 36.33
Source 8.CH.140            
1.160217708404537 0.0141 15.0 7.0 5.5
101.56 36.55
103.48 35.55
103.65 34.94
101.12 36.12
101.56 36.55
Source 8.CH.141            
1.160217708404537 0.0974 15.0 7.8 5.5
102.38 33.33
95.47 35.37
95.73 36.14
102.66 34.08
102.38 33.33
Source 8.CH.142            
1.160217708404537 0.0043 15.0 6.8 5.5
98.46 38.25
99.64 35.07
99.07 35.13
97.9 38.43
98.46 38.25
Source 8.CH.143            
1.160217708404537 0.0805 15.0 7.1 5.5
93.14 38.91
94.09 39.11
95.47 38.14
97.01 36.44
96.24 36.19
94.55 37.94
93.14 38.91
Source 8.CH.144            
1.160217708404537 0.0043 15.0 6.8 5.5
89.82 38.16
91.35 38.56
94.86 36.69
94.34 36.31
93.14 36.39
89.82 38.16
Source 8.CH.145            
1.160217708404537 0.0063 15.0 7.0 5.5
92.22 36.49
95.75 36.16
95.47 35.39
92.31 35.56
92.22 36.49
Source 8.CH.146            
1.160217708404537 0.0219 15.0 7.0 5.5
88.68 35.39
88.13 36.16
88.71 36.34
92.18 36.49
92.31 35.56
88.68 35.39
Source 8.CH.147            
1.160217708404537 0.1094 15.0 7.5 5.5
85.18 33.96
84.68 34.81
88.13 36.16
88.68 35.41
85.18 33.96
Source 8.CH.148            
1.160217708404537 0.012 15.0 6.8 5.5
83.02 35.07
84.28 33.52
82.16 32.74
80.5 33.67
83.02 35.07
Source 8.CH.149            
0.6577997940699413 0.041 15.0 7.5 5.5
96.43 39.61
91.94 38.65
91.6 39.43
96.09 40.39
96.43 39.61
Source 8.CH.150            
0.6577997940699413 0.098 15.0 7.8 5.5
91.91 38.68
86.41 37.36
86.1 38.37
91.51 39.69
91.91 38.68
Source 8.CH.152            
0.6577997940699413 0.0278 15.0 6.8 5.5
79.7 34.74
83.09 36.53
83.52 35.67
80.35 33.98
79.7 34.74
Source 8.CH.153            
0.6577997940699413 0.0299 15.0 6.8 5.5
78.6 35.93
78.66 36.71
80.84 36.45
82.81 37.1
83.09 36.53
82.01 35.93
80.78 35.54
78.6 35.93
Source 8.CH.154            
1.249291506642894 0.02269 15.0 6.5 5.5
82.75 32.87
84.28 33.49
86.5 32.53
85.58 32.04
82.75 32.87
Source 8.CH.155            
1.249291506642894 0.0233 15.0 6.5 5.5
85.76 34.01
86.59 34.3
87.7 33.0
86.84 32.61
85.76 34.01
Source 8.CH.156            
1.249291506642894 0.0305 15.0 6.5 5.5
87.17 33.75
88.62 35.41
89.48 35.2
87.91 33.39
87.17 33.75
Source 8.CH.157            
1.249291506642894 0.0495 15.0 6.8 5.5
86.99 32.01
88.5 33.72
89.3 33.34
88.03 31.78
86.99 32.01
Source 8.CH.158            
1.249291506642894 0.0202 15.0 7.0 5.5
89.41 32.86
90.05 32.55
89.39 31.64
88.6 31.76
89.41 32.86
Source 8.CH.159            
1.249291506642894 0.108 15.0 7.0 5.5
90.45 35.48
96.03 33.62
95.59 32.79
90.01 34.65
90.45 35.48
Source 8.CH.161            
1.249291506642894 0.0388 15.0 6.8 5.5
93.58 31.41
89.8 33.08
90.16 33.52
93.94 31.86
93.58 31.41
Source 8.CH.162            
1.249291506642894 0.0204 15.0 6.8 5.5
98.7 33.56
98.73 32.81
93.78 34.74
94.12 35.44
98.7 33.56
Source 8.CH.163            
1.249291506642894 0.0608 15.0 6.8 5.5
95.27 32.88
96.63 31.78
98.21 30.41
97.75 29.99
93.45 33.49
95.27 32.88
Source 8.CH.165            
1.249291506642894 0.0832 15.0 7.0 5.5
95.54 29.53
93.55 30.31
93.48 30.72
95.6 30.26
97.66 28.91
97.32 28.52
95.54 29.53
Source 8.CH.166            
1.249291506642894 0.0204 15.0 6.8 5.5
97.32 28.53
97.66 28.91
98.32 28.55
98.73 27.77
97.32 28.53
Source 8.CH.411            
1.249291506642894 0.0336 15.0 7.5 5.5
96.03 33.62
100.01 32.17
99.45 31.57
95.59 32.79
96.03 33.62
Source 8.CH.167            
1.0258469957036709 0.0516 15.0 7.5 5.5
99.36 30.36
99.66 30.07
99.28 29.75
99.47 28.7
99.03 28.61
98.83 29.95
99.36 30.36
Source 8.CH.168            
1.0258469957036709 0.0607 15.0 7.5 5.5
99.17 30.59
99.57 30.9
101.11 29.4
100.64 29.06
99.17 30.59
Source 8.CH.169            
1.0258469957036709 0.1448 15.0 8.0 5.5
102.11 29.56
99.7 31.87
100.03 32.16
102.59 29.89
102.11 29.56
Source 8.CH.170            
1.0258469957036709 0.0349 15.0 7.8 5.5
101.99 27.97
102.08 29.58
102.59 29.87
102.56 27.97
101.99 27.97
Source 8.CH.171            
1.0258469957036709 0.0389 15.0 6.5 5.5
102.96 30.2
103.38 30.08
103.39 28.32
102.95 28.34
102.96 30.2
Source 8.CH.172            
1.0258469957036709 0.0114 15.0 6.5 5.5
104.24 30.65
104.56 30.37
103.81 29.33
103.5 29.66
104.24 30.65
Source 8.CH.173            
1.0258469957036709 0.0876 15.0 6.9 5.5
103.79 29.33
104.07 29.22
103.65 28.37
103.39 28.47
103.79 29.33
Source 8.CH.174            
1.0258469957036709 0.0628 15.0 7.3 5.5
103.61 28.23
104.67 29.56
105.08 29.25
103.88 27.66
103.61 28.23
Source 8.CH.175            
1.0258469957036709 0.0416 15.0 7.3 5.5
103.93 27.56
103.21 26.52
103.15 26.86
102.87 27.3
103.62 28.22
103.93 27.56
Source 8.CH.176            
1.0258469957036709 0.0263 15.0 7.8 5.5
102.04 27.97
102.44 27.98
103.15 26.88
102.87 26.72
102.04 27.97
Source 8.CH.177            
1.0258469957036709 0.0628 15.0 7.9 5.5
103.03 25.8
102.88 26.71
103.15 26.87
103.36 25.8
103.03 25.8
Source 8.CH.178            
1.0258469957036709 0.0174 15.0 6.5 5.5
104.29 26.71
104.58 26.49
103.3 25.22
103.37 25.78
104.29 26.71
Source 8.CH.179            
1.0258469957036709 0.0217 15.0 6.5 5.5
104.04 25.76
104.33 25.53
103.15 23.87
103.23 24.61
104.04 25.76
Source 8.CH.180            
1.0258469957036709 0.0684 15.0 8.0 5.5
103.02 25.79
103.36 25.8
103.15 23.86
102.75 24.17
103.02 25.79
Source 8.CH.181            
1.0258469957036709 0.0432 15.0 6.5 5.5
102.49 24.37
102.66 27.01
102.89 26.69
102.76 24.16
102.49 24.37
Source 8.CH.183            
1.0258469957036709 0.0315 15.0 6.8 5.5
101.76 27.37
102.05 27.37
102.05 24.71
101.75 24.96
101.76 27.37
Source 8.CH.184            
1.0258469957036709 0.0724 15.0 7.9 5.5
102.29 24.52
103.36 23.69
103.19 23.52
102.1 24.32
102.29 24.52
Source 8.CH.185            
1.0258469957036709 0.06 15.0 7.5 5.5
101.93 24.11
102.1 24.32
103.29 23.43
103.14 23.24
101.93 24.11
Source 8.CH.186            
1.0258469957036709 0.0351 15.0 7.6 5.5
101.93 24.11
103.84 22.74
103.69 22.29
101.62 23.8
101.93 24.11
Source 8.CH.187            
1.0258469957036709 0.0102 15.0 7.0 5.5
100.85 25.0
101.93 24.11
101.61 23.79
100.53 24.77
100.85 25.0
Source 8.CH.188            
1.0258469957036709 0.0324 15.0 7.0 5.5
102.26 24.52
102.1 24.31
100.8 25.37
101.01 25.58
102.26 24.52
Source 8.CH.189            
1.0258469957036709 0.0217 15.0 6.5 5.5
100.73 25.93
100.82 26.22
101.57 25.59
101.47 25.32
100.73 25.93
Source 8.CH.190            
1.0258469957036709 0.08 15.0 7.0 5.5
100.71 26.99
100.93 28.06
101.74 28.04
101.54 26.94
100.71 26.99
Source 8.CH.191            
1.0258469957036709 0.0281 15.0 8.0 5.5
100.4 25.76
100.72 27.0
101.0 26.96
100.6 25.39
100.4 25.76
Source 8.CH.192            
1.0258469957036709 0.0693 15.0 7.8 5.5
100.53 24.77
99.62 26.05
100.13 26.19
100.85 25.0
100.53 24.77
Source 8.CH.193            
1.0258469957036709 0.1115 15.0 7.5 5.5
99.8 26.36
100.09 27.62
100.47 27.29
100.13 26.19
99.91 26.13
99.8 26.36
Source 8.CH.194            
1.0258469957036709 0.0389 15.0 6.5 5.5
100.0 27.24
99.43 27.78
99.61 28.1
100.09 27.62
100.0 27.24
Source 8.CH.387            
1.0258469957036709 0.0131 15.0 6.5 5.5
99.63 26.05
98.32 28.57
98.57 28.69
99.91 26.13
99.63 26.05
Source 8.CH.195            
1.120002039380296 0.0974 15.0 6.8 5.5
97.03 25.13
98.63 26.28
98.94 25.93
97.31 24.83
97.03 25.13
Source 8.CH.196            
1.120002039380296 0.1537 15.0 7.5 5.5
99.17 23.95
98.49 23.88
98.33 25.53
98.97 25.58
99.17 23.95
Source 8.CH.197            
1.120002039380296 0.0273 15.0 6.5 5.5
98.19 22.23
98.72 21.87
98.0 20.06
97.32 20.67
98.19 22.23
Source 8.CH.198            
1.120002039380296 0.0436 15.0 7.4 5.5
98.46 23.17
98.92 23.35
99.75 21.23
99.29 21.11
98.46 23.17
Source 8.CH.199            
1.120002039380296 0.1377 15.0 7.5 5.5
100.14 21.46
99.02 23.69
99.56 23.94
100.66 21.65
100.14 21.46
Source 8.CH.200            
1.120002039380296 0.0413 15.0 6.5 5.5
99.79 23.47
100.32 23.66
101.14 22.16
101.22 21.79
100.66 21.64
99.79 23.47
Source 8.CH.201            
1.120002039380296 0.0783 15.0 7.0 5.5
101.14 22.16
100.32 23.68
100.83 23.85
101.66 22.34
101.14 22.16
Source 8.CH.202            
1.120002039380296 0.0263 15.0 6.9 5.5
101.15 22.16
101.68 22.35
101.78 20.89
101.37 20.78
101.15 22.16
Source 8.CH.204            
1.120002039380296 0.0321 15.0 6.8 5.5
99.15 21.01
99.64 20.72
98.0 18.95
97.66 19.35
99.15 21.01
Source 8.CH.205            
1.120002039380296 0.0128 15.0 6.3 5.5
99.46 19.78
100.35 19.09
100.05 18.82
99.13 19.51
99.46 19.78
Source 8.CH.206            
1.120002039380296 0.0388 15.0 6.8 5.5
100.38 19.21
101.91 21.11
102.42 20.93
100.84 18.97
100.38 19.21
Source 8.CH.208            
1.120002039380296 0.0502 15.0 7.0 5.5
103.63 20.97
102.11 22.55
102.43 22.83
104.09 21.33
103.63 20.97
Source 8.CH.388            
1.119611174346583 0.0221 15.0 7.0 5.5
103.06 19.63
103.38 20.8
103.84 20.73
103.55 19.56
103.06 19.63
Source 8.CH.209            
1.7665001881476687 3.5724 15.0 6.5 5.0
95.85 2.18
98.41 3.86
101.43 0.02
97.33 0.0
95.85 2.18
Source 8.CH.210            
1.7665001881476687 5.0007 80.0 6.5 5.0
94.26 4.54
96.73 5.92
98.41 3.84
95.85 2.16
94.26 4.54
Source 8.CH.211            
1.7665001881476687 3.251 80.0 6.8 5.0
94.28 4.52
92.9 7.69
94.61 7.99
95.85 5.47
94.28 4.52
Source 8.CH.212            
1.7665001881476687 2.7154 80.0 6.5 5.0
92.04 11.33
93.75 11.51
94.61 7.99
92.87 7.69
92.04 11.33
Source 8.CH.213            
1.7665001881476687 1.6798 80.0 6.5 5.0
92.05 11.3
94.07 16.46
95.11 16.2
93.76 11.51
92.05 11.3
Source 8.CH.214            
1.7665001881476687 0.7863 80.0 6.5 5.0
96.2 15.91
96.67 14.54
95.81 13.62
95.92 14.54
95.49 16.06
95.47 16.08
96.2 15.91
Source 8.CH.389            
1.7665001881476687 2.3218 80.0 6.5 5.0
94.98 13.1
96.15 13.06
95.41 11.72
95.44 10.56
94.21 10.48
94.23 11.93
94.98 13.1
Source 8.CH.215            
0.9003793198818216 0.0285 80.0 6.5 5.5
98.56 16.71
99.22 16.76
99.74 13.51
99.2 13.48
98.56 16.71
Source 8.CH.216            
0.9003793198818216 0.0198 80.0 6.5 5.5
97.28 18.0
97.79 18.06
99.2 16.78
98.56 16.71
97.28 18.0
Source 8.CH.217            
0.9003793198818216 0.0443 80.0 8.0 5.5
96.83 19.69
96.7 21.32
97.15 21.35
97.29 19.75
97.76 18.05
97.29 18.0
96.83 19.69
Source 8.CH.218            
0.9003793198818216 0.0347 80.0 6.8 5.5
96.63 16.71
95.77 20.05
96.3 20.06
97.1 16.78
96.63 16.71
Source 8.CH.219            
0.9003793198818216 0.046 80.0 6.5 5.5
92.89 21.93
93.69 21.92
93.83 20.44
93.0 20.45
92.89 21.93
Source 8.CH.221            
0.9003793198818216 0.0658 80.0 6.8 5.5
95.46 24.57
95.9 24.57
95.63 22.68
95.74 20.83
94.95 21.15
94.94 22.19
95.14 23.93
95.46 24.57
Source 8.CH.222            
0.9003793198818216 0.0557 80.0 8.0 5.5
95.63 22.68
95.78 20.06
96.3 20.07
96.1 22.72
95.63 22.68
Source 8.CH.223            
0.9003793198818216 0.1114 80.0 8.0 5.5
95.89 24.57
96.43 24.57
96.1 22.72
95.63 22.68
95.89 24.57
Source 8.CH.225            
0.9003793198818216 0.0726 80.0 7.0 5.5
93.29 23.89
94.08 23.69
93.84 23.02
93.81 22.46
93.68 21.92
92.91 21.95
92.89 22.19
93.27 23.39
93.29 23.89
Source 8.CH.226            
0.9003793198818216 0.048 80.0 8.0 5.5
92.35 20.92
91.42 22.82
92.4 23.16
92.6 22.2
92.72 21.16
92.35 20.92
Source 8.CH.227            
0.9003793198818216 0.08 80.0 7.8 5.5
91.37 24.59
91.86 25.11
92.52 24.97
92.11 24.4
91.85 23.92
91.82 23.43
91.14 23.43
91.14 23.86
91.37 24.59
Source 8.CH.228            
0.9003793198818216 0.0464 80.0 7.0 5.5
92.68 24.37
92.83 25.08
93.26 25.19
93.08 24.42
93.23 23.37
92.95 23.27
92.68 24.37
Source 8.CH.229            
0.9003793198818216 0.1469 80.0 7.8 5.5
93.72 25.31
94.38 25.93
95.0 25.66
94.38 24.77
94.08 23.7
93.31 23.89
93.72 25.31
Source 8.CH.230            
0.9003793198818216 0.2675 80.0 7.8 5.5
95.0 25.66
95.78 25.23
95.14 23.93
94.17 23.97
94.38 24.79
95.0 25.66
Source 8.CH.231            
0.9003793198818216 0.0842 80.0 8.0 5.5
96.46 25.85
97.09 25.75
96.46 24.57
95.7 24.57
96.46 25.85
Source 8.CH.232            
0.9003793198818216 0.1616 80.0 7.8 5.5
96.63 25.82
96.93 27.21
97.32 27.05
97.09 25.75
96.63 25.82
Source 8.CH.233            
0.9003793198818216 0.1266 80.0 7.5 5.5
94.98 25.66
95.49 26.3
96.57 27.01
96.83 26.84
95.69 25.27
94.98 25.66
Source 8.CH.234            
0.9003793198818216 0.0464 80.0 7.0 5.5
95.29 26.16
94.98 26.41
96.5 27.4
96.86 27.22
95.29 26.16
Source 8.CH.390            
0.9003793198818216 0.0294 80.0 6.8 5.5
92.99 20.44
93.82 20.43
95.51 17.66
95.11 16.2
94.07 16.46
94.47 17.54
92.99 20.44
Source 8.CH.235            
0.7521980426564321 0.0482 15.0 7.0 5.5
95.91 28.14
97.65 27.32
97.48 26.96
95.5 27.83
95.91 28.14
Source 8.CH.236            
0.7521980426564321 0.1118 15.0 8.6 5.5
97.0 27.62
94.13 29.06
94.76 29.66
97.43 28.31
97.0 27.62
Source 8.CH.237            
0.7521980426564321 0.0326 15.0 7.8 5.5
92.93 28.31
94.41 29.85
94.76 29.66
93.22 28.13
92.93 28.31
Source 8.CH.238            
0.7521980426564321 0.0392 15.0 6.8 5.5
93.18 27.99
94.44 28.91
95.02 28.61
93.71 27.6
93.18 27.99
Source 8.CH.239            
0.7521980426564321 0.0261 15.0 6.8 5.5
95.24 28.48
95.93 28.16
94.41 26.98
93.78 27.38
95.24 28.48
Source 8.CH.241            
0.7521980426564321 0.0564 15.0 7.5 5.5
91.73 29.16
92.55 29.09
92.09 26.98
91.19 26.96
91.73 29.16
Source 8.CH.242            
0.7521980426564321 0.0443 15.0 7.0 5.5
93.59 27.03
93.5 26.23
90.12 26.08
90.06 26.92
93.59 27.03
Source 8.CH.243            
0.7521980426564321 0.0515 15.0 8.7 5.5
90.12 25.69
90.12 26.08
93.48 26.23
93.41 25.73
90.12 25.69
Source 8.CH.244            
0.7521980426564321 0.0359 15.0 7.8 5.5
89.59 25.31
89.57 25.69
93.69 25.71
93.2 25.3
89.59 25.31
Source 8.CH.246            
0.7521980426564321 0.0228 15.0 7.6 5.5
90.8 25.09
90.76 24.69
88.99 24.81
90.8 25.09
Source 8.CH.249            
0.7521980426564321 0.0271 15.0 6.8 5.5
88.41 28.22
88.57 29.04
91.61 28.73
91.41 27.91
88.41 28.22
Source 8.CH.250            
0.7521980426564321 0.0289 15.0 6.8 5.5
87.97 29.44
88.64 29.4
88.03 26.67
87.32 26.71
87.97 29.44
Source 8.CH.251            
0.7521980426564321 0.0259 15.0 6.5 5.5
87.94 29.33
87.77 28.67
85.44 28.96
85.52 29.64
87.94 29.33
Source 8.CH.252            
0.7521980426564321 0.0575 15.0 8.0 5.5
84.96 28.49
87.6 27.85
87.47 27.3
84.65 27.97
84.96 28.49
Source 8.CH.253            
0.7521980426564321 0.0413 15.0 8.5 5.5
84.61 27.98
87.46 27.3
87.26 26.4
86.46 26.41
84.34 26.93
84.61 27.98
Source 8.CH.254            
0.7521980426564321 0.0347 15.0 8.0 5.5
84.63 27.98
84.34 26.95
81.85 27.74
82.76 28.67
84.63 27.98
Source 8.CH.255            
0.7521980426564321 0.0317 15.0 7.5 5.5
83.15 29.13
84.97 28.49
84.65 27.98
82.74 28.69
83.15 29.13
Source 8.CH.256            
0.7521980426564321 0.022 15.0 6.5 5.5
84.35 29.52
83.94 29.09
82.43 29.83
82.91 30.21
84.35 29.52
Source 8.CH.257            
0.7521980426564321 0.0461 15.0 7.5 5.5
81.25 30.37
83.15 29.13
82.74 28.69
80.73 29.88
81.25 30.37
Source 8.CH.258            
0.7521980426564321 0.0746 15.0 8.0 5.5
79.68 30.51
82.74 28.67
81.83 27.74
78.64 29.53
79.68 30.52
79.67 30.51
79.68 30.51
Source 8.CH.259            
0.7521980426564321 0.0437 15.0 8.0 5.5
76.61 32.57
79.68 30.52
78.65 29.52
75.44 31.84
76.61 32.57
Source 8.CH.260            
0.7521980426564321 0.0478 15.0 7.0 5.5
78.07 32.81
79.04 32.92
79.24 31.46
78.22 31.48
78.07 32.81
Source 8.CH.261            
0.7521980426564321 0.311 15.0 7.0 5.5
80.07 31.98
81.48 30.88
80.77 30.2
79.34 31.24
80.07 31.98
Source 8.CH.262            
0.9752082591137519 0.0365 15.0 7.0 5.5
82.78 32.09
82.84 30.53
82.04 30.79
82.01 32.35
82.78 32.09
Source 8.CH.263            
0.9752082591137519 0.0367 15.0 7.0 5.5
83.12 31.99
83.88 31.73
83.76 30.14
83.09 30.3
83.12 31.99
Source 8.CH.264            
0.9752082591137519 0.0472 15.0 6.8 5.5
84.41 32.14
84.19 31.65
81.98 32.38
82.32 32.79
84.41 32.14
Source 8.CH.266            
0.9752082591137519 0.0767 15.0 6.8 5.5
85.51 31.31
85.91 31.89
86.86 31.83
88.64 31.26
88.03 30.4
85.51 31.31
Source 8.CH.267            
0.9752082591137519 0.1188 15.0 7.3 5.5
89.81 31.56
88.38 29.41
87.4 29.48
88.9 31.63
89.81 31.56
Source 8.CH.268            
0.9752082591137519 0.272 15.0 8.5 5.5
90.03 31.03
90.65 31.62
92.22 31.1
90.59 29.39
89.05 29.44
90.62 30.79
90.03 31.03
Source 8.CH.269            
0.9752082591137519 0.0637 15.0 7.2 5.5
91.73 29.16
92.0 30.34
92.82 30.26
92.57 29.09
91.73 29.16
Source 8.CH.271            
1.1034988490679725 0.1228 15.0 7.3 5.5
77.87 36.46
79.97 34.32
78.9 33.89
76.79 36.2
77.87 36.46
Source 8.CH.272            
1.1034988490679725 0.0768 15.0 7.0 5.5
75.25 38.22
76.25 38.37
77.88 36.46
76.81 36.2
75.25 38.22
Source 8.CH.273            
1.1034988490679725 0.0823 15.0 7.5 5.5
74.55 38.12
75.25 38.23
76.81 36.2
76.08 35.98
74.55 38.12
Source 8.CH.274            
1.1034988490679725 0.1069 15.0 7.0 5.5
73.98 39.11
75.3 39.23
76.27 38.37
75.12 38.21
73.98 39.11
Source 8.CH.276            
1.1034988490679725 0.2075 15.0 7.2 5.5
73.1 37.9
71.66 37.01
71.33 38.26
72.66 38.92
73.1 37.9
Source 8.CH.277            
1.1034988490679725 0.1503 15.0 7.0 5.5
72.41 37.47
74.81 37.76
75.47 36.85
72.6 36.54
72.41 37.47
Source 8.CH.278            
1.1034988490679725 1.0 15.0 7.8 5.5
69.78 36.7
71.47 37.73
71.78 36.35
69.87 35.45
69.78 36.7
Source 8.CH.279            
1.1034988490679725 0.1616 15.0 7.2 5.5
69.8 36.72
68.12 36.46
68.12 37.13
68.97 37.53
71.32 38.26
71.47 37.73
69.8 36.72
Source 8.CH.280            
1.1034988490679725 0.1046 15.0 7.5 5.5
65.75 36.31
65.7 37.0
68.13 37.13
68.13 36.44
65.75 36.31
Source 8.CH.281            
1.1034988490679725 0.2369 15.0 8.0 5.5
68.05 36.43
69.8 36.72
69.83 36.12
65.94 35.94
65.74 36.31
68.05 36.43
Source 8.CH.282            
1.1034988490679725 0.1278 15.0 7.4 5.5
69.86 35.46
66.57 34.77
65.94 35.95
69.83 36.12
69.86 35.46
Source 8.CH.283            
1.1034988490679725 0.0958 15.0 7.0 5.5
70.14 35.36
71.53 34.63
69.82 33.39
68.61 34.2
70.14 35.36
Source 8.CH.284            
1.1034988490679725 0.0879 15.0 7.5 5.5
73.19 34.49
71.08 35.32
71.62 35.98
73.68 35.22
73.19 34.49
Source 8.CH.285            
1.1034988490679725 0.1103 15.0 7.0 5.5
72.78 36.48
75.01 35.74
74.65 35.2
72.46 35.96
72.78 36.48
Source 8.CH.286            
1.1034988490679725 0.0589 15.0 6.5 5.5
71.04 32.87
70.37 33.56
73.98 34.49
74.3 33.98
71.04 32.87
Source 8.CH.287            
1.1034988490679725 0.0455 15.0 6.5 5.5
71.06 32.86
73.57 33.74
74.24 33.01
71.71 32.15
71.06 32.86
Source 8.CH.288            
1.1034988490679725 0.1635 15.0 7.5 5.5
74.76 34.22
77.2 33.0
76.15 32.27
74.18 33.53
74.76 34.22
Source 8.CH.289            
0.748100039925193 0.038 15.0 6.8 5.5
66.4 31.48
67.5 32.92
67.96 32.47
66.97 31.39
66.4 31.48
Source 8.CH.290            
0.748100039925193 0.0438 15.0 7.0 5.5
66.95 31.39
66.02 28.51
65.52 28.61
66.4 31.48
66.95 31.39
Source 8.CH.292            
0.748100039925193 0.1146 15.0 7.6 5.5
66.02 28.53
66.64 30.46
68.14 31.13
68.93 30.09
66.02 28.53
Source 8.CH.294            
0.748100039925193 0.0439 15.0 7.0 5.5
69.11 26.78
67.39 28.53
68.23 29.38
69.95 27.67
69.11 26.78
Source 8.CH.295            
0.748100039925193 0.0381 15.0 7.0 5.5
66.86 28.69
67.37 28.75
67.3 25.07
66.73 25.13
66.86 28.69
Source 8.CH.296            
0.748100039925193 0.0514 15.0 7.2 5.5
65.54 28.63
66.13 28.51
65.38 26.01
64.66 26.01
65.54 28.63
Source 8.CH.297            
0.748100039925193 0.0324 15.0 7.0 5.5
61.9 27.43
65.27 27.86
64.44 25.48
60.91 25.15
61.9 27.43
Source 8.CH.298            
0.748100039925193 0.0714 15.0 8.3 5.5
67.34 24.33
67.94 25.17
71.42 23.32
70.85 22.45
67.34 24.33
Source 8.CH.299            
1.0700147445132318 0.0715 5.0 7.1 5.0
74.27 28.18
73.17 29.12
74.05 29.81
75.06 28.93
74.27 28.18
Source 8.CH.300            
1.0700147445132318 0.1494 5.0 7.4 5.0
78.81 27.86
77.88 27.23
76.49 28.65
77.4 29.36
78.81 27.86
Source 8.CH.301            
1.0700147445132318 0.0633 5.0 6.5 5.0
78.35 23.04
78.96 21.8
76.19 20.27
75.35 21.55
78.35 23.04
Source 8.CH.302            
1.0700147445132318 0.0633 5.0 6.5 5.0
81.39 24.48
82.09 23.38
78.96 21.82
78.32 23.06
81.39 24.48
Source 8.CH.303            
1.0700147445132318 0.1379 5.0 6.5 5.0
84.72 24.18
85.88 24.14
85.18 21.25
84.03 21.27
84.72 24.18
Source 8.CH.304            
1.0700147445132318 0.1146 5.0 7.4 5.0
87.8 24.14
88.53 24.14
88.74 22.26
88.02 22.25
87.8 24.14
Source 8.CH.305            
1.0700147445132318 0.0633 5.0 6.5 5.0
88.53 24.14
88.51 24.62
90.68 23.84
90.69 23.32
88.53 24.14
Source 8.CH.307            
1.0700147445132318 0.4738 5.0 6.5 5.0
72.7 17.02
73.1 17.85
74.8 17.02
74.36 16.21
72.7 17.02
Source 8.CH.404            
1.0700147445132318 0.0179 5.0 5.5 5.0
82.66 26.38
83.18 26.34
83.23 25.1
82.76 25.08
82.66 26.38
Source 8.CH.405            
1.0700147445132318 0.0259 5.0 6.5 5.0
86.09 25.26
86.36 25.6
87.36 24.99
87.08 24.68
86.09 25.26
Source 8.CH.406            
1.0700147445132318 0.0713 5.0 5.5 5.0
87.61 22.05
88.13 22.07
88.4 21.21
87.78 21.19
87.61 22.05
Source 8.CH.407            
1.0700147445132318 0.1779 5.0 7.0 5.0
72.61 31.46
73.95 32.15
74.67 31.5
73.39 30.71
72.61 31.46
Source 8.CH.308            
0.9313879458897139 0.1211 15.0 7.5 5.5
70.16 39.03
70.16 38.13
69.14 37.87
65.3 37.2
64.72 38.29
66.22 38.63
68.22 38.96
70.16 39.03
Source 8.CH.309            
0.9313879458897139 0.4696 15.0 8.0 5.5
73.87 39.88
73.96 39.22
72.69 39.11
72.06 38.93
70.18 38.53
70.18 39.34
73.87 39.88
Source 8.CH.310            
0.9313879458897139 0.1912 15.0 7.5 5.5
75.77 39.29
73.97 39.08
73.85 39.88
74.95 40.19
75.35 39.87
75.77 39.29
Source 8.CH.311            
0.9313879458897139 0.2541 15.0 8.3 5.5
76.78 39.68
75.8 39.29
75.35 39.87
76.57 40.25
78.2 40.37
78.6 39.89
78.17 39.74
76.78 39.68
Source 8.CH.313            
0.9313879458897139 0.0324 15.0 7.0 5.5
79.7 42.28
79.91 42.05
75.46 40.67
75.29 40.93
79.7 42.28
Source 8.CH.314            
0.9313879458897139 0.1151 15.0 7.0 5.5
77.14 40.31
76.55 40.99
79.92 42.05
80.44 41.55
77.14 40.31
Source 8.CH.316            
0.9313879458897139 0.0819 15.0 7.4 5.5
80.76 41.68
84.38 42.47
84.5 42.02
81.26 41.29
80.76 41.68
Source 8.CH.317            
0.9313879458897139 0.0362 15.0 7.0 5.5
84.38 42.47
86.45 42.22
86.71 41.52
84.47 42.03
84.38 42.47
Source 8.CH.318            
0.9313879458897139 0.0396 15.0 7.0 5.5
90.14 41.5
90.05 41.01
88.23 41.03
86.71 41.53
86.45 42.22
90.14 41.5
Source 8.CH.319            
0.9313879458897139 0.0362 15.0 7.0 5.5
86.82 42.99
90.43 42.03
90.08 41.68
86.61 42.51
83.75 42.89
83.9 43.38
86.82 42.99
Source 8.CH.320            
0.9313879458897139 0.0242 15.0 6.8 5.5
89.18 43.12
89.15 42.97
88.63 42.98
88.02 42.82
87.73 42.9
88.73 43.16
89.18 43.12
Source 8.CH.321            
0.9313879458897139 0.0278 15.0 6.8 5.5
90.96 43.08
89.9 42.83
89.14 42.94
89.18 43.12
89.79 43.02
90.88 43.23
90.96 43.08
Source 8.CH.322            
0.8691101171847874 0.0106 15.0 7.2 5.5
93.17 43.78
94.43 43.44
94.44 43.14
93.34 43.4
92.22 43.45
92.17 43.82
93.17 43.78
Source 8.CH.323            
0.8691101171847874 0.0148 15.0 7.5 5.5
91.39 43.42
90.89 43.56
90.36 43.58
89.65 43.57
89.65 43.78
90.37 43.94
91.35 43.88
91.68 43.77
92.17 43.8
92.22 43.45
91.39 43.42
Source 8.CH.324            
0.8691101171847874 0.014 15.0 7.0 5.5
87.73 44.14
88.6 44.18
89.63 43.78
89.63 43.56
88.57 43.93
87.77 43.91
87.73 44.14
Source 8.CH.325            
0.8691101171847874 0.0555 15.0 7.8 5.5
87.33 43.91
87.67 43.21
84.9 43.35
84.07 44.17
87.33 43.91
Source 8.CH.326            
0.8691101171847874 0.0149 15.0 7.0 5.5
84.27 44.16
84.28 44.46
87.04 44.23
87.05 43.93
84.27 44.16
Source 8.CH.328            
0.8691101171847874 0.02 15.0 6.8 5.5
83.15 45.17
81.52 46.79
82.67 47.07
84.3 45.45
83.15 45.17
Source 8.CH.329            
0.8691101171847874 0.0559 15.0 7.3 5.5
84.62 43.61
83.88 43.57
81.58 45.9
82.16 46.08
84.62 43.61
Source 8.CH.330            
0.8691101171847874 0.0338 15.0 8.0 5.5
83.88 43.57
79.98 44.29
80.38 44.89
83.11 44.35
83.88 43.57
Source 8.CH.331            
0.8691101171847874 0.0385 15.0 6.8 5.5
80.38 44.89
79.95 44.29
74.82 44.87
75.0 45.5
80.38 44.89
Source 8.CH.332            
0.8691101171847874 0.0239 15.0 7.0 5.5
79.09 43.49
82.96 43.55
83.89 43.38
83.75 42.88
82.73 43.05
79.27 42.83
79.09 43.49
Source 8.CH.334            
0.8691101171847874 0.0174 15.0 7.5 5.5
75.59 42.32
75.65 42.04
73.46 42.0
72.75 42.38
75.59 42.32
Source 8.CH.336            
0.8691101171847874 0.0292 15.0 7.5 5.5
70.22 43.0
70.74 43.33
73.51 42.0
73.03 41.71
70.22 43.0
Source 8.CH.337            
0.8691101171847874 0.0502 15.0 7.5 5.5
71.12 41.48
70.35 42.0
70.8 42.26
72.15 42.12
73.04 41.71
71.12 41.48
Source 8.CH.338            
0.8691101171847874 0.0582 15.0 7.0 5.5
73.73 41.15
74.33 40.69
72.81 40.24
71.46 41.24
73.73 41.15
Source 8.CH.339            
0.8691101171847874 0.0651 15.0 7.2 5.5
71.89 39.96
69.71 41.56
70.35 42.02
72.84 40.25
71.89 39.96
Source 8.CH.341            
0.8691101171847874 0.0233 15.0 7.0 5.5
70.8 39.61
69.49 39.26
66.62 39.78
66.83 40.4
70.8 39.61
Source 8.CH.342            
0.8691101171847874 0.0106 15.0 7.0 5.5
62.85 40.99
63.2 41.76
66.95 40.79
66.69 40.0
62.85 40.99
Source 8.CH.343            
0.8691101171847874 0.0703 15.0 7.3 5.5
63.89 40.72
65.82 38.53
64.47 38.25
62.63 40.36
63.89 40.72
Source 8.CH.344            
0.7314001142125672 0.0161 15.0 6.5 5.5
78.87 52.29
82.75 55.1
83.72 54.61
79.8 51.8
78.87 52.29
Source 8.CH.345            
0.7314001142125672 0.0132 15.0 6.5 5.5
91.0 54.0
90.87 53.36
86.28 53.67
86.37 54.34
91.0 54.0
Source 8.CH.346            
0.7314001142125672 0.0242 15.0 6.8 5.5
88.05 51.13
93.07 53.27
93.82 52.51
88.88 50.46
88.05 51.13
Source 8.CH.347            
0.7314001142125672 0.0261 15.0 6.8 5.5
90.82 50.24
90.43 50.58
95.23 52.75
95.72 52.29
90.82 50.24
Source 8.CH.348            
0.7314001142125672 0.0277 15.0 6.5 5.5
83.81 51.31
88.66 49.79
88.13 49.08
83.33 50.73
83.81 51.31
Source 8.CH.349            
0.7314001142125672 0.0103 15.0 6.5 5.5
86.24 48.99
81.96 50.46
82.36 51.07
86.55 49.54
86.24 48.99
Source 8.CH.350            
0.7314001142125672 0.0258 15.0 7.0 5.5
85.33 47.63
82.49 48.58
82.93 49.26
85.75 48.34
85.33 47.63
Source 8.CH.351            
0.7314001142125672 0.0807 15.0 8.0 5.5
89.28 47.91
90.14 47.92
90.71 45.35
89.76 45.35
89.28 47.91
Source 8.CH.352            
0.7314001142125672 0.0322 15.0 7.0 5.5
90.38 47.03
94.7 45.41
94.53 44.59
90.6 46.12
90.38 47.03
Source 8.CH.353            
0.7314001142125672 0.0264 15.0 7.0 5.5
95.89 45.56
91.75 47.35
92.54 47.77
96.62 46.19
95.89 45.56
Source 8.CH.354            
0.7314001142125672 0.0366 15.0 8.3 5.5
89.48 49.97
90.29 50.29
92.52 47.75
91.73 47.37
89.48 49.97
Source 8.CH.355            
0.7314001142125672 0.1118 15.0 8.2 5.5
96.69 49.69
96.6 49.02
91.0 49.54
90.78 50.21
96.69 49.69
Source 8.CH.356            
0.7314001142125672 0.123 15.0 7.7 5.5
96.69 49.72
102.02 50.06
101.98 49.42
96.64 49.02
96.69 49.72
Source 8.CH.357            
0.7314001142125672 0.022 15.0 7.8 5.5
96.39 48.7
100.74 46.96
100.12 46.21
95.64 47.94
96.39 48.7
Source 8.CH.358            
0.7314001142125672 0.111 15.0 8.1 5.5
97.81 44.88
97.9 45.54
103.06 45.27
102.99 44.59
97.81 44.88
Source 8.CH.360            
0.7314001142125672 0.1242 15.0 7.6 5.5
100.74 44.35
105.91 43.21
105.71 42.65
100.52 43.87
100.74 44.35
Source 8.CH.361            
0.7314001142125672 0.091 15.0 7.8 5.5
101.96 48.99
105.87 48.18
105.46 47.21
101.53 47.98
101.96 48.99
Source 8.CH.363            
0.7314001142125672 0.0103 15.0 6.5 5.5
107.46 50.08
109.99 51.97
110.88 51.24
107.91 49.16
107.17 49.71
107.46 50.08
Source 8.CH.401            
0.7314001142125672 0.0109 15.0 6.0 5.5
87.99 48.76
90.73 48.41
90.68 48.13
87.89 48.49
87.99 48.76
Source 8.CH.408            
0.7314001142125672 0.0109 15.0 6.0 5.5
109.71 43.3
113.21 43.94
113.49 43.28
110.06 42.59
109.71 43.3
Source 8.CH.409            
0.7314001142125672 0.0149 15.0 6.0 5.5
103.21 46.88
104.14 47.02
104.98 44.41
104.04 44.34
103.21 46.88
Source 8.CH.364            
1.1232001839450316 0.3148 80.0 7.0 5.0
121.96 25.6
123.48 25.93
123.39 25.41
122.15 25.15
121.96 25.6
Source 8.CH.365            
1.1232001839450316 0.3048 80.0 7.4 5.0
121.96 25.6
122.07 25.34
121.37 24.79
121.17 24.94
121.96 25.6
Source 8.CH.366            
1.1232001839450316 0.3624 80.0 7.2 5.0
120.49 24.31
121.17 24.95
121.38 24.78
120.82 24.28
120.49 24.31
Source 8.CH.367            
1.1232001839450316 1.01 80.0 7.4 5.0
122.07 25.33
122.19 25.04
121.27 23.46
120.79 23.76
120.83 24.27
121.36 24.79
122.07 25.33
Source 8.CH.368            
1.1232001839450316 0.9702 80.0 7.6 5.0
122.2 25.04
122.5 24.35
122.38 24.12
121.81 24.39
122.2 25.04
Source 8.CH.369            
1.1232001839450316 0.9547 80.0 7.9 5.0
122.16 25.16
123.38 25.41
123.17 24.2
122.51 24.35
122.16 25.16
Source 8.CH.370            
1.1232001839450316 0.4652 80.0 7.8 5.0
122.38 24.12
122.5 24.35
123.17 24.21
123.11 23.93
122.38 24.12
Source 8.CH.371            
1.1232001839450316 0.3249 80.0 7.0 5.0
123.11 23.94
123.6 23.87
123.05 21.15
122.53 18.54
122.24 18.73
122.66 21.45
123.11 23.94
Source 8.CH.372            
1.1232001839450316 1.3452 80.0 7.2 5.0
122.37 24.13
123.11 23.94
122.66 21.45
121.7 21.6
122.37 24.13
Source 8.CH.373            
1.1232001839450316 2.5877 80.0 7.8 5.0
121.96 24.31
122.37 24.13
121.7 21.6
120.79 21.8
121.96 24.31
Source 8.CH.374            
1.1232001839450316 1.45 80.0 7.5 5.0
121.81 24.38
121.95 24.31
121.2 22.71
120.9 22.85
121.81 24.38
Source 8.CH.375            
1.1232001839450316 0.3674 80.0 7.0 5.0
120.91 22.85
121.2 22.71
120.8 21.8
120.5 21.95
120.91 22.85
Source 8.CH.377            
1.1232001839450316 0.4079 80.0 7.0 5.0
121.06 23.58
120.08 22.22
119.65 22.65
120.23 22.89
120.8 23.74
121.06 23.58
Source 8.CH.378            
1.1232001839450316 0.5398 80.0 7.2 5.0
120.48 24.32
120.84 24.28
120.78 23.74
120.2 22.88
119.92 23.14
120.47 23.98
120.48 24.32
Source 8.CH.379            
1.1232001839450316 0.28 80.0 6.7 5.0
120.06 24.62
120.38 24.34
119.08 23.19
118.8 23.44
120.06 24.62
Source 8.CH.380            
1.1232001839450316 0.3153 80.0 7.4 5.0
118.29 23.18
119.19 22.22
118.78 21.96
117.92 22.88
118.29 23.18
Source 8.CH.382            
1.1232001839450316 0.3107 15.0 6.5 5.0
119.04 21.6
120.1 22.24
120.49 21.91
119.95 20.72
119.04 21.6
Source 8.CH. 383           
1.1232001839450316 0.77716 15.0 7.2 5.0
121.69 21.6
121.18 19.29
119.67 20.14
120.5 21.94
121.69 21.6
Source 8.CH.384            
1.1232001839450316 0.4113 15.0 7.0 5.0
121.69 21.6
122.66 21.45
122.24 18.73
121.18 19.3
121.69 21.6
Source 8.CH.402            
1.0700147445132318 0.5833 15.0 5.5 5.0
100.75 17.37
101.19 17.38
101.2 16.83
100.75 16.82
100.75 17.37
Source 8.CH.403            
1.0700147445132318 0.5833 15.0 5.5 5.0
100.74 15.2
101.24 15.21
101.29 14.67
100.77 14.64
100.74 15.2
Source 8.CH.1              
0.7318999871612379 0.6865 15.0 8.0 5.0
140.95 48.46
141.63 54.1
143.41 54.1
142.66 48.51
140.95 48.46
Source 8.CH.18             
1.3268130716626245 0.0194 15.0 6.8 5.0
122.83 45.59
122.45 45.86
125.06 49.56
125.7 49.32
122.83 45.59
Source 8.CH.111            
0.7266180976723305 0.035 15.0 8.5 5.5
103.84 36.97
103.94 37.23
105.77 36.62
106.21 36.04
105.94 35.91
105.54 36.42
103.84 36.97
Source 8.CH.24             
1.0819999693303157 0.0234 15.0 6.5 5.0
126.29 35.58
127.09 38.18
127.96 38.05
127.17 35.41
126.29 35.58
Source 8.CH.32             
0.651615440647639 0.0025 15.0 7.5 5.0
122.88 37.43
122.58 36.85
119.81 37.93
120.28 38.43
122.88 37.43
Source 8.CH.47             
0.689008195539509 0.0138 15.0 8.0 5.0
116.87 39.01
116.03 39.4
116.82 40.28
118.3 39.89
116.87 39.01
Source 8.CH.53             
0.689008195539509 0.0137 15.0 7.7 5.0
113.46 35.04
114.3 37.07
115.12 36.71
114.28 34.78
113.46 35.04
Source 8.CH.68             
0.7772134048140594 0.0075 15.0 6.5 5.5
110.04 35.36
110.57 35.79
111.58 35.79
111.35 35.33
109.76 34.83
110.04 35.36
Source 8.CH.137            
1.160217708404537 0.0094 15.0 6.5 5.5
103.16 36.27
101.22 36.6
100.93 37.11
102.95 36.74
103.16 36.27
Source 8.CH.70             
0.7551946745815645 0.0044 15.0 8.5 5.5
108.79 34.16
108.7 34.43
110.69 34.67
110.76 34.44
108.79 34.16
Source 8.CH.82             
1.3577999829464216 0.0030 15.0 6.5 5.5
106.71 28.21
110.29 31.7
110.87 31.55
110.96 31.44
107.14 27.89
106.71 28.21
Source 8.CH.114            
0.7266180976723305 0.0087 15.0 7.5 5.5
106.17 37.3
105.48 38.2
105.7 38.29
106.37 37.39
106.17 37.3
Source 8.CH.91             
0.6950883182861545 0.0041 15.0 6.5 5.5
116.92 27.16
117.66 26.58
115.08 23.94
114.34 24.41
116.92 27.16
Source 8.CH.94             
0.6950883182861545 0.0283 15.0 7.3 5.5
116.34 25.18
117.83 23.84
116.79 22.89
115.38 24.25
116.34 25.18
Source 8.CH.116            
0.7266180976723305 0.0298 15.0 7.8 5.5
101.48 38.17
102.49 37.78
102.68 37.17
101.68 37.49
101.48 38.17
Source 8.CH.132            
1.160217708404537 0.0065 15.0 7.0 5.5
105.66 34.02
106.63 34.04
106.55 33.72
105.27 33.51
105.0 33.66
105.66 34.02
Source 8.CH.151            
0.6577997940699413 0.1382 15.0 7.7 5.5
82.81 37.1
86.22 37.98
86.53 36.81
83.36 35.9
82.81 37.1
Source 8.CH.160            
1.249291506642894 0.0687 15.0 7.0 5.5
94.15 32.52
93.88 32.09
91.12 33.37
91.49 33.88
93.45 33.02
94.15 32.52
Source 8.CH.164            
1.249291506642894 0.0591 15.0 7.2 5.5
93.32 31.31
95.54 31.29
97.96 29.69
98.67 28.74
98.3 28.54
97.35 29.46
95.69 30.61
93.35 30.86
93.32 31.31
Source 8.CH.248            
0.7521980426564321 0.0294 15.0 7.0 5.5
91.16 26.95
88.09 26.89
88.26 27.72
91.38 27.72
91.16 26.95
Source 8.CH.182            
1.0258469957036709 0.0275 15.0 6.8 5.5
102.19 26.28
102.62 26.29
102.48 24.37
102.14 24.61
102.19 26.28
Source 8.CH.265            
0.9752082591137519 0.1014 15.0 7.0 5.5
85.52 31.93
85.06 29.86
84.03 30.06
84.55 32.03
85.52 31.93
Source 8.CH.386            
1.0258469957036709 0.0475 15.0 6.5 5.5
98.71 27.01
99.06 27.16
99.62 26.06
100.43 24.94
99.95 24.74
98.96 26.1
98.71 27.01
Source 8.CH.203            
1.120002039380296 0.0218 15.0 6.9 5.5
99.54 20.35
100.42 21.47
100.86 21.28
100.02 20.12
99.54 20.35
Source 8.CH.207            
1.120002039380296 0.0249 15.0 6.8 5.5
105.76 19.29
103.84 21.1
104.26 21.51
106.12 19.72
105.76 19.29
Source 8.CH.340            
0.8691101171847874 0.0416 15.0 6.8 5.5
69.29 41.66
71.52 39.82
70.8 39.6
70.0 39.77
68.35 41.13
69.29 41.66
Source 8.CH.220            
0.9003793198818216 0.1182 15.0 6.8 5.5
94.94 22.18
94.94 21.15
95.4 19.88
94.17 19.88
93.83 20.44
93.69 21.92
93.81 22.46
94.94 22.18
Source 8.CH.270            
1.1034988490679725 0.0734 15.0 7.5 5.5
78.71 32.88
76.07 35.98
76.79 36.2
78.88 33.92
79.54 33.02
78.71 32.88
Source 8.CH.224            
0.9003793198818216 0.2038 15.0 7.3 5.5
94.15 23.97
95.14 23.92
94.94 22.18
93.8 22.46
93.86 23.0
94.15 23.97
Source 8.CH.240            
0.7521980426564321 0.031 15.0 6.5 5.5
92.99 28.61
92.7 27.01
92.09 26.99
92.44 28.61
92.99 28.61
Source 8.CH.275            
1.1034988490679725 0.1768 15.0 7.2 5.5
72.64 38.91
73.98 39.09
75.13 38.21
73.1 37.91
72.64 38.91
Source 8.CH.245            
0.7521980426564321 0.0181 15.0 6.5 5.5
87.94 25.76
87.96 26.28
89.59 26.2
89.59 25.69
87.94 25.76
Source 8.CH.291            
0.748100039925193 0.042 15.0 7.0 5.5
64.63 28.81
65.03 30.09
65.6 30.03
65.23 28.77
64.63 28.81
Source 8.CH.312            
0.9313879458897139 0.058 15.0 7.0 5.5
75.35 39.88
73.05 41.72
73.51 42.0
75.91 40.05
75.35 39.88
Source 8.CH.293            
0.748100039925193 0.046 15.0 7.0 5.5
69.4 30.22
71.53 31.86
71.64 30.72
69.46 29.04
69.4 30.22
Source 8.CH.306            
1.0700147445132318 0.2125 15.0 6.5 5.0
76.16 18.28
80.33 18.12
80.35 17.14
76.14 17.28
76.16 18.28
Source 8.CH.315            
0.9313879458897139 0.0454 15.0 7.3 5.5
79.49 41.08
80.29 41.42
80.66 40.97
78.58 39.9
78.21 40.37
79.49 41.08
Source 8.CH.333            
0.8691101171847874 0.089 15.0 8.3 5.5
75.06 43.06
76.34 43.14
78.04 43.34
79.07 43.48
79.29 42.83
76.86 42.53
75.2 42.41
73.6 42.56
73.65 43.21
75.06 43.06
Source 8.CH.335            
0.8691101171847874 0.0219 15.0 6.5 5.5
76.59 41.87
76.61 41.44
74.38 41.3
73.92 41.69
76.59 41.87
Source 8.CH.359            
0.7314001142125672 0.0248 15.0 6.5 5.5
100.32 43.63
106.39 42.07
105.81 41.72
99.77 43.19
100.32 43.63
Source 8.CH.362            
0.7314001142125672 0.0132 15.0 6.5 5.5
106.13 48.82
110.32 48.26
110.12 47.31
105.76 47.92
106.13 48.82
Source 8.CH.376            
1.1232001839450316 0.3852 15.0 7.0 5.0
120.08 22.24
121.04 23.59
121.25 23.47
120.9 22.85
120.49 21.93
120.08 22.24
Source 8.CH.381            
1.1232001839450316 0.2815 15.0 7.0 5.0
118.08 22.7
118.56 22.19
117.65 21.24
116.93 21.66
118.08 22.7
Source 8.CH.2              
0.7318999871612379 0.5215 15.0 8.0 5.0
138.69 48.31
141.29 47.67
140.2 45.75
136.23 42.02
133.83 43.15
138.69 48.31
