segment Dominican Rep
18.33 -70.826
18.332 -70.829
18.342 -70.818
18.339 -70.816
18.33 -70.826
segment Dominican Rep
18.322 -70.854
18.324 -70.855
18.329 -70.853
18.332 -70.839
18.33 -70.837
18.322 -70.854
segment Dominican Rep
17.587 -71.471
17.588 -71.466
17.585 -71.465
17.583 -71.466
17.583 -71.469
17.574 -71.473
17.559 -71.491
17.549 -71.507
17.548 -71.518
17.544 -71.525
17.543 -71.539
17.547 -71.548
17.55 -71.55
17.557 -71.55
17.56 -71.548
17.566 -71.547
17.567 -71.547
17.585 -71.539
17.595 -71.538
17.606 -71.525
17.615 -71.524
17.621 -71.52
17.621 -71.517
17.615 -71.511
17.613 -71.507
17.612 -71.498
17.611 -71.495
17.603 -71.489
17.591 -71.484
17.587 -71.479
17.587 -71.471
segment Dominican Rep
17.47 -71.637
17.471 -71.64
17.476 -71.645
17.479 -71.644
17.482 -71.639
17.481 -71.63
17.477 -71.626
17.475 -71.628
17.47 -71.637
segment Dominican Rep
19.009 -69.182
19.01 -69.185
19.013 -69.185
19.018 -69.18
19.017 -69.178
19.011 -69.176
19.009 -69.177
19.009 -69.182
segment Dominican Rep
18.342 -68.993
18.343 -69
18.348 -69.016
18.354 -69.021
18.357 -69.021
18.361 -69.017
18.374 -69.017
18.379 -69.014
18.38 -69.01
18.379 -69.007
18.361 -68.993
18.347 -68.988
18.344 -68.989
18.342 -68.993
segment Dominican Rep
18.162 -68.77
18.169 -68.778
18.179 -68.782
18.193 -68.78
18.197 -68.778
18.199 -68.774
18.199 -68.773
18.199 -68.767
18.195 -68.762
18.195 -68.751
18.194 -68.746
18.188 -68.737
18.181 -68.72
18.172 -68.705
18.17 -68.698
18.171 -68.689
18.175 -68.684
18.175 -68.677
18.172 -68.67
18.164 -68.663
18.164 -68.656
18.163 -68.655
18.159 -68.645
18.162 -68.6
18.16 -68.594
18.141 -68.574
18.127 -68.567
18.122 -68.567
18.111 -68.568
18.108 -68.574
18.111 -68.578
18.116 -68.584
18.121 -68.606
18.124 -68.614
18.126 -68.618
18.128 -68.64
18.127 -68.647
18.121 -68.67
18.115 -68.69
18.12 -68.703
18.126 -68.718
18.127 -68.731
18.127 -68.732
18.135 -68.745
18.135 -68.75
18.156 -68.761
18.161 -68.765
18.162 -68.77
segment Dominican Rep
19.884 -71.438
19.882 -71.437
19.879 -71.424
19.869 -71.402
19.864 -71.396
19.865 -71.383
19.855 -71.37
19.853 -71.353
19.849 -71.346
19.847 -71.326
19.845 -71.321
19.845 -71.32
19.844 -71.315
19.848 -71.309
19.849 -71.303
19.845 -71.294
19.846 -71.286
19.833 -71.28
19.832 -71.271
19.829 -71.265
19.83 -71.248
19.829 -71.245
19.833 -71.228
19.839 -71.215
19.842 -71.212
19.843 -71.211
19.851 -71.209
19.867 -71.207
19.868 -71.201
19.854 -71.183
19.854 -71.175
19.85 -71.172
19.842 -71.175
19.84 -71.181
19.837 -71.179
19.837 -71.172
19.844 -71.167
19.845 -71.162
19.852 -71.161
19.853 -71.16
19.851 -71.144
19.854 -71.143
19.855 -71.144
19.855 -71.147
19.855 -71.152
19.858 -71.162
19.855 -71.17
19.858 -71.172
19.864 -71.164
19.859 -71.148
19.857 -71.132
19.858 -71.127
19.863 -71.125
19.865 -71.117
19.866 -71.099
19.881 -71.08
19.887 -71.077
19.896 -71.08
19.902 -71.077
19.907 -71.069
19.917 -71.057
19.918 -71.054
19.927 -71.038
19.93 -71.023
19.929 -70.99
19.918 -70.967
19.906 -70.946
19.904 -70.948
19.901 -70.954
19.897 -70.957
19.896 -70.956
19.895 -70.956
19.899 -70.942
19.893 -70.937
19.892 -70.929
19.894 -70.928
19.898 -70.931
19.904 -70.939
19.907 -70.939
19.914 -70.933
19.915 -70.928
19.906 -70.905
19.905 -70.887
19.903 -70.882
19.903 -70.877
19.905 -70.872
19.904 -70.866
19.904 -70.862
19.907 -70.853
19.909 -70.843
19.904 -70.835
19.894 -70.833
19.886 -70.825
19.883 -70.816
19.879 -70.81
19.863 -70.795
19.86 -70.798
19.858 -70.797
19.857 -70.79
19.851 -70.787
19.845 -70.78
19.842 -70.779
19.838 -70.782
19.837 -70.783
19.833 -70.781
19.833 -70.776
19.838 -70.768
19.84 -70.744
19.836 -70.738
19.829 -70.734
19.824 -70.727
19.818 -70.715
19.809 -70.703
19.807 -70.701
19.805 -70.704
19.802 -70.704
19.801 -70.7
19.804 -70.695
19.797 -70.68
19.795 -70.675
19.789 -70.668
19.785 -70.66
19.778 -70.651
19.776 -70.647
19.774 -70.636
19.766 -70.633
19.765 -70.63
19.764 -70.626
19.771 -70.619
19.761 -70.606
19.758 -70.594
19.759 -70.582
19.765 -70.569
19.766 -70.567
19.767 -70.559
19.757 -70.548
19.756 -70.545
19.759 -70.534
19.756 -70.53
19.756 -70.524
19.76 -70.519
19.77 -70.519
19.775 -70.515
19.782 -70.508
19.786 -70.5
19.788 -70.492
19.785 -70.468
19.787 -70.462
19.787 -70.461
19.787 -70.453
19.781 -70.443
19.771 -70.432
19.762 -70.415
19.753 -70.41
19.752 -70.407
19.754 -70.398
19.753 -70.396
19.739 -70.384
19.715 -70.369
19.71 -70.369
19.701 -70.362
19.697 -70.358
19.694 -70.35
19.678 -70.33
19.662 -70.312
19.656 -70.303
19.645 -70.27
19.643 -70.25
19.645 -70.241
19.643 -70.223
19.635 -70.209
19.635 -70.208
19.636 -70.202
19.632 -70.187
19.631 -70.185
19.624 -70.172
19.625 -70.162
19.623 -70.153
19.623 -70.13
19.625 -70.125
19.627 -70.112
19.63 -70.107
19.631 -70.099
19.634 -70.09
19.64 -70.082
19.654 -70.077
19.67 -70.061
19.675 -70.051
19.678 -70.048
19.677 -70.036
19.68 -70.029
19.682 -70.028
19.683 -70.021
19.679 -70.014
19.68 -70.001
19.68 -70
19.685 -69.984
19.685 -69.973
19.685 -69.967
19.679 -69.956
19.677 -69.947
19.67 -69.936
19.663 -69.934
19.655 -69.927
19.656 -69.918
19.651 -69.911
19.649 -69.902
19.645 -69.898
19.631 -69.891
19.622 -69.884
19.612 -69.883
19.61 -69.883
19.602 -69.884
19.577 -69.895
19.571 -69.894
19.566 -69.894
19.554 -69.9
19.541 -69.901
19.533 -69.898
19.522 -69.887
19.519 -69.877
19.515 -69.871
19.509 -69.868
19.503 -69.87
19.497 -69.872
19.49 -69.876
19.489 -69.884
19.485 -69.887
19.481 -69.886
19.484 -69.878
19.478 -69.874
19.454 -69.875
19.435 -69.87
19.397 -69.848
19.381 -69.843
19.364 -69.833
19.363 -69.832
19.349 -69.815
19.34 -69.811
19.335 -69.805
19.322 -69.799
19.302 -69.779
19.294 -69.766
19.292 -69.759
19.284 -69.749
19.283 -69.741
19.281 -69.739
19.282 -69.737
19.277 -69.723
19.277 -69.715
19.283 -69.688
19.282 -69.679
19.284 -69.673
19.292 -69.662
19.294 -69.656
19.293 -69.645
19.295 -69.637
19.294 -69.632
19.295 -69.613
19.295 -69.606
19.299 -69.59
19.302 -69.582
19.306 -69.578
19.315 -69.574
19.314 -69.564
19.316 -69.562
19.321 -69.561
19.326 -69.552
19.326 -69.545
19.323 -69.539
19.324 -69.534
19.327 -69.529
19.325 -69.525
19.325 -69.52
19.328 -69.515
19.326 -69.5
19.325 -69.493
19.324 -69.491
19.321 -69.489
19.323 -69.473
19.327 -69.459
19.322 -69.451
19.322 -69.446
19.324 -69.442
19.325 -69.438
19.322 -69.434
19.314 -69.427
19.315 -69.424
19.316 -69.419
19.321 -69.417
19.322 -69.412
19.318 -69.405
19.311 -69.397
19.31 -69.388
19.311 -69.38
19.301 -69.368
19.303 -69.358
19.303 -69.353
19.294 -69.349
19.289 -69.341
19.29 -69.336
19.282 -69.332
19.284 -69.326
19.289 -69.323
19.301 -69.322
19.307 -69.32
19.328 -69.288
19.331 -69.274
19.334 -69.267
19.342 -69.263
19.345 -69.259
19.346 -69.255
19.343 -69.25
19.345 -69.247
19.36 -69.238
19.361 -69.234
19.361 -69.229
19.358 -69.224
19.36 -69.219
19.359 -69.215
19.356 -69.214
19.351 -69.214
19.341 -69.219
19.329 -69.231
19.317 -69.237
19.307 -69.245
19.297 -69.25
19.294 -69.25
19.288 -69.246
19.286 -69.243
19.284 -69.226
19.286 -69.22
19.293 -69.209
19.294 -69.203
19.29 -69.194
19.292 -69.183
19.3 -69.175
19.303 -69.17
19.303 -69.163
19.301 -69.158
19.302 -69.151
19.294 -69.149
19.285 -69.15
19.272 -69.155
19.264 -69.161
19.248 -69.183
19.246 -69.187
19.245 -69.188
19.234 -69.201
19.207 -69.213
19.202 -69.213
19.198 -69.214
19.187 -69.22
19.18 -69.227
19.179 -69.234
19.18 -69.251
19.184 -69.261
19.185 -69.273
19.186 -69.275
19.19 -69.284
19.189 -69.294
19.195 -69.302
19.196 -69.305
19.194 -69.313
19.199 -69.325
19.199 -69.333
19.192 -69.337
19.19 -69.342
19.193 -69.368
19.191 -69.398
19.191 -69.402
19.184 -69.408
19.184 -69.411
19.192 -69.417
19.193 -69.435
19.2 -69.447
19.206 -69.475
19.206 -69.493
19.212 -69.509
19.212 -69.519
19.211 -69.529
19.214 -69.54
19.214 -69.547
19.212 -69.561
19.217 -69.573
19.22 -69.595
19.225 -69.604
19.226 -69.611
19.224 -69.623
19.222 -69.625
19.217 -69.629
19.203 -69.629
19.19 -69.631
19.18 -69.626
19.172 -69.625
19.162 -69.63
19.118 -69.636
19.114 -69.637
19.11 -69.648
19.097 -69.639
19.094 -69.632
19.093 -69.631
19.082 -69.62
19.085 -69.604
19.084 -69.593
19.092 -69.568
19.092 -69.561
19.088 -69.555
19.092 -69.542
19.092 -69.537
19.087 -69.531
19.086 -69.525
19.086 -69.522
19.092 -69.516
19.093 -69.512
19.093 -69.511
19.09 -69.504
19.089 -69.498
19.085 -69.494
19.084 -69.488
19.079 -69.485
19.082 -69.462
19.075 -69.454
19.072 -69.448
19.071 -69.446
19.071 -69.444
19.087 -69.438
19.095 -69.439
19.094 -69.446
19.092 -69.451
19.092 -69.462
19.091 -69.466
19.091 -69.474
19.093 -69.476
19.097 -69.471
19.103 -69.453
19.104 -69.445
19.101 -69.425
19.102 -69.409
19.097 -69.4
19.089 -69.396
19.089 -69.39
19.086 -69.382
19.083 -69.38
19.075 -69.386
19.067 -69.383
19.057 -69.375
19.055 -69.37
19.053 -69.349
19.045 -69.339
19.044 -69.335
19.044 -69.33
19.051 -69.312
19.05 -69.306
19.039 -69.298
19.036 -69.293
19.034 -69.282
19.031 -69.278
19.017 -69.262
19.016 -69.256
19.022 -69.243
19.027 -69.225
19.026 -69.223
19.012 -69.205
19.008 -69.202
19.01 -69.194
19.006 -69.186
19.005 -69.181
19.004 -69.178
19.01 -69.158
19.008 -69.15
19.004 -69.143
19.004 -69.139
19.008 -69.136
19.014 -69.137
19.031 -69.135
19.036 -69.14
19.033 -69.149
19.038 -69.154
19.042 -69.152
19.043 -69.14
19.038 -69.13
19.033 -69.126
19.032 -69.126
19.014 -69.116
19.008 -69.106
19.01 -69.097
18.998 -69.091
18.996 -69.084
18.993 -69.08
18.988 -69.074
18.985 -69.068
18.984 -69.057
18.986 -69.046
18.985 -69.025
18.987 -69.019
18.99 -69.01
18.993 -69.005
18.998 -69.002
19.003 -69.003
19.009 -69.01
19.012 -69.011
19.016 -69.008
19.016 -68.982
19.018 -68.977
19.029 -68.973
19.031 -68.967
19.031 -68.963
19.026 -68.955
19.026 -68.951
19.03 -68.944
19.031 -68.936
19.03 -68.932
19.026 -68.919
19.004 -68.881
18.994 -68.869
18.993 -68.866
18.993 -68.859
18.997 -68.844
18.996 -68.839
18.981 -68.817
18.982 -68.799
18.976 -68.785
18.974 -68.772
18.965 -68.762
18.962 -68.759
18.961 -68.751
18.957 -68.74
18.939 -68.714
18.935 -68.711
18.93 -68.703
18.93 -68.701
18.929 -68.697
18.926 -68.693
18.913 -68.684
18.911 -68.681
18.909 -68.677
18.887 -68.65
18.863 -68.632
18.841 -68.609
18.834 -68.603
18.831 -68.595
18.824 -68.589
18.815 -68.577
18.786 -68.549
18.786 -68.547
18.777 -68.535
18.778 -68.532
18.781 -68.526
18.78 -68.523
18.759 -68.507
18.753 -68.496
18.744 -68.488
18.739 -68.469
18.739 -68.463
18.729 -68.457
18.722 -68.448
18.718 -68.444
18.717 -68.44
18.714 -68.437
18.705 -68.433
18.695 -68.414
18.679 -68.406
18.664 -68.39
18.663 -68.385
18.666 -68.381
18.666 -68.376
18.665 -68.371
18.659 -68.36
18.651 -68.351
18.645 -68.345
18.643 -68.342
18.624 -68.324
18.605 -68.32
18.575 -68.329
18.565 -68.338
18.548 -68.348
18.543 -68.352
18.532 -68.361
18.517 -68.365
18.502 -68.377
18.499 -68.382
18.497 -68.389
18.481 -68.392
18.46 -68.404
18.445 -68.425
18.444 -68.426
18.426 -68.44
18.404 -68.445
18.384 -68.444
18.372 -68.446
18.35 -68.458
18.344 -68.463
18.343 -68.468
18.343 -68.472
18.34 -68.478
18.338 -68.482
18.346 -68.514
18.353 -68.536
18.353 -68.545
18.36 -68.552
18.372 -68.577
18.381 -68.592
18.382 -68.599
18.384 -68.6
18.367 -68.614
18.356 -68.61
18.337 -68.598
18.333 -68.598
18.318 -68.604
18.302 -68.618
18.295 -68.625
18.288 -68.629
18.238 -68.639
18.22 -68.635
18.213 -68.638
18.212 -68.64
18.212 -68.643
18.217 -68.65
18.214 -68.662
18.215 -68.669
18.215 -68.673
18.211 -68.686
18.211 -68.7
18.214 -68.716
18.213 -68.719
18.205 -68.73
18.206 -68.735
18.211 -68.734
18.215 -68.728
18.218 -68.726
18.221 -68.727
18.223 -68.731
18.223 -68.744
18.219 -68.745
18.214 -68.745
18.211 -68.741
18.205 -68.748
18.205 -68.75
18.213 -68.751
18.223 -68.75
18.226 -68.751
18.233 -68.752
18.266 -68.774
18.286 -68.781
18.3 -68.79
18.317 -68.803
18.327 -68.81
18.342 -68.818
18.362 -68.84
18.377 -68.846
18.381 -68.849
18.392 -68.872
18.4 -68.895
18.398 -68.911
18.399 -68.914
18.405 -68.915
18.406 -68.924
18.41 -68.932
18.41 -68.944
18.417 -68.953
18.416 -68.956
18.416 -68.961
18.414 -68.965
18.408 -68.971
18.405 -68.977
18.401 -69.013
18.394 -69.04
18.394 -69.068
18.396 -69.083
18.397 -69.094
18.399 -69.104
18.406 -69.118
18.408 -69.134
18.408 -69.147
18.416 -69.168
18.422 -69.176
18.424 -69.184
18.433 -69.194
18.444 -69.195
18.445 -69.195
18.452 -69.201
18.453 -69.209
18.446 -69.239
18.444 -69.269
18.438 -69.287
18.438 -69.297
18.441 -69.301
18.441 -69.308
18.444 -69.311
18.449 -69.307
18.457 -69.314
18.465 -69.318
18.472 -69.326
18.468 -69.326
18.463 -69.321
18.456 -69.317
18.448 -69.314
18.44 -69.319
18.436 -69.319
18.431 -69.322
18.428 -69.329
18.427 -69.337
18.426 -69.342
18.428 -69.372
18.43 -69.387
18.43 -69.406
18.424 -69.441
18.421 -69.449
18.418 -69.467
18.409 -69.495
18.407 -69.523
18.407 -69.534
18.413 -69.549
18.428 -69.566
18.438 -69.572
18.443 -69.58
18.444 -69.582
18.447 -69.59
18.45 -69.601
18.45 -69.609
18.447 -69.622
18.44 -69.629
18.434 -69.629
18.418 -69.622
18.413 -69.622
18.404 -69.627
18.404 -69.636
18.409 -69.658
18.413 -69.665
18.414 -69.667
18.423 -69.678
18.432 -69.681
18.443 -69.68
18.447 -69.682
18.455 -69.691
18.455 -69.702
18.465 -69.745
18.465 -69.768
18.465 -69.769
18.468 -69.783
18.465 -69.803
18.469 -69.835
18.466 -69.875
18.485 -69.88
18.487 -69.882
18.484 -69.885
18.475 -69.88
18.47 -69.883
18.462 -69.905
18.462 -69.907
18.456 -69.916
18.443 -69.929
18.429 -69.955
18.425 -69.973
18.424 -70
18.424 -70.005
18.419 -70.014
18.427 -70.016
18.427 -70.019
18.425 -70.021
18.419 -70.021
18.398 -70.029
18.371 -70.049
18.36 -70.057
18.348 -70.066
18.321 -70.077
18.312 -70.082
18.309 -70.087
18.303 -70.1
18.295 -70.106
18.28 -70.114
18.272 -70.125
18.262 -70.133
18.237 -70.145
18.232 -70.151
18.231 -70.156
18.235 -70.16
18.233 -70.176
18.232 -70.186
18.232 -70.192
18.237 -70.205
18.237 -70.211
18.228 -70.224
18.224 -70.232
18.224 -70.237
18.236 -70.257
18.241 -70.272
18.241 -70.285
18.236 -70.297
18.235 -70.299
18.23 -70.316
18.228 -70.334
18.231 -70.347
18.232 -70.363
18.234 -70.368
18.237 -70.374
18.238 -70.384
18.237 -70.398
18.231 -70.412
18.23 -70.422
18.226 -70.43
18.219 -70.438
18.214 -70.448
18.198 -70.49
18.194 -70.502
18.194 -70.507
18.203 -70.516
18.207 -70.523
18.207 -70.535
18.203 -70.553
18.203 -70.561
18.211 -70.566
18.215 -70.561
18.224 -70.557
18.228 -70.551
18.229 -70.546
18.228 -70.544
18.225 -70.543
18.218 -70.547
18.217 -70.547
18.213 -70.545
18.213 -70.539
18.216 -70.534
18.216 -70.517
18.218 -70.511
18.223 -70.508
18.227 -70.512
18.232 -70.521
18.231 -70.531
18.234 -70.535
18.254 -70.553
18.257 -70.557
18.26 -70.572
18.262 -70.576
18.265 -70.578
18.277 -70.586
18.284 -70.589
18.291 -70.588
18.312 -70.579
18.314 -70.571
18.319 -70.568
18.341 -70.574
18.347 -70.575
18.362 -70.568
18.39 -70.577
18.392 -70.577
18.4 -70.578
18.408 -70.582
18.42 -70.599
18.424 -70.625
18.43 -70.642
18.43 -70.654
18.433 -70.661
18.433 -70.675
18.429 -70.685
18.426 -70.686
18.425 -70.686
18.423 -70.685
18.421 -70.687
18.416 -70.697
18.415 -70.703
18.413 -70.705
18.4 -70.702
18.379 -70.703
18.365 -70.719
18.359 -70.724
18.348 -70.745
18.347 -70.752
18.35 -70.757
18.348 -70.783
18.349 -70.786
18.349 -70.788
18.353 -70.792
18.355 -70.794
18.359 -70.804
18.346 -70.808
18.343 -70.814
18.343 -70.817
18.347 -70.823
18.34 -70.826
18.338 -70.83
18.34 -70.831
18.343 -70.829
18.347 -70.831
18.349 -70.835
18.349 -70.841
18.339 -70.853
18.319 -70.865
18.314 -70.864
18.306 -70.872
18.288 -70.886
18.285 -70.889
18.272 -70.903
18.261 -70.917
18.257 -70.926
18.255 -70.941
18.252 -70.955
18.253 -70.958
18.264 -70.969
18.275 -70.972
18.285 -70.978
18.293 -70.986
18.294 -70.988
18.301 -70.991
18.303 -70.995
18.303 -71.003
18.31 -71.016
18.312 -71.025
18.317 -71.037
18.316 -71.053
18.311 -71.062
18.281 -71.095
18.27 -71.101
18.262 -71.103
18.252 -71.101
18.244 -71.096
18.24 -71.091
18.232 -71.09
18.224 -71.08
18.219 -71.079
18.209 -71.085
18.204 -71.083
18.199 -71.08
18.193 -71.071
18.174 -71.062
18.174 -71.061
18.16 -71.051
18.155 -71.05
18.15 -71.052
18.146 -71.057
18.112 -71.066
18.101 -71.071
18.079 -71.083
18.077 -71.086
18.065 -71.091
18.061 -71.101
18.053 -71.108
18.05 -71.109
18.044 -71.109
18.022 -71.132
18.008 -71.133
18.002 -71.142
17.993 -71.147
17.988 -71.155
17.98 -71.163
17.966 -71.169
17.933 -71.192
17.926 -71.197
17.922 -71.2
17.917 -71.208
17.901 -71.218
17.896 -71.223
17.891 -71.232
17.88 -71.244
17.88 -71.25
17.873 -71.254
17.86 -71.266
17.846 -71.271
17.847 -71.276
17.852 -71.278
17.853 -71.281
17.851 -71.282
17.849 -71.284
17.832 -71.285
17.829 -71.286
17.825 -71.288
17.823 -71.292
17.824 -71.301
17.82 -71.307
17.814 -71.313
17.758 -71.343
17.754 -71.344
17.75 -71.343
17.743 -71.346
17.724 -71.35
17.693 -71.365
17.687 -71.363
17.681 -71.365
17.678 -71.369
17.669 -71.373
17.662 -71.381
17.648 -71.388
17.639 -71.395
17.638 -71.396
17.623 -71.399
17.616 -71.404
17.615 -71.412
17.606 -71.419
17.607 -71.422
17.621 -71.43
17.628 -71.439
17.643 -71.445
17.652 -71.458
17.669 -71.471
17.67 -71.471
17.681 -71.476
17.696 -71.48
17.716 -71.491
17.725 -71.499
17.734 -71.503
17.741 -71.51
17.75 -71.525
17.756 -71.529
17.762 -71.549
17.764 -71.552
17.768 -71.581
17.762 -71.625
17.756 -71.643
17.754 -71.654
17.757 -71.659
17.76 -71.669
17.764 -71.676
17.768 -71.684
17.77 -71.685
17.773 -71.671
17.783 -71.66
17.807 -71.65
17.808 -71.634
17.815 -71.63
17.829 -71.625
17.838 -71.626
17.848 -71.631
17.85 -71.632
17.857 -71.639
17.888 -71.653
17.895 -71.667
17.902 -71.672
17.907 -71.669
17.909 -71.661
17.912 -71.658
17.922 -71.653
17.933 -71.652
17.949 -71.66
17.951 -71.661
17.964 -71.663
17.972 -71.668
17.981 -71.681
17.996 -71.696
18.003 -71.713
18.006 -71.717
18.019 -71.726
18.024 -71.733
18.029 -71.746
18.03 -71.754
18.036 -71.75
18.042 -71.749
18.05 -71.741
18.061 -71.739
18.072 -71.734
18.08 -71.732
18.092 -71.734
18.096 -71.732
18.099 -71.733
18.1 -71.741
18.107 -71.743
18.117 -71.744
18.13 -71.741
18.14 -71.744
18.143 -71.743
18.143 -71.751
18.15 -71.755
18.153 -71.761
18.16 -71.763
18.163 -71.766
18.168 -71.775
18.175 -71.78
18.199 -71.768
18.217 -71.765
18.227 -71.755
18.235 -71.754
18.287 -71.724
18.341 -71.693
18.366 -71.755
18.379 -71.786
18.388 -71.8
18.398 -71.808
18.404 -71.826
18.428 -71.839
18.437 -71.857
18.458 -71.9
18.485 -71.904
18.49 -71.886
18.496 -71.878
18.505 -71.878
18.517 -71.889
18.582 -71.952
18.586 -71.958
18.601 -71.959
18.606 -71.963
18.61 -71.972
18.61 -71.973
18.619 -71.979
18.622 -71.986
18.62 -71.998
18.625 -72.003
18.633 -71.998
18.635 -71.985
18.64 -71.977
18.654 -71.966
18.655 -71.957
18.652 -71.946
18.641 -71.928
18.64 -71.927
18.64 -71.919
18.648 -71.906
18.648 -71.897
18.632 -71.877
18.63 -71.87
18.638 -71.859
18.631 -71.835
18.635 -71.821
18.633 -71.813
18.635 -71.811
18.637 -71.808
18.646 -71.804
18.657 -71.805
18.694 -71.796
18.697 -71.785
18.71 -71.776
18.721 -71.749
18.727 -71.742
18.73 -71.738
18.748 -71.731
18.787 -71.722
18.825 -71.717
18.846 -71.722
18.848 -71.722
18.858 -71.723
18.876 -71.721
18.876 -71.732
18.89 -71.74
18.899 -71.749
18.908 -71.766
18.93 -71.772
18.947 -71.776
18.948 -71.779
18.952 -71.782
18.953 -71.783
18.952 -71.792
18.957 -71.802
18.958 -71.811
18.967 -71.83
18.967 -71.839
18.956 -71.839
18.955 -71.844
18.957 -71.846
18.96 -71.854
18.959 -71.858
18.946 -71.86
18.944 -71.862
18.946 -71.875
18.942 -71.879
18.942 -71.883
18.954 -71.882
18.955 -71.881
18.956 -71.874
18.96 -71.872
18.966 -71.874
18.969 -71.873
18.972 -71.868
18.976 -71.866
18.98 -71.867
18.98 -71.862
18.975 -71.858
18.976 -71.855
18.997 -71.841
18.999 -71.837
18.999 -71.833
18.992 -71.823
18.992 -71.816
18.997 -71.806
19.002 -71.801
19.002 -71.798
18.993 -71.796
18.99 -71.791
18.991 -71.789
18.994 -71.787
19.001 -71.79
19.006 -71.787
19.008 -71.783
19.009 -71.779
19.011 -71.776
19.017 -71.779
19.026 -71.772
19.027 -71.769
19.026 -71.763
19.033 -71.762
19.042 -71.75
19.046 -71.748
19.045 -71.743
19.04 -71.739
19.044 -71.736
19.047 -71.735
19.05 -71.725
19.054 -71.719
19.06 -71.715
19.064 -71.716
19.066 -71.715
19.066 -71.707
19.069 -71.705
19.073 -71.706
19.076 -71.711
19.078 -71.711
19.082 -71.709
19.084 -71.701
19.09 -71.698
19.093 -71.699
19.099 -71.706
19.102 -71.704
19.104 -71.701
19.104 -71.693
19.098 -71.685
19.099 -71.681
19.105 -71.671
19.105 -71.656
19.109 -71.648
19.116 -71.641
19.124 -71.638
19.129 -71.634
19.132 -71.635
19.137 -71.635
19.139 -71.633
19.143 -71.628
19.146 -71.628
19.146 -71.634
19.157 -71.637
19.167 -71.628
19.177 -71.625
19.18 -71.621
19.184 -71.621
19.19 -71.625
19.191 -71.629
19.194 -71.631
19.196 -71.63
19.197 -71.62
19.202 -71.613
19.205 -71.613
19.208 -71.618
19.214 -71.619
19.228 -71.632
19.231 -71.638
19.23 -71.651
19.233 -71.662
19.237 -71.67
19.238 -71.689
19.243 -71.698
19.248 -71.704
19.258 -71.707
19.264 -71.713
19.267 -71.719
19.274 -71.721
19.273 -71.726
19.265 -71.729
19.265 -71.734
19.267 -71.735
19.276 -71.736
19.277 -71.744
19.279 -71.747
19.288 -71.752
19.291 -71.755
19.299 -71.755
19.316 -71.765
19.328 -71.778
19.334 -71.787
19.338 -71.762
19.341 -71.75
19.35 -71.744
19.359 -71.732
19.367 -71.713
19.368 -71.703
19.365 -71.691
19.389 -71.694
19.395 -71.695
19.407 -71.688
19.416 -71.688
19.442 -71.675
19.451 -71.676
19.473 -71.689
19.473 -71.691
19.478 -71.694
19.493 -71.693
19.505 -71.686
19.51 -71.685
19.512 -71.687
19.512 -71.696
19.518 -71.7
19.529 -71.699
19.532 -71.702
19.533 -71.707
19.536 -71.71
19.548 -71.711
19.556 -71.714
19.559 -71.721
19.563 -71.726
19.571 -71.728
19.585 -71.739
19.599 -71.741
19.618 -71.74
19.628 -71.743
19.635 -71.74
19.636 -71.74
19.642 -71.739
19.649 -71.735
19.655 -71.734
19.662 -71.735
19.672 -71.749
19.676 -71.752
19.686 -71.754
19.691 -71.758
19.696 -71.756
19.7 -71.758
19.703 -71.758
19.702 -71.751
19.707 -71.737
19.705 -71.734
19.7 -71.731
19.694 -71.723
19.693 -71.714
19.695 -71.711
19.697 -71.712
19.697 -71.716
19.704 -71.72
19.705 -71.727
19.709 -71.728
19.716 -71.726
19.722 -71.727
19.725 -71.725
19.732 -71.73
19.733 -71.73
19.742 -71.726
19.746 -71.728
19.746 -71.73
19.74 -71.734
19.746 -71.74
19.752 -71.74
19.756 -71.743
19.761 -71.742
19.763 -71.744
19.764 -71.749
19.765 -71.75
19.78 -71.747
19.783 -71.75
19.783 -71.753
19.775 -71.764
19.773 -71.764
19.761 -71.772
19.76 -71.776
19.762 -71.778
19.774 -71.778
19.776 -71.778
19.781 -71.776
19.799 -71.759
19.803 -71.751
19.808 -71.746
19.814 -71.745
19.819 -71.741
19.82 -71.737
19.818 -71.733
19.818 -71.722
19.822 -71.712
19.831 -71.699
19.835 -71.695
19.839 -71.694
19.84 -71.692
19.837 -71.687
19.837 -71.681
19.842 -71.684
19.854 -71.661
19.86 -71.655
19.874 -71.651
19.883 -71.654
19.891 -71.659
19.896 -71.658
19.898 -71.65
19.896 -71.644
19.892 -71.639
19.879 -71.628
19.884 -71.618
19.89 -71.616
19.895 -71.616
19.899 -71.614
19.9 -71.605
19.907 -71.585
19.907 -71.577
19.909 -71.573
19.906 -71.567
19.905 -71.565
19.905 -71.556
19.908 -71.553
19.91 -71.547
19.91 -71.539
19.908 -71.534
19.909 -71.526
19.907 -71.521
19.904 -71.508
19.908 -71.492
19.906 -71.483
19.889 -71.444
19.887 -71.442
19.884 -71.438
