segment El Salvador
13.21 -87.763
13.213 -87.773
13.216 -87.777
13.23 -87.782
13.241 -87.775
13.243 -87.771
13.244 -87.766
13.241 -87.762
13.232 -87.755
13.231 -87.751
13.228 -87.75
13.22 -87.751
13.218 -87.757
13.213 -87.759
13.21 -87.763
segment El Salvador
13.159 -87.699
13.161 -87.704
13.161 -87.709
13.164 -87.711
13.166 -87.715
13.163 -87.718
13.163 -87.719
13.162 -87.721
13.174 -87.722
13.178 -87.725
13.192 -87.729
13.196 -87.726
13.206 -87.727
13.209 -87.723
13.211 -87.718
13.211 -87.713
13.205 -87.705
13.192 -87.7
13.191 -87.697
13.182 -87.697
13.165 -87.692
13.159 -87.699
segment El Salvador
14.379 -89.259
14.377 -89.224
14.375 -89.218
14.369 -89.207
14.354 -89.189
14.343 -89.176
14.34 -89.168
14.338 -89.159
14.337 -89.154
14.337 -89.151
14.337 -89.136
14.338 -89.123
14.34 -89.116
14.342 -89.107
14.346 -89.092
14.346 -89.09
14.346 -89.088
14.344 -89.085
14.34 -89.082
14.327 -89.052
14.326 -89.043
14.318 -89.031
14.308 -89.026
14.289 -89.024
14.279 -89.03
14.274 -89.027
14.264 -89.012
14.25 -88.99
14.224 -88.974
14.221 -88.975
14.217 -88.979
14.212 -88.976
14.21 -88.967
14.203 -88.956
14.202 -88.93
14.202 -88.928
14.204 -88.908
14.192 -88.898
14.186 -88.884
14.182 -88.87
14.178 -88.865
14.147 -88.853
14.128 -88.84
14.125 -88.839
14.106 -88.83
14.094 -88.826
14.084 -88.82
14.081 -88.817
14.079 -88.812
14.078 -88.809
14.078 -88.803
14.078 -88.797
14.08 -88.784
14.082 -88.774
14.084 -88.765
14.084 -88.76
14.084 -88.756
14.084 -88.754
14.084 -88.752
14.082 -88.748
14.079 -88.743
14.076 -88.74
14.074 -88.737
14.07 -88.733
14.064 -88.729
14.044 -88.717
14.037 -88.71
14.016 -88.688
14.012 -88.681
14.011 -88.68
14.008 -88.675
14.009 -88.672
14.016 -88.662
14.012 -88.653
14.016 -88.65
14.014 -88.64
14.019 -88.636
14.019 -88.629
14.004 -88.608
14.003 -88.602
14.007 -88.597
14.008 -88.595
14.007 -88.589
14.003 -88.586
13.996 -88.578
13.981 -88.569
13.979 -88.565
13.983 -88.538
13.982 -88.527
13.971 -88.508
13.961 -88.498
13.957 -88.498
13.952 -88.5
13.943 -88.505
13.94 -88.508
13.924 -88.512
13.917 -88.509
13.913 -88.512
13.91 -88.512
13.878 -88.496
13.872 -88.495
13.865 -88.497
13.858 -88.495
13.858 -88.489
13.857 -88.483
13.853 -88.475
13.85 -88.466
13.851 -88.465
13.856 -88.463
13.862 -88.463
13.861 -88.445
13.861 -88.44
13.862 -88.439
13.876 -88.428
13.879 -88.419
13.882 -88.377
13.865 -88.353
13.875 -88.326
13.878 -88.317
13.885 -88.295
13.889 -88.278
13.894 -88.264
13.897 -88.255
13.906 -88.246
13.915 -88.234
13.926 -88.221
13.932 -88.214
13.937 -88.207
13.94 -88.2
13.942 -88.187
13.941 -88.176
13.94 -88.164
13.94 -88.151
13.94 -88.141
13.941 -88.128
13.944 -88.107
13.945 -88.093
13.948 -88.078
13.951 -88.064
13.944 -88.056
13.931 -88.049
13.907 -88.03
13.886 -88.016
13.868 -88.011
13.873 -87.999
13.885 -87.981
13.897 -87.959
13.895 -87.957
13.891 -87.951
13.893 -87.947
13.893 -87.943
13.887 -87.93
13.898 -87.912
13.899 -87.907
13.896 -87.898
13.896 -87.891
13.899 -87.883
13.893 -87.874
13.893 -87.867
13.89 -87.862
13.891 -87.85
13.884 -87.83
13.883 -87.82
13.889 -87.8
13.87 -87.775
13.862 -87.757
13.858 -87.75
13.852 -87.747
13.832 -87.745
13.827 -87.742
13.826 -87.741
13.823 -87.735
13.817 -87.729
13.816 -87.72
13.81 -87.71
13.801 -87.709
13.776 -87.711
13.759 -87.722
13.753 -87.728
13.751 -87.73
13.742 -87.734
13.736 -87.734
13.731 -87.728
13.725 -87.727
13.709 -87.733
13.693 -87.749
13.686 -87.753
13.677 -87.755
13.655 -87.752
13.638 -87.754
13.634 -87.754
13.629 -87.757
13.62 -87.757
13.6 -87.757
13.595 -87.764
13.579 -87.775
13.569 -87.777
13.566 -87.786
13.564 -87.786
13.561 -87.781
13.556 -87.786
13.552 -87.788
13.545 -87.787
13.536 -87.789
13.527 -87.785
13.523 -87.787
13.519 -87.791
13.515 -87.791
13.511 -87.783
13.504 -87.782
13.504 -87.776
13.5 -87.766
13.501 -87.763
13.509 -87.754
13.509 -87.751
13.502 -87.749
13.502 -87.746
13.505 -87.741
13.505 -87.736
13.499 -87.723
13.493 -87.722
13.485 -87.725
13.482 -87.725
13.472 -87.722
13.46 -87.718
13.448 -87.723
13.44 -87.724
13.438 -87.726
13.438 -87.74
13.43 -87.75
13.43 -87.754
13.433 -87.757
13.429 -87.763
13.425 -87.767
13.423 -87.772
13.417 -87.774
13.417 -87.787
13.412 -87.79
13.407 -87.792
13.404 -87.795
13.403 -87.801
13.404 -87.807
13.404 -87.813
13.401 -87.818
13.408 -87.828
13.409 -87.838
13.412 -87.84
13.419 -87.842
13.428 -87.838
13.433 -87.838
13.437 -87.836
13.437 -87.823
13.44 -87.817
13.447 -87.814
13.45 -87.811
13.45 -87.803
13.448 -87.798
13.45 -87.789
13.455 -87.799
13.455 -87.813
13.449 -87.82
13.442 -87.823
13.441 -87.825
13.442 -87.839
13.421 -87.851
13.403 -87.867
13.395 -87.87
13.379 -87.872
13.385 -87.876
13.391 -87.88
13.393 -87.885
13.391 -87.888
13.378 -87.879
13.37 -87.877
13.364 -87.872
13.356 -87.871
13.353 -87.869
13.347 -87.856
13.333 -87.842
13.331 -87.832
13.321 -87.819
13.315 -87.817
13.314 -87.817
13.31 -87.808
13.305 -87.806
13.304 -87.802
13.299 -87.797
13.301 -87.791
13.3 -87.788
13.295 -87.787
13.292 -87.785
13.29 -87.778
13.287 -87.777
13.285 -87.778
13.28 -87.79
13.271 -87.793
13.268 -87.799
13.264 -87.8
13.258 -87.807
13.25 -87.811
13.244 -87.816
13.242 -87.825
13.239 -87.828
13.232 -87.835
13.227 -87.858
13.225 -87.862
13.218 -87.867
13.211 -87.877
13.207 -87.88
13.209 -87.888
13.2 -87.902
13.195 -87.917
13.194 -87.927
13.183 -87.935
13.182 -87.935
13.176 -87.934
13.175 -87.931
13.177 -87.926
13.188 -87.916
13.19 -87.912
13.187 -87.911
13.175 -87.916
13.169 -87.913
13.164 -87.909
13.159 -87.901
13.154 -87.897
13.15 -87.9
13.149 -87.905
13.153 -87.92
13.15 -87.925
13.15 -87.926
13.15 -87.928
13.156 -87.937
13.156 -87.945
13.155 -87.949
13.155 -87.963
13.15 -87.968
13.159 -87.986
13.161 -88.04
13.162 -88.049
13.163 -88.06
13.164 -88.063
13.166 -88.063
13.168 -88.061
13.169 -88.055
13.172 -88.059
13.172 -88.064
13.166 -88.075
13.167 -88.08
13.167 -88.117
13.16 -88.129
13.164 -88.153
13.164 -88.154
13.162 -88.166
13.163 -88.18
13.161 -88.193
13.155 -88.213
13.158 -88.238
13.161 -88.249
13.167 -88.256
13.168 -88.261
13.17 -88.274
13.168 -88.277
13.166 -88.274
13.165 -88.262
13.161 -88.256
13.159 -88.257
13.159 -88.263
13.163 -88.281
13.163 -88.291
13.166 -88.301
13.167 -88.344
13.169 -88.353
13.165 -88.372
13.162 -88.375
13.162 -88.38
13.164 -88.387
13.165 -88.394
13.159 -88.434
13.162 -88.44
13.157 -88.458
13.152 -88.46
13.152 -88.466
13.159 -88.476
13.164 -88.488
13.171 -88.498
13.182 -88.521
13.186 -88.534
13.189 -88.558
13.192 -88.563
13.209 -88.646
13.217 -88.685
13.218 -88.703
13.224 -88.744
13.229 -88.756
13.23 -88.773
13.231 -88.776
13.237 -88.804
13.24 -88.811
13.245 -88.819
13.245 -88.825
13.258 -88.841
13.277 -88.878
13.283 -88.883
13.287 -88.895
13.297 -88.92
13.317 -88.958
13.327 -88.986
13.332 -88.993
13.333 -89
13.338 -89.013
13.338 -89.014
13.346 -89.027
13.349 -89.038
13.358 -89.054
13.372 -89.084
13.393 -89.12
13.398 -89.133
13.416 -89.163
13.419 -89.166
13.42 -89.166
13.424 -89.168
13.422 -89.176
13.43 -89.187
13.436 -89.204
13.478 -89.293
13.48 -89.299
13.481 -89.32
13.476 -89.327
13.481 -89.344
13.479 -89.358
13.484 -89.366
13.488 -89.379
13.488 -89.399
13.486 -89.402
13.489 -89.41
13.487 -89.423
13.489 -89.44
13.492 -89.458
13.496 -89.468
13.496 -89.469
13.494 -89.48
13.491 -89.488
13.493 -89.501
13.491 -89.513
13.488 -89.519
13.49 -89.525
13.49 -89.532
13.494 -89.539
13.497 -89.554
13.504 -89.574
13.506 -89.594
13.508 -89.606
13.523 -89.65
13.527 -89.673
13.526 -89.699
13.532 -89.702
13.524 -89.707
13.525 -89.716
13.527 -89.784
13.526 -89.789
13.521 -89.795
13.521 -89.799
13.522 -89.802
13.519 -89.806
13.52 -89.809
13.534 -89.824
13.544 -89.83
13.547 -89.829
13.556 -89.83
13.597 -89.844
13.604 -89.855
13.634 -89.904
13.651 -89.937
13.652 -89.94
13.654 -89.944
13.659 -89.953
13.669 -89.967
13.672 -89.973
13.679 -89.987
13.681 -89.995
13.682 -89.997
13.685 -89.999
13.686 -90
13.692 -90.006
13.696 -90.014
13.696 -90.017
13.704 -90.021
13.705 -90.023
13.702 -90.027
13.706 -90.04
13.702 -90.042
13.701 -90.045
13.704 -90.052
13.722 -90.086
13.727 -90.081
13.727 -90.089
13.725 -90.09
13.726 -90.096
13.726 -90.098
13.738 -90.129
13.742 -90.123
13.742 -90.119
13.737 -90.108
13.738 -90.104
13.741 -90.101
13.746 -90.098
13.754 -90.096
13.761 -90.097
13.773 -90.104
13.776 -90.106
13.774 -90.114
13.777 -90.116
13.796 -90.114
13.798 -90.112
13.802 -90.112
13.807 -90.106
13.812 -90.107
13.821 -90.112
13.826 -90.113
13.834 -90.109
13.834 -90.104
13.836 -90.1
13.839 -90.095
13.845 -90.092
13.851 -90.088
13.87 -90.083
13.875 -90.079
13.879 -90.067
13.887 -90.063
13.89 -90.043
13.895 -90.035
13.903 -90.033
13.914 -90.037
13.917 -90.035
13.92 -90.028
13.924 -90.026
13.931 -90.027
13.936 -90.027
13.935 -90.021
13.939 -90.017
13.941 -90.011
13.949 -90.007
13.954 -90.001
13.954 -90
13.955 -89.993
13.958 -89.99
13.959 -89.978
13.965 -89.975
13.965 -89.973
13.966 -89.969
13.969 -89.964
13.979 -89.96
13.979 -89.954
13.986 -89.941
13.992 -89.938
13.995 -89.933
14.003 -89.929
14.005 -89.928
14.005 -89.925
14.012 -89.909
14.03 -89.901
14.035 -89.898
14.038 -89.893
14.043 -89.862
14.044 -89.858
14.052 -89.853
14.056 -89.848
14.06 -89.835
14.062 -89.823
14.06 -89.82
14.057 -89.814
14.04 -89.787
14.031 -89.777
14.03 -89.773
14.034 -89.764
14.034 -89.758
14.032 -89.751
14.033 -89.738
14.058 -89.743
14.064 -89.743
14.082 -89.737
14.1 -89.726
14.105 -89.724
14.116 -89.72
14.144 -89.698
14.174 -89.672
14.184 -89.661
14.196 -89.638
14.199 -89.632
14.201 -89.626
14.201 -89.617
14.198 -89.594
14.201 -89.568
14.212 -89.547
14.216 -89.531
14.221 -89.523
14.222 -89.521
14.224 -89.519
14.234 -89.517
14.265 -89.529
14.282 -89.542
14.298 -89.547
14.308 -89.557
14.311 -89.564
14.313 -89.584
14.316 -89.585
14.332 -89.585
14.344 -89.581
14.346 -89.576
14.345 -89.573
14.345 -89.568
14.347 -89.566
14.351 -89.565
14.354 -89.565
14.368 -89.575
14.373 -89.576
14.393 -89.577
14.402 -89.575
14.406 -89.572
14.411 -89.564
14.412 -89.558
14.413 -89.545
14.412 -89.542
14.404 -89.536
14.39 -89.532
14.384 -89.53
14.383 -89.527
14.382 -89.521
14.384 -89.518
14.396 -89.509
14.414 -89.487
14.416 -89.48
14.417 -89.459
14.412 -89.445
14.411 -89.436
14.411 -89.425
14.412 -89.423
14.412 -89.422
14.425 -89.408
14.44 -89.399
14.445 -89.394
14.445 -89.39
14.443 -89.386
14.44 -89.385
14.429 -89.384
14.427 -89.382
14.43 -89.378
14.43 -89.375
14.419 -89.361
14.418 -89.356
14.419 -89.353
14.421 -89.35
14.422 -89.35
14.406 -89.331
14.398 -89.317
14.389 -89.298
14.384 -89.281
14.379 -89.259
