segment Jamaica
17.776 -77.284
17.788 -77.299
17.807 -77.318
17.819 -77.327
17.838 -77.361
17.84 -77.373
17.844 -77.376
17.861 -77.406
17.862 -77.411
17.862 -77.43
17.856 -77.466
17.851 -77.478
17.847 -77.491
17.842 -77.499
17.84 -77.51
17.842 -77.513
17.842 -77.52
17.846 -77.524
17.862 -77.552
17.866 -77.57
17.864 -77.586
17.858 -77.602
17.862 -77.61
17.861 -77.616
17.863 -77.62
17.861 -77.627
17.862 -77.638
17.858 -77.659
17.862 -77.698
17.859 -77.706
17.858 -77.714
17.858 -77.719
17.854 -77.729
17.853 -77.736
17.854 -77.741
17.858 -77.739
17.862 -77.74
17.866 -77.75
17.876 -77.761
17.882 -77.765
17.882 -77.771
17.888 -77.776
17.894 -77.789
17.9 -77.792
17.905 -77.797
17.908 -77.798
17.914 -77.797
17.92 -77.799
17.922 -77.8
17.929 -77.806
17.932 -77.817
17.938 -77.823
17.942 -77.837
17.947 -77.836
17.979 -77.839
17.985 -77.834
17.992 -77.831
18 -77.832
18.007 -77.834
18.013 -77.84
18.021 -77.849
18.025 -77.865
18.031 -77.872
18.033 -77.877
18.029 -77.881
18.029 -77.885
18.034 -77.89
18.034 -77.893
18.032 -77.905
18.026 -77.909
18.03 -77.93
18.034 -77.939
18.044 -77.946
18.047 -77.946
18.052 -77.951
18.058 -77.952
18.064 -77.953
18.072 -77.964
18.09 -77.97
18.106 -77.986
18.106 -77.99
18.108 -77.994
18.109 -78.002
18.112 -78.002
18.116 -78.005
18.119 -78.015
18.121 -78.021
18.126 -78.025
18.131 -78.026
18.135 -78.023
18.139 -78.024
18.149 -78.032
18.155 -78.029
18.162 -78.029
18.172 -78.033
18.196 -78.044
18.205 -78.053
18.21 -78.065
18.211 -78.077
18.21 -78.084
18.205 -78.087
18.205 -78.09
18.21 -78.091
18.214 -78.095
18.213 -78.109
18.206 -78.136
18.21 -78.142
18.208 -78.151
18.209 -78.155
18.213 -78.158
18.215 -78.158
18.215 -78.167
18.213 -78.18
18.206 -78.207
18.203 -78.211
18.197 -78.224
18.193 -78.236
18.196 -78.242
18.203 -78.247
18.205 -78.254
18.207 -78.256
18.22 -78.262
18.22 -78.267
18.222 -78.273
18.222 -78.285
18.222 -78.304
18.225 -78.31
18.229 -78.327
18.238 -78.347
18.252 -78.361
18.266 -78.367
18.271 -78.365
18.278 -78.36
18.282 -78.355
18.283 -78.345
18.283 -78.344
18.295 -78.337
18.328 -78.335
18.338 -78.34
18.35 -78.335
18.357 -78.343
18.36 -78.343
18.368 -78.336
18.372 -78.329
18.37 -78.321
18.363 -78.318
18.363 -78.315
18.365 -78.31
18.375 -78.309
18.379 -78.302
18.396 -78.294
18.397 -78.288
18.397 -78.279
18.399 -78.274
18.393 -78.269
18.399 -78.268
18.406 -78.269
18.412 -78.266
18.414 -78.262
18.417 -78.259
18.416 -78.249
18.425 -78.247
18.427 -78.242
18.429 -78.24
18.432 -78.241
18.436 -78.239
18.438 -78.237
18.443 -78.232
18.443 -78.227
18.445 -78.225
18.447 -78.221
18.452 -78.22
18.456 -78.213
18.46 -78.211
18.458 -78.204
18.459 -78.201
18.457 -78.197
18.456 -78.193
18.459 -78.191
18.456 -78.18
18.458 -78.173
18.454 -78.167
18.45 -78.166
18.445 -78.167
18.441 -78.164
18.441 -78.154
18.446 -78.153
18.451 -78.155
18.456 -78.153
18.461 -78.15
18.463 -78.142
18.464 -78.123
18.457 -78.116
18.456 -78.111
18.452 -78.109
18.447 -78.109
18.447 -78.105
18.453 -78.103
18.454 -78.101
18.449 -78.095
18.449 -78.093
18.452 -78.089
18.452 -78.078
18.453 -78.073
18.453 -78.069
18.452 -78.066
18.455 -78.061
18.452 -78.051
18.452 -78.044
18.455 -78.04
18.457 -78.016
18.462 -78.007
18.459 -77.997
18.453 -77.992
18.45 -77.988
18.455 -77.975
18.447 -77.955
18.448 -77.941
18.444 -77.939
18.446 -77.933
18.453 -77.933
18.459 -77.937
18.463 -77.937
18.468 -77.935
18.471 -77.93
18.476 -77.929
18.487 -77.932
18.492 -77.93
18.5 -77.925
18.504 -77.921
18.507 -77.913
18.514 -77.903
18.515 -77.894
18.519 -77.883
18.522 -77.88
18.523 -77.861
18.526 -77.85
18.527 -77.822
18.525 -77.81
18.525 -77.805
18.517 -77.775
18.513 -77.751
18.509 -77.718
18.507 -77.713
18.505 -77.709
18.5 -77.707
18.498 -77.702
18.492 -77.697
18.492 -77.693
18.492 -77.691
18.488 -77.685
18.489 -77.679
18.492 -77.675
18.494 -77.678
18.495 -77.686
18.498 -77.679
18.496 -77.663
18.499 -77.657
18.498 -77.651
18.497 -77.648
18.488 -77.645
18.484 -77.636
18.484 -77.629
18.487 -77.624
18.489 -77.625
18.492 -77.632
18.495 -77.633
18.496 -77.624
18.493 -77.618
18.485 -77.606
18.485 -77.6
18.489 -77.594
18.489 -77.585
18.49 -77.569
18.489 -77.562
18.491 -77.545
18.492 -77.537
18.486 -77.53
18.482 -77.517
18.484 -77.51
18.484 -77.504
18.478 -77.49
18.481 -77.469
18.481 -77.463
18.479 -77.459
18.469 -77.452
18.468 -77.449
18.47 -77.446
18.474 -77.444
18.479 -77.44
18.479 -77.435
18.476 -77.43
18.473 -77.423
18.47 -77.413
18.464 -77.412
18.46 -77.406
18.461 -77.397
18.463 -77.396
18.467 -77.399
18.468 -77.397
18.466 -77.383
18.469 -77.378
18.469 -77.376
18.459 -77.356
18.46 -77.35
18.463 -77.346
18.464 -77.32
18.465 -77.317
18.471 -77.313
18.472 -77.309
18.468 -77.302
18.468 -77.297
18.467 -77.28
18.46 -77.254
18.46 -77.249
18.458 -77.246
18.459 -77.239
18.454 -77.219
18.448 -77.22
18.445 -77.217
18.444 -77.205
18.44 -77.199
18.439 -77.188
18.442 -77.183
18.44 -77.179
18.439 -77.178
18.44 -77.171
18.438 -77.167
18.426 -77.157
18.417 -77.136
18.416 -77.125
18.411 -77.121
18.41 -77.115
18.406 -77.109
18.406 -77.104
18.411 -77.094
18.41 -77.079
18.412 -77.076
18.413 -77.071
18.416 -77.069
18.416 -77.063
18.418 -77.054
18.42 -77.052
18.422 -77.045
18.42 -77.04
18.418 -77.019
18.409 -77.015
18.407 -77.013
18.407 -77.01
18.41 -77.004
18.41 -76.999
18.403 -76.979
18.406 -76.967
18.398 -76.953
18.398 -76.948
18.409 -76.942
18.413 -76.936
18.413 -76.92
18.41 -76.908
18.412 -76.895
18.41 -76.892
18.406 -76.887
18.401 -76.886
18.389 -76.892
18.381 -76.893
18.376 -76.889
18.37 -76.888
18.368 -76.882
18.369 -76.871
18.367 -76.87
18.364 -76.868
18.361 -76.858
18.353 -76.853
18.346 -76.843
18.345 -76.839
18.335 -76.825
18.333 -76.819
18.331 -76.805
18.322 -76.801
18.312 -76.807
18.309 -76.806
18.302 -76.798
18.293 -76.792
18.286 -76.79
18.285 -76.79
18.277 -76.783
18.271 -76.778
18.273 -76.762
18.274 -76.754
18.278 -76.744
18.278 -76.741
18.27 -76.731
18.266 -76.726
18.265 -76.712
18.268 -76.705
18.262 -76.679
18.26 -76.675
18.25 -76.665
18.236 -76.656
18.234 -76.649
18.227 -76.641
18.225 -76.623
18.227 -76.609
18.232 -76.594
18.229 -76.589
18.222 -76.581
18.203 -76.567
18.198 -76.546
18.203 -76.537
18.203 -76.534
18.193 -76.521
18.194 -76.516
18.2 -76.508
18.2 -76.502
18.204 -76.499
18.206 -76.495
18.205 -76.479
18.201 -76.474
18.192 -76.471
18.189 -76.467
18.184 -76.464
18.179 -76.458
18.178 -76.452
18.18 -76.447
18.175 -76.441
18.178 -76.439
18.184 -76.438
18.185 -76.436
18.179 -76.417
18.173 -76.417
18.177 -76.404
18.171 -76.403
18.173 -76.394
18.176 -76.391
18.175 -76.389
18.17 -76.388
18.169 -76.383
18.171 -76.382
18.17 -76.375
18.167 -76.372
18.167 -76.364
18.162 -76.358
18.155 -76.354
18.154 -76.351
18.15 -76.348
18.149 -76.343
18.151 -76.336
18.149 -76.333
18.144 -76.331
18.133 -76.335
18.128 -76.33
18.122 -76.325
18.123 -76.318
18.12 -76.317
18.113 -76.319
18.112 -76.318
18.103 -76.315
18.096 -76.307
18.067 -76.285
18.059 -76.282
18.055 -76.282
18.053 -76.277
18.049 -76.277
18.044 -76.271
18.036 -76.272
18.035 -76.277
18.032 -76.279
18.028 -76.278
18.028 -76.276
18.029 -76.271
18.016 -76.27
18.013 -76.269
18.007 -76.26
17.996 -76.256
17.992 -76.249
17.984 -76.245
17.976 -76.239
17.973 -76.233
17.97 -76.232
17.964 -76.236
17.96 -76.235
17.954 -76.235
17.95 -76.239
17.948 -76.239
17.941 -76.23
17.934 -76.224
17.934 -76.211
17.932 -76.206
17.933 -76.2
17.929 -76.195
17.917 -76.189
17.916 -76.183
17.913 -76.18
17.908 -76.181
17.906 -76.189
17.9 -76.189
17.898 -76.191
17.898 -76.195
17.904 -76.205
17.903 -76.212
17.899 -76.225
17.893 -76.23
17.889 -76.234
17.887 -76.252
17.879 -76.261
17.878 -76.265
17.879 -76.271
17.883 -76.275
17.88 -76.282
17.88 -76.286
17.875 -76.291
17.874 -76.297
17.869 -76.301
17.869 -76.31
17.867 -76.315
17.867 -76.319
17.871 -76.32
17.878 -76.318
17.887 -76.313
17.89 -76.314
17.889 -76.317
17.884 -76.325
17.881 -76.334
17.878 -76.337
17.866 -76.333
17.864 -76.335
17.863 -76.339
17.857 -76.342
17.856 -76.348
17.858 -76.35
17.861 -76.351
17.865 -76.369
17.866 -76.373
17.871 -76.38
17.877 -76.398
17.876 -76.407
17.873 -76.415
17.874 -76.421
17.874 -76.422
17.869 -76.432
17.869 -76.435
17.87 -76.448
17.867 -76.481
17.863 -76.495
17.857 -76.498
17.848 -76.512
17.846 -76.52
17.846 -76.533
17.849 -76.542
17.851 -76.543
17.853 -76.542
17.851 -76.536
17.851 -76.53
17.85 -76.518
17.853 -76.51
17.859 -76.502
17.861 -76.501
17.859 -76.516
17.86 -76.526
17.865 -76.542
17.867 -76.553
17.866 -76.555
17.864 -76.554
17.862 -76.545
17.859 -76.543
17.858 -76.544
17.867 -76.569
17.865 -76.594
17.866 -76.601
17.867 -76.605
17.872 -76.611
17.883 -76.615
17.885 -76.616
17.903 -76.624
17.908 -76.625
17.91 -76.629
17.905 -76.63
17.911 -76.637
17.923 -76.645
17.924 -76.651
17.927 -76.655
17.933 -76.658
17.936 -76.665
17.937 -76.684
17.943 -76.699
17.944 -76.709
17.945 -76.71
17.937 -76.73
17.939 -76.754
17.933 -76.764
17.926 -76.771
17.925 -76.775
17.935 -76.812
17.934 -76.833
17.933 -76.84
17.935 -76.841
17.939 -76.838
17.945 -76.827
17.939 -76.82
17.94 -76.808
17.935 -76.792
17.932 -76.787
17.932 -76.782
17.937 -76.778
17.938 -76.775
17.943 -76.777
17.942 -76.759
17.944 -76.75
17.944 -76.741
17.943 -76.738
17.942 -76.734
17.943 -76.728
17.946 -76.722
17.949 -76.72
17.954 -76.725
17.964 -76.738
17.966 -76.745
17.965 -76.757
17.963 -76.761
17.964 -76.765
17.96 -76.772
17.961 -76.792
17.97 -76.81
17.977 -76.819
17.981 -76.824
17.99 -76.827
17.995 -76.835
17.994 -76.841
17.988 -76.849
17.98 -76.855
17.973 -76.859
17.968 -76.857
17.965 -76.859
17.966 -76.865
17.955 -76.868
17.954 -76.867
17.957 -76.862
17.964 -76.854
17.965 -76.847
17.963 -76.845
17.955 -76.858
17.949 -76.864
17.941 -76.865
17.93 -76.871
17.929 -76.873
17.924 -76.874
17.917 -76.873
17.916 -76.874
17.916 -76.877
17.92 -76.884
17.92 -76.887
17.916 -76.89
17.915 -76.894
17.912 -76.897
17.909 -76.891
17.905 -76.887
17.906 -76.883
17.909 -76.879
17.904 -76.883
17.901 -76.887
17.894 -76.889
17.893 -76.891
17.887 -76.893
17.882 -76.897
17.872 -76.9
17.863 -76.909
17.862 -76.913
17.854 -76.916
17.846 -76.923
17.841 -76.939
17.836 -76.95
17.837 -76.956
17.841 -76.958
17.841 -76.961
17.842 -76.965
17.848 -76.967
17.85 -76.969
17.849 -76.975
17.846 -76.98
17.841 -76.982
17.844 -76.986
17.842 -76.99
17.84 -76.995
17.848 -77.004
17.851 -77.012
17.851 -77.023
17.848 -77.028
17.841 -77.034
17.843 -77.036
17.85 -77.039
17.855 -77.039
17.858 -77.036
17.862 -77.038
17.863 -77.034
17.865 -77.031
17.861 -77.028
17.862 -77.025
17.866 -77.026
17.871 -77.024
17.876 -77.029
17.884 -77.031
17.893 -77.04
17.898 -77.045
17.899 -77.051
17.905 -77.059
17.897 -77.066
17.897 -77.069
17.9 -77.071
17.906 -77.071
17.909 -77.073
17.908 -77.076
17.903 -77.079
17.9 -77.083
17.896 -77.083
17.896 -77.089
17.902 -77.09
17.899 -77.099
17.895 -77.107
17.896 -77.114
17.894 -77.12
17.882 -77.135
17.87 -77.147
17.865 -77.148
17.852 -77.151
17.834 -77.161
17.83 -77.16
17.82 -77.153
17.816 -77.141
17.813 -77.14
17.809 -77.143
17.811 -77.145
17.813 -77.145
17.815 -77.157
17.818 -77.163
17.809 -77.172
17.803 -77.174
17.801 -77.183
17.799 -77.186
17.797 -77.187
17.796 -77.187
17.793 -77.186
17.792 -77.181
17.796 -77.178
17.796 -77.174
17.789 -77.172
17.78 -77.175
17.773 -77.176
17.775 -77.183
17.777 -77.185
17.786 -77.187
17.788 -77.188
17.789 -77.192
17.784 -77.202
17.777 -77.21
17.774 -77.211
17.766 -77.209
17.767 -77.2
17.766 -77.187
17.762 -77.183
17.757 -77.177
17.757 -77.173
17.76 -77.165
17.758 -77.159
17.762 -77.152
17.762 -77.146
17.766 -77.145
17.765 -77.139
17.762 -77.138
17.755 -77.144
17.747 -77.139
17.742 -77.131
17.737 -77.125
17.732 -77.125
17.721 -77.126
17.708 -77.141
17.706 -77.146
17.706 -77.148
17.704 -77.177
17.705 -77.184
17.71 -77.192
17.714 -77.205
17.719 -77.211
17.721 -77.217
17.734 -77.23
17.736 -77.232
17.739 -77.238
17.74 -77.247
17.755 -77.257
17.766 -77.264
17.77 -77.269
17.776 -77.284
segment Jamaica
17.872 -77.065
17.878 -77.071
17.878 -77.075
17.882 -77.078
17.884 -77.077
17.884 -77.068
17.887 -77.066
17.886 -77.063
17.881 -77.061
17.872 -77.065
segment Jamaica
17.857 -77.048
17.86 -77.052
17.87 -77.056
17.873 -77.055
17.878 -77.056
17.879 -77.055
17.877 -77.051
17.865 -77.041
17.857 -77.044
17.857 -77.048
