segment Midway Islands
28.398 -178.305
28.397 -178.299
28.395 -178.298
28.392 -178.298
28.391 -178.301
28.39 -178.305
28.388 -178.308
28.39 -178.313
28.392 -178.315
28.396 -178.313
28.398 -178.309
28.398 -178.305
segment Midway Islands
28.215 -177.33
28.22 -177.327
28.217 -177.321
28.21 -177.319
28.209 -177.323
28.208 -177.334
28.209 -177.34
28.212 -177.34
28.214 -177.337
28.215 -177.33
segment Midway Islands
28.2 -177.392
28.208 -177.387
28.216 -177.384
28.219 -177.379
28.22 -177.366
28.22 -177.359
28.218 -177.358
28.216 -177.362
28.209 -177.365
28.207 -177.375
28.202 -177.386
28.2 -177.392
segment Midway Islands
26.06 -173.964
26.064 -173.965
26.068 -173.968
26.072 -173.969
26.075 -173.966
26.069 -173.961
26.063 -173.956
26.058 -173.956
26.059 -173.961
26.06 -173.964
segment Midway Islands
25.753 -171.734
25.753 -171.735
25.755 -171.739
25.763 -171.741
25.767 -171.74
25.772 -171.737
25.777 -171.732
25.779 -171.726
25.778 -171.723
25.775 -171.719
25.771 -171.721
25.764 -171.724
25.757 -171.726
25.754 -171.729
25.753 -171.734
