segment Panama
9.345 -82.268
9.356 -82.279
9.36 -82.277
9.365 -82.28
9.369 -82.277
9.371 -82.279
9.368 -82.284
9.361 -82.285
9.36 -82.286
9.37 -82.298
9.375 -82.302
9.378 -82.297
9.38 -82.299
9.379 -82.304
9.382 -82.309
9.385 -82.309
9.392 -82.315
9.394 -82.316
9.4 -82.313
9.4 -82.316
9.397 -82.32
9.399 -82.322
9.4 -82.323
9.403 -82.33
9.411 -82.337
9.414 -82.332
9.414 -82.327
9.418 -82.325
9.425 -82.331
9.426 -82.328
9.427 -82.323
9.423 -82.315
9.424 -82.309
9.426 -82.305
9.433 -82.299
9.437 -82.293
9.439 -82.279
9.436 -82.271
9.428 -82.261
9.425 -82.259
9.424 -82.26
9.419 -82.261
9.417 -82.26
9.411 -82.254
9.401 -82.252
9.388 -82.238
9.385 -82.237
9.377 -82.241
9.358 -82.242
9.356 -82.244
9.358 -82.251
9.35 -82.252
9.347 -82.255
9.335 -82.243
9.333 -82.244
9.331 -82.246
9.332 -82.249
9.329 -82.253
9.328 -82.254
9.329 -82.257
9.336 -82.264
9.342 -82.26
9.346 -82.263
9.352 -82.264
9.353 -82.266
9.345 -82.268
segment Panama
9.263 -82.141
9.26 -82.143
9.258 -82.149
9.256 -82.148
9.253 -82.144
9.248 -82.141
9.245 -82.142
9.244 -82.145
9.25 -82.158
9.252 -82.159
9.255 -82.162
9.259 -82.16
9.265 -82.158
9.267 -82.156
9.272 -82.153
9.274 -82.155
9.277 -82.152
9.28 -82.154
9.283 -82.16
9.288 -82.161
9.294 -82.161
9.297 -82.167
9.305 -82.171
9.307 -82.17
9.304 -82.159
9.308 -82.156
9.31 -82.156
9.312 -82.162
9.319 -82.165
9.323 -82.169
9.327 -82.178
9.332 -82.181
9.334 -82.18
9.336 -82.182
9.337 -82.187
9.334 -82.193
9.339 -82.211
9.34 -82.212
9.344 -82.211
9.346 -82.214
9.346 -82.217
9.347 -82.219
9.351 -82.216
9.359 -82.205
9.357 -82.203
9.35 -82.201
9.348 -82.197
9.347 -82.185
9.342 -82.181
9.341 -82.176
9.343 -82.164
9.341 -82.155
9.335 -82.144
9.333 -82.142
9.326 -82.143
9.319 -82.134
9.314 -82.125
9.314 -82.122
9.313 -82.105
9.309 -82.098
9.305 -82.093
9.289 -82.085
9.287 -82.089
9.288 -82.096
9.286 -82.101
9.286 -82.103
9.29 -82.108
9.289 -82.11
9.284 -82.113
9.283 -82.12
9.278 -82.124
9.274 -82.137
9.27 -82.132
9.267 -82.138
9.263 -82.141
segment Panama
9.335 -82.236
9.335 -82.238
9.34 -82.24
9.349 -82.238
9.353 -82.234
9.353 -82.232
9.341 -82.233
9.335 -82.236
segment Panama
9.297 -82.18
9.302 -82.186
9.303 -82.191
9.303 -82.197
9.308 -82.201
9.306 -82.204
9.308 -82.205
9.308 -82.211
9.31 -82.213
9.312 -82.209
9.324 -82.22
9.33 -82.224
9.334 -82.224
9.317 -82.193
9.315 -82.186
9.312 -82.182
9.308 -82.182
9.3 -82.175
9.297 -82.177
9.297 -82.18
segment Panama
9.284 -82.329
9.288 -82.336
9.293 -82.338
9.295 -82.337
9.293 -82.332
9.288 -82.329
9.284 -82.329
segment Panama
9.241 -82.244
9.238 -82.246
9.241 -82.254
9.239 -82.26
9.233 -82.262
9.232 -82.268
9.23 -82.27
9.229 -82.268
9.226 -82.261
9.222 -82.26
9.216 -82.255
9.213 -82.258
9.211 -82.266
9.211 -82.27
9.219 -82.283
9.222 -82.286
9.226 -82.286
9.228 -82.291
9.232 -82.292
9.234 -82.296
9.237 -82.297
9.242 -82.295
9.242 -82.292
9.24 -82.288
9.241 -82.284
9.242 -82.284
9.248 -82.296
9.251 -82.297
9.258 -82.298
9.263 -82.295
9.266 -82.296
9.269 -82.3
9.288 -82.297
9.294 -82.296
9.294 -82.292
9.289 -82.287
9.286 -82.288
9.285 -82.292
9.28 -82.29
9.28 -82.286
9.286 -82.283
9.285 -82.273
9.289 -82.274
9.292 -82.272
9.292 -82.266
9.288 -82.263
9.277 -82.26
9.269 -82.251
9.263 -82.251
9.252 -82.24
9.249 -82.241
9.244 -82.246
9.241 -82.244
segment Panama
9.256 -82.186
9.26 -82.189
9.261 -82.182
9.265 -82.179
9.264 -82.176
9.26 -82.178
9.257 -82.182
9.256 -82.186
segment Panama
9.243 -82.242
9.247 -82.237
9.242 -82.237
9.239 -82.234
9.235 -82.238
9.236 -82.24
9.243 -82.242
segment Panama
9.221 -82.327
9.222 -82.331
9.23 -82.34
9.229 -82.344
9.231 -82.348
9.235 -82.352
9.238 -82.353
9.238 -82.341
9.237 -82.333
9.224 -82.327
9.221 -82.327
segment Panama
9.189 -82.139
9.191 -82.136
9.194 -82.135
9.197 -82.136
9.199 -82.142
9.209 -82.147
9.211 -82.148
9.22 -82.146
9.221 -82.151
9.225 -82.145
9.231 -82.141
9.224 -82.129
9.224 -82.123
9.227 -82.12
9.22 -82.111
9.214 -82.108
9.198 -82.106
9.192 -82.102
9.189 -82.105
9.191 -82.116
9.189 -82.117
9.188 -82.11
9.186 -82.106
9.184 -82.107
9.18 -82.112
9.179 -82.107
9.18 -82.102
9.178 -82.1
9.175 -82.102
9.174 -82.101
9.177 -82.096
9.174 -82.089
9.178 -82.086
9.171 -82.075
9.169 -82.075
9.17 -82.083
9.165 -82.09
9.167 -82.096
9.166 -82.097
9.161 -82.095
9.155 -82.102
9.146 -82.103
9.138 -82.103
9.132 -82.099
9.128 -82.105
9.129 -82.116
9.132 -82.117
9.135 -82.115
9.135 -82.126
9.136 -82.131
9.146 -82.141
9.15 -82.148
9.149 -82.154
9.15 -82.155
9.159 -82.163
9.16 -82.161
9.166 -82.16
9.17 -82.156
9.174 -82.159
9.178 -82.158
9.186 -82.16
9.187 -82.156
9.19 -82.158
9.192 -82.156
9.189 -82.147
9.193 -82.144
9.192 -82.141
9.189 -82.139
segment Panama
9.216 -82.21
9.212 -82.216
9.215 -82.218
9.218 -82.217
9.221 -82.211
9.22 -82.206
9.216 -82.21
segment Panama
9.126 -82.031
9.147 -82.064
9.149 -82.067
9.154 -82.062
9.157 -82.063
9.164 -82.06
9.179 -82.056
9.177 -82.052
9.171 -82.047
9.167 -82.043
9.165 -82.036
9.149 -82.028
9.145 -82.024
9.143 -82.012
9.141 -82.011
9.127 -82.028
9.126 -82.031
segment Panama
9.125 -82.162
9.126 -82.165
9.142 -82.176
9.145 -82.175
9.145 -82.17
9.151 -82.167
9.152 -82.165
9.151 -82.161
9.141 -82.158
9.135 -82.161
9.131 -82.159
9.125 -82.162
segment Panama
9.092 -81.563
9.094 -81.567
9.103 -81.568
9.108 -81.567
9.104 -81.559
9.104 -81.55
9.102 -81.546
9.095 -81.542
9.092 -81.543
9.094 -81.558
9.092 -81.563
segment Panama
8.323 -82.319
8.325 -82.328
8.327 -82.327
8.331 -82.319
8.332 -82.314
8.326 -82.311
8.323 -82.314
8.323 -82.319
segment Panama
8.288 -82.359
8.289 -82.362
8.298 -82.368
8.302 -82.372
8.311 -82.373
8.317 -82.377
8.323 -82.373
8.323 -82.366
8.325 -82.363
8.324 -82.357
8.322 -82.355
8.322 -82.352
8.315 -82.345
8.311 -82.345
8.305 -82.349
8.298 -82.35
8.298 -82.356
8.293 -82.354
8.289 -82.356
8.288 -82.359
segment Panama
8.285 -82.333
8.292 -82.337
8.311 -82.339
8.313 -82.336
8.314 -82.329
8.313 -82.323
8.309 -82.32
8.307 -82.317
8.291 -82.31
8.283 -82.301
8.279 -82.305
8.279 -82.309
8.283 -82.319
8.282 -82.329
8.285 -82.333
segment Panama
8.299 -82.473
8.3 -82.476
8.304 -82.478
8.309 -82.476
8.309 -82.473
8.307 -82.47
8.298 -82.468
8.299 -82.473
segment Panama
8.299 -82.419
8.3 -82.417
8.301 -82.403
8.298 -82.399
8.293 -82.397
8.289 -82.4
8.285 -82.409
8.285 -82.423
8.287 -82.425
8.299 -82.419
segment Panama
8.282 -82.335
8.277 -82.326
8.272 -82.324
8.266 -82.325
8.264 -82.325
8.255 -82.33
8.254 -82.332
8.257 -82.344
8.268 -82.346
8.276 -82.354
8.279 -82.363
8.277 -82.371
8.284 -82.381
8.286 -82.379
8.284 -82.352
8.287 -82.344
8.282 -82.335
segment Panama
8.278 -82.391
8.275 -82.391
8.266 -82.398
8.259 -82.41
8.259 -82.415
8.262 -82.42
8.266 -82.421
8.271 -82.42
8.279 -82.401
8.284 -82.398
8.284 -82.392
8.278 -82.391
segment Panama
8.218 -82.374
8.215 -82.394
8.212 -82.396
8.211 -82.391
8.209 -82.391
8.207 -82.394
8.207 -82.398
8.211 -82.401
8.236 -82.419
8.239 -82.424
8.244 -82.434
8.246 -82.437
8.256 -82.443
8.256 -82.434
8.254 -82.404
8.273 -82.388
8.276 -82.385
8.276 -82.38
8.271 -82.375
8.273 -82.359
8.269 -82.357
8.267 -82.353
8.263 -82.351
8.257 -82.351
8.253 -82.347
8.251 -82.339
8.247 -82.334
8.243 -82.321
8.24 -82.321
8.238 -82.332
8.243 -82.336
8.244 -82.338
8.242 -82.34
8.241 -82.341
8.238 -82.338
8.232 -82.351
8.233 -82.36
8.229 -82.369
8.234 -82.374
8.233 -82.379
8.23 -82.382
8.226 -82.379
8.225 -82.368
8.223 -82.366
8.218 -82.374
segment Panama
8.252 -82.307
8.253 -82.31
8.259 -82.306
8.273 -82.288
8.271 -82.286
8.265 -82.29
8.252 -82.307
segment Panama
8.267 -82.203
8.264 -82.201
8.259 -82.202
8.257 -82.204
8.248 -82.208
8.239 -82.216
8.239 -82.221
8.243 -82.223
8.255 -82.218
8.268 -82.207
8.267 -82.203
segment Panama
8.257 -82.319
8.257 -82.323
8.266 -82.317
8.266 -82.315
8.264 -82.314
8.259 -82.315
8.257 -82.319
segment Panama
8.228 -82.244
8.232 -82.241
8.233 -82.237
8.232 -82.229
8.227 -82.229
8.219 -82.231
8.22 -82.236
8.225 -82.237
8.228 -82.244
segment Panama
8.168 -82.255
8.17 -82.263
8.176 -82.265
8.177 -82.272
8.184 -82.273
8.193 -82.292
8.196 -82.309
8.214 -82.32
8.219 -82.324
8.221 -82.324
8.223 -82.312
8.218 -82.311
8.217 -82.303
8.221 -82.298
8.224 -82.295
8.228 -82.296
8.229 -82.29
8.226 -82.286
8.225 -82.277
8.228 -82.274
8.219 -82.243
8.212 -82.234
8.209 -82.215
8.208 -82.213
8.205 -82.213
8.204 -82.219
8.2 -82.224
8.201 -82.228
8.207 -82.229
8.208 -82.231
8.208 -82.232
8.205 -82.241
8.206 -82.246
8.209 -82.249
8.207 -82.256
8.203 -82.257
8.204 -82.261
8.203 -82.263
8.197 -82.266
8.197 -82.269
8.193 -82.269
8.19 -82.274
8.187 -82.272
8.185 -82.266
8.181 -82.263
8.18 -82.25
8.177 -82.248
8.171 -82.254
8.168 -82.255
segment Panama
8.163 -82.133
8.165 -82.137
8.172 -82.138
8.175 -82.133
8.169 -82.132
8.163 -82.133
segment Panama
8.095 -81.718
8.104 -81.725
8.106 -81.727
8.12 -81.733
8.124 -81.737
8.128 -81.746
8.133 -81.751
8.137 -81.753
8.141 -81.751
8.147 -81.738
8.147 -81.734
8.138 -81.729
8.133 -81.722
8.117 -81.715
8.102 -81.716
8.095 -81.718
segment Panama
8.087 -82.346
8.087 -82.351
8.089 -82.352
8.09 -82.357
8.093 -82.359
8.093 -82.363
8.09 -82.37
8.091 -82.371
8.1 -82.366
8.105 -82.365
8.112 -82.358
8.112 -82.351
8.115 -82.348
8.124 -82.351
8.126 -82.35
8.128 -82.349
8.131 -82.344
8.13 -82.339
8.131 -82.333
8.137 -82.33
8.138 -82.326
8.135 -82.325
8.134 -82.322
8.132 -82.321
8.125 -82.326
8.124 -82.33
8.118 -82.332
8.11 -82.328
8.108 -82.329
8.1 -82.325
8.1 -82.328
8.106 -82.334
8.102 -82.34
8.099 -82.335
8.096 -82.332
8.092 -82.333
8.09 -82.336
8.092 -82.344
8.087 -82.346
segment Panama
8.084 -82.267
8.087 -82.27
8.092 -82.273
8.093 -82.272
8.093 -82.266
8.091 -82.262
8.084 -82.267
segment Panama
8.009 -82.882
8.011 -82.886
8.015 -82.887
8.017 -82.884
8.014 -82.877
8.011 -82.876
8.008 -82.876
8.007 -82.878
8.009 -82.882
segment Panama
7.97 -82.022
7.971 -82.023
7.973 -82.026
7.974 -82.029
7.976 -82.032
7.979 -82.031
7.983 -82.032
7.986 -82.033
7.989 -82.035
7.99 -82.037
7.991 -82.039
7.993 -82.039
7.995 -82.037
7.997 -82.035
7.997 -82.032
7.995 -82.031
7.994 -82.029
7.991 -82.03
7.989 -82.031
7.987 -82.03
7.985 -82.029
7.984 -82.027
7.981 -82.026
7.98 -82.025
7.979 -82.022
7.98 -82.019
7.979 -82.017
7.977 -82.017
7.973 -82.018
7.97 -82.02
7.97 -82.022
segment Panama
7.951 -82.036
7.948 -82.036
7.947 -82.037
7.946 -82.039
7.948 -82.041
7.949 -82.044
7.949 -82.045
7.95 -82.047
7.952 -82.049
7.951 -82.051
7.948 -82.051
7.947 -82.052
7.946 -82.055
7.948 -82.057
7.95 -82.058
7.953 -82.056
7.956 -82.056
7.958 -82.057
7.961 -82.056
7.961 -82.054
7.958 -82.049
7.954 -82.041
7.951 -82.036
segment Panama
7.886 -81.113
7.889 -81.116
7.892 -81.115
7.893 -81.11
7.889 -81.105
7.886 -81.107
7.886 -81.113
segment Panama
7.845 -81.789
7.847 -81.794
7.845 -81.799
7.847 -81.801
7.851 -81.802
7.857 -81.798
7.861 -81.8
7.867 -81.799
7.866 -81.797
7.863 -81.794
7.866 -81.79
7.858 -81.785
7.851 -81.789
7.848 -81.788
7.845 -81.789
segment Panama
7.849 -81.185
7.85 -81.189
7.859 -81.197
7.864 -81.197
7.865 -81.195
7.866 -81.192
7.862 -81.184
7.859 -81.181
7.854 -81.179
7.851 -81.181
7.849 -81.185
segment Panama
7.815 -81.079
7.815 -81.088
7.816 -81.092
7.82 -81.096
7.824 -81.098
7.828 -81.097
7.833 -81.095
7.835 -81.09
7.835 -81.086
7.834 -81.08
7.832 -81.077
7.825 -81.075
7.817 -81.076
7.815 -81.079
segment Panama
7.812 -81.17
7.814 -81.177
7.818 -81.179
7.832 -81.175
7.834 -81.173
7.833 -81.167
7.831 -81.164
7.828 -81.162
7.815 -81.166
7.812 -81.17
segment Panama
7.812 -81.755
7.798 -81.757
7.797 -81.759
7.799 -81.762
7.795 -81.767
7.798 -81.769
7.801 -81.768
7.804 -81.766
7.808 -81.765
7.811 -81.761
7.817 -81.759
7.816 -81.757
7.812 -81.755
segment Panama
7.812 -81.74
7.81 -81.738
7.803 -81.744
7.806 -81.745
7.812 -81.74
segment Panama
7.712 -81.113
7.715 -81.122
7.718 -81.131
7.721 -81.135
7.721 -81.137
7.738 -81.153
7.74 -81.152
7.736 -81.137
7.74 -81.133
7.746 -81.13
7.751 -81.131
7.754 -81.13
7.757 -81.127
7.754 -81.12
7.745 -81.11
7.734 -81.105
7.728 -81.104
7.721 -81.104
7.716 -81.107
7.712 -81.113
segment Panama
7.753 -81.57
7.747 -81.569
7.737 -81.576
7.735 -81.579
7.737 -81.584
7.736 -81.588
7.738 -81.591
7.743 -81.586
7.746 -81.58
7.749 -81.58
7.75 -81.582
7.754 -81.578
7.753 -81.57
segment Panama
7.736 -81.517
7.737 -81.52
7.743 -81.522
7.749 -81.517
7.748 -81.514
7.745 -81.513
7.739 -81.514
7.736 -81.517
segment Panama
7.679 -81.629
7.685 -81.635
7.687 -81.634
7.691 -81.619
7.691 -81.616
7.688 -81.614
7.681 -81.619
7.681 -81.624
7.679 -81.629
segment Panama
7.632 -81.7
7.634 -81.705
7.632 -81.708
7.64 -81.716
7.642 -81.715
7.642 -81.709
7.645 -81.703
7.644 -81.698
7.64 -81.694
7.634 -81.697
7.632 -81.7
segment Panama
7.344 -81.755
7.347 -81.765
7.353 -81.772
7.356 -81.778
7.37 -81.787
7.384 -81.802
7.388 -81.804
7.401 -81.816
7.404 -81.82
7.406 -81.826
7.411 -81.829
7.418 -81.837
7.424 -81.847
7.425 -81.848
7.44 -81.862
7.448 -81.863
7.459 -81.858
7.461 -81.859
7.463 -81.865
7.468 -81.868
7.473 -81.872
7.484 -81.876
7.488 -81.879
7.487 -81.884
7.489 -81.886
7.499 -81.882
7.504 -81.885
7.51 -81.887
7.516 -81.891
7.518 -81.886
7.517 -81.885
7.515 -81.883
7.516 -81.878
7.512 -81.874
7.511 -81.87
7.516 -81.864
7.521 -81.859
7.536 -81.858
7.539 -81.856
7.539 -81.851
7.543 -81.845
7.547 -81.843
7.562 -81.843
7.569 -81.84
7.583 -81.832
7.587 -81.821
7.585 -81.818
7.586 -81.815
7.587 -81.813
7.591 -81.807
7.6 -81.799
7.607 -81.791
7.614 -81.788
7.617 -81.786
7.616 -81.78
7.619 -81.777
7.618 -81.768
7.614 -81.761
7.618 -81.758
7.622 -81.76
7.624 -81.763
7.628 -81.763
7.63 -81.768
7.637 -81.762
7.638 -81.759
7.635 -81.754
7.644 -81.751
7.644 -81.748
7.637 -81.747
7.632 -81.746
7.627 -81.737
7.628 -81.734
7.622 -81.731
7.62 -81.73
7.614 -81.731
7.594 -81.724
7.584 -81.728
7.563 -81.721
7.538 -81.709
7.535 -81.706
7.535 -81.7
7.534 -81.693
7.537 -81.681
7.514 -81.675
7.507 -81.676
7.496 -81.685
7.496 -81.692
7.486 -81.714
7.483 -81.718
7.464 -81.721
7.459 -81.723
7.445 -81.727
7.431 -81.724
7.428 -81.718
7.421 -81.713
7.417 -81.701
7.413 -81.7
7.402 -81.703
7.396 -81.701
7.389 -81.696
7.385 -81.695
7.384 -81.684
7.386 -81.68
7.386 -81.672
7.38 -81.668
7.379 -81.664
7.387 -81.653
7.387 -81.649
7.383 -81.647
7.376 -81.649
7.369 -81.664
7.367 -81.664
7.364 -81.659
7.37 -81.65
7.379 -81.64
7.383 -81.637
7.388 -81.641
7.39 -81.637
7.388 -81.63
7.384 -81.625
7.377 -81.622
7.374 -81.616
7.37 -81.613
7.369 -81.613
7.362 -81.611
7.356 -81.606
7.337 -81.602
7.332 -81.598
7.326 -81.589
7.321 -81.596
7.32 -81.6
7.323 -81.607
7.321 -81.613
7.321 -81.624
7.315 -81.636
7.317 -81.653
7.32 -81.658
7.323 -81.662
7.323 -81.67
7.333 -81.687
7.334 -81.697
7.332 -81.701
7.338 -81.707
7.34 -81.713
7.34 -81.724
7.342 -81.731
7.342 -81.738
7.344 -81.743
7.344 -81.755
segment Panama
7.477 -81.251
7.48 -81.256
7.484 -81.258
7.489 -81.257
7.494 -81.251
7.5 -81.242
7.501 -81.241
7.514 -81.226
7.518 -81.218
7.525 -81.203
7.526 -81.196
7.525 -81.183
7.53 -81.173
7.553 -81.158
7.564 -81.147
7.566 -81.14
7.567 -81.134
7.567 -81.124
7.574 -81.106
7.574 -81.094
7.576 -81.088
7.575 -81.084
7.575 -81.078
7.571 -81.068
7.572 -81.05
7.566 -81.046
7.567 -81.041
7.564 -81.041
7.563 -81.042
7.554 -81.054
7.552 -81.055
7.541 -81.059
7.536 -81.064
7.534 -81.071
7.528 -81.079
7.524 -81.087
7.525 -81.092
7.535 -81.104
7.537 -81.11
7.537 -81.116
7.54 -81.124
7.538 -81.129
7.536 -81.141
7.523 -81.149
7.519 -81.154
7.517 -81.155
7.508 -81.173
7.503 -81.179
7.488 -81.191
7.482 -81.204
7.483 -81.212
7.479 -81.223
7.48 -81.224
7.488 -81.224
7.491 -81.229
7.489 -81.235
7.477 -81.247
7.477 -81.251
segment Panama
7.543 -81.215
7.544 -81.218
7.544 -81.223
7.545 -81.225
7.556 -81.22
7.564 -81.219
7.567 -81.216
7.569 -81.209
7.567 -81.203
7.559 -81.194
7.557 -81.187
7.554 -81.187
7.549 -81.19
7.549 -81.197
7.546 -81.201
7.544 -81.208
7.545 -81.212
7.543 -81.215
segment Panama
7.475 -82.246
7.475 -82.243
7.474 -82.24
7.475 -82.239
7.475 -82.236
7.475 -82.234
7.471 -82.235
7.47 -82.234
7.469 -82.232
7.468 -82.23
7.467 -82.228
7.465 -82.229
7.465 -82.231
7.465 -82.232
7.464 -82.233
7.461 -82.234
7.461 -82.236
7.462 -82.238
7.463 -82.24
7.464 -82.243
7.465 -82.246
7.466 -82.247
7.468 -82.246
7.471 -82.246
7.475 -82.246
segment Panama
7.226 -81.803
7.226 -81.805
7.24 -81.813
7.246 -81.812
7.254 -81.813
7.253 -81.817
7.255 -81.819
7.263 -81.821
7.269 -81.826
7.284 -81.821
7.285 -81.82
7.286 -81.808
7.285 -81.8
7.287 -81.792
7.283 -81.791
7.282 -81.787
7.286 -81.773
7.283 -81.77
7.281 -81.772
7.265 -81.789
7.248 -81.794
7.236 -81.803
7.226 -81.803
segment Panama
7.2 -81.796
7.202 -81.803
7.205 -81.806
7.21 -81.804
7.216 -81.807
7.218 -81.806
7.219 -81.804
7.213 -81.799
7.209 -81.8
7.203 -81.796
7.2 -81.796
segment Panama
9.635 -79.569
9.637 -79.571
9.639 -79.571
9.64 -79.566
9.644 -79.561
9.644 -79.557
9.641 -79.557
9.636 -79.562
9.635 -79.569
segment Panama
9.621 -79.587
9.626 -79.588
9.629 -79.58
9.625 -79.58
9.621 -79.587
segment Panama
9.586 -78.88
9.586 -78.883
9.591 -78.888
9.593 -78.888
9.593 -78.881
9.589 -78.878
9.586 -78.88
segment Panama
9.507 -78.799
9.501 -78.805
9.499 -78.804
9.497 -78.805
9.496 -78.808
9.5 -78.81
9.503 -78.807
9.504 -78.809
9.507 -78.808
9.51 -78.805
9.508 -78.802
9.512 -78.795
9.507 -78.793
9.506 -78.798
9.507 -78.799
segment Panama
9.306 -78.243
9.313 -78.247
9.315 -78.246
9.315 -78.244
9.308 -78.236
9.305 -78.237
9.304 -78.239
9.306 -78.243
segment Panama
9.298 -78.237
9.301 -78.24
9.304 -78.238
9.304 -78.236
9.302 -78.235
9.299 -78.235
9.298 -78.236
9.298 -78.237
segment Panama
9.135 -77.928
9.135 -77.93
9.142 -77.938
9.145 -77.937
9.141 -77.929
9.135 -77.926
9.135 -77.928
segment Panama
8.997 -77.75
8.998 -77.759
9.007 -77.762
9.01 -77.759
9.01 -77.754
9.007 -77.748
9.003 -77.747
8.999 -77.748
8.997 -77.75
segment Panama
8.944 -79.127
8.958 -79.13
8.961 -79.129
8.952 -79.121
8.948 -79.123
8.944 -79.127
segment Panama
8.925 -77.719
8.93 -77.724
8.932 -77.728
8.94 -77.734
8.942 -77.731
8.939 -77.724
8.933 -77.718
8.928 -77.714
8.925 -77.716
8.925 -77.719
segment Panama
8.912 -77.707
8.916 -77.715
8.919 -77.716
8.921 -77.715
8.923 -77.705
8.918 -77.701
8.919 -77.699
8.916 -77.697
8.913 -77.699
8.912 -77.707
segment Panama
8.799 -79.516
8.801 -79.519
8.805 -79.52
8.808 -79.518
8.811 -79.512
8.811 -79.507
8.808 -79.505
8.803 -79.507
8.799 -79.511
8.799 -79.516
segment Panama
8.773 -79.546
8.778 -79.55
8.78 -79.561
8.778 -79.564
8.779 -79.567
8.785 -79.569
8.798 -79.567
8.801 -79.565
8.802 -79.562
8.8 -79.557
8.79 -79.55
8.784 -79.543
8.779 -79.542
8.774 -79.543
8.773 -79.546
segment Panama
8.771 -79.533
8.776 -79.535
8.783 -79.533
8.784 -79.531
8.783 -79.529
8.775 -79.529
8.771 -79.533
segment Panama
8.658 -79.05
8.662 -79.055
8.665 -79.057
8.668 -79.055
8.669 -79.052
8.667 -79.05
8.662 -79.046
8.659 -79.047
8.658 -79.05
segment Panama
8.608 -79.061
8.609 -79.064
8.614 -79.066
8.619 -79.07
8.627 -79.065
8.635 -79.064
8.637 -79.062
8.633 -79.057
8.625 -79.054
8.622 -79.05
8.618 -79.055
8.61 -79.058
8.608 -79.061
segment Panama
8.621 -79.041
8.624 -79.044
8.634 -79.034
8.633 -79.027
8.63 -79.025
8.628 -79.026
8.627 -79.03
8.622 -79.032
8.621 -79.041
segment Panama
8.591 -79.592
8.596 -79.598
8.592 -79.604
8.594 -79.607
8.605 -79.609
8.61 -79.608
8.614 -79.601
8.613 -79.599
8.605 -79.591
8.599 -79.59
8.592 -79.591
8.591 -79.592
segment Panama
8.581 -79.028
8.583 -79.03
8.593 -79.033
8.597 -79.031
8.593 -79.026
8.596 -79.023
8.591 -79.016
8.583 -79.022
8.581 -79.028
segment Panama
8.569 -79.59
8.572 -79.592
8.577 -79.594
8.583 -79.592
8.578 -79.585
8.574 -79.584
8.571 -79.585
8.569 -79.59
segment Panama
8.563 -79.023
8.564 -79.024
8.569 -79.024
8.572 -79.028
8.575 -79.027
8.576 -79.026
8.575 -79.018
8.576 -79.015
8.574 -79.013
8.564 -79.02
8.563 -79.023
segment Panama
8.523 -78.226
8.526 -78.224
8.524 -78.222
8.521 -78.221
8.517 -78.224
8.518 -78.227
8.523 -78.226
segment Panama
8.506 -79.046
8.508 -79.048
8.513 -79.047
8.519 -79.052
8.523 -79.051
8.524 -79.046
8.523 -79.04
8.519 -79.039
8.512 -79.041
8.506 -79.046
segment Panama
8.493 -79.024
8.496 -79.027
8.495 -79.029
8.499 -79.032
8.503 -79.04
8.505 -79.04
8.521 -79.029
8.521 -79.026
8.516 -79.025
8.512 -79.029
8.507 -79.028
8.502 -79.022
8.496 -79.021
8.493 -79.024
segment Panama
8.5 -79.051
8.495 -79.049
8.49 -79.054
8.481 -79.058
8.479 -79.061
8.48 -79.065
8.483 -79.066
8.488 -79.065
8.494 -79.068
8.496 -79.067
8.504 -79.056
8.504 -79.053
8.5 -79.051
segment Panama
8.48 -79.006
8.483 -79.01
8.486 -79.009
8.49 -79.003
8.489 -79.001
8.485 -79.003
8.481 -79.003
8.48 -79.006
segment Panama
8.443 -78.98
8.449 -78.982
8.453 -78.988
8.46 -78.99
8.463 -78.994
8.464 -79.001
8.462 -79.005
8.465 -79.009
8.466 -79.016
8.468 -79.019
8.471 -79.02
8.474 -79.017
8.472 -79.003
8.479 -78.997
8.479 -78.991
8.484 -78.986
8.49 -78.982
8.49 -78.978
8.486 -78.976
8.477 -78.981
8.476 -78.988
8.474 -78.992
8.467 -78.99
8.467 -78.988
8.463 -78.983
8.464 -78.977
8.459 -78.975
8.454 -78.979
8.444 -78.978
8.443 -78.98
segment Panama
8.434 -78.235
8.435 -78.238
8.437 -78.242
8.448 -78.246
8.454 -78.258
8.454 -78.264
8.457 -78.268
8.461 -78.27
8.466 -78.269
8.473 -78.263
8.477 -78.253
8.477 -78.248
8.476 -78.245
8.475 -78.242
8.47 -78.237
8.464 -78.235
8.444 -78.232
8.438 -78.232
8.434 -78.235
segment Panama
8.399 -78.963
8.41 -78.967
8.423 -78.967
8.428 -78.973
8.435 -78.968
8.435 -78.973
8.442 -78.975
8.456 -78.972
8.459 -78.969
8.46 -78.956
8.454 -78.945
8.455 -78.94
8.456 -78.938
8.46 -78.932
8.458 -78.928
8.458 -78.926
8.466 -78.927
8.467 -78.925
8.464 -78.922
8.467 -78.919
8.465 -78.915
8.469 -78.911
8.469 -78.906
8.461 -78.9
8.457 -78.895
8.457 -78.893
8.461 -78.892
8.468 -78.894
8.475 -78.894
8.475 -78.891
8.47 -78.882
8.466 -78.882
8.464 -78.88
8.465 -78.876
8.461 -78.873
8.458 -78.875
8.452 -78.872
8.455 -78.87
8.457 -78.87
8.457 -78.867
8.452 -78.862
8.445 -78.859
8.439 -78.86
8.433 -78.859
8.418 -78.863
8.423 -78.858
8.421 -78.857
8.411 -78.859
8.416 -78.855
8.409 -78.846
8.415 -78.845
8.416 -78.842
8.404 -78.838
8.401 -78.842
8.398 -78.839
8.392 -78.837
8.391 -78.832
8.396 -78.829
8.397 -78.825
8.39 -78.821
8.392 -78.818
8.391 -78.815
8.383 -78.814
8.383 -78.811
8.378 -78.81
8.372 -78.812
8.371 -78.815
8.372 -78.83
8.379 -78.834
8.385 -78.832
8.388 -78.832
8.384 -78.844
8.388 -78.852
8.387 -78.856
8.382 -78.85
8.378 -78.853
8.369 -78.846
8.367 -78.841
8.362 -78.84
8.354 -78.842
8.351 -78.84
8.349 -78.835
8.344 -78.832
8.342 -78.835
8.342 -78.841
8.339 -78.844
8.331 -78.845
8.323 -78.845
8.308 -78.854
8.304 -78.855
8.302 -78.852
8.298 -78.857
8.296 -78.862
8.297 -78.868
8.303 -78.874
8.303 -78.878
8.301 -78.886
8.302 -78.893
8.298 -78.899
8.301 -78.901
8.306 -78.9
8.314 -78.9
8.306 -78.907
8.299 -78.911
8.299 -78.913
8.301 -78.915
8.301 -78.92
8.296 -78.921
8.293 -78.921
8.295 -78.917
8.284 -78.921
8.276 -78.919
8.264 -78.921
8.26 -78.917
8.252 -78.912
8.237 -78.91
8.231 -78.908
8.226 -78.903
8.223 -78.903
8.223 -78.904
8.221 -78.907
8.222 -78.915
8.239 -78.929
8.238 -78.924
8.24 -78.923
8.243 -78.926
8.25 -78.927
8.269 -78.934
8.275 -78.931
8.278 -78.932
8.283 -78.936
8.277 -78.934
8.274 -78.936
8.275 -78.937
8.289 -78.947
8.294 -78.953
8.294 -78.955
8.294 -78.961
8.296 -78.966
8.305 -78.971
8.309 -78.971
8.315 -78.967
8.329 -78.966
8.329 -78.962
8.321 -78.962
8.314 -78.958
8.315 -78.956
8.323 -78.956
8.324 -78.953
8.321 -78.946
8.32 -78.939
8.322 -78.936
8.326 -78.947
8.33 -78.952
8.33 -78.956
8.334 -78.958
8.338 -78.957
8.345 -78.952
8.349 -78.957
8.354 -78.959
8.368 -78.972
8.379 -78.962
8.383 -78.962
8.39 -78.96
8.399 -78.963
segment Panama
8.439 -78.148
8.434 -78.15
8.434 -78.154
8.443 -78.156
8.445 -78.153
8.445 -78.147
8.439 -78.148
segment Panama
8.418 -78.158
8.42 -78.163
8.427 -78.167
8.44 -78.167
8.442 -78.163
8.441 -78.159
8.433 -78.157
8.424 -78.152
8.42 -78.153
8.418 -78.158
segment Panama
8.377 -79.086
8.382 -79.096
8.389 -79.1
8.389 -79.104
8.387 -79.109
8.389 -79.111
8.401 -79.115
8.401 -79.125
8.405 -79.127
8.415 -79.127
8.418 -79.126
8.42 -79.125
8.424 -79.118
8.429 -79.116
8.428 -79.112
8.426 -79.112
8.421 -79.114
8.418 -79.112
8.416 -79.1
8.41 -79.1
8.407 -79.098
8.404 -79.091
8.405 -79.089
8.417 -79.087
8.418 -79.082
8.415 -79.079
8.403 -79.082
8.392 -79.078
8.377 -79.083
8.377 -79.086
segment Panama
8.338 -78.34
8.341 -78.349
8.344 -78.353
8.347 -78.353
8.347 -78.348
8.339 -78.338
8.338 -78.34
segment Panama
8.208 -79.117
8.209 -79.123
8.212 -79.127
8.216 -79.129
8.222 -79.126
8.224 -79.127
8.223 -79.132
8.228 -79.133
8.24 -79.133
8.244 -79.138
8.24 -79.142
8.245 -79.144
8.25 -79.139
8.258 -79.136
8.256 -79.126
8.258 -79.122
8.259 -79.124
8.265 -79.129
8.275 -79.125
8.282 -79.129
8.284 -79.127
8.289 -79.127
8.298 -79.126
8.306 -79.124
8.317 -79.111
8.318 -79.105
8.314 -79.098
8.306 -79.095
8.291 -79.083
8.277 -79.081
8.276 -79.081
8.265 -79.073
8.264 -79.069
8.262 -79.066
8.259 -79.066
8.26 -79.076
8.255 -79.08
8.258 -79.088
8.259 -79.097
8.258 -79.1
8.254 -79.104
8.249 -79.106
8.24 -79.104
8.237 -79.1
8.233 -79.099
8.23 -79.1
8.226 -79.108
8.222 -79.11
8.217 -79.108
8.213 -79.11
8.212 -79.114
8.208 -79.117
segment Panama
8.269 -78.844
8.272 -78.847
8.273 -78.851
8.277 -78.854
8.279 -78.853
8.283 -78.847
8.283 -78.844
8.276 -78.839
8.269 -78.844
segment Panama
9.612 -82.859
9.615 -82.854
9.617 -82.841
9.616 -82.836
9.611 -82.832
9.603 -82.819
9.595 -82.81
9.6 -82.8
9.602 -82.792
9.602 -82.789
9.592 -82.774
9.583 -82.767
9.584 -82.76
9.584 -82.757
9.58 -82.748
9.578 -82.745
9.569 -82.742
9.568 -82.735
9.567 -82.73
9.565 -82.73
9.56 -82.731
9.555 -82.733
9.541 -82.715
9.542 -82.713
9.552 -82.71
9.544 -82.705
9.541 -82.699
9.537 -82.697
9.534 -82.699
9.53 -82.706
9.521 -82.697
9.511 -82.697
9.509 -82.694
9.509 -82.68
9.51 -82.678
9.511 -82.673
9.506 -82.672
9.503 -82.67
9.505 -82.668
9.508 -82.665
9.513 -82.657
9.513 -82.655
9.501 -82.649
9.496 -82.644
9.496 -82.638
9.501 -82.634
9.502 -82.63
9.502 -82.626
9.499 -82.615
9.502 -82.612
9.512 -82.607
9.521 -82.602
9.532 -82.599
9.543 -82.602
9.548 -82.604
9.554 -82.605
9.557 -82.604
9.562 -82.6
9.562 -82.593
9.562 -82.586
9.561 -82.58
9.557 -82.575
9.549 -82.57
9.543 -82.567
9.541 -82.564
9.541 -82.561
9.541 -82.557
9.545 -82.556
9.56 -82.561
9.567 -82.563
9.54 -82.531
9.538 -82.53
9.532 -82.534
9.525 -82.53
9.524 -82.526
9.527 -82.522
9.522 -82.516
9.518 -82.513
9.515 -82.508
9.516 -82.506
9.51 -82.498
9.496 -82.48
9.482 -82.468
9.467 -82.447
9.463 -82.438
9.46 -82.437
9.451 -82.426
9.421 -82.39
9.417 -82.383
9.415 -82.374
9.419 -82.365
9.421 -82.36
9.431 -82.352
9.429 -82.344
9.425 -82.343
9.42 -82.345
9.412 -82.351
9.406 -82.354
9.396 -82.357
9.383 -82.353
9.38 -82.355
9.379 -82.358
9.374 -82.362
9.377 -82.369
9.372 -82.367
9.371 -82.371
9.37 -82.374
9.367 -82.378
9.34 -82.389
9.336 -82.389
9.324 -82.377
9.315 -82.363
9.308 -82.356
9.304 -82.349
9.299 -82.347
9.294 -82.349
9.293 -82.355
9.29 -82.359
9.282 -82.363
9.282 -82.365
9.282 -82.367
9.276 -82.369
9.286 -82.395
9.283 -82.396
9.274 -82.393
9.271 -82.394
9.271 -82.398
9.27 -82.398
9.267 -82.396
9.263 -82.398
9.26 -82.392
9.256 -82.389
9.256 -82.384
9.25 -82.379
9.251 -82.374
9.245 -82.365
9.241 -82.37
9.233 -82.372
9.227 -82.37
9.226 -82.37
9.223 -82.366
9.219 -82.368
9.217 -82.367
9.214 -82.358
9.212 -82.357
9.211 -82.36
9.21 -82.36
9.207 -82.358
9.192 -82.335
9.187 -82.322
9.186 -82.314
9.187 -82.311
9.2 -82.316
9.202 -82.314
9.197 -82.306
9.197 -82.298
9.193 -82.294
9.195 -82.292
9.196 -82.292
9.196 -82.289
9.199 -82.286
9.206 -82.293
9.214 -82.297
9.219 -82.297
9.222 -82.293
9.22 -82.289
9.218 -82.289
9.214 -82.29
9.209 -82.282
9.207 -82.281
9.203 -82.282
9.199 -82.279
9.191 -82.275
9.187 -82.282
9.182 -82.277
9.182 -82.268
9.177 -82.265
9.178 -82.257
9.186 -82.251
9.189 -82.251
9.19 -82.251
9.198 -82.259
9.202 -82.261
9.199 -82.254
9.206 -82.256
9.209 -82.256
9.21 -82.254
9.21 -82.251
9.207 -82.247
9.2 -82.247
9.197 -82.243
9.195 -82.248
9.185 -82.239
9.184 -82.231
9.192 -82.224
9.194 -82.223
9.201 -82.228
9.211 -82.231
9.215 -82.231
9.22 -82.224
9.22 -82.223
9.226 -82.222
9.225 -82.216
9.224 -82.215
9.216 -82.221
9.207 -82.217
9.207 -82.212
9.214 -82.209
9.214 -82.204
9.211 -82.202
9.207 -82.205
9.203 -82.206
9.198 -82.196
9.193 -82.195
9.192 -82.193
9.186 -82.192
9.187 -82.188
9.191 -82.187
9.193 -82.183
9.194 -82.175
9.19 -82.176
9.184 -82.184
9.18 -82.185
9.174 -82.187
9.172 -82.183
9.165 -82.18
9.163 -82.175
9.16 -82.175
9.157 -82.176
9.157 -82.171
9.155 -82.171
9.149 -82.177
9.144 -82.185
9.145 -82.19
9.149 -82.195
9.154 -82.197
9.157 -82.205
9.165 -82.209
9.164 -82.217
9.16 -82.221
9.168 -82.235
9.169 -82.24
9.169 -82.241
9.168 -82.244
9.169 -82.248
9.165 -82.251
9.165 -82.259
9.162 -82.261
9.156 -82.255
9.153 -82.256
9.151 -82.258
9.152 -82.265
9.15 -82.27
9.146 -82.274
9.139 -82.276
9.134 -82.275
9.132 -82.273
9.132 -82.267
9.13 -82.266
9.119 -82.273
9.116 -82.271
9.109 -82.26
9.109 -82.273
9.111 -82.277
9.104 -82.28
9.101 -82.28
9.092 -82.27
9.088 -82.259
9.083 -82.253
9.086 -82.25
9.086 -82.248
9.084 -82.246
9.075 -82.249
9.06 -82.248
9.044 -82.251
9.037 -82.251
9.031 -82.246
9.028 -82.248
9.025 -82.251
9.021 -82.253
9.014 -82.253
9.012 -82.255
9.013 -82.267
9.011 -82.269
9.009 -82.267
9.009 -82.256
9.007 -82.254
8.999 -82.251
8.996 -82.246
8.996 -82.243
8.999 -82.228
8.998 -82.224
8.99 -82.22
8.986 -82.214
8.986 -82.204
8.99 -82.193
8.997 -82.189
8.997 -82.185
8.996 -82.183
8.992 -82.177
8.992 -82.167
8.991 -82.163
8.985 -82.158
8.984 -82.153
8.988 -82.141
8.98 -82.136
8.973 -82.134
8.967 -82.136
8.964 -82.134
8.959 -82.127
8.953 -82.125
8.947 -82.119
8.938 -82.116
8.93 -82.115
8.928 -82.112
8.928 -82.096
8.926 -82.091
8.925 -82.089
8.923 -82.092
8.921 -82.091
8.92 -82.086
8.923 -82.084
8.924 -82.074
8.932 -82.071
8.933 -82.068
8.93 -82.061
8.932 -82.058
8.938 -82.057
8.94 -82.053
8.939 -82.047
8.941 -82.041
8.946 -82.036
8.946 -82.032
8.951 -82.021
8.954 -82.008
8.953 -82.001
8.957 -82
8.956 -81.997
8.952 -81.992
8.942 -81.986
8.94 -81.983
8.938 -81.968
8.935 -81.967
8.929 -81.975
8.927 -81.974
8.93 -81.957
8.941 -81.943
8.947 -81.932
8.955 -81.924
8.964 -81.921
8.976 -81.924
8.979 -81.923
8.977 -81.917
8.979 -81.916
8.985 -81.917
8.989 -81.916
8.988 -81.914
8.983 -81.909
8.98 -81.897
8.975 -81.891
8.973 -81.892
8.974 -81.898
8.972 -81.899
8.97 -81.898
8.966 -81.896
8.962 -81.896
8.959 -81.899
8.957 -81.897
8.96 -81.885
8.962 -81.868
8.965 -81.862
8.965 -81.856
8.96 -81.848
8.96 -81.827
8.957 -81.821
8.946 -81.812
8.945 -81.819
8.942 -81.819
8.939 -81.812
8.94 -81.803
8.938 -81.794
8.94 -81.791
8.948 -81.782
8.963 -81.774
8.978 -81.769
8.987 -81.774
8.996 -81.773
9.004 -81.777
9.011 -81.784
9.014 -81.795
9.017 -81.804
9.028 -81.829
9.039 -81.842
9.049 -81.849
9.056 -81.858
9.061 -81.86
9.069 -81.86
9.075 -81.863
9.078 -81.869
9.085 -81.872
9.094 -81.88
9.097 -81.885
9.102 -81.889
9.104 -81.891
9.107 -81.897
9.115 -81.907
9.117 -81.915
9.124 -81.921
9.137 -81.943
9.142 -81.945
9.151 -81.941
9.152 -81.939
9.15 -81.938
9.145 -81.939
9.143 -81.937
9.142 -81.934
9.144 -81.93
9.15 -81.923
9.151 -81.918
9.142 -81.911
9.139 -81.909
9.139 -81.905
9.147 -81.901
9.147 -81.898
9.139 -81.885
9.14 -81.879
9.15 -81.879
9.151 -81.876
9.151 -81.871
9.154 -81.868
9.157 -81.87
9.162 -81.887
9.163 -81.899
9.16 -81.904
9.163 -81.91
9.17 -81.913
9.173 -81.917
9.176 -81.918
9.177 -81.917
9.181 -81.916
9.183 -81.916
9.186 -81.914
9.187 -81.904
9.186 -81.897
9.187 -81.889
9.184 -81.879
9.177 -81.871
9.17 -81.864
9.159 -81.858
9.145 -81.846
9.14 -81.84
9.138 -81.832
9.13 -81.823
9.13 -81.822
9.126 -81.814
9.122 -81.818
9.119 -81.824
9.119 -81.841
9.118 -81.845
9.116 -81.844
9.113 -81.837
9.109 -81.835
9.102 -81.835
9.099 -81.83
9.095 -81.827
9.088 -81.826
9.074 -81.821
9.072 -81.822
9.069 -81.827
9.067 -81.826
9.065 -81.822
9.067 -81.813
9.072 -81.809
9.076 -81.804
9.068 -81.804
9.069 -81.781
9.063 -81.771
9.064 -81.763
9.062 -81.759
9.047 -81.747
9.038 -81.733
9.035 -81.724
9.032 -81.719
9.027 -81.716
9.02 -81.714
9.019 -81.714
9.009 -81.715
9.009 -81.709
8.995 -81.7
8.969 -81.676
8.945 -81.66
8.941 -81.658
8.923 -81.64
8.895 -81.619
8.866 -81.591
8.849 -81.578
8.824 -81.55
8.81 -81.533
8.8 -81.516
8.797 -81.509
8.796 -81.507
8.795 -81.49
8.8 -81.47
8.793 -81.447
8.789 -81.417
8.794 -81.396
8.791 -81.385
8.787 -81.37
8.777 -81.356
8.777 -81.35
8.777 -81.329
8.78 -81.321
8.78 -81.313
8.778 -81.307
8.776 -81.296
8.777 -81.288
8.784 -81.28
8.79 -81.263
8.792 -81.232
8.79 -81.226
8.783 -81.21
8.783 -81.199
8.789 -81.178
8.792 -81.173
8.794 -81.143
8.801 -81.12
8.804 -81.087
8.806 -81.082
8.808 -81.073
8.818 -81.057
8.82 -81.046
8.822 -81.036
8.826 -81.029
8.835 -80.997
8.837 -80.984
8.839 -80.979
8.841 -80.966
8.858 -80.946
8.863 -80.922
8.868 -80.91
8.876 -80.902
8.879 -80.895
8.882 -80.874
8.881 -80.846
8.884 -80.834
8.888 -80.827
8.907 -80.81
8.935 -80.793
8.949 -80.779
8.957 -80.773
8.972 -80.768
8.978 -80.763
8.981 -80.758
8.985 -80.751
8.996 -80.741
9.002 -80.729
9.006 -80.71
9.008 -80.705
9.014 -80.701
9.021 -80.699
9.024 -80.696
9.023 -80.69
9.024 -80.685
9.028 -80.677
9.043 -80.663
9.055 -80.644
9.057 -80.635
9.061 -80.63
9.065 -80.617
9.071 -80.612
9.073 -80.599
9.08 -80.591
9.082 -80.581
9.082 -80.579
9.093 -80.562
9.095 -80.554
9.1 -80.547
9.1 -80.545
9.103 -80.538
9.111 -80.531
9.111 -80.519
9.118 -80.507
9.118 -80.497
9.121 -80.489
9.118 -80.483
9.119 -80.474
9.121 -80.469
9.128 -80.464
9.13 -80.455
9.127 -80.445
9.134 -80.432
9.138 -80.423
9.143 -80.418
9.146 -80.412
9.147 -80.398
9.146 -80.389
9.149 -80.373
9.148 -80.364
9.149 -80.359
9.154 -80.354
9.153 -80.344
9.156 -80.337
9.157 -80.328
9.16 -80.324
9.16 -80.319
9.159 -80.313
9.156 -80.303
9.158 -80.297
9.172 -80.286
9.17 -80.267
9.174 -80.252
9.188 -80.235
9.191 -80.229
9.192 -80.216
9.2 -80.197
9.2 -80.193
9.198 -80.185
9.207 -80.166
9.209 -80.155
9.217 -80.133
9.232 -80.094
9.236 -80.091
9.25 -80.082
9.261 -80.069
9.299 -80.037
9.307 -80.027
9.317 -80.022
9.323 -80.007
9.326 -80.006
9.333 -80.003
9.334 -80
9.338 -79.995
9.348 -79.988
9.363 -79.981
9.372 -79.963
9.373 -79.95
9.384 -79.932
9.389 -79.923
9.391 -79.911
9.384 -79.893
9.387 -79.885
9.39 -79.886
9.392 -79.885
9.392 -79.883
9.389 -79.879
9.382 -79.877
9.383 -79.874
9.385 -79.873
9.394 -79.878
9.396 -79.88
9.4 -79.877
9.406 -79.874
9.408 -79.871
9.408 -79.861
9.402 -79.858
9.394 -79.857
9.393 -79.849
9.387 -79.848
9.389 -79.846
9.388 -79.843
9.382 -79.841
9.383 -79.837
9.381 -79.834
9.395 -79.828
9.399 -79.821
9.399 -79.817
9.393 -79.814
9.388 -79.817
9.384 -79.817
9.383 -79.811
9.375 -79.806
9.377 -79.805
9.384 -79.8
9.392 -79.803
9.404 -79.813
9.408 -79.814
9.415 -79.812
9.421 -79.805
9.424 -79.8
9.43 -79.796
9.434 -79.796
9.434 -79.791
9.44 -79.788
9.442 -79.788
9.442 -79.786
9.446 -79.778
9.445 -79.771
9.449 -79.765
9.448 -79.756
9.45 -79.751
9.46 -79.744
9.469 -79.74
9.475 -79.74
9.476 -79.732
9.48 -79.729
9.484 -79.73
9.488 -79.728
9.491 -79.721
9.502 -79.705
9.512 -79.696
9.527 -79.689
9.534 -79.684
9.536 -79.674
9.539 -79.671
9.548 -79.679
9.551 -79.68
9.554 -79.677
9.554 -79.669
9.562 -79.659
9.567 -79.657
9.57 -79.66
9.565 -79.666
9.565 -79.667
9.564 -79.673
9.562 -79.677
9.565 -79.68
9.57 -79.683
9.572 -79.681
9.574 -79.673
9.583 -79.664
9.598 -79.653
9.598 -79.647
9.606 -79.636
9.611 -79.637
9.615 -79.635
9.617 -79.633
9.616 -79.626
9.616 -79.609
9.619 -79.604
9.619 -79.603
9.619 -79.602
9.611 -79.587
9.618 -79.579
9.624 -79.569
9.624 -79.564
9.63 -79.557
9.638 -79.541
9.635 -79.536
9.628 -79.538
9.619 -79.534
9.617 -79.53
9.613 -79.528
9.611 -79.525
9.608 -79.527
9.606 -79.533
9.603 -79.536
9.602 -79.541
9.602 -79.543
9.599 -79.545
9.596 -79.544
9.596 -79.541
9.598 -79.529
9.597 -79.526
9.595 -79.525
9.589 -79.527
9.58 -79.525
9.581 -79.519
9.592 -79.514
9.598 -79.514
9.594 -79.509
9.595 -79.503
9.589 -79.497
9.59 -79.493
9.595 -79.486
9.595 -79.482
9.587 -79.481
9.584 -79.479
9.587 -79.472
9.588 -79.47
9.597 -79.467
9.604 -79.471
9.607 -79.469
9.607 -79.461
9.6 -79.458
9.599 -79.448
9.6 -79.445
9.607 -79.443
9.607 -79.44
9.6 -79.438
9.594 -79.43
9.593 -79.426
9.595 -79.42
9.588 -79.411
9.589 -79.401
9.582 -79.388
9.583 -79.386
9.585 -79.382
9.585 -79.378
9.581 -79.369
9.579 -79.359
9.583 -79.355
9.577 -79.348
9.577 -79.344
9.583 -79.337
9.584 -79.332
9.577 -79.321
9.572 -79.31
9.569 -79.301
9.569 -79.295
9.571 -79.292
9.569 -79.285
9.57 -79.279
9.564 -79.272
9.56 -79.261
9.559 -79.254
9.553 -79.242
9.55 -79.233
9.552 -79.215
9.547 -79.208
9.543 -79.198
9.543 -79.196
9.554 -79.176
9.557 -79.172
9.558 -79.166
9.556 -79.161
9.553 -79.16
9.547 -79.161
9.545 -79.158
9.552 -79.152
9.557 -79.155
9.561 -79.153
9.563 -79.146
9.557 -79.134
9.557 -79.127
9.559 -79.116
9.557 -79.101
9.559 -79.096
9.559 -79.082
9.564 -79.069
9.563 -79.049
9.565 -79.043
9.567 -79.022
9.567 -79.021
9.566 -79.003
9.562 -78.992
9.563 -78.98
9.565 -78.976
9.564 -78.972
9.558 -78.968
9.546 -78.978
9.55 -78.988
9.549 -78.994
9.546 -78.999
9.542 -78.995
9.54 -78.992
9.538 -78.992
9.535 -78.995
9.534 -79
9.537 -79.009
9.538 -79.014
9.539 -79.033
9.542 -79.039
9.537 -79.043
9.536 -79.049
9.532 -79.056
9.52 -79.068
9.509 -79.073
9.501 -79.068
9.495 -79.068
9.484 -79.071
9.466 -79.063
9.464 -79.062
9.46 -79.066
9.453 -79.068
9.448 -79.063
9.443 -79.053
9.442 -79.048
9.447 -79.041
9.453 -79.028
9.452 -79.025
9.446 -79.016
9.446 -79.002
9.449 -78.994
9.455 -78.985
9.456 -78.979
9.453 -78.975
9.458 -78.967
9.458 -78.962
9.456 -78.956
9.456 -78.948
9.447 -78.935
9.447 -78.931
9.45 -78.922
9.445 -78.917
9.444 -78.913
9.441 -78.91
9.437 -78.913
9.439 -78.923
9.438 -78.924
9.434 -78.923
9.427 -78.916
9.425 -78.912
9.423 -78.895
9.426 -78.888
9.422 -78.882
9.426 -78.876
9.421 -78.87
9.421 -78.863
9.425 -78.855
9.43 -78.852
9.439 -78.846
9.442 -78.84
9.441 -78.835
9.436 -78.832
9.434 -78.828
9.433 -78.823
9.436 -78.815
9.435 -78.798
9.44 -78.793
9.449 -78.79
9.451 -78.787
9.452 -78.776
9.446 -78.772
9.446 -78.758
9.451 -78.748
9.453 -78.744
9.459 -78.736
9.459 -78.729
9.451 -78.726
9.45 -78.724
9.449 -78.716
9.441 -78.714
9.442 -78.706
9.437 -78.702
9.438 -78.695
9.442 -78.691
9.435 -78.68
9.43 -78.663
9.431 -78.657
9.435 -78.653
9.436 -78.65
9.431 -78.641
9.431 -78.636
9.431 -78.632
9.43 -78.627
9.424 -78.62
9.422 -78.612
9.424 -78.607
9.423 -78.598
9.426 -78.593
9.44 -78.58
9.441 -78.577
9.441 -78.566
9.443 -78.562
9.434 -78.548
9.433 -78.54
9.426 -78.533
9.423 -78.522
9.42 -78.517
9.418 -78.512
9.42 -78.505
9.415 -78.5
9.415 -78.489
9.412 -78.486
9.412 -78.477
9.409 -78.474
9.404 -78.477
9.404 -78.481
9.4 -78.484
9.397 -78.481
9.391 -78.479
9.39 -78.475
9.393 -78.471
9.392 -78.466
9.395 -78.46
9.39 -78.448
9.39 -78.441
9.389 -78.436
9.384 -78.431
9.375 -78.43
9.372 -78.424
9.368 -78.42
9.369 -78.412
9.364 -78.409
9.362 -78.401
9.364 -78.392
9.355 -78.383
9.35 -78.381
9.348 -78.377
9.343 -78.359
9.344 -78.347
9.34 -78.343
9.339 -78.34
9.338 -78.335
9.326 -78.316
9.325 -78.315
9.317 -78.308
9.317 -78.296
9.315 -78.291
9.306 -78.289
9.304 -78.287
9.305 -78.282
9.31 -78.277
9.303 -78.268
9.305 -78.263
9.305 -78.258
9.299 -78.252
9.293 -78.243
9.292 -78.238
9.285 -78.234
9.285 -78.227
9.278 -78.22
9.277 -78.217
9.275 -78.211
9.273 -78.192
9.278 -78.181
9.278 -78.178
9.273 -78.169
9.272 -78.161
9.265 -78.152
9.263 -78.138
9.26 -78.128
9.261 -78.12
9.258 -78.114
9.258 -78.111
9.251 -78.109
9.249 -78.103
9.239 -78.079
9.24 -78.073
9.235 -78.064
9.237 -78.05
9.237 -78.045
9.232 -78.039
9.223 -78.036
9.218 -78.032
9.216 -78.022
9.212 -78.016
9.201 -78.005
9.198 -78.004
9.194 -78.003
9.188 -77.995
9.189 -77.987
9.193 -77.982
9.193 -77.979
9.184 -77.979
9.176 -77.975
9.173 -77.971
9.174 -77.964
9.171 -77.957
9.165 -77.95
9.16 -77.948
9.154 -77.948
9.16 -77.958
9.158 -77.961
9.154 -77.96
9.15 -77.957
9.149 -77.95
9.147 -77.945
9.135 -77.94
9.122 -77.928
9.12 -77.922
9.112 -77.918
9.11 -77.911
9.102 -77.9
9.097 -77.897
9.096 -77.891
9.095 -77.89
9.088 -77.896
9.086 -77.895
9.084 -77.89
9.083 -77.889
9.088 -77.89
9.09 -77.889
9.09 -77.886
9.085 -77.884
9.079 -77.887
9.067 -77.871
9.062 -77.872
9.059 -77.869
9.064 -77.867
9.06 -77.862
9.063 -77.861
9.066 -77.863
9.076 -77.863
9.079 -77.87
9.084 -77.872
9.089 -77.869
9.098 -77.872
9.103 -77.875
9.108 -77.872
9.112 -77.877
9.113 -77.876
9.115 -77.875
9.115 -77.872
9.105 -77.86
9.091 -77.852
9.086 -77.846
9.076 -77.841
9.051 -77.807
9.046 -77.806
9.036 -77.807
9.029 -77.806
9.025 -77.801
9.008 -77.774
9.004 -77.772
9.003 -77.782
8.999 -77.784
8.997 -77.783
9.001 -77.77
9 -77.768
8.995 -77.774
8.991 -77.772
8.988 -77.764
8.987 -77.762
8.979 -77.757
8.977 -77.761
8.973 -77.766
8.974 -77.756
8.967 -77.749
8.965 -77.743
8.961 -77.741
8.957 -77.742
8.958 -77.748
8.961 -77.757
8.959 -77.763
8.952 -77.763
8.949 -77.763
8.938 -77.752
8.933 -77.745
8.917 -77.733
8.907 -77.73
8.9 -77.724
8.886 -77.716
8.88 -77.705
8.881 -77.7
8.879 -77.699
8.869 -77.698
8.867 -77.696
8.865 -77.691
8.862 -77.687
8.859 -77.68
8.849 -77.669
8.84 -77.661
8.839 -77.655
8.837 -77.654
8.829 -77.654
8.824 -77.652
8.822 -77.649
8.815 -77.645
8.814 -77.641
8.819 -77.639
8.82 -77.636
8.812 -77.626
8.811 -77.621
8.825 -77.629
8.829 -77.632
8.835 -77.638
8.845 -77.638
8.844 -77.634
8.838 -77.63
8.831 -77.621
8.825 -77.616
8.818 -77.615
8.815 -77.612
8.815 -77.605
8.812 -77.6
8.806 -77.597
8.801 -77.593
8.796 -77.582
8.79 -77.577
8.784 -77.575
8.775 -77.582
8.772 -77.582
8.768 -77.578
8.761 -77.575
8.759 -77.569
8.761 -77.566
8.762 -77.566
8.761 -77.559
8.771 -77.555
8.772 -77.55
8.77 -77.545
8.766 -77.542
8.751 -77.537
8.747 -77.538
8.743 -77.541
8.727 -77.549
8.722 -77.555
8.72 -77.555
8.714 -77.55
8.706 -77.546
8.704 -77.542
8.703 -77.535
8.697 -77.526
8.674 -77.477
8.664 -77.45
8.667 -77.431
8.666 -77.428
8.671 -77.423
8.677 -77.408
8.684 -77.403
8.684 -77.398
8.68 -77.388
8.671 -77.376
8.672 -77.368
8.675 -77.366
8.684 -77.367
8.687 -77.364
8.687 -77.361
8.681 -77.357
8.675 -77.355
8.666 -77.36
8.654 -77.357
8.651 -77.36
8.646 -77.386
8.643 -77.394
8.636 -77.396
8.624 -77.394
8.614 -77.395
8.601 -77.403
8.596 -77.405
8.571 -77.422
8.524 -77.447
8.518 -77.445
8.513 -77.444
8.499 -77.433
8.49 -77.429
8.486 -77.43
8.479 -77.438
8.478 -77.441
8.476 -77.442
8.474 -77.443
8.473 -77.442
8.472 -77.439
8.473 -77.435
8.474 -77.429
8.474 -77.423
8.475 -77.418
8.475 -77.415
8.472 -77.401
8.464 -77.39
8.455 -77.385
8.443 -77.378
8.426 -77.362
8.419 -77.36
8.402 -77.354
8.392 -77.346
8.373 -77.334
8.367 -77.333
8.351 -77.34
8.334 -77.342
8.329 -77.341
8.315 -77.336
8.306 -77.329
8.297 -77.323
8.285 -77.322
8.273 -77.321
8.262 -77.307
8.252 -77.3
8.242 -77.297
8.232 -77.298
8.227 -77.294
8.226 -77.285
8.22 -77.264
8.215 -77.258
8.189 -77.247
8.18 -77.244
8.161 -77.246
8.156 -77.244
8.143 -77.227
8.129 -77.229
8.111 -77.224
8.098 -77.219
8.088 -77.218
8.081 -77.22
8.055 -77.226
8.037 -77.222
8.024 -77.217
8.005 -77.199
8.001 -77.197
8 -77.197
7.992 -77.195
7.985 -77.183
7.98 -77.179
7.974 -77.179
7.963 -77.186
7.955 -77.185
7.941 -77.176
7.934 -77.174
7.926 -77.177
7.923 -77.181
7.926 -77.199
7.926 -77.204
7.921 -77.22
7.924 -77.234
7.923 -77.244
7.921 -77.255
7.922 -77.264
7.919 -77.273
7.914 -77.283
7.915 -77.298
7.912 -77.314
7.909 -77.321
7.903 -77.327
7.891 -77.338
7.874 -77.35
7.866 -77.352
7.85 -77.353
7.843 -77.353
7.825 -77.349
7.797 -77.336
7.785 -77.327
7.761 -77.315
7.751 -77.313
7.74 -77.317
7.735 -77.326
7.734 -77.341
7.733 -77.358
7.731 -77.364
7.723 -77.374
7.727 -77.394
7.725 -77.4
7.72 -77.407
7.718 -77.42
7.715 -77.425
7.699 -77.432
7.694 -77.436
7.685 -77.449
7.677 -77.45
7.669 -77.45
7.66 -77.453
7.657 -77.467
7.654 -77.472
7.647 -77.479
7.638 -77.478
7.624 -77.483
7.614 -77.489
7.598 -77.495
7.59 -77.503
7.579 -77.518
7.568 -77.53
7.562 -77.534
7.545 -77.542
7.536 -77.547
7.53 -77.552
7.517 -77.568
7.508 -77.575
7.507 -77.579
7.516 -77.589
7.52 -77.598
7.538 -77.611
7.546 -77.618
7.576 -77.627
7.585 -77.635
7.603 -77.64
7.649 -77.658
7.674 -77.672
7.706 -77.7
7.717 -77.707
7.727 -77.718
7.729 -77.723
7.73 -77.727
7.729 -77.736
7.724 -77.744
7.715 -77.748
7.663 -77.756
7.649 -77.764
7.646 -77.767
7.637 -77.769
7.625 -77.764
7.601 -77.749
7.581 -77.745
7.539 -77.724
7.524 -77.72
7.508 -77.719
7.496 -77.724
7.481 -77.742
7.465 -77.758
7.46 -77.767
7.455 -77.784
7.457 -77.792
7.467 -77.803
7.459 -77.809
7.444 -77.812
7.402 -77.826
7.386 -77.831
7.32 -77.854
7.275 -77.869
7.254 -77.876
7.226 -77.886
7.221 -77.887
7.238 -77.907
7.244 -77.918
7.256 -77.931
7.259 -77.937
7.27 -77.95
7.281 -77.958
7.282 -77.96
7.289 -77.968
7.294 -77.978
7.303 -77.992
7.307 -77.995
7.312 -77.994
7.325 -78
7.341 -78.021
7.344 -78.023
7.357 -78.028
7.365 -78.024
7.376 -78.023
7.385 -78.023
7.389 -78.025
7.395 -78.033
7.391 -78.035
7.39 -78.04
7.393 -78.042
7.401 -78.044
7.409 -78.042
7.427 -78.045
7.428 -78.047
7.427 -78.062
7.423 -78.065
7.421 -78.071
7.44 -78.088
7.443 -78.091
7.445 -78.097
7.444 -78.101
7.455 -78.113
7.457 -78.117
7.46 -78.121
7.479 -78.132
7.485 -78.131
7.49 -78.133
7.494 -78.139
7.502 -78.146
7.507 -78.156
7.513 -78.163
7.516 -78.165
7.523 -78.161
7.525 -78.161
7.527 -78.162
7.524 -78.168
7.531 -78.171
7.527 -78.174
7.518 -78.175
7.513 -78.179
7.513 -78.182
7.523 -78.187
7.531 -78.186
7.535 -78.189
7.54 -78.188
7.539 -78.184
7.552 -78.178
7.56 -78.181
7.57 -78.178
7.577 -78.18
7.587 -78.192
7.58 -78.196
7.579 -78.197
7.582 -78.201
7.579 -78.204
7.568 -78.203
7.56 -78.205
7.558 -78.206
7.559 -78.209
7.577 -78.213
7.583 -78.211
7.592 -78.201
7.608 -78.203
7.62 -78.213
7.629 -78.223
7.637 -78.229
7.639 -78.231
7.644 -78.239
7.652 -78.24
7.657 -78.242
7.672 -78.259
7.674 -78.262
7.667 -78.269
7.667 -78.272
7.669 -78.275
7.673 -78.277
7.684 -78.276
7.691 -78.282
7.688 -78.295
7.69 -78.297
7.698 -78.299
7.715 -78.289
7.723 -78.288
7.732 -78.286
7.75 -78.288
7.79 -78.309
7.817 -78.329
7.835 -78.338
7.845 -78.343
7.866 -78.349
7.883 -78.36
7.899 -78.377
7.904 -78.388
7.915 -78.399
7.919 -78.401
7.936 -78.405
7.94 -78.406
7.97 -78.421
7.975 -78.422
7.987 -78.424
8 -78.419
8.014 -78.419
8.018 -78.42
8.02 -78.424
8.025 -78.427
8.025 -78.431
8.029 -78.434
8.034 -78.434
8.052 -78.444
8.062 -78.446
8.072 -78.445
8.089 -78.438
8.092 -78.431
8.101 -78.427
8.106 -78.421
8.11 -78.411
8.11 -78.406
8.104 -78.404
8.09 -78.409
8.082 -78.406
8.075 -78.413
8.072 -78.413
8.071 -78.411
8.071 -78.399
8.069 -78.391
8.069 -78.382
8.074 -78.369
8.072 -78.364
8.069 -78.353
8.067 -78.339
8.067 -78.324
8.07 -78.317
8.082 -78.306
8.083 -78.299
8.08 -78.289
8.081 -78.282
8.09 -78.295
8.092 -78.294
8.1 -78.286
8.107 -78.273
8.114 -78.266
8.127 -78.263
8.132 -78.259
8.139 -78.251
8.173 -78.25
8.182 -78.247
8.186 -78.248
8.187 -78.253
8.197 -78.26
8.198 -78.268
8.2 -78.272
8.202 -78.273
8.211 -78.277
8.219 -78.29
8.225 -78.291
8.239 -78.305
8.252 -78.309
8.255 -78.308
8.252 -78.301
8.258 -78.295
8.257 -78.293
8.251 -78.291
8.25 -78.288
8.257 -78.276
8.262 -78.271
8.27 -78.268
8.271 -78.268
8.274 -78.268
8.274 -78.272
8.279 -78.275
8.281 -78.279
8.283 -78.281
8.286 -78.28
8.284 -78.265
8.286 -78.263
8.292 -78.264
8.295 -78.262
8.295 -78.258
8.289 -78.252
8.274 -78.242
8.271 -78.236
8.272 -78.23
8.272 -78.229
8.269 -78.226
8.269 -78.222
8.275 -78.219
8.276 -78.213
8.277 -78.21
8.283 -78.207
8.283 -78.206
8.284 -78.203
8.277 -78.192
8.272 -78.188
8.27 -78.183
8.274 -78.182
8.282 -78.187
8.289 -78.187
8.288 -78.192
8.285 -78.194
8.293 -78.198
8.296 -78.197
8.302 -78.188
8.306 -78.187
8.316 -78.192
8.318 -78.192
8.319 -78.189
8.322 -78.187
8.334 -78.191
8.336 -78.19
8.337 -78.185
8.34 -78.183
8.339 -78.182
8.339 -78.18
8.335 -78.175
8.337 -78.174
8.341 -78.175
8.349 -78.18
8.354 -78.177
8.363 -78.174
8.381 -78.163
8.387 -78.161
8.396 -78.164
8.402 -78.163
8.411 -78.16
8.416 -78.151
8.416 -78.149
8.414 -78.146
8.408 -78.142
8.399 -78.14
8.389 -78.137
8.371 -78.128
8.36 -78.125
8.354 -78.116
8.353 -78.107
8.345 -78.102
8.343 -78.106
8.341 -78.106
8.339 -78.102
8.339 -78.079
8.337 -78.075
8.326 -78.069
8.324 -78.063
8.32 -78.056
8.313 -78.056
8.307 -78.047
8.296 -78.046
8.286 -78.042
8.254 -78.035
8.236 -78.025
8.23 -78.019
8.225 -78.01
8.224 -78.004
8.223 -77.98
8.213 -77.959
8.197 -77.941
8.192 -77.933
8.191 -77.928
8.192 -77.922
8.195 -77.915
8.195 -77.91
8.19 -77.9
8.188 -77.895
8.191 -77.893
8.195 -77.897
8.197 -77.902
8.2 -77.921
8.203 -77.932
8.21 -77.945
8.218 -77.955
8.23 -77.964
8.234 -77.964
8.235 -77.958
8.227 -77.93
8.226 -77.927
8.223 -77.905
8.214 -77.876
8.209 -77.87
8.196 -77.861
8.188 -77.851
8.182 -77.849
8.16 -77.846
8.155 -77.844
8.152 -77.843
8.15 -77.84
8.154 -77.823
8.151 -77.818
8.142 -77.81
8.137 -77.803
8.135 -77.795
8.131 -77.793
8.121 -77.798
8.116 -77.798
8.11 -77.793
8.109 -77.789
8.112 -77.779
8.1 -77.779
8.099 -77.778
8.099 -77.772
8.103 -77.767
8.106 -77.763
8.108 -77.755
8.114 -77.753
8.122 -77.755
8.128 -77.753
8.129 -77.75
8.14 -77.749
8.144 -77.749
8.121 -77.761
8.117 -77.76
8.111 -77.762
8.107 -77.774
8.109 -77.775
8.113 -77.773
8.118 -77.774
8.118 -77.778
8.115 -77.79
8.119 -77.792
8.122 -77.791
8.126 -77.786
8.133 -77.784
8.138 -77.786
8.142 -77.792
8.146 -77.804
8.148 -77.806
8.154 -77.813
8.167 -77.824
8.168 -77.83
8.166 -77.832
8.157 -77.836
8.158 -77.838
8.164 -77.84
8.188 -77.839
8.195 -77.842
8.202 -77.848
8.207 -77.859
8.216 -77.864
8.221 -77.87
8.222 -77.871
8.229 -77.888
8.233 -77.905
8.24 -77.921
8.248 -77.953
8.253 -77.988
8.252 -77.992
8.251 -77.995
8.251 -78.005
8.254 -78.012
8.262 -78.021
8.265 -78.023
8.283 -78.025
8.317 -78.034
8.334 -78.052
8.346 -78.056
8.353 -78.058
8.371 -78.068
8.38 -78.072
8.411 -78.079
8.414 -78.077
8.414 -78.074
8.414 -78.07
8.412 -78.066
8.405 -78.061
8.402 -78.065
8.397 -78.066
8.393 -78.062
8.389 -78.053
8.399 -78.053
8.406 -78.055
8.416 -78.063
8.419 -78.061
8.422 -78.064
8.418 -78.07
8.418 -78.071
8.425 -78.073
8.428 -78.08
8.441 -78.091
8.445 -78.089
8.439 -78.08
8.438 -78.076
8.446 -78.072
8.444 -78.077
8.444 -78.08
8.451 -78.091
8.453 -78.091
8.456 -78.087
8.468 -78.086
8.471 -78.087
8.47 -78.089
8.463 -78.089
8.46 -78.093
8.458 -78.094
8.458 -78.1
8.463 -78.108
8.478 -78.116
8.477 -78.121
8.463 -78.117
8.448 -78.106
8.44 -78.102
8.425 -78.1
8.424 -78.1
8.416 -78.102
8.411 -78.105
8.411 -78.106
8.412 -78.11
8.423 -78.114
8.437 -78.116
8.45 -78.125
8.46 -78.142
8.466 -78.147
8.468 -78.152
8.469 -78.158
8.476 -78.161
8.46 -78.17
8.459 -78.17
8.457 -78.172
8.455 -78.18
8.451 -78.184
8.449 -78.186
8.453 -78.189
8.458 -78.187
8.46 -78.188
8.46 -78.19
8.453 -78.192
8.446 -78.191
8.443 -78.191
8.443 -78.194
8.44 -78.194
8.432 -78.188
8.427 -78.186
8.419 -78.189
8.408 -78.19
8.406 -78.197
8.401 -78.201
8.402 -78.209
8.401 -78.217
8.397 -78.218
8.393 -78.218
8.394 -78.224
8.386 -78.226
8.382 -78.23
8.383 -78.241
8.384 -78.242
8.38 -78.249
8.38 -78.251
8.39 -78.254
8.391 -78.262
8.399 -78.264
8.401 -78.267
8.404 -78.268
8.413 -78.264
8.418 -78.256
8.422 -78.254
8.426 -78.253
8.433 -78.257
8.436 -78.255
8.432 -78.247
8.429 -78.241
8.428 -78.232
8.434 -78.224
8.435 -78.222
8.429 -78.221
8.422 -78.216
8.423 -78.214
8.427 -78.214
8.429 -78.21
8.433 -78.212
8.439 -78.209
8.444 -78.213
8.449 -78.211
8.458 -78.216
8.46 -78.218
8.463 -78.219
8.463 -78.223
8.466 -78.226
8.47 -78.226
8.482 -78.22
8.485 -78.215
8.487 -78.215
8.492 -78.216
8.493 -78.211
8.515 -78.216
8.518 -78.219
8.523 -78.218
8.527 -78.222
8.53 -78.217
8.532 -78.216
8.534 -78.216
8.531 -78.222
8.538 -78.225
8.546 -78.232
8.539 -78.234
8.541 -78.235
8.545 -78.237
8.545 -78.239
8.543 -78.241
8.54 -78.239
8.539 -78.24
8.534 -78.241
8.533 -78.245
8.527 -78.247
8.526 -78.243
8.517 -78.24
8.513 -78.235
8.508 -78.225
8.5 -78.221
8.494 -78.221
8.479 -78.23
8.475 -78.235
8.477 -78.238
8.48 -78.236
8.484 -78.238
8.491 -78.25
8.493 -78.249
8.496 -78.247
8.496 -78.254
8.499 -78.258
8.501 -78.263
8.501 -78.266
8.5 -78.268
8.512 -78.286
8.508 -78.287
8.504 -78.285
8.49 -78.264
8.484 -78.262
8.478 -78.265
8.471 -78.277
8.472 -78.284
8.479 -78.292
8.474 -78.292
8.471 -78.29
8.469 -78.286
8.464 -78.284
8.453 -78.285
8.446 -78.29
8.442 -78.289
8.439 -78.293
8.44 -78.297
8.445 -78.308
8.457 -78.31
8.46 -78.313
8.46 -78.315
8.467 -78.319
8.481 -78.32
8.491 -78.324
8.5 -78.332
8.512 -78.343
8.509 -78.346
8.503 -78.343
8.499 -78.335
8.496 -78.332
8.494 -78.33
8.491 -78.328
8.488 -78.326
8.486 -78.325
8.484 -78.324
8.482 -78.323
8.475 -78.323
8.467 -78.326
8.466 -78.332
8.468 -78.338
8.468 -78.342
8.459 -78.354
8.458 -78.353
8.457 -78.352
8.458 -78.349
8.464 -78.34
8.464 -78.335
8.461 -78.333
8.453 -78.333
8.443 -78.33
8.42 -78.332
8.415 -78.334
8.413 -78.337
8.412 -78.339
8.419 -78.353
8.422 -78.369
8.427 -78.374
8.438 -78.376
8.448 -78.378
8.452 -78.381
8.471 -78.382
8.484 -78.388
8.524 -78.4
8.534 -78.397
8.54 -78.398
8.544 -78.401
8.558 -78.402
8.558 -78.406
8.561 -78.414
8.55 -78.419
8.539 -78.427
8.535 -78.428
8.528 -78.426
8.517 -78.42
8.514 -78.416
8.499 -78.405
8.496 -78.402
8.479 -78.394
8.449 -78.39
8.437 -78.394
8.429 -78.393
8.42 -78.385
8.415 -78.373
8.412 -78.37
8.404 -78.367
8.395 -78.37
8.391 -78.375
8.381 -78.377
8.379 -78.377
8.352 -78.387
8.341 -78.388
8.339 -78.388
8.336 -78.392
8.336 -78.394
8.349 -78.399
8.351 -78.402
8.351 -78.408
8.348 -78.415
8.348 -78.42
8.351 -78.423
8.363 -78.426
8.372 -78.433
8.381 -78.436
8.385 -78.441
8.386 -78.446
8.382 -78.451
8.384 -78.453
8.395 -78.449
8.404 -78.45
8.406 -78.452
8.41 -78.456
8.417 -78.452
8.42 -78.453
8.429 -78.463
8.431 -78.462
8.434 -78.458
8.439 -78.46
8.439 -78.456
8.443 -78.454
8.446 -78.456
8.449 -78.46
8.454 -78.463
8.453 -78.467
8.449 -78.471
8.433 -78.474
8.431 -78.476
8.432 -78.48
8.438 -78.485
8.451 -78.491
8.454 -78.494
8.459 -78.501
8.464 -78.503
8.472 -78.503
8.481 -78.497
8.49 -78.502
8.506 -78.496
8.511 -78.496
8.519 -78.502
8.524 -78.513
8.527 -78.513
8.534 -78.509
8.539 -78.508
8.545 -78.513
8.547 -78.517
8.547 -78.526
8.549 -78.529
8.557 -78.527
8.56 -78.527
8.563 -78.53
8.569 -78.532
8.574 -78.539
8.579 -78.54
8.582 -78.538
8.582 -78.517
8.57 -78.514
8.576 -78.51
8.567 -78.505
8.568 -78.503
8.573 -78.502
8.584 -78.505
8.588 -78.507
8.595 -78.511
8.596 -78.518
8.596 -78.52
8.599 -78.521
8.607 -78.517
8.621 -78.519
8.634 -78.519
8.638 -78.525
8.638 -78.528
8.633 -78.532
8.634 -78.535
8.637 -78.535
8.642 -78.533
8.652 -78.534
8.659 -78.539
8.656 -78.542
8.653 -78.54
8.647 -78.54
8.642 -78.542
8.639 -78.545
8.639 -78.55
8.645 -78.563
8.652 -78.567
8.654 -78.575
8.659 -78.575
8.665 -78.571
8.668 -78.572
8.665 -78.576
8.673 -78.591
8.678 -78.598
8.676 -78.611
8.667 -78.614
8.666 -78.617
8.668 -78.621
8.673 -78.624
8.68 -78.624
8.684 -78.625
8.686 -78.63
8.693 -78.634
8.708 -78.632
8.717 -78.625
8.726 -78.621
8.739 -78.616
8.741 -78.618
8.764 -78.618
8.77 -78.621
8.77 -78.625
8.758 -78.626
8.763 -78.631
8.76 -78.632
8.753 -78.631
8.743 -78.624
8.738 -78.623
8.728 -78.625
8.724 -78.627
8.722 -78.63
8.723 -78.646
8.727 -78.648
8.727 -78.65
8.719 -78.655
8.707 -78.659
8.703 -78.664
8.704 -78.668
8.705 -78.671
8.708 -78.675
8.715 -78.679
8.72 -78.676
8.727 -78.662
8.736 -78.659
8.741 -78.661
8.741 -78.663
8.728 -78.668
8.729 -78.672
8.743 -78.68
8.741 -78.687
8.744 -78.699
8.752 -78.702
8.76 -78.711
8.755 -78.715
8.752 -78.722
8.753 -78.73
8.756 -78.738
8.759 -78.74
8.772 -78.752
8.79 -78.757
8.798 -78.754
8.802 -78.749
8.804 -78.75
8.805 -78.752
8.808 -78.755
8.808 -78.759
8.812 -78.767
8.817 -78.773
8.821 -78.774
8.827 -78.773
8.831 -78.776
8.833 -78.781
8.835 -78.782
8.835 -78.786
8.839 -78.789
8.852 -78.79
8.853 -78.789
8.858 -78.793
8.87 -78.806
8.869 -78.809
8.866 -78.81
8.861 -78.81
8.856 -78.805
8.854 -78.798
8.851 -78.796
8.846 -78.797
8.843 -78.795
8.833 -78.798
8.83 -78.803
8.828 -78.819
8.826 -78.823
8.812 -78.828
8.808 -78.832
8.808 -78.838
8.81 -78.844
8.814 -78.849
8.818 -78.85
8.819 -78.851
8.829 -78.86
8.831 -78.86
8.855 -78.87
8.886 -78.88
8.899 -78.888
8.902 -78.891
8.902 -78.895
8.906 -78.901
8.92 -78.91
8.921 -78.913
8.922 -78.923
8.927 -78.932
8.929 -78.944
8.932 -78.956
8.941 -78.963
8.942 -78.975
8.95 -78.988
8.952 -79.002
8.955 -79.006
8.966 -79.013
8.97 -79.02
8.97 -79.032
8.972 -79.034
8.982 -79.036
8.997 -79.034
9 -79.035
8.999 -79.037
8.989 -79.043
8.988 -79.046
8.997 -79.056
9.003 -79.069
9.003 -79.073
9.001 -79.074
8.995 -79.06
8.977 -79.043
8.972 -79.044
8.973 -79.055
8.983 -79.086
8.985 -79.088
8.99 -79.095
8.993 -79.098
8.995 -79.098
8.997 -79.1
9 -79.109
8.996 -79.113
9 -79.126
9 -79.138
9.003 -79.146
9.011 -79.16
9.016 -79.164
9.03 -79.17
9.03 -79.176
9.026 -79.179
9.019 -79.18
9.011 -79.179
9.007 -79.181
9.005 -79.185
9.01 -79.196
9.01 -79.207
9.018 -79.242
9.019 -79.254
9.02 -79.274
9.02 -79.278
9.021 -79.285
9.023 -79.338
9.025 -79.355
9.024 -79.368
9.021 -79.38
9.024 -79.394
9.019 -79.397
9.017 -79.403
9.016 -79.41
9.012 -79.422
9.013 -79.427
9.017 -79.433
9.013 -79.44
9.008 -79.459
9.005 -79.484
9 -79.491
8.992 -79.496
8.988 -79.496
8.981 -79.497
8.97 -79.51
8.969 -79.513
8.973 -79.52
8.974 -79.523
8.971 -79.525
8.956 -79.531
8.947 -79.529
8.948 -79.535
8.947 -79.547
8.944 -79.549
8.938 -79.549
8.936 -79.543
8.933 -79.542
8.929 -79.544
8.931 -79.549
8.937 -79.563
8.931 -79.567
8.924 -79.557
8.919 -79.558
8.902 -79.561
8.894 -79.571
8.893 -79.58
8.886 -79.579
8.885 -79.581
8.89 -79.59
8.891 -79.601
8.882 -79.629
8.881 -79.641
8.878 -79.643
8.886 -79.652
8.886 -79.653
8.886 -79.662
8.882 -79.665
8.877 -79.666
8.865 -79.663
8.861 -79.664
8.862 -79.674
8.871 -79.676
8.871 -79.683
8.868 -79.687
8.871 -79.693
8.872 -79.697
8.891 -79.7
8.895 -79.703
8.906 -79.715
8.907 -79.719
8.903 -79.721
8.897 -79.712
8.892 -79.708
8.887 -79.706
8.877 -79.707
8.876 -79.705
8.873 -79.704
8.872 -79.704
8.866 -79.707
8.866 -79.714
8.857 -79.725
8.849 -79.727
8.847 -79.729
8.847 -79.736
8.835 -79.744
8.828 -79.745
8.831 -79.75
8.829 -79.752
8.822 -79.751
8.818 -79.753
8.817 -79.757
8.804 -79.763
8.796 -79.767
8.783 -79.769
8.776 -79.768
8.771 -79.763
8.765 -79.761
8.76 -79.762
8.757 -79.761
8.752 -79.755
8.747 -79.753
8.742 -79.755
8.736 -79.747
8.733 -79.747
8.729 -79.749
8.725 -79.742
8.722 -79.742
8.717 -79.748
8.714 -79.748
8.711 -79.746
8.705 -79.755
8.701 -79.757
8.695 -79.756
8.689 -79.758
8.684 -79.761
8.682 -79.764
8.674 -79.773
8.667 -79.79
8.672 -79.791
8.677 -79.789
8.68 -79.79
8.683 -79.795
8.683 -79.803
8.682 -79.805
8.68 -79.804
8.677 -79.797
8.674 -79.797
8.665 -79.803
8.658 -79.801
8.653 -79.804
8.651 -79.809
8.653 -79.814
8.653 -79.821
8.644 -79.828
8.643 -79.828
8.645 -79.834
8.649 -79.839
8.649 -79.843
8.644 -79.84
8.633 -79.828
8.632 -79.819
8.626 -79.811
8.62 -79.798
8.615 -79.782
8.616 -79.77
8.615 -79.753
8.629 -79.737
8.634 -79.726
8.647 -79.708
8.654 -79.701
8.655 -79.698
8.651 -79.697
8.645 -79.7
8.631 -79.714
8.627 -79.725
8.607 -79.75
8.602 -79.751
8.597 -79.752
8.593 -79.754
8.593 -79.76
8.583 -79.77
8.574 -79.792
8.565 -79.815
8.559 -79.839
8.554 -79.862
8.54 -79.874
8.533 -79.875
8.529 -79.881
8.52 -79.9
8.496 -79.938
8.493 -79.941
8.489 -79.945
8.472 -79.955
8.463 -79.961
8.457 -79.968
8.451 -79.978
8.448 -79.989
8.44 -80
8.43 -80.012
8.411 -80.043
8.382 -80.095
8.363 -80.124
8.356 -80.138
8.357 -80.141
8.354 -80.141
8.337 -80.17
8.332 -80.179
8.333 -80.18
8.331 -80.181
8.314 -80.214
8.304 -80.233
8.301 -80.242
8.307 -80.241
8.303 -80.259
8.299 -80.265
8.297 -80.272
8.297 -80.279
8.299 -80.285
8.305 -80.3
8.302 -80.332
8.3 -80.333
8.298 -80.34
8.299 -80.345
8.299 -80.356
8.292 -80.372
8.292 -80.374
8.295 -80.383
8.307 -80.383
8.307 -80.394
8.304 -80.397
8.301 -80.398
8.298 -80.396
8.295 -80.398
8.295 -80.403
8.293 -80.412
8.282 -80.416
8.275 -80.429
8.258 -80.438
8.243 -80.453
8.233 -80.458
8.225 -80.465
8.216 -80.476
8.205 -80.484
8.199 -80.484
8.188 -80.483
8.182 -80.486
8.176 -80.489
8.152 -80.491
8.14 -80.488
8.134 -80.488
8.113 -80.48
8.109 -80.48
8.103 -80.483
8.097 -80.491
8.091 -80.489
8.08 -80.481
8.078 -80.474
8.075 -80.471
8.051 -80.464
8.03 -80.452
8.029 -80.45
8.025 -80.44
8.024 -80.429
8.016 -80.421
8.011 -80.419
8.013 -80.412
8 -80.4
7.996 -80.397
7.987 -80.397
7.995 -80.383
7.993 -80.376
8 -80.371
8 -80.364
7.979 -80.347
7.96 -80.339
7.946 -80.328
7.927 -80.323
7.909 -80.319
7.906 -80.32
7.906 -80.322
7.919 -80.326
7.922 -80.329
7.902 -80.327
7.898 -80.325
7.885 -80.306
7.869 -80.296
7.862 -80.289
7.835 -80.255
7.832 -80.246
7.83 -80.244
7.828 -80.243
7.826 -80.234
7.815 -80.219
7.79 -80.202
7.776 -80.194
7.773 -80.187
7.763 -80.175
7.757 -80.172
7.745 -80.174
7.74 -80.173
7.738 -80.171
7.754 -80.163
7.753 -80.159
7.746 -80.149
7.737 -80.142
7.718 -80.131
7.711 -80.125
7.705 -80.122
7.702 -80.118
7.692 -80.115
7.692 -80.108
7.69 -80.105
7.678 -80.094
7.676 -80.093
7.666 -80.088
7.658 -80.08
7.643 -80.071
7.635 -80.073
7.633 -80.072
7.636 -80.067
7.633 -80.063
7.634 -80.059
7.639 -80.058
7.639 -80.053
7.628 -80.049
7.612 -80.043
7.595 -80.04
7.588 -80.036
7.563 -80.03
7.549 -80.014
7.544 -80.01
7.53 -80.009
7.52 -80
7.517 -79.998
7.514 -79.995
7.51 -79.994
7.505 -79.995
7.495 -80
7.492 -80.001
7.489 -80
7.48 -79.998
7.467 -79.999
7.465 -80
7.463 -80.001
7.451 -80.02
7.445 -80.038
7.446 -80.058
7.442 -80.064
7.432 -80.079
7.424 -80.098
7.424 -80.101
7.426 -80.11
7.423 -80.121
7.425 -80.127
7.422 -80.132
7.419 -80.14
7.409 -80.159
7.406 -80.17
7.407 -80.176
7.41 -80.179
7.411 -80.18
7.411 -80.185
7.413 -80.187
7.422 -80.189
7.423 -80.195
7.424 -80.202
7.414 -80.217
7.414 -80.222
7.416 -80.229
7.42 -80.232
7.42 -80.234
7.416 -80.241
7.417 -80.246
7.423 -80.249
7.423 -80.256
7.428 -80.264
7.43 -80.275
7.428 -80.279
7.427 -80.285
7.427 -80.29
7.417 -80.303
7.416 -80.316
7.413 -80.324
7.408 -80.327
7.407 -80.326
7.408 -80.314
7.416 -80.295
7.415 -80.289
7.42 -80.271
7.42 -80.265
7.417 -80.259
7.414 -80.262
7.414 -80.265
7.405 -80.307
7.389 -80.34
7.377 -80.351
7.377 -80.354
7.381 -80.354
7.393 -80.35
7.402 -80.351
7.404 -80.352
7.4 -80.358
7.397 -80.357
7.39 -80.358
7.388 -80.361
7.392 -80.365
7.391 -80.368
7.387 -80.368
7.377 -80.364
7.366 -80.366
7.369 -80.372
7.359 -80.373
7.347 -80.365
7.346 -80.358
7.345 -80.356
7.327 -80.354
7.324 -80.352
7.318 -80.346
7.315 -80.346
7.313 -80.351
7.314 -80.356
7.308 -80.372
7.308 -80.379
7.304 -80.387
7.298 -80.392
7.282 -80.4
7.273 -80.404
7.271 -80.408
7.272 -80.416
7.27 -80.42
7.266 -80.425
7.261 -80.425
7.253 -80.429
7.249 -80.427
7.241 -80.434
7.238 -80.439
7.238 -80.446
7.238 -80.447
7.242 -80.454
7.241 -80.46
7.244 -80.465
7.242 -80.477
7.245 -80.483
7.244 -80.498
7.247 -80.507
7.235 -80.528
7.239 -80.549
7.239 -80.559
7.237 -80.566
7.23 -80.581
7.233 -80.59
7.229 -80.605
7.23 -80.617
7.228 -80.622
7.229 -80.629
7.228 -80.644
7.222 -80.66
7.208 -80.685
7.209 -80.688
7.212 -80.691
7.213 -80.695
7.206 -80.709
7.206 -80.713
7.21 -80.719
7.21 -80.723
7.209 -80.728
7.211 -80.742
7.207 -80.758
7.211 -80.764
7.211 -80.774
7.208 -80.78
7.208 -80.786
7.2 -80.794
7.198 -80.801
7.204 -80.807
7.21 -80.821
7.21 -80.827
7.206 -80.839
7.205 -80.844
7.206 -80.847
7.211 -80.849
7.206 -80.858
7.206 -80.866
7.199 -80.872
7.203 -80.887
7.207 -80.889
7.219 -80.89
7.228 -80.897
7.239 -80.907
7.244 -80.918
7.245 -80.933
7.253 -80.94
7.256 -80.94
7.265 -80.936
7.268 -80.926
7.27 -80.924
7.277 -80.927
7.281 -80.925
7.283 -80.922
7.289 -80.926
7.299 -80.925
7.305 -80.923
7.307 -80.921
7.313 -80.919
7.323 -80.9
7.326 -80.897
7.334 -80.9
7.347 -80.899
7.361 -80.902
7.372 -80.908
7.387 -80.922
7.389 -80.929
7.391 -80.93
7.396 -80.928
7.401 -80.929
7.406 -80.935
7.422 -80.931
7.424 -80.928
7.422 -80.923
7.424 -80.919
7.432 -80.914
7.437 -80.914
7.438 -80.92
7.45 -80.93
7.465 -80.94
7.472 -80.94
7.474 -80.942
7.478 -80.947
7.482 -80.951
7.482 -80.958
7.491 -80.971
7.496 -80.973
7.499 -80.972
7.508 -80.963
7.51 -80.962
7.524 -80.961
7.54 -80.953
7.552 -80.957
7.566 -80.966
7.581 -80.978
7.585 -80.979
7.593 -80.978
7.601 -80.978
7.608 -80.981
7.612 -80.985
7.612 -80.989
7.616 -80.993
7.616 -80.998
7.618 -81.003
7.633 -81.012
7.638 -81.021
7.641 -81.031
7.646 -81.036
7.65 -81.044
7.663 -81.05
7.672 -81.045
7.672 -81.041
7.679 -81.04
7.682 -81.038
7.682 -81.034
7.683 -81.032
7.686 -81.026
7.684 -81.019
7.688 -81.011
7.689 -81.01
7.691 -81.011
7.692 -81.02
7.692 -81.029
7.695 -81.036
7.704 -81.04
7.709 -81.036
7.713 -81.035
7.713 -81.037
7.709 -81.04
7.71 -81.045
7.713 -81.05
7.716 -81.05
7.72 -81.049
7.723 -81.046
7.722 -81.032
7.719 -81.025
7.72 -81.021
7.728 -81.037
7.729 -81.039
7.732 -81.041
7.739 -81.036
7.74 -81.032
7.735 -81.027
7.735 -81.025
7.74 -81.026
7.745 -81.025
7.75 -81.026
7.746 -81.034
7.747 -81.045
7.743 -81.061
7.744 -81.063
7.747 -81.062
7.751 -81.059
7.75 -81.052
7.752 -81.049
7.754 -81.049
7.754 -81.054
7.759 -81.06
7.758 -81.064
7.753 -81.066
7.752 -81.067
7.75 -81.069
7.752 -81.075
7.759 -81.085
7.764 -81.089
7.77 -81.091
7.796 -81.084
7.801 -81.081
7.808 -81.072
7.809 -81.065
7.812 -81.06
7.811 -81.057
7.807 -81.049
7.811 -81.046
7.811 -81.038
7.815 -81.028
7.817 -81.017
7.816 -81.009
7.817 -81.003
7.819 -81.002
7.827 -81.006
7.824 -81.011
7.826 -81.015
7.83 -81.016
7.839 -81.015
7.841 -81.016
7.841 -81.021
7.846 -81.024
7.844 -81.028
7.839 -81.03
7.831 -81.025
7.821 -81.029
7.818 -81.035
7.818 -81.058
7.82 -81.059
7.825 -81.061
7.832 -81.057
7.835 -81.06
7.841 -81.061
7.847 -81.065
7.851 -81.063
7.85 -81.059
7.851 -81.056
7.869 -81.064
7.877 -81.063
7.876 -81.059
7.877 -81.057
7.88 -81.057
7.882 -81.06
7.887 -81.06
7.898 -81.053
7.915 -81.051
7.922 -81.051
7.924 -81.053
7.918 -81.057
7.916 -81.064
7.914 -81.064
7.908 -81.062
7.901 -81.064
7.89 -81.073
7.887 -81.079
7.88 -81.076
7.868 -81.08
7.86 -81.084
7.858 -81.087
7.857 -81.095
7.86 -81.107
7.874 -81.112
7.876 -81.112
7.881 -81.109
7.882 -81.105
7.879 -81.102
7.867 -81.1
7.867 -81.098
7.871 -81.094
7.873 -81.092
7.876 -81.091
7.879 -81.091
7.892 -81.094
7.894 -81.095
7.895 -81.1
7.899 -81.1
7.9 -81.102
7.899 -81.111
7.9 -81.113
7.912 -81.103
7.916 -81.104
7.919 -81.106
7.918 -81.115
7.914 -81.121
7.914 -81.127
7.911 -81.129
7.896 -81.122
7.888 -81.123
7.884 -81.121
7.88 -81.116
7.876 -81.119
7.877 -81.124
7.873 -81.125
7.869 -81.124
7.868 -81.118
7.859 -81.112
7.853 -81.101
7.843 -81.094
7.84 -81.1
7.838 -81.109
7.839 -81.115
7.842 -81.116
7.847 -81.116
7.857 -81.124
7.855 -81.127
7.85 -81.124
7.846 -81.128
7.844 -81.122
7.841 -81.121
7.842 -81.131
7.841 -81.141
7.845 -81.145
7.853 -81.141
7.859 -81.137
7.867 -81.139
7.867 -81.141
7.861 -81.144
7.859 -81.148
7.862 -81.155
7.861 -81.158
7.859 -81.158
7.852 -81.148
7.849 -81.153
7.848 -81.157
7.858 -81.167
7.859 -81.173
7.871 -81.191
7.872 -81.202
7.867 -81.206
7.866 -81.209
7.867 -81.215
7.869 -81.216
7.873 -81.213
7.876 -81.209
7.877 -81.203
7.882 -81.198
7.887 -81.195
7.892 -81.196
7.897 -81.2
7.898 -81.206
7.901 -81.209
7.909 -81.213
7.908 -81.215
7.902 -81.217
7.899 -81.22
7.895 -81.216
7.894 -81.207
7.891 -81.203
7.888 -81.201
7.882 -81.205
7.883 -81.208
7.882 -81.215
7.884 -81.218
7.894 -81.222
7.891 -81.224
7.883 -81.222
7.881 -81.223
7.889 -81.233
7.89 -81.236
7.887 -81.237
7.879 -81.233
7.868 -81.222
7.858 -81.217
7.855 -81.214
7.858 -81.207
7.857 -81.205
7.848 -81.202
7.846 -81.203
7.846 -81.209
7.843 -81.211
7.833 -81.208
7.832 -81.206
7.84 -81.201
7.843 -81.187
7.842 -81.182
7.838 -81.182
7.825 -81.191
7.823 -81.188
7.823 -81.186
7.814 -81.183
7.811 -81.18
7.802 -81.171
7.798 -81.171
7.792 -81.174
7.787 -81.171
7.782 -81.173
7.77 -81.169
7.763 -81.17
7.757 -81.173
7.747 -81.182
7.736 -81.201
7.738 -81.203
7.745 -81.199
7.752 -81.19
7.755 -81.189
7.757 -81.192
7.757 -81.193
7.756 -81.197
7.762 -81.204
7.764 -81.211
7.763 -81.213
7.761 -81.213
7.757 -81.211
7.753 -81.205
7.754 -81.201
7.752 -81.199
7.747 -81.202
7.744 -81.207
7.727 -81.213
7.724 -81.217
7.725 -81.219
7.726 -81.221
7.73 -81.223
7.741 -81.222
7.744 -81.216
7.747 -81.217
7.752 -81.221
7.752 -81.226
7.756 -81.234
7.75 -81.238
7.749 -81.24
7.752 -81.25
7.751 -81.256
7.749 -81.257
7.742 -81.247
7.742 -81.243
7.739 -81.24
7.741 -81.23
7.737 -81.229
7.727 -81.232
7.724 -81.231
7.724 -81.228
7.72 -81.226
7.719 -81.221
7.715 -81.22
7.71 -81.223
7.706 -81.227
7.707 -81.232
7.712 -81.238
7.713 -81.241
7.719 -81.244
7.717 -81.249
7.722 -81.254
7.723 -81.257
7.719 -81.257
7.709 -81.248
7.705 -81.241
7.695 -81.235
7.695 -81.232
7.703 -81.224
7.703 -81.221
7.7 -81.219
7.709 -81.2
7.708 -81.198
7.704 -81.196
7.697 -81.196
7.693 -81.197
7.684 -81.203
7.667 -81.205
7.666 -81.205
7.66 -81.205
7.649 -81.197
7.646 -81.197
7.638 -81.2
7.626 -81.201
7.621 -81.204
7.607 -81.221
7.605 -81.228
7.605 -81.233
7.608 -81.236
7.614 -81.238
7.62 -81.256
7.627 -81.263
7.627 -81.267
7.629 -81.278
7.632 -81.283
7.638 -81.287
7.647 -81.294
7.654 -81.298
7.653 -81.304
7.657 -81.31
7.65 -81.312
7.647 -81.314
7.655 -81.345
7.662 -81.358
7.664 -81.368
7.662 -81.373
7.664 -81.379
7.669 -81.386
7.673 -81.388
7.676 -81.392
7.675 -81.396
7.669 -81.402
7.668 -81.405
7.668 -81.407
7.671 -81.414
7.676 -81.416
7.677 -81.42
7.675 -81.424
7.675 -81.43
7.673 -81.434
7.674 -81.436
7.677 -81.438
7.686 -81.434
7.691 -81.437
7.697 -81.443
7.695 -81.447
7.699 -81.45
7.7 -81.453
7.697 -81.459
7.7 -81.463
7.7 -81.467
7.698 -81.469
7.7 -81.475
7.7 -81.477
7.696 -81.481
7.698 -81.485
7.703 -81.488
7.704 -81.491
7.703 -81.494
7.703 -81.495
7.698 -81.5
7.7 -81.503
7.705 -81.503
7.706 -81.504
7.703 -81.514
7.709 -81.519
7.709 -81.524
7.712 -81.528
7.713 -81.536
7.715 -81.538
7.721 -81.531
7.725 -81.52
7.728 -81.508
7.726 -81.505
7.727 -81.5
7.732 -81.496
7.738 -81.501
7.742 -81.501
7.75 -81.493
7.753 -81.49
7.755 -81.49
7.755 -81.501
7.761 -81.509
7.762 -81.513
7.758 -81.517
7.757 -81.519
7.76 -81.528
7.757 -81.532
7.758 -81.538
7.758 -81.543
7.755 -81.544
7.75 -81.542
7.745 -81.544
7.74 -81.54
7.737 -81.542
7.738 -81.549
7.744 -81.553
7.747 -81.562
7.754 -81.566
7.756 -81.571
7.761 -81.579
7.764 -81.578
7.766 -81.573
7.776 -81.572
7.779 -81.573
7.781 -81.579
7.782 -81.579
7.786 -81.579
7.795 -81.589
7.804 -81.591
7.814 -81.587
7.826 -81.589
7.828 -81.587
7.827 -81.583
7.831 -81.579
7.838 -81.583
7.844 -81.582
7.85 -81.57
7.857 -81.569
7.859 -81.576
7.866 -81.584
7.867 -81.589
7.863 -81.595
7.862 -81.596
7.861 -81.606
7.862 -81.609
7.864 -81.609
7.868 -81.603
7.876 -81.604
7.881 -81.598
7.889 -81.598
7.893 -81.602
7.894 -81.605
7.892 -81.609
7.892 -81.612
7.896 -81.617
7.895 -81.621
7.902 -81.627
7.907 -81.624
7.916 -81.623
7.921 -81.623
7.929 -81.626
7.932 -81.625
7.934 -81.621
7.934 -81.618
7.931 -81.615
7.93 -81.614
7.926 -81.598
7.93 -81.592
7.933 -81.596
7.939 -81.594
7.943 -81.594
7.944 -81.597
7.943 -81.599
7.935 -81.602
7.936 -81.605
7.938 -81.608
7.96 -81.618
7.969 -81.615
7.97 -81.619
7.975 -81.617
7.979 -81.612
7.984 -81.61
7.986 -81.61
7.988 -81.614
7.985 -81.617
7.982 -81.62
7.98 -81.625
7.98 -81.629
7.985 -81.632
7.994 -81.629
8 -81.629
8 -81.63
8 -81.632
7.992 -81.633
7.983 -81.641
7.972 -81.63
7.965 -81.633
7.96 -81.632
7.951 -81.627
7.946 -81.628
7.943 -81.631
7.944 -81.635
7.94 -81.637
7.938 -81.64
7.946 -81.642
7.97 -81.647
7.975 -81.65
7.977 -81.655
7.987 -81.661
7.992 -81.67
8 -81.675
8.026 -81.696
8.028 -81.695
8.023 -81.688
8.013 -81.676
8.011 -81.664
8.013 -81.662
8.018 -81.665
8.025 -81.684
8.03 -81.688
8.035 -81.69
8.038 -81.689
8.041 -81.678
8.042 -81.672
8.048 -81.683
8.047 -81.688
8.043 -81.692
8.042 -81.695
8.045 -81.696
8.056 -81.694
8.061 -81.697
8.058 -81.702
8.051 -81.704
8.047 -81.705
8.043 -81.705
8.035 -81.704
8.029 -81.706
8.028 -81.708
8.029 -81.712
8.032 -81.717
8.035 -81.719
8.04 -81.717
8.048 -81.711
8.053 -81.712
8.059 -81.715
8.065 -81.723
8.072 -81.738
8.075 -81.739
8.078 -81.737
8.079 -81.731
8.075 -81.722
8.074 -81.716
8.077 -81.71
8.079 -81.707
8.082 -81.704
8.083 -81.698
8.076 -81.691
8.073 -81.685
8.078 -81.684
8.086 -81.692
8.094 -81.697
8.109 -81.7
8.113 -81.704
8.133 -81.714
8.147 -81.725
8.158 -81.733
8.159 -81.733
8.164 -81.735
8.168 -81.739
8.17 -81.747
8.172 -81.748
8.188 -81.75
8.194 -81.75
8.199 -81.752
8.197 -81.757
8.202 -81.763
8.202 -81.765
8.198 -81.766
8.188 -81.762
8.189 -81.769
8.184 -81.77
8.181 -81.767
8.17 -81.766
8.171 -81.763
8.171 -81.756
8.167 -81.754
8.165 -81.754
8.164 -81.754
8.159 -81.758
8.157 -81.765
8.159 -81.773
8.157 -81.775
8.15 -81.767
8.146 -81.766
8.145 -81.768
8.138 -81.773
8.135 -81.779
8.135 -81.789
8.153 -81.815
8.162 -81.842
8.163 -81.851
8.169 -81.868
8.184 -81.901
8.191 -81.936
8.192 -81.95
8.196 -81.955
8.201 -81.958
8.208 -81.959
8.214 -81.957
8.224 -81.952
8.237 -81.942
8.241 -81.943
8.228 -81.955
8.227 -81.96
8.22 -81.965
8.216 -81.972
8.212 -81.974
8.201 -81.971
8.199 -81.976
8.199 -81.986
8.206 -82
8.205 -82.003
8.209 -82.007
8.213 -82.008
8.214 -82.012
8.219 -82.016
8.221 -82.021
8.225 -82.026
8.234 -82.026
8.238 -82.028
8.23 -82.033
8.224 -82.03
8.222 -82.029
8.219 -82.03
8.219 -82.037
8.217 -82.04
8.215 -82.039
8.213 -82.035
8.213 -82.018
8.209 -82.013
8.206 -82.016
8.205 -82.023
8.207 -82.035
8.213 -82.056
8.213 -82.061
8.213 -82.072
8.215 -82.077
8.215 -82.091
8.222 -82.114
8.225 -82.12
8.228 -82.121
8.232 -82.118
8.234 -82.12
8.232 -82.125
8.233 -82.129
8.239 -82.14
8.26 -82.145
8.259 -82.146
8.249 -82.147
8.239 -82.146
8.229 -82.131
8.221 -82.123
8.219 -82.122
8.214 -82.121
8.21 -82.122
8.204 -82.135
8.195 -82.142
8.177 -82.145
8.17 -82.148
8.164 -82.146
8.163 -82.149
8.165 -82.156
8.164 -82.163
8.163 -82.165
8.166 -82.167
8.17 -82.164
8.17 -82.158
8.184 -82.153
8.192 -82.154
8.19 -82.158
8.19 -82.161
8.188 -82.162
8.189 -82.165
8.192 -82.165
8.196 -82.162
8.203 -82.149
8.205 -82.148
8.211 -82.156
8.215 -82.157
8.215 -82.161
8.213 -82.165
8.214 -82.17
8.213 -82.172
8.209 -82.173
8.206 -82.17
8.204 -82.172
8.199 -82.171
8.198 -82.172
8.198 -82.174
8.2 -82.178
8.204 -82.182
8.203 -82.19
8.2 -82.198
8.201 -82.201
8.206 -82.199
8.209 -82.2
8.215 -82.205
8.216 -82.209
8.215 -82.215
8.217 -82.224
8.226 -82.223
8.233 -82.22
8.235 -82.212
8.243 -82.203
8.244 -82.19
8.248 -82.186
8.25 -82.188
8.25 -82.19
8.248 -82.201
8.249 -82.204
8.261 -82.198
8.264 -82.197
8.265 -82.197
8.27 -82.202
8.273 -82.206
8.277 -82.207
8.282 -82.206
8.288 -82.207
8.287 -82.212
8.281 -82.215
8.273 -82.213
8.268 -82.215
8.269 -82.22
8.274 -82.224
8.282 -82.226
8.297 -82.22
8.303 -82.224
8.31 -82.225
8.311 -82.223
8.312 -82.21
8.317 -82.214
8.32 -82.213
8.327 -82.214
8.332 -82.22
8.335 -82.22
8.339 -82.212
8.338 -82.203
8.339 -82.196
8.333 -82.179
8.327 -82.171
8.316 -82.168
8.315 -82.165
8.32 -82.161
8.326 -82.165
8.33 -82.165
8.334 -82.168
8.341 -82.151
8.342 -82.15
8.346 -82.148
8.348 -82.149
8.348 -82.152
8.342 -82.156
8.339 -82.164
8.338 -82.173
8.339 -82.183
8.347 -82.2
8.343 -82.214
8.343 -82.221
8.353 -82.225
8.368 -82.221
8.369 -82.216
8.373 -82.214
8.375 -82.211
8.376 -82.21
8.378 -82.204
8.382 -82.21
8.379 -82.217
8.374 -82.223
8.361 -82.229
8.361 -82.232
8.365 -82.238
8.365 -82.242
8.364 -82.243
8.36 -82.242
8.353 -82.231
8.348 -82.23
8.325 -82.242
8.315 -82.241
8.308 -82.243
8.307 -82.244
8.3 -82.252
8.291 -82.259
8.289 -82.264
8.291 -82.272
8.287 -82.275
8.287 -82.279
8.289 -82.281
8.304 -82.286
8.316 -82.277
8.319 -82.276
8.322 -82.277
8.321 -82.28
8.305 -82.291
8.307 -82.298
8.307 -82.308
8.308 -82.31
8.311 -82.314
8.318 -82.312
8.32 -82.308
8.322 -82.3
8.332 -82.293
8.339 -82.282
8.341 -82.272
8.345 -82.267
8.355 -82.26
8.356 -82.264
8.354 -82.267
8.347 -82.271
8.344 -82.275
8.348 -82.28
8.348 -82.283
8.341 -82.286
8.344 -82.291
8.34 -82.297
8.327 -82.305
8.328 -82.307
8.33 -82.309
8.339 -82.318
8.351 -82.319
8.352 -82.322
8.336 -82.324
8.332 -82.327
8.33 -82.332
8.323 -82.335
8.322 -82.338
8.329 -82.347
8.332 -82.355
8.332 -82.359
8.327 -82.366
8.328 -82.371
8.332 -82.373
8.343 -82.374
8.346 -82.375
8.346 -82.378
8.344 -82.378
8.342 -82.378
8.335 -82.382
8.328 -82.381
8.32 -82.383
8.3 -82.377
8.296 -82.374
8.291 -82.376
8.29 -82.39
8.292 -82.393
8.297 -82.394
8.299 -82.397
8.304 -82.397
8.308 -82.398
8.308 -82.401
8.305 -82.405
8.305 -82.41
8.31 -82.415
8.3 -82.422
8.293 -82.427
8.292 -82.428
8.294 -82.431
8.31 -82.424
8.312 -82.424
8.313 -82.425
8.313 -82.428
8.308 -82.431
8.301 -82.43
8.3 -82.442
8.309 -82.443
8.311 -82.446
8.315 -82.447
8.32 -82.445
8.324 -82.44
8.327 -82.443
8.325 -82.448
8.307 -82.453
8.304 -82.455
8.305 -82.458
8.309 -82.463
8.319 -82.463
8.324 -82.458
8.327 -82.457
8.345 -82.461
8.347 -82.463
8.344 -82.465
8.339 -82.466
8.33 -82.461
8.319 -82.466
8.315 -82.473
8.316 -82.477
8.315 -82.479
8.311 -82.479
8.309 -82.484
8.307 -82.486
8.299 -82.484
8.296 -82.488
8.297 -82.499
8.297 -82.508
8.294 -82.517
8.301 -82.532
8.297 -82.53
8.292 -82.519
8.291 -82.511
8.293 -82.495
8.291 -82.487
8.295 -82.473
8.291 -82.466
8.29 -82.458
8.286 -82.456
8.283 -82.459
8.281 -82.462
8.279 -82.467
8.274 -82.486
8.274 -82.489
8.279 -82.494
8.282 -82.506
8.275 -82.495
8.273 -82.494
8.272 -82.498
8.284 -82.529
8.284 -82.541
8.287 -82.547
8.289 -82.554
8.292 -82.568
8.307 -82.606
8.307 -82.607
8.312 -82.63
8.318 -82.647
8.324 -82.676
8.325 -82.684
8.333 -82.693
8.331 -82.695
8.324 -82.688
8.321 -82.69
8.323 -82.713
8.319 -82.735
8.31 -82.758
8.307 -82.775
8.294 -82.809
8.295 -82.813
8.297 -82.815
8.294 -82.822
8.294 -82.834
8.291 -82.839
8.281 -82.85
8.278 -82.857
8.277 -82.858
8.261 -82.864
8.255 -82.872
8.24 -82.878
8.234 -82.881
8.228 -82.88
8.217 -82.883
8.199 -82.878
8.189 -82.88
8.14 -82.881
8.118 -82.878
8.116 -82.877
8.111 -82.874
8.101 -82.866
8.085 -82.859
8.082 -82.859
8.075 -82.855
8.069 -82.856
8.06 -82.859
8.053 -82.864
8.049 -82.87
8.045 -82.872
8.031 -82.872
8.026 -82.874
8.025 -82.876
8.027 -82.883
8.03 -82.888
8.031 -82.895
8.033 -82.897
8.053 -82.896
8.081 -82.89
8.111 -82.891
8.144 -82.904
8.156 -82.909
8.172 -82.906
8.194 -82.908
8.202 -82.916
8.211 -82.932
8.241 -82.93
8.249 -82.933
8.255 -82.934
8.265 -82.936
8.27 -82.938
8.275 -82.949
8.282 -82.972
8.277 -82.986
8.277 -82.99
8.288 -82.998
8.307 -83.021
8.31 -83.025
8.312 -83.033
8.315 -83.044
8.326 -83.051
8.334 -83.051
8.34 -83.05
8.343 -83.047
8.346 -83.04
8.353 -83.018
8.367 -82.993
8.383 -82.975
8.385 -82.973
8.413 -82.95
8.435 -82.928
8.434 -82.918
8.432 -82.91
8.432 -82.9
8.438 -82.878
8.441 -82.873
8.443 -82.867
8.449 -82.859
8.465 -82.848
8.485 -82.838
8.506 -82.833
8.522 -82.834
8.546 -82.838
8.551 -82.836
8.551 -82.835
8.558 -82.827
8.566 -82.824
8.572 -82.824
8.586 -82.83
8.604 -82.83
8.609 -82.835
8.612 -82.835
8.619 -82.829
8.627 -82.828
8.637 -82.833
8.652 -82.844
8.66 -82.852
8.67 -82.855
8.678 -82.862
8.69 -82.864
8.694 -82.867
8.7 -82.881
8.712 -82.897
8.729 -82.903
8.745 -82.917
8.748 -82.917
8.753 -82.914
8.757 -82.913
8.758 -82.914
8.765 -82.917
8.769 -82.911
8.773 -82.894
8.785 -82.892
8.793 -82.874
8.797 -82.87
8.802 -82.867
8.807 -82.867
8.82 -82.88
8.825 -82.882
8.833 -82.88
8.843 -82.871
8.846 -82.868
8.851 -82.86
8.854 -82.852
8.858 -82.826
8.86 -82.819
8.869 -82.81
8.872 -82.805
8.879 -82.77
8.883 -82.763
8.89 -82.758
8.895 -82.753
8.909 -82.746
8.925 -82.716
8.931 -82.714
8.942 -82.715
8.959 -82.735
8.963 -82.736
8.982 -82.742
8.986 -82.745
8.999 -82.764
9.008 -82.801
9.025 -82.816
9.034 -82.831
9.058 -82.869
9.066 -82.875
9.087 -82.887
9.089 -82.893
9.088 -82.899
9.073 -82.928
9.074 -82.93
9.076 -82.933
9.081 -82.935
9.104 -82.936
9.198 -82.936
9.325 -82.936
9.336 -82.936
9.35 -82.938
9.441 -82.939
9.451 -82.939
9.473 -82.938
9.476 -82.936
9.479 -82.924
9.492 -82.863
9.497 -82.845
9.5 -82.843
9.504 -82.844
9.504 -82.849
9.508 -82.851
9.51 -82.855
9.507 -82.858
9.508 -82.861
9.509 -82.862
9.514 -82.857
9.516 -82.858
9.516 -82.869
9.52 -82.873
9.524 -82.874
9.529 -82.872
9.534 -82.875
9.54 -82.871
9.545 -82.873
9.549 -82.871
9.553 -82.875
9.551 -82.882
9.552 -82.884
9.563 -82.884
9.566 -82.887
9.57 -82.883
9.59 -82.879
9.596 -82.87
9.598 -82.867
9.601 -82.866
9.609 -82.864
9.612 -82.862
9.612 -82.859
segment Panama
7.622 -80
7.619 -79.999
7.617 -80
7.616 -80
7.612 -80.004
7.613 -80.007
7.616 -80.009
7.621 -80.004
7.624 -80.005
7.628 -80.003
7.626 -80.001
7.622 -80
