 WR02_WRAPPER_INPUT.DAT FOR RELM OPEN_SHA
 TODAY, NYR, NMONTE =   2002.  30. 1
 1 ITERATIONS ======================================
  0.00510000018  0.899999976  6.69999981  7.25
 1 1
 San_Andreas...SAS             
 2
 -121.481598  36.8059006
 -122.003601  37.1762009
   90.0 0.0   15.000001  837.732117
  5.  6.66000032  0.00795485172  0.899999976
  0.0202281997  7.12310505  0.119999997  2.
 1 2
 San_Andreas...SAP             
 2
 -122.003601  37.1762009
 -122.574097  37.7855988
   90.0 0.0   13.  1102.00122
  5.  6.66000032  0.00619594939  0.899999976
  0.0758105963  7.24218178  0.119999997  2.
 1 3
 San_Andreas...SAN             
 2
 -122.574097  37.7855988
 -123.840698  39.1706009
   90.0 0.0   11.000001  2098.70581
  5.  6.66000032  0.  0.899999976
  0.0148628  7.52195168  0.119999997  2.
 1 4
 San_Andreas...SAO             
 2
 -123.840698  39.1706009
 -124.403198  40.2439995
   90.0 0.0   11.  1484.5144
  5.  6.66000032  0.  0.899999976
  0.00309689995  7.37158394  0.119999997  2.
 1 5
 San_Andreas...SAS+SAP         
 3
 -121.481598  36.8059006
 -122.003601  37.1762009
 -122.574097  37.7855988
   90.0 0.0   13.8452911  1939.7334
  5.  6.66000032  0.00714952918  0.899999976
  0.0404444002  7.48774195  0.119999997  2.
 1 7
 San_Andreas...SAN+SAO         
 3
 -122.574097  37.7855988
 -123.840698  39.1706009
 -124.403198  40.2439995
   90.0 0.0   11.  3583.22021
  5.  6.66000032  0.0470874682  0.899999976
  0.0250675995  7.75427341  0.119999997  2.
 1 8
 San_Andreas...SAS+SAP+SAN     
 4
 -121.481598  36.8059006
 -122.003601  37.1762009
 -122.574097  37.7855988
 -123.840698  39.1706009
   90.0 0.0   12.2373724  4038.43921
  5.  6.66000032  0.  0.899999976
  0.000489600003  7.80621338  0.119999997  2.
 1 9
 San_Andreas...SAP+SAN+SAO     
 4
 -122.003601  37.1762009
 -122.574097  37.7855988
 -123.840698  39.1706009
 -124.403198  40.2439995
   90.0 0.0   11.4129896  4685.22168
  5.  6.66000032  0.0238617696  0.899999976
  0.000764299999  7.87072992  0.119999997  2.
 1 10
 San_Andreas...SAS+SAP+SAN+SAO 
 5
 -121.481598  36.8059006
 -122.003601  37.1762009
 -122.574097  37.7855988
 -123.840698  39.1706009
 -124.403198  40.2439995
   90.0 0.0   11.8840065  5522.95361
  5.  6.66000032  0.341453552  0.899999976
  0.0119703999  7.9421711  0.119999997  2.
 1 11
 San_Andreas... floating       
 5
 -121.481598  36.8059006
 -122.003601  37.1762009
 -122.574097  37.7855988
 -123.840698  39.1706009
 -124.403198  40.2439995
   90.0 0.0   11.8840065  5522.95361
  5.  6.66000032  0.0034975179  0.899999976
  0.106636703  6.9000001  0.119999997  2.
 2 1
 Hayward/RC...HS               
 2
 -121.848503  37.4534988
 -122.212799  37.827301
   90.0 0.0   12.  378.316711
  5.  6.36004734  0.00796466041  0.899999976
  0.0780270621  6.7778554  0.119999997  2.
 2 2
 Hayward/RC...HN               
 2
 -122.212799  37.827301
 -122.434196  38.0875015
   90.0 0.0   12.  251.215866
  5.  6.36004734  0.00383699243  0.899999976
  0.102814995  6.60004711  0.119999997  2.
 2 5
 Hayward/RC...HS+HN            
 3
 -121.848503  37.4534988
 -122.212799  37.827301
 -122.434196  38.0875015
   90.0 0.0   12.000001  629.532593
  5.  6.36004734  0.0165017843  0.899999976
  0.0897389203  6.99901772  0.119999997  2.
 2 7
 Hayward/RC...RC               
 2
 -122.434196  38.0875015
 -122.7883  38.5751991
   90.0 0.0   12.  750.618286
  5.  6.36004734  0.0311404802  0.899999976
  0.148008272  7.07541895  0.119999997  2.
 2 9
 Hayward/RC...HN+RC            
 3
 -122.212799  37.827301
 -122.434196  38.0875015
 -122.7883  38.5751991
   90.0 0.0   12.000001  1001.83417
  5.  6.36004734  0.00578980753  0.899999976
  0.0182565283  7.20079565  0.119999997  2.
 2 10
 Hayward/RC...HS+HN+RC         
 4
 -121.848503  37.4534988
 -122.212799  37.827301
 -122.434196  38.0875015
 -122.7883  38.5751991
   90.0 0.0   12.  1380.15088
  5.  6.36004734  0.00491389027  0.899999976
  0.0088496469  7.33992672  0.119999997  2.
 2 11
 Hayward/RC... floating        
 4
 -121.848503  37.4534988
 -122.212799  37.827301
 -122.434196  38.0875015
 -122.7883  38.5751991
   90.0 0.0   12.  1380.15088
  5.  6.36004734  0.00106823992  0.899999976
  0.00582146645  6.9000001  0.119999997  2.
 3 1
 Calaveras...CS                
 2
 -121.395599  36.8256989
 -121.467796  36.9897995
   90.0 0.0   11.  42.5317955
  5.  5.58871365  0.00520847831  0.899999976
  0.456765682  5.82871342  0.119999997  2.
 3 2
 Calaveras...CC                
 2
 -121.467796  36.9897995
 -121.807098  37.4449997
   90.0 0.0   11.  194.594452
  5.  5.58871365  0.0238301978  0.899999976
  0.158720106  6.48913002  0.119999997  2.
 3 7
 Calaveras...CN                
 2
 -121.807098  37.4449997
 -122.009399  37.8172989
   90.0 0.0   13.  470.120453
  5.  5.58871365  0.0494312942  0.899999976
  0.156462088  6.87220907  0.119999997  2.
 3 11
 Calaveras... floating         
 4
 -121.395599  36.8256989
 -121.467796  36.9897995
 -121.807098  37.4449997
 -122.009399  37.8172989
   90.0 0.0   11.7320213  707.246704
  5.  5.58871365  0.00932370592  0.899999976
  0.158575296  6.19999981  0.119999997  2.
 3 12
 Calaveras...floating CS  CC   
 3
 -121.395599  36.8256989
 -121.467796  36.9897995
 -121.807098  37.4449997
   90.0 0.0   11.000001  237.126251
  5.  5.58871365  0.0332935303  0.899999976
  0.460189998  6.19999981  0.119999997  2.
 4 1
 Concord/GV...CON              
 2
 -121.989601  37.9002991
 -122.092796  38.0625992
   90.0 0.0   16.  161.4198
  5.  5.95300865  0.00306467479  0.899999976
  0.0739791691  6.4079566  0.119999997  2.
 4 2
 Concord/GV...GVS              
 2
 -122.092796  38.0625992
 -122.145897  38.2587013
   90.0 0.0   14.  155.97908
  5.  5.95300865  0.00134759431  0.899999976
  0.0363515541  6.39306641  0.119999997  2.
 4 5
 Concord/GV...CON+GVS          
 3
 -121.989601  37.9002991
 -122.092796  38.0625992
 -122.145897  38.2587013
   90.0 0.0   14.9504175  317.398865
  5.  5.95300865  0.00260012248  0.899999976
  0.0235293321  6.70160484  0.119999997  2.
 4 7
 Concord/GV...GVN              
 2
 -122.145897  38.2587013
 -122.178902  38.3824997
   90.0 0.0   14.000001  98.4030304
  5.  5.95300865  0.0017475537  0.899999976
  0.100661896  6.19300842  0.119999997  2.
 4 9
 Concord/GV...GVS+GVN          
 3
 -122.092796  38.0625992
 -122.145897  38.2587013
 -122.178902  38.3824997
   90.0 0.0   14.  254.382111
  5.  5.95300865  0.00383928604  0.899999976
  0.0510725714  6.60548639  0.119999997  2.
 4 10
 Concord/GV...CON+GVS+GVN      
 4
 -121.989601  37.9002991
 -122.092796  38.0625992
 -122.145897  38.2587013
 -122.178902  38.3824997
   90.0 0.0   14.7140207  415.80188
  5.  5.95300865  0.00703591621  0.899999976
  0.0435399562  6.81888628  0.119999997  2.
 4 11
 Concord/GV... floating        
 4
 -121.989601  37.9002991
 -122.092796  38.0625992
 -122.145897  38.2587013
 -122.178902  38.3824997
   90.0 0.0   14.7140207  415.80188
  5.  5.95300865  0.000818127708  0.899999976
  0.0266079307  6.19999981  0.119999997  2.
 5 1
 San_Gregorio...SGS            
 2
 -121.859299  36.3130989
 -122.155502  36.8527985
   90.0 0.0   12.  711.771179
  5.  6.66000032  0.00317797484  0.899999976
  0.00655791909  7.05234051  0.119999997  2.
 5 9
 San_Gregorio...SGN            
 2
 -122.155502  36.8527985
 -122.6166  37.7681999
   90.0 0.0   13.  1284.86365
  5.  6.66000032  0.0133857867  0.899999976
  0.0425283127  7.30885696  0.119999997  2.
 5 10
 San_Gregorio...SGS+SGN        
 3
 -121.859299  36.3130989
 -122.155502  36.8527985
 -122.6166  37.7681999
   90.0 0.0   12.6249485  1996.63477
  5.  6.66000032  0.0219622608  0.899999976
  0.0309601538  7.5002985  0.119999997  2.
 5 11
 San_Gregorio... floating      
 3
 -121.859299  36.3130989
 -122.155502  36.8527985
 -122.6166  37.7681999
   90.0 0.0   12.6249485  1996.63477
  5.  6.66000032  0.00237211003  0.899999976
  0.0200241804  6.9000001  0.119999997  2.
 6 1
 Greenville...GS               
 2
 -121.540802  37.4994011
 -121.664703  37.6857986
   90.0 0.0   15.  316.621185
  5.  5.96000004  0.00388184865  0.899999976
  0.00278198672  6.70053959  0.119999997  2.
 6 9
 Greenville...GN               
 2
 -121.664703  37.6857986
 -121.832802  37.8838997
   90.0 0.0   15.000001  358.539948
  5.  5.96000004  0.00439578248  0.899999976
  0.00198954693  6.75453758  0.119999997  2.
 6 10
 Greenville...GS+GN            
 3
 -121.540802  37.4994011
 -121.664703  37.6857986
 -121.832802  37.8838997
   90.0 0.0   15.  675.161133
  5.  5.96000004  0.00585558126  0.899999976
  0.00117664412  7.0294075  0.119999997  2.
 6 11
 Greenville... floating        
 3
 -121.540802  37.4994011
 -121.664703  37.6857986
 -121.832802  37.8838997
   90.0 0.0   15.  675.161133
  5.  5.96000004  0.000113977323  0.899999976
  0.00379091501  6.19999981  0.119999997  2.
 7 10
 Mt_Diablo...MTD               
 2
 -121.822899  37.7302017
 -122.038803  37.8771019
   38.0 8.0   14.1999989  355.42572
  5.  6.51074886  0.00488334987  0.899999976
  0.0544118285  6.75074863  0.119999997  2.
