San Jacinto (Clark) rev
mag	mean	min	max
5.05	0.0	0.0	0.0
5.1499999999999995	0.0	0.0	0.0
5.25	0.0	0.0	0.0
5.35	0.0	0.0	0.0
5.45	0.0	0.0	0.0
5.55	0.0	0.0	0.0
5.6499999999999995	0.0	0.0	0.0
5.75	0.0	0.0	0.0
5.85	0.0	0.0	0.0
5.949999999999999	0.0	0.0	0.0
6.05	0.0	0.0	0.0
6.1499999999999995	0.0	0.0	0.0
6.25	0.0	0.0	0.0
6.35	0.0	0.0	0.0
6.449999999999999	0.0	0.0	0.0
6.55	2.0872061309137518E-5	0.0	2.745993613601152E-4
6.6499999999999995	2.071460971752809E-5	0.0	2.667186618400145E-4
6.75	2.180784280737419E-5	0.0	2.580849941735671E-4
6.85	2.516188816034102E-5	0.0	2.4872912789496843E-4
6.949999999999999	2.5932209612868148E-5	0.0	2.1049485340392268E-4
7.05	2.4264017366335543E-5	0.0	1.8251567206728646E-4
7.1499999999999995	2.0510954241527042E-5	0.0	1.734232183843851E-4
7.25	5.7861463109248446E-5	1.9409528986012552E-5	1.752607014270366E-4
7.35	1.5872521285751086E-4	5.658587759359747E-5	2.5934998835806626E-4
7.449999999999999	2.7213832614403507E-4	9.794513693799175E-5	4.089064522887585E-4
7.55	2.6929296734497525E-4	1.2240723684053923E-4	4.056047219404731E-4
7.6499999999999995	1.8300465354008914E-4	1.0385251011412838E-4	2.889075872284379E-4
7.75	9.407606144820865E-5	0.0	1.3617997821619926E-4
7.85	4.689012016399528E-5	0.0	7.578901547422192E-5
7.949999999999999	1.593889505062582E-5	0.0	3.233809608488651E-5
8.049999999999999	2.207606915956102E-6	0.0	6.890158913720416E-6
8.149999999999999	0.0	0.0	0.0
8.25	0.0	0.0	0.0
8.35	0.0	0.0	0.0
8.45	0.0	0.0	0.0
8.549999999999999	0.0	0.0	0.0
8.649999999999999	0.0	0.0	0.0
8.75	0.0	0.0	0.0
8.85	0.0	0.0	0.0
8.95	0.0	0.0	0.0
