Santa Ynez (West)
mag	mean	min	max
5.05	0.0	0.0	0.0
5.1499999999999995	0.0	0.0	0.0
5.25	0.0	0.0	0.0
5.35	0.0	0.0	0.0
5.45	0.0	0.0	0.0
5.55	0.0	0.0	0.0
5.6499999999999995	0.0	0.0	0.0
5.75	0.0	0.0	0.0
5.85	0.0	0.0	0.0
5.949999999999999	0.0	0.0	0.0
6.05	0.0	0.0	0.0
6.1499999999999995	0.0	0.0	0.0
6.25	0.0	0.0	0.0
6.35	0.0	0.0	0.0
6.449999999999999	0.0	0.0	0.0
6.55	1.8394700517474874E-4	3.372920776255145E-5	4.598176211806029E-4
6.6499999999999995	2.0031143246966948E-4	3.393070892039483E-5	5.247767993601759E-4
6.75	2.3599089600908645E-4	3.352860497711834E-5	6.943520596269787E-4
6.85	1.6717136448847714E-4	3.100156614585536E-5	3.5958184973379693E-4
6.949999999999999	1.40046499647327E-4	3.1268070070131513E-5	3.1188255778857903E-4
7.05	7.606995574811516E-5	2.9010954490111893E-5	1.802178325306597E-4
7.1499999999999995	4.800913316153875E-5	0.0	8.999209701162252E-5
7.25	4.2396552146471406E-5	0.0	1.0595949446117653E-4
7.35	3.3093420060654314E-5	0.0	7.36636762859143E-5
7.449999999999999	1.9282015886267666E-5	0.0	4.522703322387669E-5
7.55	7.634698076565205E-6	0.0	2.2584199933408485E-5
7.6499999999999995	1.4078550342111596E-6	0.0	5.631420136844632E-6
7.75	0.0	0.0	0.0
7.85	0.0	0.0	0.0
7.949999999999999	0.0	0.0	0.0
8.049999999999999	0.0	0.0	0.0
8.149999999999999	0.0	0.0	0.0
8.25	0.0	0.0	0.0
8.35	0.0	0.0	0.0
8.45	0.0	0.0	0.0
8.549999999999999	0.0	0.0	0.0
8.649999999999999	0.0	0.0	0.0
8.75	0.0	0.0	0.0
8.85	0.0	0.0	0.0
8.95	0.0	0.0	0.0
