San Andreas (San Bernardino N)
mag	mean	min	max
5.05	0.0	0.0	0.0
5.1499999999999995	0.0	0.0	0.0
5.25	0.0	0.0	0.0
5.35	0.0	0.0	0.0
5.45	0.0	0.0	0.0
5.55	0.0	0.0	0.0
5.6499999999999995	0.0	0.0	0.0
5.75	0.0	0.0	0.0
5.85	0.0	0.0	0.0
5.949999999999999	0.0	0.0	0.0
6.05	0.0	0.0	0.0
6.1499999999999995	0.0	0.0	0.0
6.25	0.0	0.0	0.0
6.35	6.740171309756778E-6	0.0	2.17490027665944E-5
6.449999999999999	3.448645980200591E-5	0.0	1.1127997719554345E-4
6.55	9.556346073497894E-5	0.0	2.8431601097590677E-4
6.6499999999999995	1.487531833558798E-4	4.692852587294501E-5	3.6273730020645493E-4
6.75	1.638821992328603E-4	4.781377877982481E-5	3.119127707382453E-4
6.85	1.662018757073319E-4	4.82432252200252E-5	4.5723843926400413E-4
6.949999999999999	1.4438832435788738E-4	4.913634097686624E-5	3.537118623254198E-4
7.05	1.338804084069947E-4	5.0527064971561E-5	2.0111799830777478E-4
7.1499999999999995	1.2512663247047853E-4	5.1332999740217236E-5	1.8074570781122264E-4
7.25	1.1793435163419812E-4	5.3257589923874705E-5	1.9242142124609402E-4
7.35	1.193230408145641E-4	5.536865230768168E-5	1.732240465210946E-4
7.449999999999999	1.28222882324144E-4	5.787303455940309E-5	1.666369821819479E-4
7.55	1.1887132658486182E-4	6.251017534341516E-5	1.4542729857686308E-4
7.6499999999999995	9.488771961520026E-5	6.274287927615448E-5	1.385449774652254E-4
7.75	7.162455892517695E-5	3.816280555224214E-5	1.3018063438593428E-4
7.85	5.839297164772613E-5	3.0772542482656035E-5	1.2714169077517352E-4
7.949999999999999	4.677587848385933E-5	3.0364266399355045E-5	1.3555472474978866E-4
8.049999999999999	2.3780493451737465E-5	0.0	6.066949661853935E-5
8.149999999999999	1.0655880109612937E-5	0.0	5.242575071507788E-5
8.25	2.387807805367749E-6	0.0	5.592256590059841E-6
8.35	4.131251396412076E-7	0.0	1.0767872224267503E-6
8.45	7.044671679922486E-8	0.0	1.8765729003078858E-7
8.549999999999999	0.0	0.0	0.0
8.649999999999999	0.0	0.0	0.0
8.75	0.0	0.0	0.0
8.85	0.0	0.0	0.0
8.95	0.0	0.0	0.0
