861
667
219
197
722
845
881
668
669
842
581
158
741
192	191	200
87
169
170
541
882
94
561
165
602	601	621	603
88
724
173
176
721
670
34
172
129
214
238
124
844
81
884
883
582
184
622
626	633
776
157
163
125
894
245	45	46	246
51
230
889
888
249	255	256
671
672
96
103	296	102	402	299
196	146
90
95
20
698
893
204
634
699
159
341	48	49
700
160
701
86
131	133	132	383	134	381	717	645	136	137	151	138	139	140	142	141
623
636	635
702
37
639	638	637
167
84
703
108
228
723
704
30	208
50
677	640
97
678
65
892
91
168
679
542	544	543
92
680
641
104
207
642
890
85
705
681
144
16	17
683	780
643
74
201
166
644
22
221	220
164
21
155
605
250
779
78
686
707
646
11
188	187
711	713
156
122	235
83	82
199
687
130
211
116
709
777
921	9
64	891
47
841
109
244
162
186
647
193
93
89
212	215
688
58
666	843
545
240
648
152
118
161
232
649
205
650
38
689
651
123
42
690
287	300	285	295	658	286	301	294	654	653	32	655	282	283	284	657	194	13
80
178
774	177
247	248
660	661
293	99	292	101	901	119	289	401	28
143
107
31
692	693	691
181
183
198
775
111
185
226
110
778	227
79	77
781
662
209
885
547
114	113
210
664
115
202
694
63
189
719	720
98
708
695
15
145
174
887
761
886
19
117
112
696
665
321
44
253	254
236
697
206
715
