101 EQSim_Input_Friction_2 1
111 Fault friction from Ward Northern California model
102 End_Metadata
120 200 summary 4    Record 200: Fault friction summary
121 1 n_element 1    Field 1: Total number of elements in the file
121 2 elastic_flag 1    Field 2: 1 if elastic parameters (record 201) are included, 0 if not
121 3 strength_flag 1    Field 3: 1 if fault strength (record 202) is included, 0 if not
121 4 rate_state_flag 1    Field 4: 1 if rate-state parameters (record 203) are included, 0 if not
120 201 elastic_param 2    Record 201: Elastic parameters
121 1 lame_lambda 2    Field 1: Lame modulus lambda (Pascal)
121 2 lame_mu 2    Field 2: Lame modulus mu, also known as the shear modulus (Pascal)
120 202 fault_strength 3    Record 202: Fault strength
121 1 index 1    Field 1: Element index number (consecutive integers, starting with 1)
121 2 static_strength 2    Field 2: Element static yield strength (Pascal)
121 3 dynamic_strength 2    Field 3: Element dynamic sliding strength (Pascal)
120 203 rate_state 6    Record 203: Rate-state parameters
121 1 index 1    Field 1: Element index number (consecutive integers, starting with 1)
121 2 A 2    Field 2: Element rate-state parameter A
121 3 B 2    Field 3: Element rate-state parameter B
121 4 L 2    Field 4: Element rate-state characteristic distance L (meters)
121 5 f0 2    Field 5: Element rate-state friction coefficient f0
121 6 V0 2    Field 6: Element rate-state reference velocity V0 (meters/second)
103 End_Descriptor
200 2492 1 1 0
201  3.200000e+010  3.000000e+010
202 1  2.261600e+007  0.000000e+000
202 2  2.261600e+007  0.000000e+000
202 3  2.261600e+007  0.000000e+000
202 4  2.261600e+007  0.000000e+000
202 5  2.261600e+007  0.000000e+000
202 6  2.261600e+007  0.000000e+000
202 7  2.261600e+007  0.000000e+000
202 8  2.261600e+007  0.000000e+000
202 9  2.261600e+007  0.000000e+000
202 10  2.261600e+007  0.000000e+000
202 11  2.261600e+007  0.000000e+000
202 12  2.261600e+007  0.000000e+000
202 13  2.261600e+007  0.000000e+000
202 14  2.261600e+007  0.000000e+000
202 15  2.261600e+007  0.000000e+000
202 16  2.261600e+007  0.000000e+000
202 17  2.261600e+007  0.000000e+000
202 18  2.261600e+007  0.000000e+000
202 19  2.261600e+007  0.000000e+000
202 20  2.261600e+007  0.000000e+000
202 21  2.261600e+007  0.000000e+000
202 22  2.261600e+007  0.000000e+000
202 23  2.261600e+007  0.000000e+000
202 24  2.261600e+007  0.000000e+000
202 25  2.261600e+007  0.000000e+000
202 26  2.261600e+007  0.000000e+000
202 27  2.261600e+007  0.000000e+000
202 28  2.261600e+007  0.000000e+000
202 29  2.261600e+007  0.000000e+000
202 30  2.261600e+007  0.000000e+000
202 31  2.261600e+007  0.000000e+000
202 32  2.261600e+007  0.000000e+000
202 33  2.261600e+007  0.000000e+000
202 34  2.261600e+007  0.000000e+000
202 35  2.261600e+007  0.000000e+000
202 36  2.261600e+007  0.000000e+000
202 37  2.261600e+007  0.000000e+000
202 38  2.261600e+007  0.000000e+000
202 39  2.261600e+007  0.000000e+000
202 40  2.261600e+007  0.000000e+000
202 41  2.261600e+007  0.000000e+000
202 42  2.261600e+007  0.000000e+000
202 43  2.261600e+007  0.000000e+000
202 44  2.261600e+007  0.000000e+000
202 45  2.261600e+007  0.000000e+000
202 46  2.261600e+007  0.000000e+000
202 47  2.261600e+007  0.000000e+000
202 48  2.261600e+007  0.000000e+000
202 49  2.261600e+007  0.000000e+000
202 50  2.261600e+007  0.000000e+000
202 51  2.261600e+007  0.000000e+000
202 52  2.261600e+007  0.000000e+000
202 53  2.261600e+007  0.000000e+000
202 54  2.261600e+007  0.000000e+000
202 55  2.261600e+007  0.000000e+000
202 56  2.261600e+007  0.000000e+000
202 57  2.261600e+007  0.000000e+000
202 58  2.261600e+007  0.000000e+000
202 59  2.261600e+007  0.000000e+000
202 60  2.261600e+007  0.000000e+000
202 61  2.261600e+007  0.000000e+000
202 62  2.261600e+007  0.000000e+000
202 63  2.261600e+007  0.000000e+000
202 64  2.261600e+007  0.000000e+000
202 65  2.324800e+007  0.000000e+000
202 66  2.324800e+007  0.000000e+000
202 67  2.324800e+007  0.000000e+000
202 68  2.324800e+007  0.000000e+000
202 69  2.324800e+007  0.000000e+000
202 70  2.324800e+007  0.000000e+000
202 71  2.324800e+007  0.000000e+000
202 72  2.324800e+007  0.000000e+000
202 73  2.324800e+007  0.000000e+000
202 74  2.324800e+007  0.000000e+000
202 75  2.324800e+007  0.000000e+000
202 76  2.324800e+007  0.000000e+000
202 77  2.324800e+007  0.000000e+000
202 78  2.324800e+007  0.000000e+000
202 79  2.324800e+007  0.000000e+000
202 80  2.324800e+007  0.000000e+000
202 81  2.324800e+007  0.000000e+000
202 82  2.324800e+007  0.000000e+000
202 83  2.324800e+007  0.000000e+000
202 84  2.324800e+007  0.000000e+000
202 85  2.324800e+007  0.000000e+000
202 86  2.324800e+007  0.000000e+000
202 87  2.324800e+007  0.000000e+000
202 88  2.324800e+007  0.000000e+000
202 89  2.324800e+007  0.000000e+000
202 90  2.324800e+007  0.000000e+000
202 91  2.324800e+007  0.000000e+000
202 92  2.324800e+007  0.000000e+000
202 93  2.324800e+007  0.000000e+000
202 94  2.324800e+007  0.000000e+000
202 95  2.324800e+007  0.000000e+000
202 96  2.324800e+007  0.000000e+000
202 97  2.324800e+007  0.000000e+000
202 98  2.324800e+007  0.000000e+000
202 99  2.324800e+007  0.000000e+000
202 100  2.324800e+007  0.000000e+000
202 101  2.324800e+007  0.000000e+000
202 102  2.324800e+007  0.000000e+000
202 103  2.324800e+007  0.000000e+000
202 104  2.324800e+007  0.000000e+000
202 105  2.324800e+007  0.000000e+000
202 106  2.324800e+007  0.000000e+000
202 107  2.324800e+007  0.000000e+000
202 108  2.324800e+007  0.000000e+000
202 109  2.324800e+007  0.000000e+000
202 110  2.324800e+007  0.000000e+000
202 111  2.324800e+007  0.000000e+000
202 112  2.324800e+007  0.000000e+000
202 113  2.324800e+007  0.000000e+000
202 114  2.324800e+007  0.000000e+000
202 115  2.324800e+007  0.000000e+000
202 116  2.324800e+007  0.000000e+000
202 117  2.324800e+007  0.000000e+000
202 118  2.324800e+007  0.000000e+000
202 119  2.324800e+007  0.000000e+000
202 120  2.324800e+007  0.000000e+000
202 121  2.704500e+007  0.000000e+000
202 122  2.704500e+007  0.000000e+000
202 123  2.704500e+007  0.000000e+000
202 124  2.704500e+007  0.000000e+000
202 125  2.704500e+007  0.000000e+000
202 126  2.704500e+007  0.000000e+000
202 127  2.704500e+007  0.000000e+000
202 128  2.704500e+007  0.000000e+000
202 129  2.704500e+007  0.000000e+000
202 130  2.704500e+007  0.000000e+000
202 131  2.704500e+007  0.000000e+000
202 132  2.704500e+007  0.000000e+000
202 133  2.704500e+007  0.000000e+000
202 134  2.704500e+007  0.000000e+000
202 135  2.704500e+007  0.000000e+000
202 136  2.704500e+007  0.000000e+000
202 137  2.704500e+007  0.000000e+000
202 138  2.704500e+007  0.000000e+000
202 139  2.704500e+007  0.000000e+000
202 140  2.704500e+007  0.000000e+000
202 141  2.704500e+007  0.000000e+000
202 142  2.704500e+007  0.000000e+000
202 143  2.704500e+007  0.000000e+000
202 144  2.704500e+007  0.000000e+000
202 145  2.704500e+007  0.000000e+000
202 146  2.704500e+007  0.000000e+000
202 147  2.704500e+007  0.000000e+000
202 148  2.704500e+007  0.000000e+000
202 149  2.704500e+007  0.000000e+000
202 150  2.704500e+007  0.000000e+000
202 151  2.704500e+007  0.000000e+000
202 152  2.704500e+007  0.000000e+000
202 153  2.704500e+007  0.000000e+000
202 154  2.704500e+007  0.000000e+000
202 155  2.704500e+007  0.000000e+000
202 156  2.704500e+007  0.000000e+000
202 157  2.704500e+007  0.000000e+000
202 158  2.704500e+007  0.000000e+000
202 159  2.704500e+007  0.000000e+000
202 160  2.704500e+007  0.000000e+000
202 161  2.704500e+007  0.000000e+000
202 162  2.704500e+007  0.000000e+000
202 163  2.704500e+007  0.000000e+000
202 164  2.704500e+007  0.000000e+000
202 165  2.704500e+007  0.000000e+000
202 166  2.704500e+007  0.000000e+000
202 167  2.704500e+007  0.000000e+000
202 168  2.704500e+007  0.000000e+000
202 169  2.704500e+007  0.000000e+000
202 170  2.704500e+007  0.000000e+000
202 171  2.704500e+007  0.000000e+000
202 172  2.704500e+007  0.000000e+000
202 173  2.704500e+007  0.000000e+000
202 174  2.704500e+007  0.000000e+000
202 175  2.704500e+007  0.000000e+000
202 176  2.704500e+007  0.000000e+000
202 177  2.704500e+007  0.000000e+000
202 178  2.704500e+007  0.000000e+000
202 179  2.704500e+007  0.000000e+000
202 180  2.704500e+007  0.000000e+000
202 181  2.704500e+007  0.000000e+000
202 182  2.704500e+007  0.000000e+000
202 183  2.704500e+007  0.000000e+000
202 184  2.704500e+007  0.000000e+000
202 185  2.704500e+007  0.000000e+000
202 186  2.704500e+007  0.000000e+000
202 187  2.704500e+007  0.000000e+000
202 188  2.704500e+007  0.000000e+000
202 189  2.704500e+007  0.000000e+000
202 190  2.704500e+007  0.000000e+000
202 191  2.704500e+007  0.000000e+000
202 192  2.704500e+007  0.000000e+000
202 193  2.704500e+007  0.000000e+000
202 194  2.704500e+007  0.000000e+000
202 195  2.704500e+007  0.000000e+000
202 196  2.704500e+007  0.000000e+000
202 197  2.704500e+007  0.000000e+000
202 198  2.704500e+007  0.000000e+000
202 199  2.704500e+007  0.000000e+000
202 200  2.704500e+007  0.000000e+000
202 201  2.704500e+007  0.000000e+000
202 202  2.704500e+007  0.000000e+000
202 203  2.704500e+007  0.000000e+000
202 204  2.704500e+007  0.000000e+000
202 205  2.704500e+007  0.000000e+000
202 206  2.704500e+007  0.000000e+000
202 207  2.704500e+007  0.000000e+000
202 208  2.704500e+007  0.000000e+000
202 209  3.652400e+007  0.000000e+000
202 210  3.652400e+007  0.000000e+000
202 211  3.652400e+007  0.000000e+000
202 212  3.652400e+007  0.000000e+000
202 213  3.652400e+007  0.000000e+000
202 214  3.652400e+007  0.000000e+000
202 215  3.652400e+007  0.000000e+000
202 216  3.652400e+007  0.000000e+000
202 217  3.652400e+007  0.000000e+000
202 218  3.652400e+007  0.000000e+000
202 219  3.652400e+007  0.000000e+000
202 220  3.652400e+007  0.000000e+000
202 221  3.652400e+007  0.000000e+000
202 222  3.652400e+007  0.000000e+000
202 223  3.652400e+007  0.000000e+000
202 224  3.652400e+007  0.000000e+000
202 225  3.652400e+007  0.000000e+000
202 226  3.652400e+007  0.000000e+000
202 227  3.652400e+007  0.000000e+000
202 228  3.652400e+007  0.000000e+000
202 229  3.652400e+007  0.000000e+000
202 230  3.652400e+007  0.000000e+000
202 231  3.652400e+007  0.000000e+000
202 232  3.652400e+007  0.000000e+000
202 233  3.652400e+007  0.000000e+000
202 234  3.652400e+007  0.000000e+000
202 235  3.652400e+007  0.000000e+000
202 236  3.652400e+007  0.000000e+000
202 237  3.652400e+007  0.000000e+000
202 238  3.652400e+007  0.000000e+000
202 239  3.652400e+007  0.000000e+000
202 240  3.652400e+007  0.000000e+000
202 241  3.652400e+007  0.000000e+000
202 242  3.652400e+007  0.000000e+000
202 243  3.652400e+007  0.000000e+000
202 244  3.652400e+007  0.000000e+000
202 245  3.652400e+007  0.000000e+000
202 246  3.652400e+007  0.000000e+000
202 247  3.652400e+007  0.000000e+000
202 248  3.652400e+007  0.000000e+000
202 249  3.652400e+007  0.000000e+000
202 250  3.652400e+007  0.000000e+000
202 251  3.652400e+007  0.000000e+000
202 252  3.652400e+007  0.000000e+000
202 253  3.652400e+007  0.000000e+000
202 254  3.652400e+007  0.000000e+000
202 255  3.652400e+007  0.000000e+000
202 256  3.652400e+007  0.000000e+000
202 257  3.652400e+007  0.000000e+000
202 258  3.652400e+007  0.000000e+000
202 259  3.652400e+007  0.000000e+000
202 260  3.652400e+007  0.000000e+000
202 261  3.652400e+007  0.000000e+000
202 262  3.652400e+007  0.000000e+000
202 263  3.652400e+007  0.000000e+000
202 264  3.652400e+007  0.000000e+000
202 265  3.652400e+007  0.000000e+000
202 266  3.652400e+007  0.000000e+000
202 267  3.652400e+007  0.000000e+000
202 268  3.652400e+007  0.000000e+000
202 269  3.652400e+007  0.000000e+000
202 270  3.652400e+007  0.000000e+000
202 271  3.652400e+007  0.000000e+000
202 272  3.652400e+007  0.000000e+000
202 273  3.652400e+007  0.000000e+000
202 274  3.652400e+007  0.000000e+000
202 275  3.652400e+007  0.000000e+000
202 276  3.652400e+007  0.000000e+000
202 277  2.868000e+007  0.000000e+000
202 278  2.868000e+007  0.000000e+000
202 279  2.868000e+007  0.000000e+000
202 280  2.868000e+007  0.000000e+000
202 281  2.868000e+007  0.000000e+000
202 282  2.868000e+007  0.000000e+000
202 283  2.868000e+007  0.000000e+000
202 284  2.868000e+007  0.000000e+000
202 285  2.868000e+007  0.000000e+000
202 286  2.868000e+007  0.000000e+000
202 287  2.868000e+007  0.000000e+000
202 288  2.868000e+007  0.000000e+000
202 289  2.868000e+007  0.000000e+000
202 290  2.868000e+007  0.000000e+000
202 291  2.868000e+007  0.000000e+000
202 292  2.868000e+007  0.000000e+000
202 293  2.868000e+007  0.000000e+000
202 294  2.868000e+007  0.000000e+000
202 295  2.868000e+007  0.000000e+000
202 296  2.868000e+007  0.000000e+000
202 297  2.868000e+007  0.000000e+000
202 298  2.868000e+007  0.000000e+000
202 299  2.868000e+007  0.000000e+000
202 300  2.868000e+007  0.000000e+000
202 301  2.868000e+007  0.000000e+000
202 302  2.868000e+007  0.000000e+000
202 303  2.868000e+007  0.000000e+000
202 304  2.868000e+007  0.000000e+000
202 305  2.868000e+007  0.000000e+000
202 306  2.868000e+007  0.000000e+000
202 307  2.868000e+007  0.000000e+000
202 308  2.868000e+007  0.000000e+000
202 309  2.868000e+007  0.000000e+000
202 310  2.868000e+007  0.000000e+000
202 311  2.868000e+007  0.000000e+000
202 312  2.868000e+007  0.000000e+000
202 313  2.868000e+007  0.000000e+000
202 314  2.868000e+007  0.000000e+000
202 315  2.868000e+007  0.000000e+000
202 316  2.868000e+007  0.000000e+000
202 317  2.868000e+007  0.000000e+000
202 318  2.868000e+007  0.000000e+000
202 319  2.868000e+007  0.000000e+000
202 320  2.868000e+007  0.000000e+000
202 321  2.868000e+007  0.000000e+000
202 322  2.868000e+007  0.000000e+000
202 323  2.868000e+007  0.000000e+000
202 324  2.868000e+007  0.000000e+000
202 325  2.868000e+007  0.000000e+000
202 326  2.868000e+007  0.000000e+000
202 327  2.868000e+007  0.000000e+000
202 328  2.868000e+007  0.000000e+000
202 329  2.868000e+007  0.000000e+000
202 330  2.868000e+007  0.000000e+000
202 331  2.868000e+007  0.000000e+000
202 332  2.868000e+007  0.000000e+000
202 333  2.868000e+007  0.000000e+000
202 334  2.868000e+007  0.000000e+000
202 335  2.868000e+007  0.000000e+000
202 336  2.868000e+007  0.000000e+000
202 337  2.868000e+007  0.000000e+000
202 338  2.868000e+007  0.000000e+000
202 339  2.868000e+007  0.000000e+000
202 340  2.868000e+007  0.000000e+000
202 341  2.868000e+007  0.000000e+000
202 342  2.868000e+007  0.000000e+000
202 343  2.868000e+007  0.000000e+000
202 344  2.868000e+007  0.000000e+000
202 345  2.868000e+007  0.000000e+000
202 346  2.868000e+007  0.000000e+000
202 347  2.868000e+007  0.000000e+000
202 348  2.868000e+007  0.000000e+000
202 349  2.868000e+007  0.000000e+000
202 350  2.868000e+007  0.000000e+000
202 351  2.868000e+007  0.000000e+000
202 352  2.868000e+007  0.000000e+000
202 353  2.868000e+007  0.000000e+000
202 354  2.868000e+007  0.000000e+000
202 355  2.868000e+007  0.000000e+000
202 356  2.868000e+007  0.000000e+000
202 357  2.868000e+007  0.000000e+000
202 358  2.868000e+007  0.000000e+000
202 359  2.868000e+007  0.000000e+000
202 360  2.868000e+007  0.000000e+000
202 361  2.868000e+007  0.000000e+000
202 362  2.868000e+007  0.000000e+000
202 363  2.868000e+007  0.000000e+000
202 364  2.868000e+007  0.000000e+000
202 365  2.868000e+007  0.000000e+000
202 366  2.868000e+007  0.000000e+000
202 367  2.868000e+007  0.000000e+000
202 368  2.868000e+007  0.000000e+000
202 369  2.868000e+007  0.000000e+000
202 370  2.868000e+007  0.000000e+000
202 371  2.868000e+007  0.000000e+000
202 372  2.868000e+007  0.000000e+000
202 373  2.868000e+007  0.000000e+000
202 374  2.868000e+007  0.000000e+000
202 375  2.868000e+007  0.000000e+000
202 376  2.868000e+007  0.000000e+000
202 377  2.868000e+007  0.000000e+000
202 378  2.868000e+007  0.000000e+000
202 379  2.868000e+007  0.000000e+000
202 380  2.868000e+007  0.000000e+000
202 381  2.868000e+007  0.000000e+000
202 382  2.868000e+007  0.000000e+000
202 383  2.868000e+007  0.000000e+000
202 384  2.868000e+007  0.000000e+000
202 385  2.868000e+007  0.000000e+000
202 386  2.868000e+007  0.000000e+000
202 387  2.868000e+007  0.000000e+000
202 388  2.868000e+007  0.000000e+000
202 389  2.868000e+007  0.000000e+000
202 390  2.868000e+007  0.000000e+000
202 391  2.868000e+007  0.000000e+000
202 392  2.868000e+007  0.000000e+000
202 393  2.868000e+007  0.000000e+000
202 394  2.868000e+007  0.000000e+000
202 395  2.868000e+007  0.000000e+000
202 396  2.868000e+007  0.000000e+000
202 397  2.868000e+007  0.000000e+000
202 398  2.868000e+007  0.000000e+000
202 399  2.868000e+007  0.000000e+000
202 400  2.868000e+007  0.000000e+000
202 401  2.868000e+007  0.000000e+000
202 402  2.868000e+007  0.000000e+000
202 403  2.868000e+007  0.000000e+000
202 404  2.868000e+007  0.000000e+000
202 405  2.868000e+007  0.000000e+000
202 406  2.868000e+007  0.000000e+000
202 407  2.868000e+007  0.000000e+000
202 408  2.868000e+007  0.000000e+000
202 409  2.868000e+007  0.000000e+000
202 410  2.868000e+007  0.000000e+000
202 411  2.868000e+007  0.000000e+000
202 412  2.868000e+007  0.000000e+000
202 413  2.868000e+007  0.000000e+000
202 414  2.868000e+007  0.000000e+000
202 415  2.868000e+007  0.000000e+000
202 416  2.868000e+007  0.000000e+000
202 417  2.868000e+007  0.000000e+000
202 418  2.868000e+007  0.000000e+000
202 419  2.868000e+007  0.000000e+000
202 420  2.868000e+007  0.000000e+000
202 421  2.868000e+007  0.000000e+000
202 422  2.868000e+007  0.000000e+000
202 423  2.868000e+007  0.000000e+000
202 424  2.868000e+007  0.000000e+000
202 425  2.868000e+007  0.000000e+000
202 426  2.868000e+007  0.000000e+000
202 427  2.868000e+007  0.000000e+000
202 428  2.868000e+007  0.000000e+000
202 429  2.868000e+007  0.000000e+000
202 430  2.868000e+007  0.000000e+000
202 431  2.868000e+007  0.000000e+000
202 432  2.868000e+007  0.000000e+000
202 433  2.868000e+007  0.000000e+000
202 434  2.868000e+007  0.000000e+000
202 435  2.868000e+007  0.000000e+000
202 436  2.868000e+007  0.000000e+000
202 437  2.868000e+007  0.000000e+000
202 438  2.868000e+007  0.000000e+000
202 439  2.868000e+007  0.000000e+000
202 440  2.868000e+007  0.000000e+000
202 441  2.868000e+007  0.000000e+000
202 442  2.868000e+007  0.000000e+000
202 443  2.868000e+007  0.000000e+000
202 444  2.868000e+007  0.000000e+000
202 445  2.868000e+007  0.000000e+000
202 446  2.868000e+007  0.000000e+000
202 447  2.868000e+007  0.000000e+000
202 448  2.868000e+007  0.000000e+000
202 449  2.868000e+007  0.000000e+000
202 450  2.868000e+007  0.000000e+000
202 451  2.868000e+007  0.000000e+000
202 452  2.868000e+007  0.000000e+000
202 453  2.868000e+007  0.000000e+000
202 454  2.868000e+007  0.000000e+000
202 455  2.868000e+007  0.000000e+000
202 456  2.868000e+007  0.000000e+000
202 457  2.868000e+007  0.000000e+000
202 458  2.868000e+007  0.000000e+000
202 459  2.868000e+007  0.000000e+000
202 460  2.868000e+007  0.000000e+000
202 461  2.868000e+007  0.000000e+000
202 462  2.868000e+007  0.000000e+000
202 463  2.868000e+007  0.000000e+000
202 464  2.868000e+007  0.000000e+000
202 465  2.868000e+007  0.000000e+000
202 466  2.868000e+007  0.000000e+000
202 467  2.868000e+007  0.000000e+000
202 468  2.868000e+007  0.000000e+000
202 469  2.868000e+007  0.000000e+000
202 470  2.868000e+007  0.000000e+000
202 471  2.868000e+007  0.000000e+000
202 472  2.868000e+007  0.000000e+000
202 473  2.868000e+007  0.000000e+000
202 474  2.868000e+007  0.000000e+000
202 475  2.868000e+007  0.000000e+000
202 476  2.868000e+007  0.000000e+000
202 477  2.868000e+007  0.000000e+000
202 478  2.868000e+007  0.000000e+000
202 479  2.868000e+007  0.000000e+000
202 480  2.868000e+007  0.000000e+000
202 481  2.868000e+007  0.000000e+000
202 482  2.868000e+007  0.000000e+000
202 483  2.868000e+007  0.000000e+000
202 484  2.868000e+007  0.000000e+000
202 485  2.868000e+007  0.000000e+000
202 486  2.868000e+007  0.000000e+000
202 487  2.868000e+007  0.000000e+000
202 488  2.868000e+007  0.000000e+000
202 489  2.868000e+007  0.000000e+000
202 490  2.868000e+007  0.000000e+000
202 491  2.868000e+007  0.000000e+000
202 492  2.868000e+007  0.000000e+000
202 493  2.868000e+007  0.000000e+000
202 494  2.868000e+007  0.000000e+000
202 495  2.868000e+007  0.000000e+000
202 496  2.868000e+007  0.000000e+000
202 497  1.699500e+007  0.000000e+000
202 498  1.699500e+007  0.000000e+000
202 499  1.699500e+007  0.000000e+000
202 500  1.699500e+007  0.000000e+000
202 501  1.699500e+007  0.000000e+000
202 502  1.699500e+007  0.000000e+000
202 503  1.699500e+007  0.000000e+000
202 504  1.699500e+007  0.000000e+000
202 505  1.699500e+007  0.000000e+000
202 506  1.699500e+007  0.000000e+000
202 507  1.699500e+007  0.000000e+000
202 508  1.699500e+007  0.000000e+000
202 509  1.699500e+007  0.000000e+000
202 510  1.699500e+007  0.000000e+000
202 511  1.699500e+007  0.000000e+000
202 512  1.699500e+007  0.000000e+000
202 513  1.699500e+007  0.000000e+000
202 514  1.699500e+007  0.000000e+000
202 515  1.699500e+007  0.000000e+000
202 516  1.699500e+007  0.000000e+000
202 517  1.699500e+007  0.000000e+000
202 518  1.699500e+007  0.000000e+000
202 519  1.699500e+007  0.000000e+000
202 520  1.699500e+007  0.000000e+000
202 521  1.699500e+007  0.000000e+000
202 522  1.699500e+007  0.000000e+000
202 523  1.699500e+007  0.000000e+000
202 524  1.699500e+007  0.000000e+000
202 525  1.699500e+007  0.000000e+000
202 526  1.699500e+007  0.000000e+000
202 527  1.699500e+007  0.000000e+000
202 528  1.699500e+007  0.000000e+000
202 529  1.699500e+007  0.000000e+000
202 530  1.699500e+007  0.000000e+000
202 531  1.699500e+007  0.000000e+000
202 532  1.699500e+007  0.000000e+000
202 533  1.699500e+007  0.000000e+000
202 534  1.699500e+007  0.000000e+000
202 535  1.699500e+007  0.000000e+000
202 536  1.699500e+007  0.000000e+000
202 537  1.490600e+007  0.000000e+000
202 538  1.490600e+007  0.000000e+000
202 539  1.490600e+007  0.000000e+000
202 540  1.490600e+007  0.000000e+000
202 541  1.490600e+007  0.000000e+000
202 542  1.490600e+007  0.000000e+000
202 543  1.490600e+007  0.000000e+000
202 544  1.490600e+007  0.000000e+000
202 545  1.490600e+007  0.000000e+000
202 546  1.490600e+007  0.000000e+000
202 547  1.490600e+007  0.000000e+000
202 548  1.490600e+007  0.000000e+000
202 549  1.490600e+007  0.000000e+000
202 550  1.490600e+007  0.000000e+000
202 551  1.490600e+007  0.000000e+000
202 552  1.490600e+007  0.000000e+000
202 553  1.490600e+007  0.000000e+000
202 554  1.490600e+007  0.000000e+000
202 555  1.490600e+007  0.000000e+000
202 556  1.490600e+007  0.000000e+000
202 557  1.490600e+007  0.000000e+000
202 558  1.490600e+007  0.000000e+000
202 559  1.490600e+007  0.000000e+000
202 560  1.490600e+007  0.000000e+000
202 561  1.490600e+007  0.000000e+000
202 562  1.490600e+007  0.000000e+000
202 563  1.490600e+007  0.000000e+000
202 564  1.490600e+007  0.000000e+000
202 565  1.490600e+007  0.000000e+000
202 566  1.490600e+007  0.000000e+000
202 567  1.490600e+007  0.000000e+000
202 568  1.490600e+007  0.000000e+000
202 569  1.490600e+007  0.000000e+000
202 570  1.490600e+007  0.000000e+000
202 571  1.490600e+007  0.000000e+000
202 572  1.490600e+007  0.000000e+000
202 573  1.490600e+007  0.000000e+000
202 574  1.490600e+007  0.000000e+000
202 575  1.490600e+007  0.000000e+000
202 576  1.490600e+007  0.000000e+000
202 577  1.490600e+007  0.000000e+000
202 578  1.490600e+007  0.000000e+000
202 579  1.490600e+007  0.000000e+000
202 580  1.490600e+007  0.000000e+000
202 581  1.660900e+007  0.000000e+000
202 582  1.660900e+007  0.000000e+000
202 583  1.660900e+007  0.000000e+000
202 584  1.660900e+007  0.000000e+000
202 585  1.660900e+007  0.000000e+000
202 586  1.660900e+007  0.000000e+000
202 587  1.660900e+007  0.000000e+000
202 588  1.660900e+007  0.000000e+000
202 589  1.660900e+007  0.000000e+000
202 590  1.660900e+007  0.000000e+000
202 591  1.660900e+007  0.000000e+000
202 592  1.660900e+007  0.000000e+000
202 593  1.660900e+007  0.000000e+000
202 594  1.660900e+007  0.000000e+000
202 595  1.660900e+007  0.000000e+000
202 596  1.660900e+007  0.000000e+000
202 597  1.660900e+007  0.000000e+000
202 598  1.660900e+007  0.000000e+000
202 599  1.660900e+007  0.000000e+000
202 600  1.660900e+007  0.000000e+000
202 601  1.660900e+007  0.000000e+000
202 602  1.660900e+007  0.000000e+000
202 603  1.660900e+007  0.000000e+000
202 604  1.660900e+007  0.000000e+000
202 605  1.660900e+007  0.000000e+000
202 606  1.660900e+007  0.000000e+000
202 607  1.660900e+007  0.000000e+000
202 608  1.660900e+007  0.000000e+000
202 609  1.660900e+007  0.000000e+000
202 610  1.660900e+007  0.000000e+000
202 611  1.660900e+007  0.000000e+000
202 612  1.660900e+007  0.000000e+000
202 613  1.373500e+007  0.000000e+000
202 614  1.373500e+007  0.000000e+000
202 615  1.373500e+007  0.000000e+000
202 616  1.373500e+007  0.000000e+000
202 617  1.373500e+007  0.000000e+000
202 618  1.373500e+007  0.000000e+000
202 619  1.373500e+007  0.000000e+000
202 620  1.373500e+007  0.000000e+000
202 621  1.373500e+007  0.000000e+000
202 622  1.373500e+007  0.000000e+000
202 623  1.373500e+007  0.000000e+000
202 624  1.373500e+007  0.000000e+000
202 625  1.373500e+007  0.000000e+000
202 626  1.373500e+007  0.000000e+000
202 627  1.373500e+007  0.000000e+000
202 628  1.373500e+007  0.000000e+000
202 629  1.373500e+007  0.000000e+000
202 630  1.373500e+007  0.000000e+000
202 631  1.373500e+007  0.000000e+000
202 632  1.373500e+007  0.000000e+000
202 633  1.373500e+007  0.000000e+000
202 634  1.373500e+007  0.000000e+000
202 635  1.373500e+007  0.000000e+000
202 636  1.373500e+007  0.000000e+000
202 637  1.373500e+007  0.000000e+000
202 638  1.373500e+007  0.000000e+000
202 639  1.373500e+007  0.000000e+000
202 640  1.373500e+007  0.000000e+000
202 641  1.373500e+007  0.000000e+000
202 642  1.373500e+007  0.000000e+000
202 643  1.373500e+007  0.000000e+000
202 644  1.373500e+007  0.000000e+000
202 645  1.373500e+007  0.000000e+000
202 646  1.373500e+007  0.000000e+000
202 647  1.373500e+007  0.000000e+000
202 648  1.373500e+007  0.000000e+000
202 649  1.373500e+007  0.000000e+000
202 650  1.373500e+007  0.000000e+000
202 651  1.373500e+007  0.000000e+000
202 652  1.373500e+007  0.000000e+000
202 653  1.373500e+007  0.000000e+000
202 654  1.373500e+007  0.000000e+000
202 655  1.373500e+007  0.000000e+000
202 656  1.373500e+007  0.000000e+000
202 657  1.373500e+007  0.000000e+000
202 658  1.373500e+007  0.000000e+000
202 659  1.373500e+007  0.000000e+000
202 660  1.373500e+007  0.000000e+000
202 661  1.842100e+007  0.000000e+000
202 662  1.842100e+007  0.000000e+000
202 663  1.842100e+007  0.000000e+000
202 664  1.842100e+007  0.000000e+000
202 665  1.842100e+007  0.000000e+000
202 666  1.842100e+007  0.000000e+000
202 667  1.842100e+007  0.000000e+000
202 668  1.842100e+007  0.000000e+000
202 669  1.842100e+007  0.000000e+000
202 670  1.842100e+007  0.000000e+000
202 671  1.842100e+007  0.000000e+000
202 672  1.842100e+007  0.000000e+000
202 673  1.842100e+007  0.000000e+000
202 674  1.842100e+007  0.000000e+000
202 675  1.842100e+007  0.000000e+000
202 676  1.842100e+007  0.000000e+000
202 677  1.842100e+007  0.000000e+000
202 678  1.842100e+007  0.000000e+000
202 679  1.842100e+007  0.000000e+000
202 680  1.842100e+007  0.000000e+000
202 681  1.842100e+007  0.000000e+000
202 682  1.842100e+007  0.000000e+000
202 683  1.842100e+007  0.000000e+000
202 684  1.842100e+007  0.000000e+000
202 685  1.842100e+007  0.000000e+000
202 686  1.842100e+007  0.000000e+000
202 687  1.842100e+007  0.000000e+000
202 688  1.842100e+007  0.000000e+000
202 689  1.842100e+007  0.000000e+000
202 690  1.842100e+007  0.000000e+000
202 691  1.842100e+007  0.000000e+000
202 692  1.842100e+007  0.000000e+000
202 693  8.200000e+006  0.000000e+000
202 694  8.200000e+006  0.000000e+000
202 695  8.200000e+006  0.000000e+000
202 696  8.200000e+006  0.000000e+000
202 697  8.200000e+006  0.000000e+000
202 698  8.200000e+006  0.000000e+000
202 699  8.200000e+006  0.000000e+000
202 700  8.200000e+006  0.000000e+000
202 701  8.200000e+006  0.000000e+000
202 702  8.200000e+006  0.000000e+000
202 703  8.200000e+006  0.000000e+000
202 704  8.200000e+006  0.000000e+000
202 705  8.200000e+006  0.000000e+000
202 706  8.200000e+006  0.000000e+000
202 707  8.200000e+006  0.000000e+000
202 708  8.200000e+006  0.000000e+000
202 709  8.200000e+006  0.000000e+000
202 710  8.200000e+006  0.000000e+000
202 711  8.200000e+006  0.000000e+000
202 712  8.200000e+006  0.000000e+000
202 713  8.200000e+006  0.000000e+000
202 714  8.200000e+006  0.000000e+000
202 715  8.200000e+006  0.000000e+000
202 716  8.200000e+006  0.000000e+000
202 717  8.200000e+006  0.000000e+000
202 718  8.200000e+006  0.000000e+000
202 719  8.200000e+006  0.000000e+000
202 720  8.200000e+006  0.000000e+000
202 721  8.200000e+006  0.000000e+000
202 722  8.200000e+006  0.000000e+000
202 723  8.200000e+006  0.000000e+000
202 724  8.200000e+006  0.000000e+000
202 725  8.200000e+006  0.000000e+000
202 726  8.200000e+006  0.000000e+000
202 727  8.200000e+006  0.000000e+000
202 728  8.200000e+006  0.000000e+000
202 729  8.200000e+006  0.000000e+000
202 730  8.200000e+006  0.000000e+000
202 731  8.200000e+006  0.000000e+000
202 732  8.200000e+006  0.000000e+000
202 733  8.200000e+006  0.000000e+000
202 734  8.200000e+006  0.000000e+000
202 735  8.200000e+006  0.000000e+000
202 736  8.200000e+006  0.000000e+000
202 737  8.200000e+006  0.000000e+000
202 738  8.200000e+006  0.000000e+000
202 739  8.200000e+006  0.000000e+000
202 740  8.200000e+006  0.000000e+000
202 741  8.200000e+006  0.000000e+000
202 742  8.200000e+006  0.000000e+000
202 743  8.200000e+006  0.000000e+000
202 744  8.200000e+006  0.000000e+000
202 745  8.200000e+006  0.000000e+000
202 746  8.200000e+006  0.000000e+000
202 747  8.200000e+006  0.000000e+000
202 748  8.200000e+006  0.000000e+000
202 749  8.200000e+006  0.000000e+000
202 750  8.200000e+006  0.000000e+000
202 751  8.200000e+006  0.000000e+000
202 752  8.200000e+006  0.000000e+000
202 753  8.200000e+006  0.000000e+000
202 754  8.200000e+006  0.000000e+000
202 755  8.200000e+006  0.000000e+000
202 756  8.200000e+006  0.000000e+000
202 757  8.200000e+006  0.000000e+000
202 758  8.200000e+006  0.000000e+000
202 759  8.200000e+006  0.000000e+000
202 760  8.200000e+006  0.000000e+000
202 761  8.200000e+006  0.000000e+000
202 762  8.200000e+006  0.000000e+000
202 763  8.200000e+006  0.000000e+000
202 764  8.200000e+006  0.000000e+000
202 765  8.200000e+006  0.000000e+000
202 766  8.200000e+006  0.000000e+000
202 767  8.200000e+006  0.000000e+000
202 768  8.200000e+006  0.000000e+000
202 769  8.200000e+006  0.000000e+000
202 770  8.200000e+006  0.000000e+000
202 771  8.200000e+006  0.000000e+000
202 772  8.200000e+006  0.000000e+000
202 773  8.200000e+006  0.000000e+000
202 774  8.200000e+006  0.000000e+000
202 775  8.200000e+006  0.000000e+000
202 776  8.200000e+006  0.000000e+000
202 777  8.200000e+006  0.000000e+000
202 778  8.200000e+006  0.000000e+000
202 779  8.200000e+006  0.000000e+000
202 780  8.200000e+006  0.000000e+000
202 781  8.200000e+006  0.000000e+000
202 782  8.200000e+006  0.000000e+000
202 783  8.200000e+006  0.000000e+000
202 784  8.200000e+006  0.000000e+000
202 785  8.200000e+006  0.000000e+000
202 786  8.200000e+006  0.000000e+000
202 787  8.200000e+006  0.000000e+000
202 788  8.200000e+006  0.000000e+000
202 789  8.200000e+006  0.000000e+000
202 790  8.200000e+006  0.000000e+000
202 791  8.200000e+006  0.000000e+000
202 792  8.200000e+006  0.000000e+000
202 793  8.200000e+006  0.000000e+000
202 794  8.200000e+006  0.000000e+000
202 795  8.200000e+006  0.000000e+000
202 796  8.200000e+006  0.000000e+000
202 797  8.200000e+006  0.000000e+000
202 798  8.200000e+006  0.000000e+000
202 799  8.200000e+006  0.000000e+000
202 800  8.200000e+006  0.000000e+000
202 801  8.200000e+006  0.000000e+000
202 802  8.200000e+006  0.000000e+000
202 803  8.200000e+006  0.000000e+000
202 804  8.200000e+006  0.000000e+000
202 805  8.200000e+006  0.000000e+000
202 806  8.200000e+006  0.000000e+000
202 807  8.200000e+006  0.000000e+000
202 808  8.200000e+006  0.000000e+000
202 809  8.200000e+006  0.000000e+000
202 810  8.200000e+006  0.000000e+000
202 811  8.200000e+006  0.000000e+000
202 812  8.200000e+006  0.000000e+000
202 813  8.200000e+006  0.000000e+000
202 814  8.200000e+006  0.000000e+000
202 815  8.200000e+006  0.000000e+000
202 816  8.200000e+006  0.000000e+000
202 817  8.200000e+006  0.000000e+000
202 818  8.200000e+006  0.000000e+000
202 819  8.200000e+006  0.000000e+000
202 820  8.200000e+006  0.000000e+000
202 821  8.200000e+006  0.000000e+000
202 822  8.200000e+006  0.000000e+000
202 823  8.200000e+006  0.000000e+000
202 824  8.200000e+006  0.000000e+000
202 825  8.200000e+006  0.000000e+000
202 826  8.200000e+006  0.000000e+000
202 827  8.200000e+006  0.000000e+000
202 828  8.200000e+006  0.000000e+000
202 829  8.200000e+006  0.000000e+000
202 830  8.200000e+006  0.000000e+000
202 831  8.200000e+006  0.000000e+000
202 832  8.200000e+006  0.000000e+000
202 833  8.200000e+006  0.000000e+000
202 834  8.200000e+006  0.000000e+000
202 835  8.200000e+006  0.000000e+000
202 836  8.200000e+006  0.000000e+000
202 837  6.827000e+006  0.000000e+000
202 838  6.827000e+006  0.000000e+000
202 839  6.827000e+006  0.000000e+000
202 840  6.827000e+006  0.000000e+000
202 841  6.827000e+006  0.000000e+000
202 842  6.827000e+006  0.000000e+000
202 843  6.827000e+006  0.000000e+000
202 844  6.827000e+006  0.000000e+000
202 845  6.827000e+006  0.000000e+000
202 846  6.827000e+006  0.000000e+000
202 847  6.827000e+006  0.000000e+000
202 848  6.827000e+006  0.000000e+000
202 849  6.827000e+006  0.000000e+000
202 850  6.827000e+006  0.000000e+000
202 851  6.827000e+006  0.000000e+000
202 852  6.827000e+006  0.000000e+000
202 853  6.827000e+006  0.000000e+000
202 854  6.827000e+006  0.000000e+000
202 855  6.827000e+006  0.000000e+000
202 856  6.827000e+006  0.000000e+000
202 857  6.827000e+006  0.000000e+000
202 858  6.827000e+006  0.000000e+000
202 859  6.827000e+006  0.000000e+000
202 860  6.827000e+006  0.000000e+000
202 861  6.827000e+006  0.000000e+000
202 862  6.827000e+006  0.000000e+000
202 863  6.827000e+006  0.000000e+000
202 864  6.827000e+006  0.000000e+000
202 865  6.827000e+006  0.000000e+000
202 866  6.827000e+006  0.000000e+000
202 867  6.827000e+006  0.000000e+000
202 868  6.827000e+006  0.000000e+000
202 869  6.827000e+006  0.000000e+000
202 870  6.827000e+006  0.000000e+000
202 871  6.827000e+006  0.000000e+000
202 872  6.827000e+006  0.000000e+000
202 873  6.827000e+006  0.000000e+000
202 874  6.827000e+006  0.000000e+000
202 875  6.827000e+006  0.000000e+000
202 876  6.827000e+006  0.000000e+000
202 877  6.827000e+006  0.000000e+000
202 878  6.827000e+006  0.000000e+000
202 879  6.827000e+006  0.000000e+000
202 880  6.827000e+006  0.000000e+000
202 881  6.827000e+006  0.000000e+000
202 882  6.827000e+006  0.000000e+000
202 883  6.827000e+006  0.000000e+000
202 884  6.827000e+006  0.000000e+000
202 885  6.827000e+006  0.000000e+000
202 886  6.827000e+006  0.000000e+000
202 887  6.827000e+006  0.000000e+000
202 888  6.827000e+006  0.000000e+000
202 889  6.827000e+006  0.000000e+000
202 890  6.827000e+006  0.000000e+000
202 891  6.827000e+006  0.000000e+000
202 892  6.827000e+006  0.000000e+000
202 893  6.827000e+006  0.000000e+000
202 894  6.827000e+006  0.000000e+000
202 895  6.827000e+006  0.000000e+000
202 896  6.827000e+006  0.000000e+000
202 897  6.827000e+006  0.000000e+000
202 898  6.827000e+006  0.000000e+000
202 899  6.827000e+006  0.000000e+000
202 900  6.827000e+006  0.000000e+000
202 901  6.827000e+006  0.000000e+000
202 902  6.827000e+006  0.000000e+000
202 903  6.827000e+006  0.000000e+000
202 904  6.827000e+006  0.000000e+000
202 905  6.827000e+006  0.000000e+000
202 906  6.827000e+006  0.000000e+000
202 907  6.827000e+006  0.000000e+000
202 908  6.827000e+006  0.000000e+000
202 909  6.827000e+006  0.000000e+000
202 910  6.827000e+006  0.000000e+000
202 911  6.827000e+006  0.000000e+000
202 912  6.827000e+006  0.000000e+000
202 913  6.827000e+006  0.000000e+000
202 914  6.827000e+006  0.000000e+000
202 915  6.827000e+006  0.000000e+000
202 916  6.827000e+006  0.000000e+000
202 917  6.827000e+006  0.000000e+000
202 918  6.827000e+006  0.000000e+000
202 919  6.827000e+006  0.000000e+000
202 920  6.827000e+006  0.000000e+000
202 921  6.827000e+006  0.000000e+000
202 922  6.827000e+006  0.000000e+000
202 923  6.827000e+006  0.000000e+000
202 924  6.827000e+006  0.000000e+000
202 925  6.827000e+006  0.000000e+000
202 926  6.827000e+006  0.000000e+000
202 927  6.827000e+006  0.000000e+000
202 928  6.827000e+006  0.000000e+000
202 929  6.827000e+006  0.000000e+000
202 930  6.827000e+006  0.000000e+000
202 931  6.827000e+006  0.000000e+000
202 932  6.827000e+006  0.000000e+000
202 933  6.827000e+006  0.000000e+000
202 934  6.827000e+006  0.000000e+000
202 935  6.827000e+006  0.000000e+000
202 936  6.827000e+006  0.000000e+000
202 937  6.827000e+006  0.000000e+000
202 938  6.827000e+006  0.000000e+000
202 939  6.827000e+006  0.000000e+000
202 940  6.827000e+006  0.000000e+000
202 941  6.827000e+006  0.000000e+000
202 942  6.827000e+006  0.000000e+000
202 943  6.827000e+006  0.000000e+000
202 944  6.827000e+006  0.000000e+000
202 945  6.827000e+006  0.000000e+000
202 946  6.827000e+006  0.000000e+000
202 947  6.827000e+006  0.000000e+000
202 948  6.827000e+006  0.000000e+000
202 949  6.827000e+006  0.000000e+000
202 950  6.827000e+006  0.000000e+000
202 951  6.827000e+006  0.000000e+000
202 952  6.827000e+006  0.000000e+000
202 953  1.079000e+007  0.000000e+000
202 954  1.079000e+007  0.000000e+000
202 955  1.079000e+007  0.000000e+000
202 956  1.079000e+007  0.000000e+000
202 957  1.079000e+007  0.000000e+000
202 958  1.079000e+007  0.000000e+000
202 959  1.079000e+007  0.000000e+000
202 960  1.079000e+007  0.000000e+000
202 961  1.079000e+007  0.000000e+000
202 962  1.079000e+007  0.000000e+000
202 963  1.079000e+007  0.000000e+000
202 964  1.079000e+007  0.000000e+000
202 965  1.079000e+007  0.000000e+000
202 966  1.079000e+007  0.000000e+000
202 967  1.079000e+007  0.000000e+000
202 968  1.079000e+007  0.000000e+000
202 969  1.079000e+007  0.000000e+000
202 970  1.079000e+007  0.000000e+000
202 971  1.079000e+007  0.000000e+000
202 972  1.079000e+007  0.000000e+000
202 973  1.079000e+007  0.000000e+000
202 974  1.079000e+007  0.000000e+000
202 975  1.079000e+007  0.000000e+000
202 976  1.079000e+007  0.000000e+000
202 977  1.079000e+007  0.000000e+000
202 978  1.079000e+007  0.000000e+000
202 979  1.079000e+007  0.000000e+000
202 980  1.079000e+007  0.000000e+000
202 981  1.079000e+007  0.000000e+000
202 982  1.079000e+007  0.000000e+000
202 983  1.079000e+007  0.000000e+000
202 984  1.079000e+007  0.000000e+000
202 985  1.079000e+007  0.000000e+000
202 986  1.079000e+007  0.000000e+000
202 987  1.079000e+007  0.000000e+000
202 988  1.079000e+007  0.000000e+000
202 989  1.079000e+007  0.000000e+000
202 990  1.079000e+007  0.000000e+000
202 991  1.079000e+007  0.000000e+000
202 992  1.079000e+007  0.000000e+000
202 993  1.079000e+007  0.000000e+000
202 994  1.079000e+007  0.000000e+000
202 995  1.079000e+007  0.000000e+000
202 996  1.079000e+007  0.000000e+000
202 997  1.079000e+007  0.000000e+000
202 998  1.079000e+007  0.000000e+000
202 999  1.079000e+007  0.000000e+000
202 1000  1.079000e+007  0.000000e+000
202 1001  1.079000e+007  0.000000e+000
202 1002  1.079000e+007  0.000000e+000
202 1003  1.079000e+007  0.000000e+000
202 1004  1.079000e+007  0.000000e+000
202 1005  1.079000e+007  0.000000e+000
202 1006  1.079000e+007  0.000000e+000
202 1007  1.079000e+007  0.000000e+000
202 1008  1.079000e+007  0.000000e+000
202 1009  1.079000e+007  0.000000e+000
202 1010  1.079000e+007  0.000000e+000
202 1011  1.079000e+007  0.000000e+000
202 1012  1.079000e+007  0.000000e+000
202 1013  1.079000e+007  0.000000e+000
202 1014  1.079000e+007  0.000000e+000
202 1015  1.079000e+007  0.000000e+000
202 1016  1.079000e+007  0.000000e+000
202 1017  1.079000e+007  0.000000e+000
202 1018  1.079000e+007  0.000000e+000
202 1019  1.079000e+007  0.000000e+000
202 1020  1.079000e+007  0.000000e+000
202 1021  1.079000e+007  0.000000e+000
202 1022  1.079000e+007  0.000000e+000
202 1023  1.079000e+007  0.000000e+000
202 1024  1.079000e+007  0.000000e+000
202 1025  1.079000e+007  0.000000e+000
202 1026  1.079000e+007  0.000000e+000
202 1027  1.079000e+007  0.000000e+000
202 1028  1.079000e+007  0.000000e+000
202 1029  1.079000e+007  0.000000e+000
202 1030  1.079000e+007  0.000000e+000
202 1031  1.079000e+007  0.000000e+000
202 1032  1.079000e+007  0.000000e+000
202 1033  1.079000e+007  0.000000e+000
202 1034  1.079000e+007  0.000000e+000
202 1035  1.079000e+007  0.000000e+000
202 1036  1.079000e+007  0.000000e+000
202 1037  1.079000e+007  0.000000e+000
202 1038  1.079000e+007  0.000000e+000
202 1039  1.079000e+007  0.000000e+000
202 1040  1.079000e+007  0.000000e+000
202 1041  1.079000e+007  0.000000e+000
202 1042  1.079000e+007  0.000000e+000
202 1043  1.079000e+007  0.000000e+000
202 1044  1.079000e+007  0.000000e+000
202 1045  1.079000e+007  0.000000e+000
202 1046  1.079000e+007  0.000000e+000
202 1047  1.079000e+007  0.000000e+000
202 1048  1.079000e+007  0.000000e+000
202 1049  1.079000e+007  0.000000e+000
202 1050  1.079000e+007  0.000000e+000
202 1051  1.079000e+007  0.000000e+000
202 1052  1.079000e+007  0.000000e+000
202 1053  1.079000e+007  0.000000e+000
202 1054  1.079000e+007  0.000000e+000
202 1055  1.079000e+007  0.000000e+000
202 1056  1.079000e+007  0.000000e+000
202 1057  1.079000e+007  0.000000e+000
202 1058  1.079000e+007  0.000000e+000
202 1059  1.079000e+007  0.000000e+000
202 1060  1.079000e+007  0.000000e+000
202 1061  1.271900e+007  0.000000e+000
202 1062  1.271900e+007  0.000000e+000
202 1063  1.271900e+007  0.000000e+000
202 1064  1.271900e+007  0.000000e+000
202 1065  1.271900e+007  0.000000e+000
202 1066  1.271900e+007  0.000000e+000
202 1067  1.271900e+007  0.000000e+000
202 1068  1.271900e+007  0.000000e+000
202 1069  1.271900e+007  0.000000e+000
202 1070  1.271900e+007  0.000000e+000
202 1071  1.271900e+007  0.000000e+000
202 1072  1.271900e+007  0.000000e+000
202 1073  1.271900e+007  0.000000e+000
202 1074  1.271900e+007  0.000000e+000
202 1075  1.271900e+007  0.000000e+000
202 1076  1.271900e+007  0.000000e+000
202 1077  1.271900e+007  0.000000e+000
202 1078  1.271900e+007  0.000000e+000
202 1079  1.271900e+007  0.000000e+000
202 1080  1.271900e+007  0.000000e+000
202 1081  1.271900e+007  0.000000e+000
202 1082  1.271900e+007  0.000000e+000
202 1083  1.271900e+007  0.000000e+000
202 1084  1.271900e+007  0.000000e+000
202 1085  1.271900e+007  0.000000e+000
202 1086  1.271900e+007  0.000000e+000
202 1087  1.271900e+007  0.000000e+000
202 1088  1.271900e+007  0.000000e+000
202 1089  1.271900e+007  0.000000e+000
202 1090  1.271900e+007  0.000000e+000
202 1091  1.271900e+007  0.000000e+000
202 1092  1.271900e+007  0.000000e+000
202 1093  1.271900e+007  0.000000e+000
202 1094  1.271900e+007  0.000000e+000
202 1095  1.271900e+007  0.000000e+000
202 1096  1.271900e+007  0.000000e+000
202 1097  1.271900e+007  0.000000e+000
202 1098  1.271900e+007  0.000000e+000
202 1099  1.271900e+007  0.000000e+000
202 1100  1.271900e+007  0.000000e+000
202 1101  1.271900e+007  0.000000e+000
202 1102  1.271900e+007  0.000000e+000
202 1103  1.271900e+007  0.000000e+000
202 1104  1.271900e+007  0.000000e+000
202 1105  1.271900e+007  0.000000e+000
202 1106  1.271900e+007  0.000000e+000
202 1107  1.271900e+007  0.000000e+000
202 1108  1.271900e+007  0.000000e+000
202 1109  1.271900e+007  0.000000e+000
202 1110  1.271900e+007  0.000000e+000
202 1111  1.271900e+007  0.000000e+000
202 1112  1.271900e+007  0.000000e+000
202 1113  1.271900e+007  0.000000e+000
202 1114  1.271900e+007  0.000000e+000
202 1115  1.271900e+007  0.000000e+000
202 1116  1.271900e+007  0.000000e+000
202 1117  1.271900e+007  0.000000e+000
202 1118  1.271900e+007  0.000000e+000
202 1119  1.271900e+007  0.000000e+000
202 1120  1.271900e+007  0.000000e+000
202 1121  1.271900e+007  0.000000e+000
202 1122  1.271900e+007  0.000000e+000
202 1123  1.271900e+007  0.000000e+000
202 1124  1.271900e+007  0.000000e+000
202 1125  1.271900e+007  0.000000e+000
202 1126  1.271900e+007  0.000000e+000
202 1127  1.271900e+007  0.000000e+000
202 1128  1.271900e+007  0.000000e+000
202 1129  1.271900e+007  0.000000e+000
202 1130  1.271900e+007  0.000000e+000
202 1131  1.271900e+007  0.000000e+000
202 1132  1.271900e+007  0.000000e+000
202 1133  1.271900e+007  0.000000e+000
202 1134  1.271900e+007  0.000000e+000
202 1135  1.271900e+007  0.000000e+000
202 1136  1.271900e+007  0.000000e+000
202 1137  1.271900e+007  0.000000e+000
202 1138  1.271900e+007  0.000000e+000
202 1139  1.271900e+007  0.000000e+000
202 1140  1.271900e+007  0.000000e+000
202 1141  1.325700e+007  0.000000e+000
202 1142  1.325700e+007  0.000000e+000
202 1143  1.325700e+007  0.000000e+000
202 1144  1.325700e+007  0.000000e+000
202 1145  1.325700e+007  0.000000e+000
202 1146  1.325700e+007  0.000000e+000
202 1147  1.325700e+007  0.000000e+000
202 1148  1.325700e+007  0.000000e+000
202 1149  1.325700e+007  0.000000e+000
202 1150  1.325700e+007  0.000000e+000
202 1151  1.325700e+007  0.000000e+000
202 1152  1.325700e+007  0.000000e+000
202 1153  1.325700e+007  0.000000e+000
202 1154  1.325700e+007  0.000000e+000
202 1155  1.325700e+007  0.000000e+000
202 1156  1.325700e+007  0.000000e+000
202 1157  1.325700e+007  0.000000e+000
202 1158  1.325700e+007  0.000000e+000
202 1159  1.325700e+007  0.000000e+000
202 1160  1.325700e+007  0.000000e+000
202 1161  1.325700e+007  0.000000e+000
202 1162  1.325700e+007  0.000000e+000
202 1163  1.325700e+007  0.000000e+000
202 1164  1.325700e+007  0.000000e+000
202 1165  1.325700e+007  0.000000e+000
202 1166  1.325700e+007  0.000000e+000
202 1167  1.325700e+007  0.000000e+000
202 1168  1.325700e+007  0.000000e+000
202 1169  1.325700e+007  0.000000e+000
202 1170  1.325700e+007  0.000000e+000
202 1171  1.325700e+007  0.000000e+000
202 1172  1.325700e+007  0.000000e+000
202 1173  1.325700e+007  0.000000e+000
202 1174  1.325700e+007  0.000000e+000
202 1175  1.325700e+007  0.000000e+000
202 1176  1.325700e+007  0.000000e+000
202 1177  1.325700e+007  0.000000e+000
202 1178  1.325700e+007  0.000000e+000
202 1179  1.325700e+007  0.000000e+000
202 1180  1.325700e+007  0.000000e+000
202 1181  1.325700e+007  0.000000e+000
202 1182  1.325700e+007  0.000000e+000
202 1183  1.325700e+007  0.000000e+000
202 1184  1.325700e+007  0.000000e+000
202 1185  1.325700e+007  0.000000e+000
202 1186  1.325700e+007  0.000000e+000
202 1187  1.325700e+007  0.000000e+000
202 1188  1.325700e+007  0.000000e+000
202 1189  1.325700e+007  0.000000e+000
202 1190  1.325700e+007  0.000000e+000
202 1191  1.325700e+007  0.000000e+000
202 1192  1.325700e+007  0.000000e+000
202 1193  7.163000e+006  0.000000e+000
202 1194  7.163000e+006  0.000000e+000
202 1195  7.163000e+006  0.000000e+000
202 1196  7.163000e+006  0.000000e+000
202 1197  7.163000e+006  0.000000e+000
202 1198  7.163000e+006  0.000000e+000
202 1199  7.163000e+006  0.000000e+000
202 1200  7.163000e+006  0.000000e+000
202 1201  7.163000e+006  0.000000e+000
202 1202  7.163000e+006  0.000000e+000
202 1203  7.163000e+006  0.000000e+000
202 1204  7.163000e+006  0.000000e+000
202 1205  7.163000e+006  0.000000e+000
202 1206  7.163000e+006  0.000000e+000
202 1207  7.163000e+006  0.000000e+000
202 1208  7.163000e+006  0.000000e+000
202 1209  7.163000e+006  0.000000e+000
202 1210  7.163000e+006  0.000000e+000
202 1211  7.163000e+006  0.000000e+000
202 1212  7.163000e+006  0.000000e+000
202 1213  7.163000e+006  0.000000e+000
202 1214  7.163000e+006  0.000000e+000
202 1215  7.163000e+006  0.000000e+000
202 1216  7.163000e+006  0.000000e+000
202 1217  7.163000e+006  0.000000e+000
202 1218  7.163000e+006  0.000000e+000
202 1219  7.163000e+006  0.000000e+000
202 1220  7.163000e+006  0.000000e+000
202 1221  7.163000e+006  0.000000e+000
202 1222  7.163000e+006  0.000000e+000
202 1223  7.163000e+006  0.000000e+000
202 1224  7.163000e+006  0.000000e+000
202 1225  7.163000e+006  0.000000e+000
202 1226  7.163000e+006  0.000000e+000
202 1227  7.163000e+006  0.000000e+000
202 1228  7.163000e+006  0.000000e+000
202 1229  7.163000e+006  0.000000e+000
202 1230  7.163000e+006  0.000000e+000
202 1231  7.163000e+006  0.000000e+000
202 1232  7.163000e+006  0.000000e+000
202 1233  7.163000e+006  0.000000e+000
202 1234  7.163000e+006  0.000000e+000
202 1235  7.163000e+006  0.000000e+000
202 1236  7.163000e+006  0.000000e+000
202 1237  7.163000e+006  0.000000e+000
202 1238  7.163000e+006  0.000000e+000
202 1239  7.163000e+006  0.000000e+000
202 1240  7.163000e+006  0.000000e+000
202 1241  7.163000e+006  0.000000e+000
202 1242  7.163000e+006  0.000000e+000
202 1243  7.163000e+006  0.000000e+000
202 1244  7.163000e+006  0.000000e+000
202 1245  7.163000e+006  0.000000e+000
202 1246  7.163000e+006  0.000000e+000
202 1247  7.163000e+006  0.000000e+000
202 1248  7.163000e+006  0.000000e+000
202 1249  7.163000e+006  0.000000e+000
202 1250  7.163000e+006  0.000000e+000
202 1251  7.163000e+006  0.000000e+000
202 1252  7.163000e+006  0.000000e+000
202 1253  7.163000e+006  0.000000e+000
202 1254  7.163000e+006  0.000000e+000
202 1255  7.163000e+006  0.000000e+000
202 1256  7.163000e+006  0.000000e+000
202 1257  7.163000e+006  0.000000e+000
202 1258  7.163000e+006  0.000000e+000
202 1259  7.163000e+006  0.000000e+000
202 1260  7.163000e+006  0.000000e+000
202 1261  7.163000e+006  0.000000e+000
202 1262  7.163000e+006  0.000000e+000
202 1263  7.163000e+006  0.000000e+000
202 1264  7.163000e+006  0.000000e+000
202 1265  7.163000e+006  0.000000e+000
202 1266  7.163000e+006  0.000000e+000
202 1267  7.163000e+006  0.000000e+000
202 1268  7.163000e+006  0.000000e+000
202 1269  7.163000e+006  0.000000e+000
202 1270  7.163000e+006  0.000000e+000
202 1271  7.163000e+006  0.000000e+000
202 1272  7.163000e+006  0.000000e+000
202 1273  7.163000e+006  0.000000e+000
202 1274  7.163000e+006  0.000000e+000
202 1275  7.163000e+006  0.000000e+000
202 1276  7.163000e+006  0.000000e+000
202 1277  7.125000e+006  0.000000e+000
202 1278  7.125000e+006  0.000000e+000
202 1279  7.125000e+006  0.000000e+000
202 1280  7.125000e+006  0.000000e+000
202 1281  7.125000e+006  0.000000e+000
202 1282  7.125000e+006  0.000000e+000
202 1283  7.125000e+006  0.000000e+000
202 1284  7.125000e+006  0.000000e+000
202 1285  7.125000e+006  0.000000e+000
202 1286  7.125000e+006  0.000000e+000
202 1287  7.125000e+006  0.000000e+000
202 1288  7.125000e+006  0.000000e+000
202 1289  7.125000e+006  0.000000e+000
202 1290  7.125000e+006  0.000000e+000
202 1291  7.125000e+006  0.000000e+000
202 1292  7.125000e+006  0.000000e+000
202 1293  7.125000e+006  0.000000e+000
202 1294  7.125000e+006  0.000000e+000
202 1295  7.125000e+006  0.000000e+000
202 1296  7.125000e+006  0.000000e+000
202 1297  7.125000e+006  0.000000e+000
202 1298  7.125000e+006  0.000000e+000
202 1299  7.125000e+006  0.000000e+000
202 1300  7.125000e+006  0.000000e+000
202 1301  7.125000e+006  0.000000e+000
202 1302  7.125000e+006  0.000000e+000
202 1303  7.125000e+006  0.000000e+000
202 1304  7.125000e+006  0.000000e+000
202 1305  7.125000e+006  0.000000e+000
202 1306  7.125000e+006  0.000000e+000
202 1307  7.125000e+006  0.000000e+000
202 1308  7.125000e+006  0.000000e+000
202 1309  7.125000e+006  0.000000e+000
202 1310  7.125000e+006  0.000000e+000
202 1311  7.125000e+006  0.000000e+000
202 1312  7.125000e+006  0.000000e+000
202 1313  7.125000e+006  0.000000e+000
202 1314  7.125000e+006  0.000000e+000
202 1315  7.125000e+006  0.000000e+000
202 1316  7.125000e+006  0.000000e+000
202 1317  7.125000e+006  0.000000e+000
202 1318  7.125000e+006  0.000000e+000
202 1319  7.125000e+006  0.000000e+000
202 1320  7.125000e+006  0.000000e+000
202 1321  7.125000e+006  0.000000e+000
202 1322  7.125000e+006  0.000000e+000
202 1323  7.125000e+006  0.000000e+000
202 1324  7.125000e+006  0.000000e+000
202 1325  5.356000e+006  0.000000e+000
202 1326  5.356000e+006  0.000000e+000
202 1327  5.356000e+006  0.000000e+000
202 1328  5.356000e+006  0.000000e+000
202 1329  5.356000e+006  0.000000e+000
202 1330  5.356000e+006  0.000000e+000
202 1331  5.356000e+006  0.000000e+000
202 1332  5.356000e+006  0.000000e+000
202 1333  5.356000e+006  0.000000e+000
202 1334  5.356000e+006  0.000000e+000
202 1335  5.356000e+006  0.000000e+000
202 1336  5.356000e+006  0.000000e+000
202 1337  5.356000e+006  0.000000e+000
202 1338  5.356000e+006  0.000000e+000
202 1339  5.356000e+006  0.000000e+000
202 1340  5.356000e+006  0.000000e+000
202 1341  5.356000e+006  0.000000e+000
202 1342  5.356000e+006  0.000000e+000
202 1343  5.356000e+006  0.000000e+000
202 1344  5.356000e+006  0.000000e+000
202 1345  5.356000e+006  0.000000e+000
202 1346  5.356000e+006  0.000000e+000
202 1347  5.356000e+006  0.000000e+000
202 1348  5.356000e+006  0.000000e+000
202 1349  5.356000e+006  0.000000e+000
202 1350  5.356000e+006  0.000000e+000
202 1351  5.356000e+006  0.000000e+000
202 1352  5.356000e+006  0.000000e+000
202 1353  5.356000e+006  0.000000e+000
202 1354  5.356000e+006  0.000000e+000
202 1355  5.356000e+006  0.000000e+000
202 1356  5.356000e+006  0.000000e+000
202 1357  5.356000e+006  0.000000e+000
202 1358  5.356000e+006  0.000000e+000
202 1359  5.356000e+006  0.000000e+000
202 1360  5.356000e+006  0.000000e+000
202 1361  5.356000e+006  0.000000e+000
202 1362  5.356000e+006  0.000000e+000
202 1363  5.356000e+006  0.000000e+000
202 1364  5.356000e+006  0.000000e+000
202 1365  5.356000e+006  0.000000e+000
202 1366  5.356000e+006  0.000000e+000
202 1367  5.356000e+006  0.000000e+000
202 1368  5.356000e+006  0.000000e+000
202 1369  5.356000e+006  0.000000e+000
202 1370  5.356000e+006  0.000000e+000
202 1371  5.356000e+006  0.000000e+000
202 1372  5.356000e+006  0.000000e+000
202 1373  5.356000e+006  0.000000e+000
202 1374  5.356000e+006  0.000000e+000
202 1375  5.356000e+006  0.000000e+000
202 1376  5.356000e+006  0.000000e+000
202 1377  5.356000e+006  0.000000e+000
202 1378  5.356000e+006  0.000000e+000
202 1379  5.356000e+006  0.000000e+000
202 1380  5.356000e+006  0.000000e+000
202 1381  5.356000e+006  0.000000e+000
202 1382  5.356000e+006  0.000000e+000
202 1383  5.356000e+006  0.000000e+000
202 1384  5.356000e+006  0.000000e+000
202 1385  4.514000e+006  0.000000e+000
202 1386  4.514000e+006  0.000000e+000
202 1387  4.514000e+006  0.000000e+000
202 1388  4.514000e+006  0.000000e+000
202 1389  4.514000e+006  0.000000e+000
202 1390  4.514000e+006  0.000000e+000
202 1391  4.514000e+006  0.000000e+000
202 1392  4.514000e+006  0.000000e+000
202 1393  4.514000e+006  0.000000e+000
202 1394  4.514000e+006  0.000000e+000
202 1395  4.514000e+006  0.000000e+000
202 1396  4.514000e+006  0.000000e+000
202 1397  4.514000e+006  0.000000e+000
202 1398  4.514000e+006  0.000000e+000
202 1399  4.514000e+006  0.000000e+000
202 1400  4.514000e+006  0.000000e+000
202 1401  4.514000e+006  0.000000e+000
202 1402  4.514000e+006  0.000000e+000
202 1403  4.514000e+006  0.000000e+000
202 1404  4.514000e+006  0.000000e+000
202 1405  4.514000e+006  0.000000e+000
202 1406  4.514000e+006  0.000000e+000
202 1407  4.514000e+006  0.000000e+000
202 1408  4.514000e+006  0.000000e+000
202 1409  4.514000e+006  0.000000e+000
202 1410  4.514000e+006  0.000000e+000
202 1411  4.514000e+006  0.000000e+000
202 1412  4.514000e+006  0.000000e+000
202 1413  4.514000e+006  0.000000e+000
202 1414  4.514000e+006  0.000000e+000
202 1415  4.514000e+006  0.000000e+000
202 1416  4.514000e+006  0.000000e+000
202 1417  4.514000e+006  0.000000e+000
202 1418  4.514000e+006  0.000000e+000
202 1419  4.514000e+006  0.000000e+000
202 1420  4.514000e+006  0.000000e+000
202 1421  4.514000e+006  0.000000e+000
202 1422  4.514000e+006  0.000000e+000
202 1423  4.514000e+006  0.000000e+000
202 1424  4.514000e+006  0.000000e+000
202 1425  4.514000e+006  0.000000e+000
202 1426  4.514000e+006  0.000000e+000
202 1427  4.514000e+006  0.000000e+000
202 1428  4.514000e+006  0.000000e+000
202 1429  4.514000e+006  0.000000e+000
202 1430  4.514000e+006  0.000000e+000
202 1431  4.514000e+006  0.000000e+000
202 1432  4.514000e+006  0.000000e+000
202 1433  4.514000e+006  0.000000e+000
202 1434  4.514000e+006  0.000000e+000
202 1435  4.514000e+006  0.000000e+000
202 1436  4.514000e+006  0.000000e+000
202 1437  4.514000e+006  0.000000e+000
202 1438  4.514000e+006  0.000000e+000
202 1439  4.514000e+006  0.000000e+000
202 1440  4.514000e+006  0.000000e+000
202 1441  4.514000e+006  0.000000e+000
202 1442  4.514000e+006  0.000000e+000
202 1443  4.514000e+006  0.000000e+000
202 1444  4.514000e+006  0.000000e+000
202 1445  4.514000e+006  0.000000e+000
202 1446  4.514000e+006  0.000000e+000
202 1447  4.514000e+006  0.000000e+000
202 1448  4.514000e+006  0.000000e+000
202 1449  4.514000e+006  0.000000e+000
202 1450  4.514000e+006  0.000000e+000
202 1451  4.514000e+006  0.000000e+000
202 1452  4.514000e+006  0.000000e+000
202 1453  4.514000e+006  0.000000e+000
202 1454  4.514000e+006  0.000000e+000
202 1455  4.514000e+006  0.000000e+000
202 1456  4.514000e+006  0.000000e+000
202 1457  4.514000e+006  0.000000e+000
202 1458  4.514000e+006  0.000000e+000
202 1459  4.514000e+006  0.000000e+000
202 1460  4.514000e+006  0.000000e+000
202 1461  4.514000e+006  0.000000e+000
202 1462  4.514000e+006  0.000000e+000
202 1463  4.514000e+006  0.000000e+000
202 1464  4.514000e+006  0.000000e+000
202 1465  4.514000e+006  0.000000e+000
202 1466  4.514000e+006  0.000000e+000
202 1467  4.514000e+006  0.000000e+000
202 1468  4.514000e+006  0.000000e+000
202 1469  4.514000e+006  0.000000e+000
202 1470  4.514000e+006  0.000000e+000
202 1471  4.514000e+006  0.000000e+000
202 1472  4.514000e+006  0.000000e+000
202 1473  4.514000e+006  0.000000e+000
202 1474  4.514000e+006  0.000000e+000
202 1475  4.514000e+006  0.000000e+000
202 1476  4.514000e+006  0.000000e+000
202 1477  4.514000e+006  0.000000e+000
202 1478  4.514000e+006  0.000000e+000
202 1479  4.514000e+006  0.000000e+000
202 1480  4.514000e+006  0.000000e+000
202 1481  4.769000e+006  0.000000e+000
202 1482  4.769000e+006  0.000000e+000
202 1483  4.769000e+006  0.000000e+000
202 1484  4.769000e+006  0.000000e+000
202 1485  4.769000e+006  0.000000e+000
202 1486  4.769000e+006  0.000000e+000
202 1487  4.769000e+006  0.000000e+000
202 1488  4.769000e+006  0.000000e+000
202 1489  4.769000e+006  0.000000e+000
202 1490  4.769000e+006  0.000000e+000
202 1491  4.769000e+006  0.000000e+000
202 1492  4.769000e+006  0.000000e+000
202 1493  4.769000e+006  0.000000e+000
202 1494  4.769000e+006  0.000000e+000
202 1495  4.769000e+006  0.000000e+000
202 1496  4.769000e+006  0.000000e+000
202 1497  4.769000e+006  0.000000e+000
202 1498  4.769000e+006  0.000000e+000
202 1499  4.769000e+006  0.000000e+000
202 1500  4.769000e+006  0.000000e+000
202 1501  4.769000e+006  0.000000e+000
202 1502  4.769000e+006  0.000000e+000
202 1503  4.769000e+006  0.000000e+000
202 1504  4.769000e+006  0.000000e+000
202 1505  4.769000e+006  0.000000e+000
202 1506  4.769000e+006  0.000000e+000
202 1507  4.769000e+006  0.000000e+000
202 1508  4.769000e+006  0.000000e+000
202 1509  4.769000e+006  0.000000e+000
202 1510  4.769000e+006  0.000000e+000
202 1511  4.769000e+006  0.000000e+000
202 1512  4.769000e+006  0.000000e+000
202 1513  4.769000e+006  0.000000e+000
202 1514  4.769000e+006  0.000000e+000
202 1515  4.769000e+006  0.000000e+000
202 1516  4.769000e+006  0.000000e+000
202 1517  4.769000e+006  0.000000e+000
202 1518  4.769000e+006  0.000000e+000
202 1519  4.769000e+006  0.000000e+000
202 1520  4.769000e+006  0.000000e+000
202 1521  4.769000e+006  0.000000e+000
202 1522  4.769000e+006  0.000000e+000
202 1523  4.769000e+006  0.000000e+000
202 1524  4.769000e+006  0.000000e+000
202 1525  3.879000e+006  0.000000e+000
202 1526  3.879000e+006  0.000000e+000
202 1527  3.879000e+006  0.000000e+000
202 1528  3.879000e+006  0.000000e+000
202 1529  3.879000e+006  0.000000e+000
202 1530  3.879000e+006  0.000000e+000
202 1531  3.879000e+006  0.000000e+000
202 1532  3.879000e+006  0.000000e+000
202 1533  3.879000e+006  0.000000e+000
202 1534  3.879000e+006  0.000000e+000
202 1535  3.879000e+006  0.000000e+000
202 1536  3.879000e+006  0.000000e+000
202 1537  3.879000e+006  0.000000e+000
202 1538  3.879000e+006  0.000000e+000
202 1539  3.879000e+006  0.000000e+000
202 1540  3.879000e+006  0.000000e+000
202 1541  3.879000e+006  0.000000e+000
202 1542  3.879000e+006  0.000000e+000
202 1543  3.879000e+006  0.000000e+000
202 1544  3.879000e+006  0.000000e+000
202 1545  3.879000e+006  0.000000e+000
202 1546  3.879000e+006  0.000000e+000
202 1547  3.879000e+006  0.000000e+000
202 1548  3.879000e+006  0.000000e+000
202 1549  3.879000e+006  0.000000e+000
202 1550  3.879000e+006  0.000000e+000
202 1551  3.879000e+006  0.000000e+000
202 1552  3.879000e+006  0.000000e+000
202 1553  3.626000e+006  0.000000e+000
202 1554  3.626000e+006  0.000000e+000
202 1555  3.626000e+006  0.000000e+000
202 1556  3.626000e+006  0.000000e+000
202 1557  3.626000e+006  0.000000e+000
202 1558  3.626000e+006  0.000000e+000
202 1559  3.626000e+006  0.000000e+000
202 1560  3.626000e+006  0.000000e+000
202 1561  3.626000e+006  0.000000e+000
202 1562  3.626000e+006  0.000000e+000
202 1563  3.626000e+006  0.000000e+000
202 1564  3.626000e+006  0.000000e+000
202 1565  3.626000e+006  0.000000e+000
202 1566  3.626000e+006  0.000000e+000
202 1567  3.626000e+006  0.000000e+000
202 1568  3.626000e+006  0.000000e+000
202 1569  3.626000e+006  0.000000e+000
202 1570  3.626000e+006  0.000000e+000
202 1571  3.626000e+006  0.000000e+000
202 1572  3.626000e+006  0.000000e+000
202 1573  3.626000e+006  0.000000e+000
202 1574  3.626000e+006  0.000000e+000
202 1575  3.626000e+006  0.000000e+000
202 1576  3.626000e+006  0.000000e+000
202 1577  3.626000e+006  0.000000e+000
202 1578  3.626000e+006  0.000000e+000
202 1579  3.626000e+006  0.000000e+000
202 1580  3.626000e+006  0.000000e+000
202 1581  3.626000e+006  0.000000e+000
202 1582  3.626000e+006  0.000000e+000
202 1583  3.626000e+006  0.000000e+000
202 1584  3.626000e+006  0.000000e+000
202 1585  3.626000e+006  0.000000e+000
202 1586  3.626000e+006  0.000000e+000
202 1587  3.626000e+006  0.000000e+000
202 1588  3.626000e+006  0.000000e+000
202 1589  3.626000e+006  0.000000e+000
202 1590  3.626000e+006  0.000000e+000
202 1591  3.626000e+006  0.000000e+000
202 1592  3.626000e+006  0.000000e+000
202 1593  3.626000e+006  0.000000e+000
202 1594  3.626000e+006  0.000000e+000
202 1595  3.626000e+006  0.000000e+000
202 1596  3.626000e+006  0.000000e+000
202 1597  3.626000e+006  0.000000e+000
202 1598  3.626000e+006  0.000000e+000
202 1599  3.626000e+006  0.000000e+000
202 1600  3.626000e+006  0.000000e+000
202 1601  3.626000e+006  0.000000e+000
202 1602  3.626000e+006  0.000000e+000
202 1603  3.626000e+006  0.000000e+000
202 1604  3.626000e+006  0.000000e+000
202 1605  3.626000e+006  0.000000e+000
202 1606  3.626000e+006  0.000000e+000
202 1607  3.626000e+006  0.000000e+000
202 1608  3.626000e+006  0.000000e+000
202 1609  3.626000e+006  0.000000e+000
202 1610  3.626000e+006  0.000000e+000
202 1611  3.626000e+006  0.000000e+000
202 1612  3.626000e+006  0.000000e+000
202 1613  3.626000e+006  0.000000e+000
202 1614  3.626000e+006  0.000000e+000
202 1615  3.626000e+006  0.000000e+000
202 1616  3.626000e+006  0.000000e+000
202 1617  7.577000e+006  0.000000e+000
202 1618  7.577000e+006  0.000000e+000
202 1619  7.577000e+006  0.000000e+000
202 1620  7.577000e+006  0.000000e+000
202 1621  7.577000e+006  0.000000e+000
202 1622  7.577000e+006  0.000000e+000
202 1623  7.577000e+006  0.000000e+000
202 1624  7.577000e+006  0.000000e+000
202 1625  7.577000e+006  0.000000e+000
202 1626  7.577000e+006  0.000000e+000
202 1627  7.577000e+006  0.000000e+000
202 1628  7.577000e+006  0.000000e+000
202 1629  7.577000e+006  0.000000e+000
202 1630  7.577000e+006  0.000000e+000
202 1631  7.577000e+006  0.000000e+000
202 1632  7.577000e+006  0.000000e+000
202 1633  7.577000e+006  0.000000e+000
202 1634  7.577000e+006  0.000000e+000
202 1635  7.577000e+006  0.000000e+000
202 1636  7.577000e+006  0.000000e+000
202 1637  7.577000e+006  0.000000e+000
202 1638  7.577000e+006  0.000000e+000
202 1639  7.577000e+006  0.000000e+000
202 1640  7.577000e+006  0.000000e+000
202 1641  7.577000e+006  0.000000e+000
202 1642  7.577000e+006  0.000000e+000
202 1643  7.577000e+006  0.000000e+000
202 1644  7.577000e+006  0.000000e+000
202 1645  7.577000e+006  0.000000e+000
202 1646  7.577000e+006  0.000000e+000
202 1647  7.577000e+006  0.000000e+000
202 1648  7.577000e+006  0.000000e+000
202 1649  7.577000e+006  0.000000e+000
202 1650  7.577000e+006  0.000000e+000
202 1651  7.577000e+006  0.000000e+000
202 1652  7.577000e+006  0.000000e+000
202 1653  7.577000e+006  0.000000e+000
202 1654  7.577000e+006  0.000000e+000
202 1655  7.577000e+006  0.000000e+000
202 1656  7.577000e+006  0.000000e+000
202 1657  7.577000e+006  0.000000e+000
202 1658  7.577000e+006  0.000000e+000
202 1659  7.577000e+006  0.000000e+000
202 1660  7.577000e+006  0.000000e+000
202 1661  7.577000e+006  0.000000e+000
202 1662  7.577000e+006  0.000000e+000
202 1663  7.577000e+006  0.000000e+000
202 1664  7.577000e+006  0.000000e+000
202 1665  7.577000e+006  0.000000e+000
202 1666  7.577000e+006  0.000000e+000
202 1667  7.577000e+006  0.000000e+000
202 1668  7.577000e+006  0.000000e+000
202 1669  7.577000e+006  0.000000e+000
202 1670  7.577000e+006  0.000000e+000
202 1671  7.577000e+006  0.000000e+000
202 1672  7.577000e+006  0.000000e+000
202 1673  7.577000e+006  0.000000e+000
202 1674  7.577000e+006  0.000000e+000
202 1675  7.577000e+006  0.000000e+000
202 1676  7.577000e+006  0.000000e+000
202 1677  7.577000e+006  0.000000e+000
202 1678  7.577000e+006  0.000000e+000
202 1679  7.577000e+006  0.000000e+000
202 1680  7.577000e+006  0.000000e+000
202 1681  7.577000e+006  0.000000e+000
202 1682  7.577000e+006  0.000000e+000
202 1683  7.577000e+006  0.000000e+000
202 1684  7.577000e+006  0.000000e+000
202 1685  7.577000e+006  0.000000e+000
202 1686  7.577000e+006  0.000000e+000
202 1687  7.577000e+006  0.000000e+000
202 1688  7.577000e+006  0.000000e+000
202 1689  7.577000e+006  0.000000e+000
202 1690  7.577000e+006  0.000000e+000
202 1691  7.577000e+006  0.000000e+000
202 1692  7.577000e+006  0.000000e+000
202 1693  7.577000e+006  0.000000e+000
202 1694  7.577000e+006  0.000000e+000
202 1695  7.577000e+006  0.000000e+000
202 1696  7.577000e+006  0.000000e+000
202 1697  9.890000e+006  0.000000e+000
202 1698  9.890000e+006  0.000000e+000
202 1699  9.890000e+006  0.000000e+000
202 1700  9.890000e+006  0.000000e+000
202 1701  9.890000e+006  0.000000e+000
202 1702  9.890000e+006  0.000000e+000
202 1703  9.890000e+006  0.000000e+000
202 1704  9.890000e+006  0.000000e+000
202 1705  9.890000e+006  0.000000e+000
202 1706  9.890000e+006  0.000000e+000
202 1707  9.890000e+006  0.000000e+000
202 1708  9.890000e+006  0.000000e+000
202 1709  9.890000e+006  0.000000e+000
202 1710  9.890000e+006  0.000000e+000
202 1711  9.890000e+006  0.000000e+000
202 1712  9.890000e+006  0.000000e+000
202 1713  9.890000e+006  0.000000e+000
202 1714  9.890000e+006  0.000000e+000
202 1715  9.890000e+006  0.000000e+000
202 1716  9.890000e+006  0.000000e+000
202 1717  9.890000e+006  0.000000e+000
202 1718  9.890000e+006  0.000000e+000
202 1719  9.890000e+006  0.000000e+000
202 1720  9.890000e+006  0.000000e+000
202 1721  5.477000e+006  0.000000e+000
202 1722  5.477000e+006  0.000000e+000
202 1723  5.477000e+006  0.000000e+000
202 1724  5.477000e+006  0.000000e+000
202 1725  5.477000e+006  0.000000e+000
202 1726  5.477000e+006  0.000000e+000
202 1727  5.477000e+006  0.000000e+000
202 1728  5.477000e+006  0.000000e+000
202 1729  5.477000e+006  0.000000e+000
202 1730  5.477000e+006  0.000000e+000
202 1731  5.477000e+006  0.000000e+000
202 1732  5.477000e+006  0.000000e+000
202 1733  5.477000e+006  0.000000e+000
202 1734  5.477000e+006  0.000000e+000
202 1735  5.477000e+006  0.000000e+000
202 1736  5.477000e+006  0.000000e+000
202 1737  5.477000e+006  0.000000e+000
202 1738  5.477000e+006  0.000000e+000
202 1739  5.477000e+006  0.000000e+000
202 1740  5.477000e+006  0.000000e+000
202 1741  5.477000e+006  0.000000e+000
202 1742  5.477000e+006  0.000000e+000
202 1743  5.477000e+006  0.000000e+000
202 1744  5.477000e+006  0.000000e+000
202 1745  5.477000e+006  0.000000e+000
202 1746  5.477000e+006  0.000000e+000
202 1747  5.477000e+006  0.000000e+000
202 1748  5.477000e+006  0.000000e+000
202 1749  1.034100e+007  0.000000e+000
202 1750  1.034100e+007  0.000000e+000
202 1751  1.034100e+007  0.000000e+000
202 1752  1.034100e+007  0.000000e+000
202 1753  1.034100e+007  0.000000e+000
202 1754  1.034100e+007  0.000000e+000
202 1755  1.034100e+007  0.000000e+000
202 1756  1.034100e+007  0.000000e+000
202 1757  1.034100e+007  0.000000e+000
202 1758  1.034100e+007  0.000000e+000
202 1759  1.034100e+007  0.000000e+000
202 1760  1.034100e+007  0.000000e+000
202 1761  1.034100e+007  0.000000e+000
202 1762  1.034100e+007  0.000000e+000
202 1763  1.034100e+007  0.000000e+000
202 1764  1.034100e+007  0.000000e+000
202 1765  1.034100e+007  0.000000e+000
202 1766  1.034100e+007  0.000000e+000
202 1767  1.034100e+007  0.000000e+000
202 1768  1.034100e+007  0.000000e+000
202 1769  1.034100e+007  0.000000e+000
202 1770  1.034100e+007  0.000000e+000
202 1771  1.034100e+007  0.000000e+000
202 1772  1.034100e+007  0.000000e+000
202 1773  1.034100e+007  0.000000e+000
202 1774  1.034100e+007  0.000000e+000
202 1775  1.034100e+007  0.000000e+000
202 1776  1.034100e+007  0.000000e+000
202 1777  1.034100e+007  0.000000e+000
202 1778  1.034100e+007  0.000000e+000
202 1779  1.034100e+007  0.000000e+000
202 1780  1.034100e+007  0.000000e+000
202 1781  1.034100e+007  0.000000e+000
202 1782  1.034100e+007  0.000000e+000
202 1783  1.034100e+007  0.000000e+000
202 1784  1.034100e+007  0.000000e+000
202 1785  1.034100e+007  0.000000e+000
202 1786  1.034100e+007  0.000000e+000
202 1787  1.034100e+007  0.000000e+000
202 1788  1.034100e+007  0.000000e+000
202 1789  1.034100e+007  0.000000e+000
202 1790  1.034100e+007  0.000000e+000
202 1791  1.034100e+007  0.000000e+000
202 1792  1.034100e+007  0.000000e+000
202 1793  1.034100e+007  0.000000e+000
202 1794  1.034100e+007  0.000000e+000
202 1795  1.034100e+007  0.000000e+000
202 1796  1.034100e+007  0.000000e+000
202 1797  1.034100e+007  0.000000e+000
202 1798  1.034100e+007  0.000000e+000
202 1799  1.034100e+007  0.000000e+000
202 1800  1.034100e+007  0.000000e+000
202 1801  1.034100e+007  0.000000e+000
202 1802  1.034100e+007  0.000000e+000
202 1803  1.034100e+007  0.000000e+000
202 1804  1.034100e+007  0.000000e+000
202 1805  1.034100e+007  0.000000e+000
202 1806  1.034100e+007  0.000000e+000
202 1807  1.034100e+007  0.000000e+000
202 1808  1.034100e+007  0.000000e+000
202 1809  1.034100e+007  0.000000e+000
202 1810  1.034100e+007  0.000000e+000
202 1811  1.034100e+007  0.000000e+000
202 1812  1.034100e+007  0.000000e+000
202 1813  1.034100e+007  0.000000e+000
202 1814  1.034100e+007  0.000000e+000
202 1815  1.034100e+007  0.000000e+000
202 1816  1.034100e+007  0.000000e+000
202 1817  1.034100e+007  0.000000e+000
202 1818  1.034100e+007  0.000000e+000
202 1819  1.034100e+007  0.000000e+000
202 1820  1.034100e+007  0.000000e+000
202 1821  1.034100e+007  0.000000e+000
202 1822  1.034100e+007  0.000000e+000
202 1823  1.034100e+007  0.000000e+000
202 1824  1.034100e+007  0.000000e+000
202 1825  1.034100e+007  0.000000e+000
202 1826  1.034100e+007  0.000000e+000
202 1827  1.034100e+007  0.000000e+000
202 1828  1.034100e+007  0.000000e+000
202 1829  1.034100e+007  0.000000e+000
202 1830  1.034100e+007  0.000000e+000
202 1831  1.034100e+007  0.000000e+000
202 1832  1.034100e+007  0.000000e+000
202 1833  1.034100e+007  0.000000e+000
202 1834  1.034100e+007  0.000000e+000
202 1835  1.034100e+007  0.000000e+000
202 1836  1.034100e+007  0.000000e+000
202 1837  1.034100e+007  0.000000e+000
202 1838  1.034100e+007  0.000000e+000
202 1839  1.034100e+007  0.000000e+000
202 1840  1.034100e+007  0.000000e+000
202 1841  1.034100e+007  0.000000e+000
202 1842  1.034100e+007  0.000000e+000
202 1843  1.034100e+007  0.000000e+000
202 1844  1.034100e+007  0.000000e+000
202 1845  2.153100e+007  0.000000e+000
202 1846  2.153100e+007  0.000000e+000
202 1847  2.153100e+007  0.000000e+000
202 1848  2.153100e+007  0.000000e+000
202 1849  2.153100e+007  0.000000e+000
202 1850  2.153100e+007  0.000000e+000
202 1851  2.153100e+007  0.000000e+000
202 1852  2.153100e+007  0.000000e+000
202 1853  2.153100e+007  0.000000e+000
202 1854  2.153100e+007  0.000000e+000
202 1855  2.153100e+007  0.000000e+000
202 1856  2.153100e+007  0.000000e+000
202 1857  2.153100e+007  0.000000e+000
202 1858  2.153100e+007  0.000000e+000
202 1859  2.153100e+007  0.000000e+000
202 1860  2.153100e+007  0.000000e+000
202 1861  2.153100e+007  0.000000e+000
202 1862  2.153100e+007  0.000000e+000
202 1863  2.153100e+007  0.000000e+000
202 1864  2.153100e+007  0.000000e+000
202 1865  2.153100e+007  0.000000e+000
202 1866  2.153100e+007  0.000000e+000
202 1867  2.153100e+007  0.000000e+000
202 1868  2.153100e+007  0.000000e+000
202 1869  2.153100e+007  0.000000e+000
202 1870  2.153100e+007  0.000000e+000
202 1871  2.153100e+007  0.000000e+000
202 1872  2.153100e+007  0.000000e+000
202 1873  2.153100e+007  0.000000e+000
202 1874  2.153100e+007  0.000000e+000
202 1875  2.153100e+007  0.000000e+000
202 1876  2.153100e+007  0.000000e+000
202 1877  2.153100e+007  0.000000e+000
202 1878  2.153100e+007  0.000000e+000
202 1879  2.153100e+007  0.000000e+000
202 1880  2.153100e+007  0.000000e+000
202 1881  2.153100e+007  0.000000e+000
202 1882  2.153100e+007  0.000000e+000
202 1883  2.153100e+007  0.000000e+000
202 1884  2.153100e+007  0.000000e+000
202 1885  2.153100e+007  0.000000e+000
202 1886  2.153100e+007  0.000000e+000
202 1887  2.153100e+007  0.000000e+000
202 1888  2.153100e+007  0.000000e+000
202 1889  2.153100e+007  0.000000e+000
202 1890  2.153100e+007  0.000000e+000
202 1891  2.153100e+007  0.000000e+000
202 1892  2.153100e+007  0.000000e+000
202 1893  2.153100e+007  0.000000e+000
202 1894  2.153100e+007  0.000000e+000
202 1895  2.153100e+007  0.000000e+000
202 1896  2.153100e+007  0.000000e+000
202 1897  2.153100e+007  0.000000e+000
202 1898  2.153100e+007  0.000000e+000
202 1899  2.153100e+007  0.000000e+000
202 1900  2.153100e+007  0.000000e+000
202 1901  2.153100e+007  0.000000e+000
202 1902  2.153100e+007  0.000000e+000
202 1903  2.153100e+007  0.000000e+000
202 1904  2.153100e+007  0.000000e+000
202 1905  2.153100e+007  0.000000e+000
202 1906  2.153100e+007  0.000000e+000
202 1907  2.153100e+007  0.000000e+000
202 1908  2.153100e+007  0.000000e+000
202 1909  2.153100e+007  0.000000e+000
202 1910  2.153100e+007  0.000000e+000
202 1911  2.153100e+007  0.000000e+000
202 1912  2.153100e+007  0.000000e+000
202 1913  2.153100e+007  0.000000e+000
202 1914  2.153100e+007  0.000000e+000
202 1915  2.153100e+007  0.000000e+000
202 1916  2.153100e+007  0.000000e+000
202 1917  2.153100e+007  0.000000e+000
202 1918  2.153100e+007  0.000000e+000
202 1919  2.153100e+007  0.000000e+000
202 1920  2.153100e+007  0.000000e+000
202 1921  2.153100e+007  0.000000e+000
202 1922  2.153100e+007  0.000000e+000
202 1923  2.153100e+007  0.000000e+000
202 1924  2.153100e+007  0.000000e+000
202 1925  2.153100e+007  0.000000e+000
202 1926  2.153100e+007  0.000000e+000
202 1927  2.153100e+007  0.000000e+000
202 1928  2.153100e+007  0.000000e+000
202 1929  2.153100e+007  0.000000e+000
202 1930  2.153100e+007  0.000000e+000
202 1931  2.153100e+007  0.000000e+000
202 1932  2.153100e+007  0.000000e+000
202 1933  2.153100e+007  0.000000e+000
202 1934  2.153100e+007  0.000000e+000
202 1935  2.153100e+007  0.000000e+000
202 1936  2.153100e+007  0.000000e+000
202 1937  2.153100e+007  0.000000e+000
202 1938  2.153100e+007  0.000000e+000
202 1939  2.153100e+007  0.000000e+000
202 1940  2.153100e+007  0.000000e+000
202 1941  2.153100e+007  0.000000e+000
202 1942  2.153100e+007  0.000000e+000
202 1943  2.153100e+007  0.000000e+000
202 1944  2.153100e+007  0.000000e+000
202 1945  2.153100e+007  0.000000e+000
202 1946  2.153100e+007  0.000000e+000
202 1947  2.153100e+007  0.000000e+000
202 1948  2.153100e+007  0.000000e+000
202 1949  2.153100e+007  0.000000e+000
202 1950  2.153100e+007  0.000000e+000
202 1951  2.153100e+007  0.000000e+000
202 1952  2.153100e+007  0.000000e+000
202 1953  5.478000e+006  0.000000e+000
202 1954  5.478000e+006  0.000000e+000
202 1955  5.478000e+006  0.000000e+000
202 1956  5.478000e+006  0.000000e+000
202 1957  5.478000e+006  0.000000e+000
202 1958  5.478000e+006  0.000000e+000
202 1959  5.478000e+006  0.000000e+000
202 1960  5.478000e+006  0.000000e+000
202 1961  5.478000e+006  0.000000e+000
202 1962  5.478000e+006  0.000000e+000
202 1963  5.478000e+006  0.000000e+000
202 1964  5.478000e+006  0.000000e+000
202 1965  5.478000e+006  0.000000e+000
202 1966  5.478000e+006  0.000000e+000
202 1967  5.478000e+006  0.000000e+000
202 1968  5.478000e+006  0.000000e+000
202 1969  5.478000e+006  0.000000e+000
202 1970  5.478000e+006  0.000000e+000
202 1971  5.478000e+006  0.000000e+000
202 1972  5.478000e+006  0.000000e+000
202 1973  5.478000e+006  0.000000e+000
202 1974  5.478000e+006  0.000000e+000
202 1975  5.478000e+006  0.000000e+000
202 1976  5.478000e+006  0.000000e+000
202 1977  5.478000e+006  0.000000e+000
202 1978  5.478000e+006  0.000000e+000
202 1979  5.478000e+006  0.000000e+000
202 1980  5.478000e+006  0.000000e+000
202 1981  9.596000e+006  0.000000e+000
202 1982  9.596000e+006  0.000000e+000
202 1983  9.596000e+006  0.000000e+000
202 1984  9.596000e+006  0.000000e+000
202 1985  9.596000e+006  0.000000e+000
202 1986  9.596000e+006  0.000000e+000
202 1987  9.596000e+006  0.000000e+000
202 1988  9.596000e+006  0.000000e+000
202 1989  9.596000e+006  0.000000e+000
202 1990  9.596000e+006  0.000000e+000
202 1991  9.596000e+006  0.000000e+000
202 1992  9.596000e+006  0.000000e+000
202 1993  9.596000e+006  0.000000e+000
202 1994  9.596000e+006  0.000000e+000
202 1995  9.596000e+006  0.000000e+000
202 1996  9.596000e+006  0.000000e+000
202 1997  9.596000e+006  0.000000e+000
202 1998  9.596000e+006  0.000000e+000
202 1999  9.596000e+006  0.000000e+000
202 2000  9.596000e+006  0.000000e+000
202 2001  9.596000e+006  0.000000e+000
202 2002  9.596000e+006  0.000000e+000
202 2003  9.596000e+006  0.000000e+000
202 2004  9.596000e+006  0.000000e+000
202 2005  9.596000e+006  0.000000e+000
202 2006  9.596000e+006  0.000000e+000
202 2007  9.596000e+006  0.000000e+000
202 2008  9.596000e+006  0.000000e+000
202 2009  9.596000e+006  0.000000e+000
202 2010  9.596000e+006  0.000000e+000
202 2011  9.596000e+006  0.000000e+000
202 2012  9.596000e+006  0.000000e+000
202 2013  9.596000e+006  0.000000e+000
202 2014  9.596000e+006  0.000000e+000
202 2015  9.596000e+006  0.000000e+000
202 2016  9.596000e+006  0.000000e+000
202 2017  9.596000e+006  0.000000e+000
202 2018  9.596000e+006  0.000000e+000
202 2019  9.596000e+006  0.000000e+000
202 2020  9.596000e+006  0.000000e+000
202 2021  9.596000e+006  0.000000e+000
202 2022  9.596000e+006  0.000000e+000
202 2023  9.596000e+006  0.000000e+000
202 2024  9.596000e+006  0.000000e+000
202 2025  9.596000e+006  0.000000e+000
202 2026  9.596000e+006  0.000000e+000
202 2027  9.596000e+006  0.000000e+000
202 2028  9.596000e+006  0.000000e+000
202 2029  9.596000e+006  0.000000e+000
202 2030  9.596000e+006  0.000000e+000
202 2031  9.596000e+006  0.000000e+000
202 2032  9.596000e+006  0.000000e+000
202 2033  9.596000e+006  0.000000e+000
202 2034  9.596000e+006  0.000000e+000
202 2035  9.596000e+006  0.000000e+000
202 2036  9.596000e+006  0.000000e+000
202 2037  9.596000e+006  0.000000e+000
202 2038  9.596000e+006  0.000000e+000
202 2039  9.596000e+006  0.000000e+000
202 2040  9.596000e+006  0.000000e+000
202 2041  9.596000e+006  0.000000e+000
202 2042  9.596000e+006  0.000000e+000
202 2043  9.596000e+006  0.000000e+000
202 2044  9.596000e+006  0.000000e+000
202 2045  9.596000e+006  0.000000e+000
202 2046  9.596000e+006  0.000000e+000
202 2047  9.596000e+006  0.000000e+000
202 2048  9.596000e+006  0.000000e+000
202 2049  9.596000e+006  0.000000e+000
202 2050  9.596000e+006  0.000000e+000
202 2051  9.596000e+006  0.000000e+000
202 2052  9.596000e+006  0.000000e+000
202 2053  9.596000e+006  0.000000e+000
202 2054  9.596000e+006  0.000000e+000
202 2055  9.596000e+006  0.000000e+000
202 2056  9.596000e+006  0.000000e+000
202 2057  9.596000e+006  0.000000e+000
202 2058  9.596000e+006  0.000000e+000
202 2059  9.596000e+006  0.000000e+000
202 2060  9.596000e+006  0.000000e+000
202 2061  9.596000e+006  0.000000e+000
202 2062  9.596000e+006  0.000000e+000
202 2063  9.596000e+006  0.000000e+000
202 2064  9.596000e+006  0.000000e+000
202 2065  9.596000e+006  0.000000e+000
202 2066  9.596000e+006  0.000000e+000
202 2067  9.596000e+006  0.000000e+000
202 2068  9.596000e+006  0.000000e+000
202 2069  8.919000e+006  0.000000e+000
202 2070  8.919000e+006  0.000000e+000
202 2071  8.919000e+006  0.000000e+000
202 2072  8.919000e+006  0.000000e+000
202 2073  8.919000e+006  0.000000e+000
202 2074  8.919000e+006  0.000000e+000
202 2075  8.919000e+006  0.000000e+000
202 2076  8.919000e+006  0.000000e+000
202 2077  8.919000e+006  0.000000e+000
202 2078  8.919000e+006  0.000000e+000
202 2079  8.919000e+006  0.000000e+000
202 2080  8.919000e+006  0.000000e+000
202 2081  8.919000e+006  0.000000e+000
202 2082  8.919000e+006  0.000000e+000
202 2083  8.919000e+006  0.000000e+000
202 2084  8.919000e+006  0.000000e+000
202 2085  8.919000e+006  0.000000e+000
202 2086  8.919000e+006  0.000000e+000
202 2087  8.919000e+006  0.000000e+000
202 2088  8.919000e+006  0.000000e+000
202 2089  8.919000e+006  0.000000e+000
202 2090  8.919000e+006  0.000000e+000
202 2091  8.919000e+006  0.000000e+000
202 2092  8.919000e+006  0.000000e+000
202 2093  8.919000e+006  0.000000e+000
202 2094  8.919000e+006  0.000000e+000
202 2095  8.919000e+006  0.000000e+000
202 2096  8.919000e+006  0.000000e+000
202 2097  8.919000e+006  0.000000e+000
202 2098  8.919000e+006  0.000000e+000
202 2099  8.919000e+006  0.000000e+000
202 2100  8.919000e+006  0.000000e+000
202 2101  3.760000e+006  0.000000e+000
202 2102  3.760000e+006  0.000000e+000
202 2103  3.760000e+006  0.000000e+000
202 2104  3.760000e+006  0.000000e+000
202 2105  3.760000e+006  0.000000e+000
202 2106  3.760000e+006  0.000000e+000
202 2107  3.760000e+006  0.000000e+000
202 2108  3.760000e+006  0.000000e+000
202 2109  3.760000e+006  0.000000e+000
202 2110  3.760000e+006  0.000000e+000
202 2111  3.760000e+006  0.000000e+000
202 2112  3.760000e+006  0.000000e+000
202 2113  3.760000e+006  0.000000e+000
202 2114  3.760000e+006  0.000000e+000
202 2115  3.760000e+006  0.000000e+000
202 2116  3.760000e+006  0.000000e+000
202 2117  3.760000e+006  0.000000e+000
202 2118  3.760000e+006  0.000000e+000
202 2119  3.760000e+006  0.000000e+000
202 2120  3.760000e+006  0.000000e+000
202 2121  3.760000e+006  0.000000e+000
202 2122  3.760000e+006  0.000000e+000
202 2123  3.760000e+006  0.000000e+000
202 2124  3.760000e+006  0.000000e+000
202 2125  3.760000e+006  0.000000e+000
202 2126  3.760000e+006  0.000000e+000
202 2127  3.760000e+006  0.000000e+000
202 2128  3.760000e+006  0.000000e+000
202 2129  3.760000e+006  0.000000e+000
202 2130  3.760000e+006  0.000000e+000
202 2131  3.760000e+006  0.000000e+000
202 2132  3.760000e+006  0.000000e+000
202 2133  3.760000e+006  0.000000e+000
202 2134  3.760000e+006  0.000000e+000
202 2135  3.760000e+006  0.000000e+000
202 2136  3.760000e+006  0.000000e+000
202 2137  9.873000e+006  0.000000e+000
202 2138  9.873000e+006  0.000000e+000
202 2139  9.873000e+006  0.000000e+000
202 2140  9.873000e+006  0.000000e+000
202 2141  9.873000e+006  0.000000e+000
202 2142  9.873000e+006  0.000000e+000
202 2143  9.873000e+006  0.000000e+000
202 2144  9.873000e+006  0.000000e+000
202 2145  9.873000e+006  0.000000e+000
202 2146  9.873000e+006  0.000000e+000
202 2147  9.873000e+006  0.000000e+000
202 2148  9.873000e+006  0.000000e+000
202 2149  9.873000e+006  0.000000e+000
202 2150  9.873000e+006  0.000000e+000
202 2151  9.873000e+006  0.000000e+000
202 2152  9.873000e+006  0.000000e+000
202 2153  9.873000e+006  0.000000e+000
202 2154  9.873000e+006  0.000000e+000
202 2155  9.873000e+006  0.000000e+000
202 2156  9.873000e+006  0.000000e+000
202 2157  9.873000e+006  0.000000e+000
202 2158  9.873000e+006  0.000000e+000
202 2159  9.873000e+006  0.000000e+000
202 2160  9.873000e+006  0.000000e+000
202 2161  9.873000e+006  0.000000e+000
202 2162  9.873000e+006  0.000000e+000
202 2163  9.873000e+006  0.000000e+000
202 2164  9.873000e+006  0.000000e+000
202 2165  9.873000e+006  0.000000e+000
202 2166  9.873000e+006  0.000000e+000
202 2167  9.873000e+006  0.000000e+000
202 2168  9.873000e+006  0.000000e+000
202 2169  9.873000e+006  0.000000e+000
202 2170  9.873000e+006  0.000000e+000
202 2171  9.873000e+006  0.000000e+000
202 2172  9.873000e+006  0.000000e+000
202 2173  9.873000e+006  0.000000e+000
202 2174  9.873000e+006  0.000000e+000
202 2175  9.873000e+006  0.000000e+000
202 2176  9.873000e+006  0.000000e+000
202 2177  9.873000e+006  0.000000e+000
202 2178  9.873000e+006  0.000000e+000
202 2179  9.873000e+006  0.000000e+000
202 2180  9.873000e+006  0.000000e+000
202 2181  9.873000e+006  0.000000e+000
202 2182  9.873000e+006  0.000000e+000
202 2183  9.873000e+006  0.000000e+000
202 2184  9.873000e+006  0.000000e+000
202 2185  9.873000e+006  0.000000e+000
202 2186  9.873000e+006  0.000000e+000
202 2187  9.873000e+006  0.000000e+000
202 2188  9.873000e+006  0.000000e+000
202 2189  9.873000e+006  0.000000e+000
202 2190  9.873000e+006  0.000000e+000
202 2191  9.873000e+006  0.000000e+000
202 2192  9.873000e+006  0.000000e+000
202 2193  9.873000e+006  0.000000e+000
202 2194  9.873000e+006  0.000000e+000
202 2195  9.873000e+006  0.000000e+000
202 2196  9.873000e+006  0.000000e+000
202 2197  9.873000e+006  0.000000e+000
202 2198  9.873000e+006  0.000000e+000
202 2199  9.873000e+006  0.000000e+000
202 2200  9.873000e+006  0.000000e+000
202 2201  1.509600e+007  0.000000e+000
202 2202  1.509600e+007  0.000000e+000
202 2203  1.509600e+007  0.000000e+000
202 2204  1.509600e+007  0.000000e+000
202 2205  1.509600e+007  0.000000e+000
202 2206  1.509600e+007  0.000000e+000
202 2207  1.509600e+007  0.000000e+000
202 2208  1.509600e+007  0.000000e+000
202 2209  1.509600e+007  0.000000e+000
202 2210  1.509600e+007  0.000000e+000
202 2211  1.509600e+007  0.000000e+000
202 2212  1.509600e+007  0.000000e+000
202 2213  1.509600e+007  0.000000e+000
202 2214  1.509600e+007  0.000000e+000
202 2215  1.509600e+007  0.000000e+000
202 2216  1.509600e+007  0.000000e+000
202 2217  1.509600e+007  0.000000e+000
202 2218  1.509600e+007  0.000000e+000
202 2219  1.509600e+007  0.000000e+000
202 2220  1.509600e+007  0.000000e+000
202 2221  1.509600e+007  0.000000e+000
202 2222  1.509600e+007  0.000000e+000
202 2223  1.509600e+007  0.000000e+000
202 2224  1.509600e+007  0.000000e+000
202 2225  1.509600e+007  0.000000e+000
202 2226  1.509600e+007  0.000000e+000
202 2227  1.509600e+007  0.000000e+000
202 2228  1.509600e+007  0.000000e+000
202 2229  1.509600e+007  0.000000e+000
202 2230  1.509600e+007  0.000000e+000
202 2231  1.509600e+007  0.000000e+000
202 2232  1.509600e+007  0.000000e+000
202 2233  1.509600e+007  0.000000e+000
202 2234  1.509600e+007  0.000000e+000
202 2235  1.509600e+007  0.000000e+000
202 2236  1.509600e+007  0.000000e+000
202 2237  1.509600e+007  0.000000e+000
202 2238  1.509600e+007  0.000000e+000
202 2239  1.509600e+007  0.000000e+000
202 2240  1.509600e+007  0.000000e+000
202 2241  1.509600e+007  0.000000e+000
202 2242  1.509600e+007  0.000000e+000
202 2243  1.509600e+007  0.000000e+000
202 2244  1.509600e+007  0.000000e+000
202 2245  1.509600e+007  0.000000e+000
202 2246  1.509600e+007  0.000000e+000
202 2247  1.509600e+007  0.000000e+000
202 2248  1.509600e+007  0.000000e+000
202 2249  1.509600e+007  0.000000e+000
202 2250  1.509600e+007  0.000000e+000
202 2251  1.509600e+007  0.000000e+000
202 2252  1.509600e+007  0.000000e+000
202 2253  1.509600e+007  0.000000e+000
202 2254  1.509600e+007  0.000000e+000
202 2255  1.509600e+007  0.000000e+000
202 2256  1.509600e+007  0.000000e+000
202 2257  1.509600e+007  0.000000e+000
202 2258  1.509600e+007  0.000000e+000
202 2259  1.509600e+007  0.000000e+000
202 2260  1.509600e+007  0.000000e+000
202 2261  2.716200e+007  0.000000e+000
202 2262  2.716200e+007  0.000000e+000
202 2263  2.716200e+007  0.000000e+000
202 2264  2.716200e+007  0.000000e+000
202 2265  2.716200e+007  0.000000e+000
202 2266  2.716200e+007  0.000000e+000
202 2267  2.716200e+007  0.000000e+000
202 2268  2.716200e+007  0.000000e+000
202 2269  2.716200e+007  0.000000e+000
202 2270  2.716200e+007  0.000000e+000
202 2271  2.716200e+007  0.000000e+000
202 2272  2.716200e+007  0.000000e+000
202 2273  2.716200e+007  0.000000e+000
202 2274  2.716200e+007  0.000000e+000
202 2275  2.716200e+007  0.000000e+000
202 2276  2.716200e+007  0.000000e+000
202 2277  2.716200e+007  0.000000e+000
202 2278  2.716200e+007  0.000000e+000
202 2279  2.716200e+007  0.000000e+000
202 2280  2.716200e+007  0.000000e+000
202 2281  2.716200e+007  0.000000e+000
202 2282  2.716200e+007  0.000000e+000
202 2283  2.716200e+007  0.000000e+000
202 2284  2.716200e+007  0.000000e+000
202 2285  2.716200e+007  0.000000e+000
202 2286  2.716200e+007  0.000000e+000
202 2287  2.716200e+007  0.000000e+000
202 2288  2.716200e+007  0.000000e+000
202 2289  2.716200e+007  0.000000e+000
202 2290  2.716200e+007  0.000000e+000
202 2291  2.716200e+007  0.000000e+000
202 2292  2.716200e+007  0.000000e+000
202 2293  2.716200e+007  0.000000e+000
202 2294  2.716200e+007  0.000000e+000
202 2295  2.716200e+007  0.000000e+000
202 2296  2.716200e+007  0.000000e+000
202 2297  2.716200e+007  0.000000e+000
202 2298  2.716200e+007  0.000000e+000
202 2299  2.716200e+007  0.000000e+000
202 2300  2.716200e+007  0.000000e+000
202 2301  2.716200e+007  0.000000e+000
202 2302  2.716200e+007  0.000000e+000
202 2303  2.716200e+007  0.000000e+000
202 2304  2.716200e+007  0.000000e+000
202 2305  2.716200e+007  0.000000e+000
202 2306  2.716200e+007  0.000000e+000
202 2307  2.716200e+007  0.000000e+000
202 2308  2.716200e+007  0.000000e+000
202 2309  2.716200e+007  0.000000e+000
202 2310  2.716200e+007  0.000000e+000
202 2311  2.716200e+007  0.000000e+000
202 2312  2.716200e+007  0.000000e+000
202 2313  2.716200e+007  0.000000e+000
202 2314  2.716200e+007  0.000000e+000
202 2315  2.716200e+007  0.000000e+000
202 2316  2.716200e+007  0.000000e+000
202 2317  2.716200e+007  0.000000e+000
202 2318  2.716200e+007  0.000000e+000
202 2319  2.716200e+007  0.000000e+000
202 2320  2.716200e+007  0.000000e+000
202 2321  2.716200e+007  0.000000e+000
202 2322  2.716200e+007  0.000000e+000
202 2323  2.716200e+007  0.000000e+000
202 2324  2.716200e+007  0.000000e+000
202 2325  2.716200e+007  0.000000e+000
202 2326  2.716200e+007  0.000000e+000
202 2327  2.716200e+007  0.000000e+000
202 2328  2.716200e+007  0.000000e+000
202 2329  2.716200e+007  0.000000e+000
202 2330  2.716200e+007  0.000000e+000
202 2331  2.716200e+007  0.000000e+000
202 2332  2.716200e+007  0.000000e+000
202 2333  2.716200e+007  0.000000e+000
202 2334  2.716200e+007  0.000000e+000
202 2335  2.716200e+007  0.000000e+000
202 2336  2.716200e+007  0.000000e+000
202 2337  2.716200e+007  0.000000e+000
202 2338  2.716200e+007  0.000000e+000
202 2339  2.716200e+007  0.000000e+000
202 2340  2.716200e+007  0.000000e+000
202 2341  2.716200e+007  0.000000e+000
202 2342  2.716200e+007  0.000000e+000
202 2343  2.716200e+007  0.000000e+000
202 2344  2.716200e+007  0.000000e+000
202 2345  2.716200e+007  0.000000e+000
202 2346  2.716200e+007  0.000000e+000
202 2347  2.716200e+007  0.000000e+000
202 2348  2.716200e+007  0.000000e+000
202 2349  2.716200e+007  0.000000e+000
202 2350  2.716200e+007  0.000000e+000
202 2351  2.716200e+007  0.000000e+000
202 2352  2.716200e+007  0.000000e+000
202 2353  2.716200e+007  0.000000e+000
202 2354  2.716200e+007  0.000000e+000
202 2355  2.716200e+007  0.000000e+000
202 2356  2.716200e+007  0.000000e+000
202 2357  2.716200e+007  0.000000e+000
202 2358  2.716200e+007  0.000000e+000
202 2359  2.716200e+007  0.000000e+000
202 2360  2.716200e+007  0.000000e+000
202 2361  2.716200e+007  0.000000e+000
202 2362  2.716200e+007  0.000000e+000
202 2363  2.716200e+007  0.000000e+000
202 2364  2.716200e+007  0.000000e+000
202 2365  2.716200e+007  0.000000e+000
202 2366  2.716200e+007  0.000000e+000
202 2367  2.716200e+007  0.000000e+000
202 2368  2.716200e+007  0.000000e+000
202 2369  2.716200e+007  0.000000e+000
202 2370  2.716200e+007  0.000000e+000
202 2371  2.716200e+007  0.000000e+000
202 2372  2.716200e+007  0.000000e+000
202 2373  2.716200e+007  0.000000e+000
202 2374  2.716200e+007  0.000000e+000
202 2375  2.716200e+007  0.000000e+000
202 2376  2.716200e+007  0.000000e+000
202 2377  2.716200e+007  0.000000e+000
202 2378  2.716200e+007  0.000000e+000
202 2379  2.716200e+007  0.000000e+000
202 2380  2.716200e+007  0.000000e+000
202 2381  2.716200e+007  0.000000e+000
202 2382  2.716200e+007  0.000000e+000
202 2383  2.716200e+007  0.000000e+000
202 2384  2.716200e+007  0.000000e+000
202 2385  2.716200e+007  0.000000e+000
202 2386  2.716200e+007  0.000000e+000
202 2387  2.716200e+007  0.000000e+000
202 2388  2.716200e+007  0.000000e+000
202 2389  2.716200e+007  0.000000e+000
202 2390  2.716200e+007  0.000000e+000
202 2391  2.716200e+007  0.000000e+000
202 2392  2.716200e+007  0.000000e+000
202 2393  2.716200e+007  0.000000e+000
202 2394  2.716200e+007  0.000000e+000
202 2395  2.716200e+007  0.000000e+000
202 2396  2.716200e+007  0.000000e+000
202 2397  2.716200e+007  0.000000e+000
202 2398  2.716200e+007  0.000000e+000
202 2399  2.716200e+007  0.000000e+000
202 2400  2.716200e+007  0.000000e+000
202 2401  2.716200e+007  0.000000e+000
202 2402  2.716200e+007  0.000000e+000
202 2403  2.716200e+007  0.000000e+000
202 2404  2.716200e+007  0.000000e+000
202 2405  2.716200e+007  0.000000e+000
202 2406  2.716200e+007  0.000000e+000
202 2407  2.716200e+007  0.000000e+000
202 2408  2.716200e+007  0.000000e+000
202 2409  2.716200e+007  0.000000e+000
202 2410  2.716200e+007  0.000000e+000
202 2411  2.716200e+007  0.000000e+000
202 2412  2.716200e+007  0.000000e+000
202 2413  2.716200e+007  0.000000e+000
202 2414  2.716200e+007  0.000000e+000
202 2415  2.716200e+007  0.000000e+000
202 2416  2.716200e+007  0.000000e+000
202 2417  2.716200e+007  0.000000e+000
202 2418  2.716200e+007  0.000000e+000
202 2419  2.716200e+007  0.000000e+000
202 2420  2.716200e+007  0.000000e+000
202 2421  2.716200e+007  0.000000e+000
202 2422  2.716200e+007  0.000000e+000
202 2423  2.716200e+007  0.000000e+000
202 2424  2.716200e+007  0.000000e+000
202 2425  2.716200e+007  0.000000e+000
202 2426  2.716200e+007  0.000000e+000
202 2427  2.716200e+007  0.000000e+000
202 2428  2.716200e+007  0.000000e+000
202 2429  2.716200e+007  0.000000e+000
202 2430  2.716200e+007  0.000000e+000
202 2431  2.716200e+007  0.000000e+000
202 2432  2.716200e+007  0.000000e+000
202 2433  2.716200e+007  0.000000e+000
202 2434  2.716200e+007  0.000000e+000
202 2435  2.716200e+007  0.000000e+000
202 2436  2.716200e+007  0.000000e+000
202 2437  2.716200e+007  0.000000e+000
202 2438  2.716200e+007  0.000000e+000
202 2439  2.716200e+007  0.000000e+000
202 2440  2.716200e+007  0.000000e+000
202 2441  2.716200e+007  0.000000e+000
202 2442  2.716200e+007  0.000000e+000
202 2443  2.716200e+007  0.000000e+000
202 2444  2.716200e+007  0.000000e+000
202 2445  2.716200e+007  0.000000e+000
202 2446  2.716200e+007  0.000000e+000
202 2447  2.716200e+007  0.000000e+000
202 2448  2.716200e+007  0.000000e+000
202 2449  2.716200e+007  0.000000e+000
202 2450  2.716200e+007  0.000000e+000
202 2451  2.716200e+007  0.000000e+000
202 2452  2.716200e+007  0.000000e+000
202 2453  2.716200e+007  0.000000e+000
202 2454  2.716200e+007  0.000000e+000
202 2455  2.716200e+007  0.000000e+000
202 2456  2.716200e+007  0.000000e+000
202 2457  2.716200e+007  0.000000e+000
202 2458  2.716200e+007  0.000000e+000
202 2459  2.716200e+007  0.000000e+000
202 2460  2.716200e+007  0.000000e+000
202 2461  2.716200e+007  0.000000e+000
202 2462  2.716200e+007  0.000000e+000
202 2463  2.716200e+007  0.000000e+000
202 2464  2.716200e+007  0.000000e+000
202 2465  2.716200e+007  0.000000e+000
202 2466  2.716200e+007  0.000000e+000
202 2467  2.716200e+007  0.000000e+000
202 2468  2.716200e+007  0.000000e+000
202 2469  2.716200e+007  0.000000e+000
202 2470  2.716200e+007  0.000000e+000
202 2471  2.716200e+007  0.000000e+000
202 2472  2.716200e+007  0.000000e+000
202 2473  2.716200e+007  0.000000e+000
202 2474  2.716200e+007  0.000000e+000
202 2475  2.716200e+007  0.000000e+000
202 2476  2.716200e+007  0.000000e+000
202 2477  2.716200e+007  0.000000e+000
202 2478  2.716200e+007  0.000000e+000
202 2479  2.716200e+007  0.000000e+000
202 2480  2.716200e+007  0.000000e+000
202 2481  2.716200e+007  0.000000e+000
202 2482  2.716200e+007  0.000000e+000
202 2483  2.716200e+007  0.000000e+000
202 2484  2.716200e+007  0.000000e+000
202 2485  2.716200e+007  0.000000e+000
202 2486  2.716200e+007  0.000000e+000
202 2487  2.716200e+007  0.000000e+000
202 2488  2.716200e+007  0.000000e+000
202 2489  2.716200e+007  0.000000e+000
202 2490  2.716200e+007  0.000000e+000
202 2491  2.716200e+007  0.000000e+000
202 2492  2.716200e+007  0.000000e+000
999 End
