101 EQSim_Input_Condition_2 1
111 Fictitious initial conditions for Ward Northern California model
102 End_Metadata
120 200 summary 3    Record 200: Initial condition summary
121 1 n_element 1    Field 1: Total number of elements in the file
121 2 stress_flag 1    Field 2: 1 if initial stress (record 201) is included, 0 if not
121 3 state_flag 1    Field 3: 1 if initial state (record 202) is included, 0 if not
120 201 initial_stress 3    Record 201: Fault slip rate
121 1 index 1    Field 1: Element index number (consecutive integers, starting with 1)
121 2 shear_stress 2    Field 2: Element initial shear stress (Pascal)
121 3 normal_stress 2    Field 3: Element initial normal stress (Pascal)
120 202 initial_state 2    Record 202: Initial state
121 1 index 1    Field 1: Element index number (consecutive integers, starting with 1)
121 2 rs_theta 2    Field 2: Element initial state for rate-state law (seconds)
103 End_Descriptor
200 2492 1 0
201 1  1.472940e+007  2.454900e+007
201 2  4.418820e+007  7.364700e+007
201 3  7.364700e+007  1.227450e+008
201 4  1.031058e+008  1.718430e+008
201 5  1.472940e+007  2.454900e+007
201 6  4.418820e+007  7.364700e+007
201 7  7.364700e+007  1.227450e+008
201 8  1.031058e+008  1.718430e+008
201 9  1.472940e+007  2.454900e+007
201 10  4.418820e+007  7.364700e+007
201 11  7.364700e+007  1.227450e+008
201 12  1.031058e+008  1.718430e+008
201 13  1.472940e+007  2.454900e+007
201 14  4.418820e+007  7.364700e+007
201 15  7.364700e+007  1.227450e+008
201 16  1.031058e+008  1.718430e+008
201 17  1.472940e+007  2.454900e+007
201 18  4.418820e+007  7.364700e+007
201 19  7.364700e+007  1.227450e+008
201 20  1.031058e+008  1.718430e+008
201 21  1.472940e+007  2.454900e+007
201 22  4.418820e+007  7.364700e+007
201 23  7.364700e+007  1.227450e+008
201 24  1.031058e+008  1.718430e+008
201 25  1.472940e+007  2.454900e+007
201 26  4.418820e+007  7.364700e+007
201 27  7.364700e+007  1.227450e+008
201 28  1.031058e+008  1.718430e+008
201 29  1.472940e+007  2.454900e+007
201 30  4.418820e+007  7.364700e+007
201 31  7.364700e+007  1.227450e+008
201 32  1.031058e+008  1.718430e+008
201 33  1.472940e+007  2.454900e+007
201 34  4.418820e+007  7.364700e+007
201 35  7.364700e+007  1.227450e+008
201 36  1.031058e+008  1.718430e+008
201 37  1.472940e+007  2.454900e+007
201 38  4.418820e+007  7.364700e+007
201 39  7.364700e+007  1.227450e+008
201 40  1.031058e+008  1.718430e+008
201 41  1.472940e+007  2.454900e+007
201 42  4.418820e+007  7.364700e+007
201 43  7.364700e+007  1.227450e+008
201 44  1.031058e+008  1.718430e+008
201 45  1.472940e+007  2.454900e+007
201 46  4.418820e+007  7.364700e+007
201 47  7.364700e+007  1.227450e+008
201 48  1.031058e+008  1.718430e+008
201 49  1.472940e+007  2.454900e+007
201 50  4.418820e+007  7.364700e+007
201 51  7.364700e+007  1.227450e+008
201 52  1.031058e+008  1.718430e+008
201 53  1.472940e+007  2.454900e+007
201 54  4.418820e+007  7.364700e+007
201 55  7.364700e+007  1.227450e+008
201 56  1.031058e+008  1.718430e+008
201 57  1.472940e+007  2.454900e+007
201 58  4.418820e+007  7.364700e+007
201 59  7.364700e+007  1.227450e+008
201 60  1.031058e+008  1.718430e+008
201 61  1.472940e+007  2.454900e+007
201 62  4.418820e+007  7.364700e+007
201 63  7.364700e+007  1.227450e+008
201 64  1.031058e+008  1.718430e+008
201 65  1.472940e+007  2.454900e+007
201 66  4.418820e+007  7.364700e+007
201 67  7.364700e+007  1.227450e+008
201 68  1.031058e+008  1.718430e+008
201 69  1.472940e+007  2.454900e+007
201 70  4.418820e+007  7.364700e+007
201 71  7.364700e+007  1.227450e+008
201 72  1.031058e+008  1.718430e+008
201 73  1.472940e+007  2.454900e+007
201 74  4.418820e+007  7.364700e+007
201 75  7.364700e+007  1.227450e+008
201 76  1.031058e+008  1.718430e+008
201 77  1.472940e+007  2.454900e+007
201 78  4.418820e+007  7.364700e+007
201 79  7.364700e+007  1.227450e+008
201 80  1.031058e+008  1.718430e+008
201 81  1.472940e+007  2.454900e+007
201 82  4.418820e+007  7.364700e+007
201 83  7.364700e+007  1.227450e+008
201 84  1.031058e+008  1.718430e+008
201 85  1.472940e+007  2.454900e+007
201 86  4.418820e+007  7.364700e+007
201 87  7.364700e+007  1.227450e+008
201 88  1.031058e+008  1.718430e+008
201 89  1.472940e+007  2.454900e+007
201 90  4.418820e+007  7.364700e+007
201 91  7.364700e+007  1.227450e+008
201 92  1.031058e+008  1.718430e+008
201 93  1.472940e+007  2.454900e+007
201 94  4.418820e+007  7.364700e+007
201 95  7.364700e+007  1.227450e+008
201 96  1.031058e+008  1.718430e+008
201 97  1.472940e+007  2.454900e+007
201 98  4.418820e+007  7.364700e+007
201 99  7.364700e+007  1.227450e+008
201 100  1.031058e+008  1.718430e+008
201 101  1.472940e+007  2.454900e+007
201 102  4.418820e+007  7.364700e+007
201 103  7.364700e+007  1.227450e+008
201 104  1.031058e+008  1.718430e+008
201 105  1.472940e+007  2.454900e+007
201 106  4.418820e+007  7.364700e+007
201 107  7.364700e+007  1.227450e+008
201 108  1.031058e+008  1.718430e+008
201 109  1.472940e+007  2.454900e+007
201 110  4.418820e+007  7.364700e+007
201 111  7.364700e+007  1.227450e+008
201 112  1.031058e+008  1.718430e+008
201 113  1.472940e+007  2.454900e+007
201 114  4.418820e+007  7.364700e+007
201 115  7.364700e+007  1.227450e+008
201 116  1.031058e+008  1.718430e+008
201 117  1.472940e+007  2.454900e+007
201 118  4.418820e+007  7.364700e+007
201 119  7.364700e+007  1.227450e+008
201 120  1.031058e+008  1.718430e+008
201 121  1.472940e+007  2.454900e+007
201 122  4.418820e+007  7.364700e+007
201 123  7.364700e+007  1.227450e+008
201 124  1.031058e+008  1.718430e+008
201 125  1.472940e+007  2.454900e+007
201 126  4.418820e+007  7.364700e+007
201 127  7.364700e+007  1.227450e+008
201 128  1.031058e+008  1.718430e+008
201 129  1.472940e+007  2.454900e+007
201 130  4.418820e+007  7.364700e+007
201 131  7.364700e+007  1.227450e+008
201 132  1.031058e+008  1.718430e+008
201 133  1.472940e+007  2.454900e+007
201 134  4.418820e+007  7.364700e+007
201 135  7.364700e+007  1.227450e+008
201 136  1.031058e+008  1.718430e+008
201 137  1.472940e+007  2.454900e+007
201 138  4.418820e+007  7.364700e+007
201 139  7.364700e+007  1.227450e+008
201 140  1.031058e+008  1.718430e+008
201 141  1.472940e+007  2.454900e+007
201 142  4.418820e+007  7.364700e+007
201 143  7.364700e+007  1.227450e+008
201 144  1.031058e+008  1.718430e+008
201 145  1.472940e+007  2.454900e+007
201 146  4.418820e+007  7.364700e+007
201 147  7.364700e+007  1.227450e+008
201 148  1.031058e+008  1.718430e+008
201 149  1.472940e+007  2.454900e+007
201 150  4.418820e+007  7.364700e+007
201 151  7.364700e+007  1.227450e+008
201 152  1.031058e+008  1.718430e+008
201 153  1.472940e+007  2.454900e+007
201 154  4.418820e+007  7.364700e+007
201 155  7.364700e+007  1.227450e+008
201 156  1.031058e+008  1.718430e+008
201 157  1.472940e+007  2.454900e+007
201 158  4.418820e+007  7.364700e+007
201 159  7.364700e+007  1.227450e+008
201 160  1.031058e+008  1.718430e+008
201 161  1.472940e+007  2.454900e+007
201 162  4.418820e+007  7.364700e+007
201 163  7.364700e+007  1.227450e+008
201 164  1.031058e+008  1.718430e+008
201 165  1.472940e+007  2.454900e+007
201 166  4.418820e+007  7.364700e+007
201 167  7.364700e+007  1.227450e+008
201 168  1.031058e+008  1.718430e+008
201 169  1.472940e+007  2.454900e+007
201 170  4.418820e+007  7.364700e+007
201 171  7.364700e+007  1.227450e+008
201 172  1.031058e+008  1.718430e+008
201 173  1.472940e+007  2.454900e+007
201 174  4.418820e+007  7.364700e+007
201 175  7.364700e+007  1.227450e+008
201 176  1.031058e+008  1.718430e+008
201 177  1.472940e+007  2.454900e+007
201 178  4.418820e+007  7.364700e+007
201 179  7.364700e+007  1.227450e+008
201 180  1.031058e+008  1.718430e+008
201 181  1.472940e+007  2.454900e+007
201 182  4.418820e+007  7.364700e+007
201 183  7.364700e+007  1.227450e+008
201 184  1.031058e+008  1.718430e+008
201 185  1.472940e+007  2.454900e+007
201 186  4.418820e+007  7.364700e+007
201 187  7.364700e+007  1.227450e+008
201 188  1.031058e+008  1.718430e+008
201 189  1.472940e+007  2.454900e+007
201 190  4.418820e+007  7.364700e+007
201 191  7.364700e+007  1.227450e+008
201 192  1.031058e+008  1.718430e+008
201 193  1.472940e+007  2.454900e+007
201 194  4.418820e+007  7.364700e+007
201 195  7.364700e+007  1.227450e+008
201 196  1.031058e+008  1.718430e+008
201 197  1.472940e+007  2.454900e+007
201 198  4.418820e+007  7.364700e+007
201 199  7.364700e+007  1.227450e+008
201 200  1.031058e+008  1.718430e+008
201 201  1.472940e+007  2.454900e+007
201 202  4.418820e+007  7.364700e+007
201 203  7.364700e+007  1.227450e+008
201 204  1.031058e+008  1.718430e+008
201 205  1.472940e+007  2.454900e+007
201 206  4.418820e+007  7.364700e+007
201 207  7.364700e+007  1.227450e+008
201 208  1.031058e+008  1.718430e+008
201 209  1.472940e+007  2.454900e+007
201 210  4.418820e+007  7.364700e+007
201 211  7.364700e+007  1.227450e+008
201 212  1.031058e+008  1.718430e+008
201 213  1.472940e+007  2.454900e+007
201 214  4.418820e+007  7.364700e+007
201 215  7.364700e+007  1.227450e+008
201 216  1.031058e+008  1.718430e+008
201 217  1.472940e+007  2.454900e+007
201 218  4.418820e+007  7.364700e+007
201 219  7.364700e+007  1.227450e+008
201 220  1.031058e+008  1.718430e+008
201 221  1.472940e+007  2.454900e+007
201 222  4.418820e+007  7.364700e+007
201 223  7.364700e+007  1.227450e+008
201 224  1.031058e+008  1.718430e+008
201 225  1.472940e+007  2.454900e+007
201 226  4.418820e+007  7.364700e+007
201 227  7.364700e+007  1.227450e+008
201 228  1.031058e+008  1.718430e+008
201 229  1.472940e+007  2.454900e+007
201 230  4.418820e+007  7.364700e+007
201 231  7.364700e+007  1.227450e+008
201 232  1.031058e+008  1.718430e+008
201 233  1.472940e+007  2.454900e+007
201 234  4.418820e+007  7.364700e+007
201 235  7.364700e+007  1.227450e+008
201 236  1.031058e+008  1.718430e+008
201 237  1.472940e+007  2.454900e+007
201 238  4.418820e+007  7.364700e+007
201 239  7.364700e+007  1.227450e+008
201 240  1.031058e+008  1.718430e+008
201 241  1.472940e+007  2.454900e+007
201 242  4.418820e+007  7.364700e+007
201 243  7.364700e+007  1.227450e+008
201 244  1.031058e+008  1.718430e+008
201 245  1.472940e+007  2.454900e+007
201 246  4.418820e+007  7.364700e+007
201 247  7.364700e+007  1.227450e+008
201 248  1.031058e+008  1.718430e+008
201 249  1.472940e+007  2.454900e+007
201 250  4.418820e+007  7.364700e+007
201 251  7.364700e+007  1.227450e+008
201 252  1.031058e+008  1.718430e+008
201 253  1.472940e+007  2.454900e+007
201 254  4.418820e+007  7.364700e+007
201 255  7.364700e+007  1.227450e+008
201 256  1.031058e+008  1.718430e+008
201 257  1.472940e+007  2.454900e+007
201 258  4.418820e+007  7.364700e+007
201 259  7.364700e+007  1.227450e+008
201 260  1.031058e+008  1.718430e+008
201 261  1.472940e+007  2.454900e+007
201 262  4.418820e+007  7.364700e+007
201 263  7.364700e+007  1.227450e+008
201 264  1.031058e+008  1.718430e+008
201 265  1.472940e+007  2.454900e+007
201 266  4.418820e+007  7.364700e+007
201 267  7.364700e+007  1.227450e+008
201 268  1.031058e+008  1.718430e+008
201 269  1.472940e+007  2.454900e+007
201 270  4.418820e+007  7.364700e+007
201 271  7.364700e+007  1.227450e+008
201 272  1.031058e+008  1.718430e+008
201 273  1.472940e+007  2.454900e+007
201 274  4.418820e+007  7.364700e+007
201 275  7.364700e+007  1.227450e+008
201 276  1.031058e+008  1.718430e+008
201 277  1.472940e+007  2.454900e+007
201 278  4.418820e+007  7.364700e+007
201 279  7.364700e+007  1.227450e+008
201 280  1.031058e+008  1.718430e+008
201 281  1.472940e+007  2.454900e+007
201 282  4.418820e+007  7.364700e+007
201 283  7.364700e+007  1.227450e+008
201 284  1.031058e+008  1.718430e+008
201 285  1.472940e+007  2.454900e+007
201 286  4.418820e+007  7.364700e+007
201 287  7.364700e+007  1.227450e+008
201 288  1.031058e+008  1.718430e+008
201 289  1.472940e+007  2.454900e+007
201 290  4.418820e+007  7.364700e+007
201 291  7.364700e+007  1.227450e+008
201 292  1.031058e+008  1.718430e+008
201 293  1.472940e+007  2.454900e+007
201 294  4.418820e+007  7.364700e+007
201 295  7.364700e+007  1.227450e+008
201 296  1.031058e+008  1.718430e+008
201 297  1.472940e+007  2.454900e+007
201 298  4.418820e+007  7.364700e+007
201 299  7.364700e+007  1.227450e+008
201 300  1.031058e+008  1.718430e+008
201 301  1.472940e+007  2.454900e+007
201 302  4.418820e+007  7.364700e+007
201 303  7.364700e+007  1.227450e+008
201 304  1.031058e+008  1.718430e+008
201 305  1.472940e+007  2.454900e+007
201 306  4.418820e+007  7.364700e+007
201 307  7.364700e+007  1.227450e+008
201 308  1.031058e+008  1.718430e+008
201 309  1.472940e+007  2.454900e+007
201 310  4.418820e+007  7.364700e+007
201 311  7.364700e+007  1.227450e+008
201 312  1.031058e+008  1.718430e+008
201 313  1.472940e+007  2.454900e+007
201 314  4.418820e+007  7.364700e+007
201 315  7.364700e+007  1.227450e+008
201 316  1.031058e+008  1.718430e+008
201 317  1.472940e+007  2.454900e+007
201 318  4.418820e+007  7.364700e+007
201 319  7.364700e+007  1.227450e+008
201 320  1.031058e+008  1.718430e+008
201 321  1.472940e+007  2.454900e+007
201 322  4.418820e+007  7.364700e+007
201 323  7.364700e+007  1.227450e+008
201 324  1.031058e+008  1.718430e+008
201 325  1.472940e+007  2.454900e+007
201 326  4.418820e+007  7.364700e+007
201 327  7.364700e+007  1.227450e+008
201 328  1.031058e+008  1.718430e+008
201 329  1.472940e+007  2.454900e+007
201 330  4.418820e+007  7.364700e+007
201 331  7.364700e+007  1.227450e+008
201 332  1.031058e+008  1.718430e+008
201 333  1.472940e+007  2.454900e+007
201 334  4.418820e+007  7.364700e+007
201 335  7.364700e+007  1.227450e+008
201 336  1.031058e+008  1.718430e+008
201 337  1.472940e+007  2.454900e+007
201 338  4.418820e+007  7.364700e+007
201 339  7.364700e+007  1.227450e+008
201 340  1.031058e+008  1.718430e+008
201 341  1.472940e+007  2.454900e+007
201 342  4.418820e+007  7.364700e+007
201 343  7.364700e+007  1.227450e+008
201 344  1.031058e+008  1.718430e+008
201 345  1.472940e+007  2.454900e+007
201 346  4.418820e+007  7.364700e+007
201 347  7.364700e+007  1.227450e+008
201 348  1.031058e+008  1.718430e+008
201 349  1.472940e+007  2.454900e+007
201 350  4.418820e+007  7.364700e+007
201 351  7.364700e+007  1.227450e+008
201 352  1.031058e+008  1.718430e+008
201 353  1.472940e+007  2.454900e+007
201 354  4.418820e+007  7.364700e+007
201 355  7.364700e+007  1.227450e+008
201 356  1.031058e+008  1.718430e+008
201 357  1.472940e+007  2.454900e+007
201 358  4.418820e+007  7.364700e+007
201 359  7.364700e+007  1.227450e+008
201 360  1.031058e+008  1.718430e+008
201 361  1.472940e+007  2.454900e+007
201 362  4.418820e+007  7.364700e+007
201 363  7.364700e+007  1.227450e+008
201 364  1.031058e+008  1.718430e+008
201 365  1.472940e+007  2.454900e+007
201 366  4.418820e+007  7.364700e+007
201 367  7.364700e+007  1.227450e+008
201 368  1.031058e+008  1.718430e+008
201 369  1.472940e+007  2.454900e+007
201 370  4.418820e+007  7.364700e+007
201 371  7.364700e+007  1.227450e+008
201 372  1.031058e+008  1.718430e+008
201 373  1.472940e+007  2.454900e+007
201 374  4.418820e+007  7.364700e+007
201 375  7.364700e+007  1.227450e+008
201 376  1.031058e+008  1.718430e+008
201 377  1.472940e+007  2.454900e+007
201 378  4.418820e+007  7.364700e+007
201 379  7.364700e+007  1.227450e+008
201 380  1.031058e+008  1.718430e+008
201 381  1.472940e+007  2.454900e+007
201 382  4.418820e+007  7.364700e+007
201 383  7.364700e+007  1.227450e+008
201 384  1.031058e+008  1.718430e+008
201 385  1.472940e+007  2.454900e+007
201 386  4.418820e+007  7.364700e+007
201 387  7.364700e+007  1.227450e+008
201 388  1.031058e+008  1.718430e+008
201 389  1.472940e+007  2.454900e+007
201 390  4.418820e+007  7.364700e+007
201 391  7.364700e+007  1.227450e+008
201 392  1.031058e+008  1.718430e+008
201 393  1.472940e+007  2.454900e+007
201 394  4.418820e+007  7.364700e+007
201 395  7.364700e+007  1.227450e+008
201 396  1.031058e+008  1.718430e+008
201 397  1.472940e+007  2.454900e+007
201 398  4.418820e+007  7.364700e+007
201 399  7.364700e+007  1.227450e+008
201 400  1.031058e+008  1.718430e+008
201 401  1.472940e+007  2.454900e+007
201 402  4.418820e+007  7.364700e+007
201 403  7.364700e+007  1.227450e+008
201 404  1.031058e+008  1.718430e+008
201 405  1.472940e+007  2.454900e+007
201 406  4.418820e+007  7.364700e+007
201 407  7.364700e+007  1.227450e+008
201 408  1.031058e+008  1.718430e+008
201 409  1.472940e+007  2.454900e+007
201 410  4.418820e+007  7.364700e+007
201 411  7.364700e+007  1.227450e+008
201 412  1.031058e+008  1.718430e+008
201 413  1.472940e+007  2.454900e+007
201 414  4.418820e+007  7.364700e+007
201 415  7.364700e+007  1.227450e+008
201 416  1.031058e+008  1.718430e+008
201 417  1.472940e+007  2.454900e+007
201 418  4.418820e+007  7.364700e+007
201 419  7.364700e+007  1.227450e+008
201 420  1.031058e+008  1.718430e+008
201 421  1.472940e+007  2.454900e+007
201 422  4.418820e+007  7.364700e+007
201 423  7.364700e+007  1.227450e+008
201 424  1.031058e+008  1.718430e+008
201 425  1.472940e+007  2.454900e+007
201 426  4.418820e+007  7.364700e+007
201 427  7.364700e+007  1.227450e+008
201 428  1.031058e+008  1.718430e+008
201 429  1.472940e+007  2.454900e+007
201 430  4.418820e+007  7.364700e+007
201 431  7.364700e+007  1.227450e+008
201 432  1.031058e+008  1.718430e+008
201 433  1.472940e+007  2.454900e+007
201 434  4.418820e+007  7.364700e+007
201 435  7.364700e+007  1.227450e+008
201 436  1.031058e+008  1.718430e+008
201 437  1.472940e+007  2.454900e+007
201 438  4.418820e+007  7.364700e+007
201 439  7.364700e+007  1.227450e+008
201 440  1.031058e+008  1.718430e+008
201 441  1.472940e+007  2.454900e+007
201 442  4.418820e+007  7.364700e+007
201 443  7.364700e+007  1.227450e+008
201 444  1.031058e+008  1.718430e+008
201 445  1.472940e+007  2.454900e+007
201 446  4.418820e+007  7.364700e+007
201 447  7.364700e+007  1.227450e+008
201 448  1.031058e+008  1.718430e+008
201 449  1.472940e+007  2.454900e+007
201 450  4.418820e+007  7.364700e+007
201 451  7.364700e+007  1.227450e+008
201 452  1.031058e+008  1.718430e+008
201 453  1.472940e+007  2.454900e+007
201 454  4.418820e+007  7.364700e+007
201 455  7.364700e+007  1.227450e+008
201 456  1.031058e+008  1.718430e+008
201 457  1.472940e+007  2.454900e+007
201 458  4.418820e+007  7.364700e+007
201 459  7.364700e+007  1.227450e+008
201 460  1.031058e+008  1.718430e+008
201 461  1.472940e+007  2.454900e+007
201 462  4.418820e+007  7.364700e+007
201 463  7.364700e+007  1.227450e+008
201 464  1.031058e+008  1.718430e+008
201 465  1.472940e+007  2.454900e+007
201 466  4.418820e+007  7.364700e+007
201 467  7.364700e+007  1.227450e+008
201 468  1.031058e+008  1.718430e+008
201 469  1.472940e+007  2.454900e+007
201 470  4.418820e+007  7.364700e+007
201 471  7.364700e+007  1.227450e+008
201 472  1.031058e+008  1.718430e+008
201 473  1.472940e+007  2.454900e+007
201 474  4.418820e+007  7.364700e+007
201 475  7.364700e+007  1.227450e+008
201 476  1.031058e+008  1.718430e+008
201 477  1.472940e+007  2.454900e+007
201 478  4.418820e+007  7.364700e+007
201 479  7.364700e+007  1.227450e+008
201 480  1.031058e+008  1.718430e+008
201 481  1.472940e+007  2.454900e+007
201 482  4.418820e+007  7.364700e+007
201 483  7.364700e+007  1.227450e+008
201 484  1.031058e+008  1.718430e+008
201 485  1.472940e+007  2.454900e+007
201 486  4.418820e+007  7.364700e+007
201 487  7.364700e+007  1.227450e+008
201 488  1.031058e+008  1.718430e+008
201 489  1.472940e+007  2.454900e+007
201 490  4.418820e+007  7.364700e+007
201 491  7.364700e+007  1.227450e+008
201 492  1.031058e+008  1.718430e+008
201 493  1.472940e+007  2.454900e+007
201 494  4.418820e+007  7.364700e+007
201 495  7.364700e+007  1.227450e+008
201 496  1.031058e+008  1.718430e+008
201 497  1.472940e+007  2.454900e+007
201 498  4.418820e+007  7.364700e+007
201 499  7.364700e+007  1.227450e+008
201 500  1.031058e+008  1.718430e+008
201 501  1.472940e+007  2.454900e+007
201 502  4.418820e+007  7.364700e+007
201 503  7.364700e+007  1.227450e+008
201 504  1.031058e+008  1.718430e+008
201 505  1.472940e+007  2.454900e+007
201 506  4.418820e+007  7.364700e+007
201 507  7.364700e+007  1.227450e+008
201 508  1.031058e+008  1.718430e+008
201 509  1.472940e+007  2.454900e+007
201 510  4.418820e+007  7.364700e+007
201 511  7.364700e+007  1.227450e+008
201 512  1.031058e+008  1.718430e+008
201 513  1.472940e+007  2.454900e+007
201 514  4.418820e+007  7.364700e+007
201 515  7.364700e+007  1.227450e+008
201 516  1.031058e+008  1.718430e+008
201 517  1.472940e+007  2.454900e+007
201 518  4.418820e+007  7.364700e+007
201 519  7.364700e+007  1.227450e+008
201 520  1.031058e+008  1.718430e+008
201 521  1.472940e+007  2.454900e+007
201 522  4.418820e+007  7.364700e+007
201 523  7.364700e+007  1.227450e+008
201 524  1.031058e+008  1.718430e+008
201 525  1.472940e+007  2.454900e+007
201 526  4.418820e+007  7.364700e+007
201 527  7.364700e+007  1.227450e+008
201 528  1.031058e+008  1.718430e+008
201 529  1.472940e+007  2.454900e+007
201 530  4.418820e+007  7.364700e+007
201 531  7.364700e+007  1.227450e+008
201 532  1.031058e+008  1.718430e+008
201 533  1.472940e+007  2.454900e+007
201 534  4.418820e+007  7.364700e+007
201 535  7.364700e+007  1.227450e+008
201 536  1.031058e+008  1.718430e+008
201 537  1.472940e+007  2.454900e+007
201 538  4.418820e+007  7.364700e+007
201 539  7.364700e+007  1.227450e+008
201 540  1.031058e+008  1.718430e+008
201 541  1.472940e+007  2.454900e+007
201 542  4.418820e+007  7.364700e+007
201 543  7.364700e+007  1.227450e+008
201 544  1.031058e+008  1.718430e+008
201 545  1.472940e+007  2.454900e+007
201 546  4.418820e+007  7.364700e+007
201 547  7.364700e+007  1.227450e+008
201 548  1.031058e+008  1.718430e+008
201 549  1.472940e+007  2.454900e+007
201 550  4.418820e+007  7.364700e+007
201 551  7.364700e+007  1.227450e+008
201 552  1.031058e+008  1.718430e+008
201 553  1.472940e+007  2.454900e+007
201 554  4.418820e+007  7.364700e+007
201 555  7.364700e+007  1.227450e+008
201 556  1.031058e+008  1.718430e+008
201 557  1.472940e+007  2.454900e+007
201 558  4.418820e+007  7.364700e+007
201 559  7.364700e+007  1.227450e+008
201 560  1.031058e+008  1.718430e+008
201 561  1.472940e+007  2.454900e+007
201 562  4.418820e+007  7.364700e+007
201 563  7.364700e+007  1.227450e+008
201 564  1.031058e+008  1.718430e+008
201 565  1.472940e+007  2.454900e+007
201 566  4.418820e+007  7.364700e+007
201 567  7.364700e+007  1.227450e+008
201 568  1.031058e+008  1.718430e+008
201 569  1.472940e+007  2.454900e+007
201 570  4.418820e+007  7.364700e+007
201 571  7.364700e+007  1.227450e+008
201 572  1.031058e+008  1.718430e+008
201 573  1.472940e+007  2.454900e+007
201 574  4.418820e+007  7.364700e+007
201 575  7.364700e+007  1.227450e+008
201 576  1.031058e+008  1.718430e+008
201 577  1.472940e+007  2.454900e+007
201 578  4.418820e+007  7.364700e+007
201 579  7.364700e+007  1.227450e+008
201 580  1.031058e+008  1.718430e+008
201 581  1.472940e+007  2.454900e+007
201 582  4.418820e+007  7.364700e+007
201 583  7.364700e+007  1.227450e+008
201 584  1.031058e+008  1.718430e+008
201 585  1.472940e+007  2.454900e+007
201 586  4.418820e+007  7.364700e+007
201 587  7.364700e+007  1.227450e+008
201 588  1.031058e+008  1.718430e+008
201 589  1.472940e+007  2.454900e+007
201 590  4.418820e+007  7.364700e+007
201 591  7.364700e+007  1.227450e+008
201 592  1.031058e+008  1.718430e+008
201 593  1.472940e+007  2.454900e+007
201 594  4.418820e+007  7.364700e+007
201 595  7.364700e+007  1.227450e+008
201 596  1.031058e+008  1.718430e+008
201 597  1.472940e+007  2.454900e+007
201 598  4.418820e+007  7.364700e+007
201 599  7.364700e+007  1.227450e+008
201 600  1.031058e+008  1.718430e+008
201 601  1.472940e+007  2.454900e+007
201 602  4.418820e+007  7.364700e+007
201 603  7.364700e+007  1.227450e+008
201 604  1.031058e+008  1.718430e+008
201 605  1.472940e+007  2.454900e+007
201 606  4.418820e+007  7.364700e+007
201 607  7.364700e+007  1.227450e+008
201 608  1.031058e+008  1.718430e+008
201 609  1.472940e+007  2.454900e+007
201 610  4.418820e+007  7.364700e+007
201 611  7.364700e+007  1.227450e+008
201 612  1.031058e+008  1.718430e+008
201 613  1.472940e+007  2.454900e+007
201 614  4.418820e+007  7.364700e+007
201 615  7.364700e+007  1.227450e+008
201 616  1.031058e+008  1.718430e+008
201 617  1.472940e+007  2.454900e+007
201 618  4.418820e+007  7.364700e+007
201 619  7.364700e+007  1.227450e+008
201 620  1.031058e+008  1.718430e+008
201 621  1.472940e+007  2.454900e+007
201 622  4.418820e+007  7.364700e+007
201 623  7.364700e+007  1.227450e+008
201 624  1.031058e+008  1.718430e+008
201 625  1.472940e+007  2.454900e+007
201 626  4.418820e+007  7.364700e+007
201 627  7.364700e+007  1.227450e+008
201 628  1.031058e+008  1.718430e+008
201 629  1.472940e+007  2.454900e+007
201 630  4.418820e+007  7.364700e+007
201 631  7.364700e+007  1.227450e+008
201 632  1.031058e+008  1.718430e+008
201 633  1.472940e+007  2.454900e+007
201 634  4.418820e+007  7.364700e+007
201 635  7.364700e+007  1.227450e+008
201 636  1.031058e+008  1.718430e+008
201 637  1.472940e+007  2.454900e+007
201 638  4.418820e+007  7.364700e+007
201 639  7.364700e+007  1.227450e+008
201 640  1.031058e+008  1.718430e+008
201 641  1.472940e+007  2.454900e+007
201 642  4.418820e+007  7.364700e+007
201 643  7.364700e+007  1.227450e+008
201 644  1.031058e+008  1.718430e+008
201 645  1.472940e+007  2.454900e+007
201 646  4.418820e+007  7.364700e+007
201 647  7.364700e+007  1.227450e+008
201 648  1.031058e+008  1.718430e+008
201 649  1.472940e+007  2.454900e+007
201 650  4.418820e+007  7.364700e+007
201 651  7.364700e+007  1.227450e+008
201 652  1.031058e+008  1.718430e+008
201 653  1.472940e+007  2.454900e+007
201 654  4.418820e+007  7.364700e+007
201 655  7.364700e+007  1.227450e+008
201 656  1.031058e+008  1.718430e+008
201 657  1.472940e+007  2.454900e+007
201 658  4.418820e+007  7.364700e+007
201 659  7.364700e+007  1.227450e+008
201 660  1.031058e+008  1.718430e+008
201 661  1.472940e+007  2.454900e+007
201 662  4.418820e+007  7.364700e+007
201 663  7.364700e+007  1.227450e+008
201 664  1.031058e+008  1.718430e+008
201 665  1.472940e+007  2.454900e+007
201 666  4.418820e+007  7.364700e+007
201 667  7.364700e+007  1.227450e+008
201 668  1.031058e+008  1.718430e+008
201 669  1.472940e+007  2.454900e+007
201 670  4.418820e+007  7.364700e+007
201 671  7.364700e+007  1.227450e+008
201 672  1.031058e+008  1.718430e+008
201 673  1.472940e+007  2.454900e+007
201 674  4.418820e+007  7.364700e+007
201 675  7.364700e+007  1.227450e+008
201 676  1.031058e+008  1.718430e+008
201 677  1.472940e+007  2.454900e+007
201 678  4.418820e+007  7.364700e+007
201 679  7.364700e+007  1.227450e+008
201 680  1.031058e+008  1.718430e+008
201 681  1.472940e+007  2.454900e+007
201 682  4.418820e+007  7.364700e+007
201 683  7.364700e+007  1.227450e+008
201 684  1.031058e+008  1.718430e+008
201 685  1.472940e+007  2.454900e+007
201 686  4.418820e+007  7.364700e+007
201 687  7.364700e+007  1.227450e+008
201 688  1.031058e+008  1.718430e+008
201 689  1.472940e+007  2.454900e+007
201 690  4.418820e+007  7.364700e+007
201 691  7.364700e+007  1.227450e+008
201 692  1.031058e+008  1.718430e+008
201 693  1.472940e+007  2.454900e+007
201 694  4.418820e+007  7.364700e+007
201 695  7.364700e+007  1.227450e+008
201 696  1.031058e+008  1.718430e+008
201 697  1.472940e+007  2.454900e+007
201 698  4.418820e+007  7.364700e+007
201 699  7.364700e+007  1.227450e+008
201 700  1.031058e+008  1.718430e+008
201 701  1.472940e+007  2.454900e+007
201 702  4.418820e+007  7.364700e+007
201 703  7.364700e+007  1.227450e+008
201 704  1.031058e+008  1.718430e+008
201 705  1.472940e+007  2.454900e+007
201 706  4.418820e+007  7.364700e+007
201 707  7.364700e+007  1.227450e+008
201 708  1.031058e+008  1.718430e+008
201 709  1.472940e+007  2.454900e+007
201 710  4.418820e+007  7.364700e+007
201 711  7.364700e+007  1.227450e+008
201 712  1.031058e+008  1.718430e+008
201 713  1.472940e+007  2.454900e+007
201 714  4.418820e+007  7.364700e+007
201 715  7.364700e+007  1.227450e+008
201 716  1.031058e+008  1.718430e+008
201 717  1.472940e+007  2.454900e+007
201 718  4.418820e+007  7.364700e+007
201 719  7.364700e+007  1.227450e+008
201 720  1.031058e+008  1.718430e+008
201 721  1.472940e+007  2.454900e+007
201 722  4.418820e+007  7.364700e+007
201 723  7.364700e+007  1.227450e+008
201 724  1.031058e+008  1.718430e+008
201 725  1.472940e+007  2.454900e+007
201 726  4.418820e+007  7.364700e+007
201 727  7.364700e+007  1.227450e+008
201 728  1.031058e+008  1.718430e+008
201 729  1.472940e+007  2.454900e+007
201 730  4.418820e+007  7.364700e+007
201 731  7.364700e+007  1.227450e+008
201 732  1.031058e+008  1.718430e+008
201 733  1.472940e+007  2.454900e+007
201 734  4.418820e+007  7.364700e+007
201 735  7.364700e+007  1.227450e+008
201 736  1.031058e+008  1.718430e+008
201 737  1.472940e+007  2.454900e+007
201 738  4.418820e+007  7.364700e+007
201 739  7.364700e+007  1.227450e+008
201 740  1.031058e+008  1.718430e+008
201 741  1.472940e+007  2.454900e+007
201 742  4.418820e+007  7.364700e+007
201 743  7.364700e+007  1.227450e+008
201 744  1.031058e+008  1.718430e+008
201 745  1.472940e+007  2.454900e+007
201 746  4.418820e+007  7.364700e+007
201 747  7.364700e+007  1.227450e+008
201 748  1.031058e+008  1.718430e+008
201 749  1.472940e+007  2.454900e+007
201 750  4.418820e+007  7.364700e+007
201 751  7.364700e+007  1.227450e+008
201 752  1.031058e+008  1.718430e+008
201 753  1.472940e+007  2.454900e+007
201 754  4.418820e+007  7.364700e+007
201 755  7.364700e+007  1.227450e+008
201 756  1.031058e+008  1.718430e+008
201 757  1.472940e+007  2.454900e+007
201 758  4.418820e+007  7.364700e+007
201 759  7.364700e+007  1.227450e+008
201 760  1.031058e+008  1.718430e+008
201 761  1.472940e+007  2.454900e+007
201 762  4.418820e+007  7.364700e+007
201 763  7.364700e+007  1.227450e+008
201 764  1.031058e+008  1.718430e+008
201 765  1.472940e+007  2.454900e+007
201 766  4.418820e+007  7.364700e+007
201 767  7.364700e+007  1.227450e+008
201 768  1.031058e+008  1.718430e+008
201 769  1.472940e+007  2.454900e+007
201 770  4.418820e+007  7.364700e+007
201 771  7.364700e+007  1.227450e+008
201 772  1.031058e+008  1.718430e+008
201 773  1.472940e+007  2.454900e+007
201 774  4.418820e+007  7.364700e+007
201 775  7.364700e+007  1.227450e+008
201 776  1.031058e+008  1.718430e+008
201 777  1.472940e+007  2.454900e+007
201 778  4.418820e+007  7.364700e+007
201 779  7.364700e+007  1.227450e+008
201 780  1.031058e+008  1.718430e+008
201 781  1.472940e+007  2.454900e+007
201 782  4.418820e+007  7.364700e+007
201 783  7.364700e+007  1.227450e+008
201 784  1.031058e+008  1.718430e+008
201 785  1.472940e+007  2.454900e+007
201 786  4.418820e+007  7.364700e+007
201 787  7.364700e+007  1.227450e+008
201 788  1.031058e+008  1.718430e+008
201 789  1.472940e+007  2.454900e+007
201 790  4.418820e+007  7.364700e+007
201 791  7.364700e+007  1.227450e+008
201 792  1.031058e+008  1.718430e+008
201 793  1.472940e+007  2.454900e+007
201 794  4.418820e+007  7.364700e+007
201 795  7.364700e+007  1.227450e+008
201 796  1.031058e+008  1.718430e+008
201 797  1.472940e+007  2.454900e+007
201 798  4.418820e+007  7.364700e+007
201 799  7.364700e+007  1.227450e+008
201 800  1.031058e+008  1.718430e+008
201 801  1.472940e+007  2.454900e+007
201 802  4.418820e+007  7.364700e+007
201 803  7.364700e+007  1.227450e+008
201 804  1.031058e+008  1.718430e+008
201 805  1.472940e+007  2.454900e+007
201 806  4.418820e+007  7.364700e+007
201 807  7.364700e+007  1.227450e+008
201 808  1.031058e+008  1.718430e+008
201 809  1.472940e+007  2.454900e+007
201 810  4.418820e+007  7.364700e+007
201 811  7.364700e+007  1.227450e+008
201 812  1.031058e+008  1.718430e+008
201 813  1.472940e+007  2.454900e+007
201 814  4.418820e+007  7.364700e+007
201 815  7.364700e+007  1.227450e+008
201 816  1.031058e+008  1.718430e+008
201 817  1.472940e+007  2.454900e+007
201 818  4.418820e+007  7.364700e+007
201 819  7.364700e+007  1.227450e+008
201 820  1.031058e+008  1.718430e+008
201 821  1.472940e+007  2.454900e+007
201 822  4.418820e+007  7.364700e+007
201 823  7.364700e+007  1.227450e+008
201 824  1.031058e+008  1.718430e+008
201 825  1.472940e+007  2.454900e+007
201 826  4.418820e+007  7.364700e+007
201 827  7.364700e+007  1.227450e+008
201 828  1.031058e+008  1.718430e+008
201 829  1.472940e+007  2.454900e+007
201 830  4.418820e+007  7.364700e+007
201 831  7.364700e+007  1.227450e+008
201 832  1.031058e+008  1.718430e+008
201 833  1.472940e+007  2.454900e+007
201 834  4.418820e+007  7.364700e+007
201 835  7.364700e+007  1.227450e+008
201 836  1.031058e+008  1.718430e+008
201 837  1.472940e+007  2.454900e+007
201 838  4.418820e+007  7.364700e+007
201 839  7.364700e+007  1.227450e+008
201 840  1.031058e+008  1.718430e+008
201 841  1.472940e+007  2.454900e+007
201 842  4.418820e+007  7.364700e+007
201 843  7.364700e+007  1.227450e+008
201 844  1.031058e+008  1.718430e+008
201 845  1.472940e+007  2.454900e+007
201 846  4.418820e+007  7.364700e+007
201 847  7.364700e+007  1.227450e+008
201 848  1.031058e+008  1.718430e+008
201 849  1.472940e+007  2.454900e+007
201 850  4.418820e+007  7.364700e+007
201 851  7.364700e+007  1.227450e+008
201 852  1.031058e+008  1.718430e+008
201 853  1.472940e+007  2.454900e+007
201 854  4.418820e+007  7.364700e+007
201 855  7.364700e+007  1.227450e+008
201 856  1.031058e+008  1.718430e+008
201 857  1.472940e+007  2.454900e+007
201 858  4.418820e+007  7.364700e+007
201 859  7.364700e+007  1.227450e+008
201 860  1.031058e+008  1.718430e+008
201 861  1.472940e+007  2.454900e+007
201 862  4.418820e+007  7.364700e+007
201 863  7.364700e+007  1.227450e+008
201 864  1.031058e+008  1.718430e+008
201 865  1.472940e+007  2.454900e+007
201 866  4.418820e+007  7.364700e+007
201 867  7.364700e+007  1.227450e+008
201 868  1.031058e+008  1.718430e+008
201 869  1.472940e+007  2.454900e+007
201 870  4.418820e+007  7.364700e+007
201 871  7.364700e+007  1.227450e+008
201 872  1.031058e+008  1.718430e+008
201 873  1.472940e+007  2.454900e+007
201 874  4.418820e+007  7.364700e+007
201 875  7.364700e+007  1.227450e+008
201 876  1.031058e+008  1.718430e+008
201 877  1.472940e+007  2.454900e+007
201 878  4.418820e+007  7.364700e+007
201 879  7.364700e+007  1.227450e+008
201 880  1.031058e+008  1.718430e+008
201 881  1.472940e+007  2.454900e+007
201 882  4.418820e+007  7.364700e+007
201 883  7.364700e+007  1.227450e+008
201 884  1.031058e+008  1.718430e+008
201 885  1.472940e+007  2.454900e+007
201 886  4.418820e+007  7.364700e+007
201 887  7.364700e+007  1.227450e+008
201 888  1.031058e+008  1.718430e+008
201 889  1.472940e+007  2.454900e+007
201 890  4.418820e+007  7.364700e+007
201 891  7.364700e+007  1.227450e+008
201 892  1.031058e+008  1.718430e+008
201 893  1.472940e+007  2.454900e+007
201 894  4.418820e+007  7.364700e+007
201 895  7.364700e+007  1.227450e+008
201 896  1.031058e+008  1.718430e+008
201 897  1.472940e+007  2.454900e+007
201 898  4.418820e+007  7.364700e+007
201 899  7.364700e+007  1.227450e+008
201 900  1.031058e+008  1.718430e+008
201 901  1.472940e+007  2.454900e+007
201 902  4.418820e+007  7.364700e+007
201 903  7.364700e+007  1.227450e+008
201 904  1.031058e+008  1.718430e+008
201 905  1.472940e+007  2.454900e+007
201 906  4.418820e+007  7.364700e+007
201 907  7.364700e+007  1.227450e+008
201 908  1.031058e+008  1.718430e+008
201 909  1.472940e+007  2.454900e+007
201 910  4.418820e+007  7.364700e+007
201 911  7.364700e+007  1.227450e+008
201 912  1.031058e+008  1.718430e+008
201 913  1.472940e+007  2.454900e+007
201 914  4.418820e+007  7.364700e+007
201 915  7.364700e+007  1.227450e+008
201 916  1.031058e+008  1.718430e+008
201 917  1.472940e+007  2.454900e+007
201 918  4.418820e+007  7.364700e+007
201 919  7.364700e+007  1.227450e+008
201 920  1.031058e+008  1.718430e+008
201 921  1.472940e+007  2.454900e+007
201 922  4.418820e+007  7.364700e+007
201 923  7.364700e+007  1.227450e+008
201 924  1.031058e+008  1.718430e+008
201 925  1.472940e+007  2.454900e+007
201 926  4.418820e+007  7.364700e+007
201 927  7.364700e+007  1.227450e+008
201 928  1.031058e+008  1.718430e+008
201 929  1.472940e+007  2.454900e+007
201 930  4.418820e+007  7.364700e+007
201 931  7.364700e+007  1.227450e+008
201 932  1.031058e+008  1.718430e+008
201 933  1.472940e+007  2.454900e+007
201 934  4.418820e+007  7.364700e+007
201 935  7.364700e+007  1.227450e+008
201 936  1.031058e+008  1.718430e+008
201 937  1.472940e+007  2.454900e+007
201 938  4.418820e+007  7.364700e+007
201 939  7.364700e+007  1.227450e+008
201 940  1.031058e+008  1.718430e+008
201 941  1.472940e+007  2.454900e+007
201 942  4.418820e+007  7.364700e+007
201 943  7.364700e+007  1.227450e+008
201 944  1.031058e+008  1.718430e+008
201 945  1.472940e+007  2.454900e+007
201 946  4.418820e+007  7.364700e+007
201 947  7.364700e+007  1.227450e+008
201 948  1.031058e+008  1.718430e+008
201 949  1.472940e+007  2.454900e+007
201 950  4.418820e+007  7.364700e+007
201 951  7.364700e+007  1.227450e+008
201 952  1.031058e+008  1.718430e+008
201 953  1.472940e+007  2.454900e+007
201 954  4.418820e+007  7.364700e+007
201 955  7.364700e+007  1.227450e+008
201 956  1.031058e+008  1.718430e+008
201 957  1.472940e+007  2.454900e+007
201 958  4.418820e+007  7.364700e+007
201 959  7.364700e+007  1.227450e+008
201 960  1.031058e+008  1.718430e+008
201 961  1.472940e+007  2.454900e+007
201 962  4.418820e+007  7.364700e+007
201 963  7.364700e+007  1.227450e+008
201 964  1.031058e+008  1.718430e+008
201 965  1.472940e+007  2.454900e+007
201 966  4.418820e+007  7.364700e+007
201 967  7.364700e+007  1.227450e+008
201 968  1.031058e+008  1.718430e+008
201 969  1.472940e+007  2.454900e+007
201 970  4.418820e+007  7.364700e+007
201 971  7.364700e+007  1.227450e+008
201 972  1.031058e+008  1.718430e+008
201 973  1.472940e+007  2.454900e+007
201 974  4.418820e+007  7.364700e+007
201 975  7.364700e+007  1.227450e+008
201 976  1.031058e+008  1.718430e+008
201 977  1.472940e+007  2.454900e+007
201 978  4.418820e+007  7.364700e+007
201 979  7.364700e+007  1.227450e+008
201 980  1.031058e+008  1.718430e+008
201 981  1.472940e+007  2.454900e+007
201 982  4.418820e+007  7.364700e+007
201 983  7.364700e+007  1.227450e+008
201 984  1.031058e+008  1.718430e+008
201 985  1.472940e+007  2.454900e+007
201 986  4.418820e+007  7.364700e+007
201 987  7.364700e+007  1.227450e+008
201 988  1.031058e+008  1.718430e+008
201 989  1.472940e+007  2.454900e+007
201 990  4.418820e+007  7.364700e+007
201 991  7.364700e+007  1.227450e+008
201 992  1.031058e+008  1.718430e+008
201 993  1.472940e+007  2.454900e+007
201 994  4.418820e+007  7.364700e+007
201 995  7.364700e+007  1.227450e+008
201 996  1.031058e+008  1.718430e+008
201 997  1.472940e+007  2.454900e+007
201 998  4.418820e+007  7.364700e+007
201 999  7.364700e+007  1.227450e+008
201 1000  1.031058e+008  1.718430e+008
201 1001  1.472940e+007  2.454900e+007
201 1002  4.418820e+007  7.364700e+007
201 1003  7.364700e+007  1.227450e+008
201 1004  1.031058e+008  1.718430e+008
201 1005  1.472940e+007  2.454900e+007
201 1006  4.418820e+007  7.364700e+007
201 1007  7.364700e+007  1.227450e+008
201 1008  1.031058e+008  1.718430e+008
201 1009  1.472940e+007  2.454900e+007
201 1010  4.418820e+007  7.364700e+007
201 1011  7.364700e+007  1.227450e+008
201 1012  1.031058e+008  1.718430e+008
201 1013  1.472940e+007  2.454900e+007
201 1014  4.418820e+007  7.364700e+007
201 1015  7.364700e+007  1.227450e+008
201 1016  1.031058e+008  1.718430e+008
201 1017  1.472940e+007  2.454900e+007
201 1018  4.418820e+007  7.364700e+007
201 1019  7.364700e+007  1.227450e+008
201 1020  1.031058e+008  1.718430e+008
201 1021  1.472940e+007  2.454900e+007
201 1022  4.418820e+007  7.364700e+007
201 1023  7.364700e+007  1.227450e+008
201 1024  1.031058e+008  1.718430e+008
201 1025  1.472940e+007  2.454900e+007
201 1026  4.418820e+007  7.364700e+007
201 1027  7.364700e+007  1.227450e+008
201 1028  1.031058e+008  1.718430e+008
201 1029  1.472940e+007  2.454900e+007
201 1030  4.418820e+007  7.364700e+007
201 1031  7.364700e+007  1.227450e+008
201 1032  1.031058e+008  1.718430e+008
201 1033  1.472940e+007  2.454900e+007
201 1034  4.418820e+007  7.364700e+007
201 1035  7.364700e+007  1.227450e+008
201 1036  1.031058e+008  1.718430e+008
201 1037  1.472940e+007  2.454900e+007
201 1038  4.418820e+007  7.364700e+007
201 1039  7.364700e+007  1.227450e+008
201 1040  1.031058e+008  1.718430e+008
201 1041  1.472940e+007  2.454900e+007
201 1042  4.418820e+007  7.364700e+007
201 1043  7.364700e+007  1.227450e+008
201 1044  1.031058e+008  1.718430e+008
201 1045  1.472940e+007  2.454900e+007
201 1046  4.418820e+007  7.364700e+007
201 1047  7.364700e+007  1.227450e+008
201 1048  1.031058e+008  1.718430e+008
201 1049  1.472940e+007  2.454900e+007
201 1050  4.418820e+007  7.364700e+007
201 1051  7.364700e+007  1.227450e+008
201 1052  1.031058e+008  1.718430e+008
201 1053  1.472940e+007  2.454900e+007
201 1054  4.418820e+007  7.364700e+007
201 1055  7.364700e+007  1.227450e+008
201 1056  1.031058e+008  1.718430e+008
201 1057  1.472940e+007  2.454900e+007
201 1058  4.418820e+007  7.364700e+007
201 1059  7.364700e+007  1.227450e+008
201 1060  1.031058e+008  1.718430e+008
201 1061  1.472940e+007  2.454900e+007
201 1062  4.418820e+007  7.364700e+007
201 1063  7.364700e+007  1.227450e+008
201 1064  1.031058e+008  1.718430e+008
201 1065  1.472940e+007  2.454900e+007
201 1066  4.418820e+007  7.364700e+007
201 1067  7.364700e+007  1.227450e+008
201 1068  1.031058e+008  1.718430e+008
201 1069  1.472940e+007  2.454900e+007
201 1070  4.418820e+007  7.364700e+007
201 1071  7.364700e+007  1.227450e+008
201 1072  1.031058e+008  1.718430e+008
201 1073  1.472940e+007  2.454900e+007
201 1074  4.418820e+007  7.364700e+007
201 1075  7.364700e+007  1.227450e+008
201 1076  1.031058e+008  1.718430e+008
201 1077  1.472940e+007  2.454900e+007
201 1078  4.418820e+007  7.364700e+007
201 1079  7.364700e+007  1.227450e+008
201 1080  1.031058e+008  1.718430e+008
201 1081  1.472940e+007  2.454900e+007
201 1082  4.418820e+007  7.364700e+007
201 1083  7.364700e+007  1.227450e+008
201 1084  1.031058e+008  1.718430e+008
201 1085  1.472940e+007  2.454900e+007
201 1086  4.418820e+007  7.364700e+007
201 1087  7.364700e+007  1.227450e+008
201 1088  1.031058e+008  1.718430e+008
201 1089  1.472940e+007  2.454900e+007
201 1090  4.418820e+007  7.364700e+007
201 1091  7.364700e+007  1.227450e+008
201 1092  1.031058e+008  1.718430e+008
201 1093  1.472940e+007  2.454900e+007
201 1094  4.418820e+007  7.364700e+007
201 1095  7.364700e+007  1.227450e+008
201 1096  1.031058e+008  1.718430e+008
201 1097  1.472940e+007  2.454900e+007
201 1098  4.418820e+007  7.364700e+007
201 1099  7.364700e+007  1.227450e+008
201 1100  1.031058e+008  1.718430e+008
201 1101  1.472940e+007  2.454900e+007
201 1102  4.418820e+007  7.364700e+007
201 1103  7.364700e+007  1.227450e+008
201 1104  1.031058e+008  1.718430e+008
201 1105  1.472940e+007  2.454900e+007
201 1106  4.418820e+007  7.364700e+007
201 1107  7.364700e+007  1.227450e+008
201 1108  1.031058e+008  1.718430e+008
201 1109  1.472940e+007  2.454900e+007
201 1110  4.418820e+007  7.364700e+007
201 1111  7.364700e+007  1.227450e+008
201 1112  1.031058e+008  1.718430e+008
201 1113  1.472940e+007  2.454900e+007
201 1114  4.418820e+007  7.364700e+007
201 1115  7.364700e+007  1.227450e+008
201 1116  1.031058e+008  1.718430e+008
201 1117  1.472940e+007  2.454900e+007
201 1118  4.418820e+007  7.364700e+007
201 1119  7.364700e+007  1.227450e+008
201 1120  1.031058e+008  1.718430e+008
201 1121  1.472940e+007  2.454900e+007
201 1122  4.418820e+007  7.364700e+007
201 1123  7.364700e+007  1.227450e+008
201 1124  1.031058e+008  1.718430e+008
201 1125  1.472940e+007  2.454900e+007
201 1126  4.418820e+007  7.364700e+007
201 1127  7.364700e+007  1.227450e+008
201 1128  1.031058e+008  1.718430e+008
201 1129  1.472940e+007  2.454900e+007
201 1130  4.418820e+007  7.364700e+007
201 1131  7.364700e+007  1.227450e+008
201 1132  1.031058e+008  1.718430e+008
201 1133  1.472940e+007  2.454900e+007
201 1134  4.418820e+007  7.364700e+007
201 1135  7.364700e+007  1.227450e+008
201 1136  1.031058e+008  1.718430e+008
201 1137  1.472940e+007  2.454900e+007
201 1138  4.418820e+007  7.364700e+007
201 1139  7.364700e+007  1.227450e+008
201 1140  1.031058e+008  1.718430e+008
201 1141  1.472940e+007  2.454900e+007
201 1142  4.418820e+007  7.364700e+007
201 1143  7.364700e+007  1.227450e+008
201 1144  1.031058e+008  1.718430e+008
201 1145  1.472940e+007  2.454900e+007
201 1146  4.418820e+007  7.364700e+007
201 1147  7.364700e+007  1.227450e+008
201 1148  1.031058e+008  1.718430e+008
201 1149  1.472940e+007  2.454900e+007
201 1150  4.418820e+007  7.364700e+007
201 1151  7.364700e+007  1.227450e+008
201 1152  1.031058e+008  1.718430e+008
201 1153  1.472940e+007  2.454900e+007
201 1154  4.418820e+007  7.364700e+007
201 1155  7.364700e+007  1.227450e+008
201 1156  1.031058e+008  1.718430e+008
201 1157  1.472940e+007  2.454900e+007
201 1158  4.418820e+007  7.364700e+007
201 1159  7.364700e+007  1.227450e+008
201 1160  1.031058e+008  1.718430e+008
201 1161  1.472940e+007  2.454900e+007
201 1162  4.418820e+007  7.364700e+007
201 1163  7.364700e+007  1.227450e+008
201 1164  1.031058e+008  1.718430e+008
201 1165  1.472940e+007  2.454900e+007
201 1166  4.418820e+007  7.364700e+007
201 1167  7.364700e+007  1.227450e+008
201 1168  1.031058e+008  1.718430e+008
201 1169  1.472940e+007  2.454900e+007
201 1170  4.418820e+007  7.364700e+007
201 1171  7.364700e+007  1.227450e+008
201 1172  1.031058e+008  1.718430e+008
201 1173  1.472940e+007  2.454900e+007
201 1174  4.418820e+007  7.364700e+007
201 1175  7.364700e+007  1.227450e+008
201 1176  1.031058e+008  1.718430e+008
201 1177  1.472940e+007  2.454900e+007
201 1178  4.418820e+007  7.364700e+007
201 1179  7.364700e+007  1.227450e+008
201 1180  1.031058e+008  1.718430e+008
201 1181  1.472940e+007  2.454900e+007
201 1182  4.418820e+007  7.364700e+007
201 1183  7.364700e+007  1.227450e+008
201 1184  1.031058e+008  1.718430e+008
201 1185  1.472940e+007  2.454900e+007
201 1186  4.418820e+007  7.364700e+007
201 1187  7.364700e+007  1.227450e+008
201 1188  1.031058e+008  1.718430e+008
201 1189  1.472940e+007  2.454900e+007
201 1190  4.418820e+007  7.364700e+007
201 1191  7.364700e+007  1.227450e+008
201 1192  1.031058e+008  1.718430e+008
201 1193  1.472940e+007  2.454900e+007
201 1194  4.418820e+007  7.364700e+007
201 1195  7.364700e+007  1.227450e+008
201 1196  1.031058e+008  1.718430e+008
201 1197  1.472940e+007  2.454900e+007
201 1198  4.418820e+007  7.364700e+007
201 1199  7.364700e+007  1.227450e+008
201 1200  1.031058e+008  1.718430e+008
201 1201  1.472940e+007  2.454900e+007
201 1202  4.418820e+007  7.364700e+007
201 1203  7.364700e+007  1.227450e+008
201 1204  1.031058e+008  1.718430e+008
201 1205  1.472940e+007  2.454900e+007
201 1206  4.418820e+007  7.364700e+007
201 1207  7.364700e+007  1.227450e+008
201 1208  1.031058e+008  1.718430e+008
201 1209  1.472940e+007  2.454900e+007
201 1210  4.418820e+007  7.364700e+007
201 1211  7.364700e+007  1.227450e+008
201 1212  1.031058e+008  1.718430e+008
201 1213  1.472940e+007  2.454900e+007
201 1214  4.418820e+007  7.364700e+007
201 1215  7.364700e+007  1.227450e+008
201 1216  1.031058e+008  1.718430e+008
201 1217  1.472940e+007  2.454900e+007
201 1218  4.418820e+007  7.364700e+007
201 1219  7.364700e+007  1.227450e+008
201 1220  1.031058e+008  1.718430e+008
201 1221  1.472940e+007  2.454900e+007
201 1222  4.418820e+007  7.364700e+007
201 1223  7.364700e+007  1.227450e+008
201 1224  1.031058e+008  1.718430e+008
201 1225  1.472940e+007  2.454900e+007
201 1226  4.418820e+007  7.364700e+007
201 1227  7.364700e+007  1.227450e+008
201 1228  1.031058e+008  1.718430e+008
201 1229  1.472940e+007  2.454900e+007
201 1230  4.418820e+007  7.364700e+007
201 1231  7.364700e+007  1.227450e+008
201 1232  1.031058e+008  1.718430e+008
201 1233  1.472940e+007  2.454900e+007
201 1234  4.418820e+007  7.364700e+007
201 1235  7.364700e+007  1.227450e+008
201 1236  1.031058e+008  1.718430e+008
201 1237  1.472940e+007  2.454900e+007
201 1238  4.418820e+007  7.364700e+007
201 1239  7.364700e+007  1.227450e+008
201 1240  1.031058e+008  1.718430e+008
201 1241  1.472940e+007  2.454900e+007
201 1242  4.418820e+007  7.364700e+007
201 1243  7.364700e+007  1.227450e+008
201 1244  1.031058e+008  1.718430e+008
201 1245  1.472940e+007  2.454900e+007
201 1246  4.418820e+007  7.364700e+007
201 1247  7.364700e+007  1.227450e+008
201 1248  1.031058e+008  1.718430e+008
201 1249  1.472940e+007  2.454900e+007
201 1250  4.418820e+007  7.364700e+007
201 1251  7.364700e+007  1.227450e+008
201 1252  1.031058e+008  1.718430e+008
201 1253  1.472940e+007  2.454900e+007
201 1254  4.418820e+007  7.364700e+007
201 1255  7.364700e+007  1.227450e+008
201 1256  1.031058e+008  1.718430e+008
201 1257  1.472940e+007  2.454900e+007
201 1258  4.418820e+007  7.364700e+007
201 1259  7.364700e+007  1.227450e+008
201 1260  1.031058e+008  1.718430e+008
201 1261  1.472940e+007  2.454900e+007
201 1262  4.418820e+007  7.364700e+007
201 1263  7.364700e+007  1.227450e+008
201 1264  1.031058e+008  1.718430e+008
201 1265  1.472940e+007  2.454900e+007
201 1266  4.418820e+007  7.364700e+007
201 1267  7.364700e+007  1.227450e+008
201 1268  1.031058e+008  1.718430e+008
201 1269  1.472940e+007  2.454900e+007
201 1270  4.418820e+007  7.364700e+007
201 1271  7.364700e+007  1.227450e+008
201 1272  1.031058e+008  1.718430e+008
201 1273  1.472940e+007  2.454900e+007
201 1274  4.418820e+007  7.364700e+007
201 1275  7.364700e+007  1.227450e+008
201 1276  1.031058e+008  1.718430e+008
201 1277  1.472940e+007  2.454900e+007
201 1278  4.418820e+007  7.364700e+007
201 1279  7.364700e+007  1.227450e+008
201 1280  1.031058e+008  1.718430e+008
201 1281  1.472940e+007  2.454900e+007
201 1282  4.418820e+007  7.364700e+007
201 1283  7.364700e+007  1.227450e+008
201 1284  1.031058e+008  1.718430e+008
201 1285  1.472940e+007  2.454900e+007
201 1286  4.418820e+007  7.364700e+007
201 1287  7.364700e+007  1.227450e+008
201 1288  1.031058e+008  1.718430e+008
201 1289  1.472940e+007  2.454900e+007
201 1290  4.418820e+007  7.364700e+007
201 1291  7.364700e+007  1.227450e+008
201 1292  1.031058e+008  1.718430e+008
201 1293  1.472940e+007  2.454900e+007
201 1294  4.418820e+007  7.364700e+007
201 1295  7.364700e+007  1.227450e+008
201 1296  1.031058e+008  1.718430e+008
201 1297  1.472940e+007  2.454900e+007
201 1298  4.418820e+007  7.364700e+007
201 1299  7.364700e+007  1.227450e+008
201 1300  1.031058e+008  1.718430e+008
201 1301  1.472940e+007  2.454900e+007
201 1302  4.418820e+007  7.364700e+007
201 1303  7.364700e+007  1.227450e+008
201 1304  1.031058e+008  1.718430e+008
201 1305  1.472940e+007  2.454900e+007
201 1306  4.418820e+007  7.364700e+007
201 1307  7.364700e+007  1.227450e+008
201 1308  1.031058e+008  1.718430e+008
201 1309  1.472940e+007  2.454900e+007
201 1310  4.418820e+007  7.364700e+007
201 1311  7.364700e+007  1.227450e+008
201 1312  1.031058e+008  1.718430e+008
201 1313  1.472940e+007  2.454900e+007
201 1314  4.418820e+007  7.364700e+007
201 1315  7.364700e+007  1.227450e+008
201 1316  1.031058e+008  1.718430e+008
201 1317  1.472940e+007  2.454900e+007
201 1318  4.418820e+007  7.364700e+007
201 1319  7.364700e+007  1.227450e+008
201 1320  1.031058e+008  1.718430e+008
201 1321  1.472940e+007  2.454900e+007
201 1322  4.418820e+007  7.364700e+007
201 1323  7.364700e+007  1.227450e+008
201 1324  1.031058e+008  1.718430e+008
201 1325  1.472940e+007  2.454900e+007
201 1326  4.418820e+007  7.364700e+007
201 1327  7.364700e+007  1.227450e+008
201 1328  1.031058e+008  1.718430e+008
201 1329  1.472940e+007  2.454900e+007
201 1330  4.418820e+007  7.364700e+007
201 1331  7.364700e+007  1.227450e+008
201 1332  1.031058e+008  1.718430e+008
201 1333  1.472940e+007  2.454900e+007
201 1334  4.418820e+007  7.364700e+007
201 1335  7.364700e+007  1.227450e+008
201 1336  1.031058e+008  1.718430e+008
201 1337  1.472940e+007  2.454900e+007
201 1338  4.418820e+007  7.364700e+007
201 1339  7.364700e+007  1.227450e+008
201 1340  1.031058e+008  1.718430e+008
201 1341  1.472940e+007  2.454900e+007
201 1342  4.418820e+007  7.364700e+007
201 1343  7.364700e+007  1.227450e+008
201 1344  1.031058e+008  1.718430e+008
201 1345  1.472940e+007  2.454900e+007
201 1346  4.418820e+007  7.364700e+007
201 1347  7.364700e+007  1.227450e+008
201 1348  1.031058e+008  1.718430e+008
201 1349  1.472940e+007  2.454900e+007
201 1350  4.418820e+007  7.364700e+007
201 1351  7.364700e+007  1.227450e+008
201 1352  1.031058e+008  1.718430e+008
201 1353  1.472940e+007  2.454900e+007
201 1354  4.418820e+007  7.364700e+007
201 1355  7.364700e+007  1.227450e+008
201 1356  1.031058e+008  1.718430e+008
201 1357  1.472940e+007  2.454900e+007
201 1358  4.418820e+007  7.364700e+007
201 1359  7.364700e+007  1.227450e+008
201 1360  1.031058e+008  1.718430e+008
201 1361  1.472940e+007  2.454900e+007
201 1362  4.418820e+007  7.364700e+007
201 1363  7.364700e+007  1.227450e+008
201 1364  1.031058e+008  1.718430e+008
201 1365  1.472940e+007  2.454900e+007
201 1366  4.418820e+007  7.364700e+007
201 1367  7.364700e+007  1.227450e+008
201 1368  1.031058e+008  1.718430e+008
201 1369  1.472940e+007  2.454900e+007
201 1370  4.418820e+007  7.364700e+007
201 1371  7.364700e+007  1.227450e+008
201 1372  1.031058e+008  1.718430e+008
201 1373  1.472940e+007  2.454900e+007
201 1374  4.418820e+007  7.364700e+007
201 1375  7.364700e+007  1.227450e+008
201 1376  1.031058e+008  1.718430e+008
201 1377  1.472940e+007  2.454900e+007
201 1378  4.418820e+007  7.364700e+007
201 1379  7.364700e+007  1.227450e+008
201 1380  1.031058e+008  1.718430e+008
201 1381  1.472940e+007  2.454900e+007
201 1382  4.418820e+007  7.364700e+007
201 1383  7.364700e+007  1.227450e+008
201 1384  1.031058e+008  1.718430e+008
201 1385  1.472940e+007  2.454900e+007
201 1386  4.418820e+007  7.364700e+007
201 1387  7.364700e+007  1.227450e+008
201 1388  1.031058e+008  1.718430e+008
201 1389  1.472940e+007  2.454900e+007
201 1390  4.418820e+007  7.364700e+007
201 1391  7.364700e+007  1.227450e+008
201 1392  1.031058e+008  1.718430e+008
201 1393  1.472940e+007  2.454900e+007
201 1394  4.418820e+007  7.364700e+007
201 1395  7.364700e+007  1.227450e+008
201 1396  1.031058e+008  1.718430e+008
201 1397  1.472940e+007  2.454900e+007
201 1398  4.418820e+007  7.364700e+007
201 1399  7.364700e+007  1.227450e+008
201 1400  1.031058e+008  1.718430e+008
201 1401  1.472940e+007  2.454900e+007
201 1402  4.418820e+007  7.364700e+007
201 1403  7.364700e+007  1.227450e+008
201 1404  1.031058e+008  1.718430e+008
201 1405  1.472940e+007  2.454900e+007
201 1406  4.418820e+007  7.364700e+007
201 1407  7.364700e+007  1.227450e+008
201 1408  1.031058e+008  1.718430e+008
201 1409  1.472940e+007  2.454900e+007
201 1410  4.418820e+007  7.364700e+007
201 1411  7.364700e+007  1.227450e+008
201 1412  1.031058e+008  1.718430e+008
201 1413  1.472940e+007  2.454900e+007
201 1414  4.418820e+007  7.364700e+007
201 1415  7.364700e+007  1.227450e+008
201 1416  1.031058e+008  1.718430e+008
201 1417  1.472940e+007  2.454900e+007
201 1418  4.418820e+007  7.364700e+007
201 1419  7.364700e+007  1.227450e+008
201 1420  1.031058e+008  1.718430e+008
201 1421  1.472940e+007  2.454900e+007
201 1422  4.418820e+007  7.364700e+007
201 1423  7.364700e+007  1.227450e+008
201 1424  1.031058e+008  1.718430e+008
201 1425  1.472940e+007  2.454900e+007
201 1426  4.418820e+007  7.364700e+007
201 1427  7.364700e+007  1.227450e+008
201 1428  1.031058e+008  1.718430e+008
201 1429  1.472940e+007  2.454900e+007
201 1430  4.418820e+007  7.364700e+007
201 1431  7.364700e+007  1.227450e+008
201 1432  1.031058e+008  1.718430e+008
201 1433  1.472940e+007  2.454900e+007
201 1434  4.418820e+007  7.364700e+007
201 1435  7.364700e+007  1.227450e+008
201 1436  1.031058e+008  1.718430e+008
201 1437  1.472940e+007  2.454900e+007
201 1438  4.418820e+007  7.364700e+007
201 1439  7.364700e+007  1.227450e+008
201 1440  1.031058e+008  1.718430e+008
201 1441  1.472940e+007  2.454900e+007
201 1442  4.418820e+007  7.364700e+007
201 1443  7.364700e+007  1.227450e+008
201 1444  1.031058e+008  1.718430e+008
201 1445  1.472940e+007  2.454900e+007
201 1446  4.418820e+007  7.364700e+007
201 1447  7.364700e+007  1.227450e+008
201 1448  1.031058e+008  1.718430e+008
201 1449  1.472940e+007  2.454900e+007
201 1450  4.418820e+007  7.364700e+007
201 1451  7.364700e+007  1.227450e+008
201 1452  1.031058e+008  1.718430e+008
201 1453  1.472940e+007  2.454900e+007
201 1454  4.418820e+007  7.364700e+007
201 1455  7.364700e+007  1.227450e+008
201 1456  1.031058e+008  1.718430e+008
201 1457  1.472940e+007  2.454900e+007
201 1458  4.418820e+007  7.364700e+007
201 1459  7.364700e+007  1.227450e+008
201 1460  1.031058e+008  1.718430e+008
201 1461  1.472940e+007  2.454900e+007
201 1462  4.418820e+007  7.364700e+007
201 1463  7.364700e+007  1.227450e+008
201 1464  1.031058e+008  1.718430e+008
201 1465  1.472940e+007  2.454900e+007
201 1466  4.418820e+007  7.364700e+007
201 1467  7.364700e+007  1.227450e+008
201 1468  1.031058e+008  1.718430e+008
201 1469  1.472940e+007  2.454900e+007
201 1470  4.418820e+007  7.364700e+007
201 1471  7.364700e+007  1.227450e+008
201 1472  1.031058e+008  1.718430e+008
201 1473  1.472940e+007  2.454900e+007
201 1474  4.418820e+007  7.364700e+007
201 1475  7.364700e+007  1.227450e+008
201 1476  1.031058e+008  1.718430e+008
201 1477  1.472940e+007  2.454900e+007
201 1478  4.418820e+007  7.364700e+007
201 1479  7.364700e+007  1.227450e+008
201 1480  1.031058e+008  1.718430e+008
201 1481  1.472940e+007  2.454900e+007
201 1482  4.418820e+007  7.364700e+007
201 1483  7.364700e+007  1.227450e+008
201 1484  1.031058e+008  1.718430e+008
201 1485  1.472940e+007  2.454900e+007
201 1486  4.418820e+007  7.364700e+007
201 1487  7.364700e+007  1.227450e+008
201 1488  1.031058e+008  1.718430e+008
201 1489  1.472940e+007  2.454900e+007
201 1490  4.418820e+007  7.364700e+007
201 1491  7.364700e+007  1.227450e+008
201 1492  1.031058e+008  1.718430e+008
201 1493  1.472940e+007  2.454900e+007
201 1494  4.418820e+007  7.364700e+007
201 1495  7.364700e+007  1.227450e+008
201 1496  1.031058e+008  1.718430e+008
201 1497  1.472940e+007  2.454900e+007
201 1498  4.418820e+007  7.364700e+007
201 1499  7.364700e+007  1.227450e+008
201 1500  1.031058e+008  1.718430e+008
201 1501  1.472940e+007  2.454900e+007
201 1502  4.418820e+007  7.364700e+007
201 1503  7.364700e+007  1.227450e+008
201 1504  1.031058e+008  1.718430e+008
201 1505  1.472940e+007  2.454900e+007
201 1506  4.418820e+007  7.364700e+007
201 1507  7.364700e+007  1.227450e+008
201 1508  1.031058e+008  1.718430e+008
201 1509  1.472940e+007  2.454900e+007
201 1510  4.418820e+007  7.364700e+007
201 1511  7.364700e+007  1.227450e+008
201 1512  1.031058e+008  1.718430e+008
201 1513  1.472940e+007  2.454900e+007
201 1514  4.418820e+007  7.364700e+007
201 1515  7.364700e+007  1.227450e+008
201 1516  1.031058e+008  1.718430e+008
201 1517  1.472940e+007  2.454900e+007
201 1518  4.418820e+007  7.364700e+007
201 1519  7.364700e+007  1.227450e+008
201 1520  1.031058e+008  1.718430e+008
201 1521  1.472940e+007  2.454900e+007
201 1522  4.418820e+007  7.364700e+007
201 1523  7.364700e+007  1.227450e+008
201 1524  1.031058e+008  1.718430e+008
201 1525  1.472940e+007  2.454900e+007
201 1526  4.418820e+007  7.364700e+007
201 1527  7.364700e+007  1.227450e+008
201 1528  1.031058e+008  1.718430e+008
201 1529  1.472940e+007  2.454900e+007
201 1530  4.418820e+007  7.364700e+007
201 1531  7.364700e+007  1.227450e+008
201 1532  1.031058e+008  1.718430e+008
201 1533  1.472940e+007  2.454900e+007
201 1534  4.418820e+007  7.364700e+007
201 1535  7.364700e+007  1.227450e+008
201 1536  1.031058e+008  1.718430e+008
201 1537  1.472940e+007  2.454900e+007
201 1538  4.418820e+007  7.364700e+007
201 1539  7.364700e+007  1.227450e+008
201 1540  1.031058e+008  1.718430e+008
201 1541  1.472940e+007  2.454900e+007
201 1542  4.418820e+007  7.364700e+007
201 1543  7.364700e+007  1.227450e+008
201 1544  1.031058e+008  1.718430e+008
201 1545  1.472940e+007  2.454900e+007
201 1546  4.418820e+007  7.364700e+007
201 1547  7.364700e+007  1.227450e+008
201 1548  1.031058e+008  1.718430e+008
201 1549  1.472940e+007  2.454900e+007
201 1550  4.418820e+007  7.364700e+007
201 1551  7.364700e+007  1.227450e+008
201 1552  1.031058e+008  1.718430e+008
201 1553  1.472940e+007  2.454900e+007
201 1554  4.418820e+007  7.364700e+007
201 1555  7.364700e+007  1.227450e+008
201 1556  1.031058e+008  1.718430e+008
201 1557  1.472940e+007  2.454900e+007
201 1558  4.418820e+007  7.364700e+007
201 1559  7.364700e+007  1.227450e+008
201 1560  1.031058e+008  1.718430e+008
201 1561  1.472940e+007  2.454900e+007
201 1562  4.418820e+007  7.364700e+007
201 1563  7.364700e+007  1.227450e+008
201 1564  1.031058e+008  1.718430e+008
201 1565  1.472940e+007  2.454900e+007
201 1566  4.418820e+007  7.364700e+007
201 1567  7.364700e+007  1.227450e+008
201 1568  1.031058e+008  1.718430e+008
201 1569  1.472940e+007  2.454900e+007
201 1570  4.418820e+007  7.364700e+007
201 1571  7.364700e+007  1.227450e+008
201 1572  1.031058e+008  1.718430e+008
201 1573  1.472940e+007  2.454900e+007
201 1574  4.418820e+007  7.364700e+007
201 1575  7.364700e+007  1.227450e+008
201 1576  1.031058e+008  1.718430e+008
201 1577  1.472940e+007  2.454900e+007
201 1578  4.418820e+007  7.364700e+007
201 1579  7.364700e+007  1.227450e+008
201 1580  1.031058e+008  1.718430e+008
201 1581  1.472940e+007  2.454900e+007
201 1582  4.418820e+007  7.364700e+007
201 1583  7.364700e+007  1.227450e+008
201 1584  1.031058e+008  1.718430e+008
201 1585  1.472940e+007  2.454900e+007
201 1586  4.418820e+007  7.364700e+007
201 1587  7.364700e+007  1.227450e+008
201 1588  1.031058e+008  1.718430e+008
201 1589  1.472940e+007  2.454900e+007
201 1590  4.418820e+007  7.364700e+007
201 1591  7.364700e+007  1.227450e+008
201 1592  1.031058e+008  1.718430e+008
201 1593  1.472940e+007  2.454900e+007
201 1594  4.418820e+007  7.364700e+007
201 1595  7.364700e+007  1.227450e+008
201 1596  1.031058e+008  1.718430e+008
201 1597  1.472940e+007  2.454900e+007
201 1598  4.418820e+007  7.364700e+007
201 1599  7.364700e+007  1.227450e+008
201 1600  1.031058e+008  1.718430e+008
201 1601  1.472940e+007  2.454900e+007
201 1602  4.418820e+007  7.364700e+007
201 1603  7.364700e+007  1.227450e+008
201 1604  1.031058e+008  1.718430e+008
201 1605  1.472940e+007  2.454900e+007
201 1606  4.418820e+007  7.364700e+007
201 1607  7.364700e+007  1.227450e+008
201 1608  1.031058e+008  1.718430e+008
201 1609  1.472940e+007  2.454900e+007
201 1610  4.418820e+007  7.364700e+007
201 1611  7.364700e+007  1.227450e+008
201 1612  1.031058e+008  1.718430e+008
201 1613  1.472940e+007  2.454900e+007
201 1614  4.418820e+007  7.364700e+007
201 1615  7.364700e+007  1.227450e+008
201 1616  1.031058e+008  1.718430e+008
201 1617  1.472940e+007  2.454900e+007
201 1618  4.418820e+007  7.364700e+007
201 1619  7.364700e+007  1.227450e+008
201 1620  1.031058e+008  1.718430e+008
201 1621  1.472940e+007  2.454900e+007
201 1622  4.418820e+007  7.364700e+007
201 1623  7.364700e+007  1.227450e+008
201 1624  1.031058e+008  1.718430e+008
201 1625  1.472940e+007  2.454900e+007
201 1626  4.418820e+007  7.364700e+007
201 1627  7.364700e+007  1.227450e+008
201 1628  1.031058e+008  1.718430e+008
201 1629  1.472940e+007  2.454900e+007
201 1630  4.418820e+007  7.364700e+007
201 1631  7.364700e+007  1.227450e+008
201 1632  1.031058e+008  1.718430e+008
201 1633  1.472940e+007  2.454900e+007
201 1634  4.418820e+007  7.364700e+007
201 1635  7.364700e+007  1.227450e+008
201 1636  1.031058e+008  1.718430e+008
201 1637  1.472940e+007  2.454900e+007
201 1638  4.418820e+007  7.364700e+007
201 1639  7.364700e+007  1.227450e+008
201 1640  1.031058e+008  1.718430e+008
201 1641  1.472940e+007  2.454900e+007
201 1642  4.418820e+007  7.364700e+007
201 1643  7.364700e+007  1.227450e+008
201 1644  1.031058e+008  1.718430e+008
201 1645  1.472940e+007  2.454900e+007
201 1646  4.418820e+007  7.364700e+007
201 1647  7.364700e+007  1.227450e+008
201 1648  1.031058e+008  1.718430e+008
201 1649  1.472940e+007  2.454900e+007
201 1650  4.418820e+007  7.364700e+007
201 1651  7.364700e+007  1.227450e+008
201 1652  1.031058e+008  1.718430e+008
201 1653  1.472940e+007  2.454900e+007
201 1654  4.418820e+007  7.364700e+007
201 1655  7.364700e+007  1.227450e+008
201 1656  1.031058e+008  1.718430e+008
201 1657  1.472940e+007  2.454900e+007
201 1658  4.418820e+007  7.364700e+007
201 1659  7.364700e+007  1.227450e+008
201 1660  1.031058e+008  1.718430e+008
201 1661  1.472940e+007  2.454900e+007
201 1662  4.418820e+007  7.364700e+007
201 1663  7.364700e+007  1.227450e+008
201 1664  1.031058e+008  1.718430e+008
201 1665  1.472940e+007  2.454900e+007
201 1666  4.418820e+007  7.364700e+007
201 1667  7.364700e+007  1.227450e+008
201 1668  1.031058e+008  1.718430e+008
201 1669  1.472940e+007  2.454900e+007
201 1670  4.418820e+007  7.364700e+007
201 1671  7.364700e+007  1.227450e+008
201 1672  1.031058e+008  1.718430e+008
201 1673  1.472940e+007  2.454900e+007
201 1674  4.418820e+007  7.364700e+007
201 1675  7.364700e+007  1.227450e+008
201 1676  1.031058e+008  1.718430e+008
201 1677  1.472940e+007  2.454900e+007
201 1678  4.418820e+007  7.364700e+007
201 1679  7.364700e+007  1.227450e+008
201 1680  1.031058e+008  1.718430e+008
201 1681  1.472940e+007  2.454900e+007
201 1682  4.418820e+007  7.364700e+007
201 1683  7.364700e+007  1.227450e+008
201 1684  1.031058e+008  1.718430e+008
201 1685  1.472940e+007  2.454900e+007
201 1686  4.418820e+007  7.364700e+007
201 1687  7.364700e+007  1.227450e+008
201 1688  1.031058e+008  1.718430e+008
201 1689  1.472940e+007  2.454900e+007
201 1690  4.418820e+007  7.364700e+007
201 1691  7.364700e+007  1.227450e+008
201 1692  1.031058e+008  1.718430e+008
201 1693  1.472940e+007  2.454900e+007
201 1694  4.418820e+007  7.364700e+007
201 1695  7.364700e+007  1.227450e+008
201 1696  1.031058e+008  1.718430e+008
201 1697  1.472940e+007  2.454900e+007
201 1698  4.418820e+007  7.364700e+007
201 1699  7.364700e+007  1.227450e+008
201 1700  1.031058e+008  1.718430e+008
201 1701  1.472940e+007  2.454900e+007
201 1702  4.418820e+007  7.364700e+007
201 1703  7.364700e+007  1.227450e+008
201 1704  1.031058e+008  1.718430e+008
201 1705  1.472940e+007  2.454900e+007
201 1706  4.418820e+007  7.364700e+007
201 1707  7.364700e+007  1.227450e+008
201 1708  1.031058e+008  1.718430e+008
201 1709  1.472940e+007  2.454900e+007
201 1710  4.418820e+007  7.364700e+007
201 1711  7.364700e+007  1.227450e+008
201 1712  1.031058e+008  1.718430e+008
201 1713  1.472940e+007  2.454900e+007
201 1714  4.418820e+007  7.364700e+007
201 1715  7.364700e+007  1.227450e+008
201 1716  1.031058e+008  1.718430e+008
201 1717  1.472940e+007  2.454900e+007
201 1718  4.418820e+007  7.364700e+007
201 1719  7.364700e+007  1.227450e+008
201 1720  1.031058e+008  1.718430e+008
201 1721  1.472940e+007  2.454900e+007
201 1722  4.418820e+007  7.364700e+007
201 1723  7.364700e+007  1.227450e+008
201 1724  1.031058e+008  1.718430e+008
201 1725  1.472940e+007  2.454900e+007
201 1726  4.418820e+007  7.364700e+007
201 1727  7.364700e+007  1.227450e+008
201 1728  1.031058e+008  1.718430e+008
201 1729  1.472940e+007  2.454900e+007
201 1730  4.418820e+007  7.364700e+007
201 1731  7.364700e+007  1.227450e+008
201 1732  1.031058e+008  1.718430e+008
201 1733  1.472940e+007  2.454900e+007
201 1734  4.418820e+007  7.364700e+007
201 1735  7.364700e+007  1.227450e+008
201 1736  1.031058e+008  1.718430e+008
201 1737  1.472940e+007  2.454900e+007
201 1738  4.418820e+007  7.364700e+007
201 1739  7.364700e+007  1.227450e+008
201 1740  1.031058e+008  1.718430e+008
201 1741  1.472940e+007  2.454900e+007
201 1742  4.418820e+007  7.364700e+007
201 1743  7.364700e+007  1.227450e+008
201 1744  1.031058e+008  1.718430e+008
201 1745  1.472940e+007  2.454900e+007
201 1746  4.418820e+007  7.364700e+007
201 1747  7.364700e+007  1.227450e+008
201 1748  1.031058e+008  1.718430e+008
201 1749  1.472940e+007  2.454900e+007
201 1750  4.418820e+007  7.364700e+007
201 1751  7.364700e+007  1.227450e+008
201 1752  1.031058e+008  1.718430e+008
201 1753  1.472940e+007  2.454900e+007
201 1754  4.418820e+007  7.364700e+007
201 1755  7.364700e+007  1.227450e+008
201 1756  1.031058e+008  1.718430e+008
201 1757  1.472940e+007  2.454900e+007
201 1758  4.418820e+007  7.364700e+007
201 1759  7.364700e+007  1.227450e+008
201 1760  1.031058e+008  1.718430e+008
201 1761  1.472940e+007  2.454900e+007
201 1762  4.418820e+007  7.364700e+007
201 1763  7.364700e+007  1.227450e+008
201 1764  1.031058e+008  1.718430e+008
201 1765  1.472940e+007  2.454900e+007
201 1766  4.418820e+007  7.364700e+007
201 1767  7.364700e+007  1.227450e+008
201 1768  1.031058e+008  1.718430e+008
201 1769  1.472940e+007  2.454900e+007
201 1770  4.418820e+007  7.364700e+007
201 1771  7.364700e+007  1.227450e+008
201 1772  1.031058e+008  1.718430e+008
201 1773  1.472940e+007  2.454900e+007
201 1774  4.418820e+007  7.364700e+007
201 1775  7.364700e+007  1.227450e+008
201 1776  1.031058e+008  1.718430e+008
201 1777  1.472940e+007  2.454900e+007
201 1778  4.418820e+007  7.364700e+007
201 1779  7.364700e+007  1.227450e+008
201 1780  1.031058e+008  1.718430e+008
201 1781  1.472940e+007  2.454900e+007
201 1782  4.418820e+007  7.364700e+007
201 1783  7.364700e+007  1.227450e+008
201 1784  1.031058e+008  1.718430e+008
201 1785  1.472940e+007  2.454900e+007
201 1786  4.418820e+007  7.364700e+007
201 1787  7.364700e+007  1.227450e+008
201 1788  1.031058e+008  1.718430e+008
201 1789  1.472940e+007  2.454900e+007
201 1790  4.418820e+007  7.364700e+007
201 1791  7.364700e+007  1.227450e+008
201 1792  1.031058e+008  1.718430e+008
201 1793  1.472940e+007  2.454900e+007
201 1794  4.418820e+007  7.364700e+007
201 1795  7.364700e+007  1.227450e+008
201 1796  1.031058e+008  1.718430e+008
201 1797  1.472940e+007  2.454900e+007
201 1798  4.418820e+007  7.364700e+007
201 1799  7.364700e+007  1.227450e+008
201 1800  1.031058e+008  1.718430e+008
201 1801  1.472940e+007  2.454900e+007
201 1802  4.418820e+007  7.364700e+007
201 1803  7.364700e+007  1.227450e+008
201 1804  1.031058e+008  1.718430e+008
201 1805  1.472940e+007  2.454900e+007
201 1806  4.418820e+007  7.364700e+007
201 1807  7.364700e+007  1.227450e+008
201 1808  1.031058e+008  1.718430e+008
201 1809  1.472940e+007  2.454900e+007
201 1810  4.418820e+007  7.364700e+007
201 1811  7.364700e+007  1.227450e+008
201 1812  1.031058e+008  1.718430e+008
201 1813  1.472940e+007  2.454900e+007
201 1814  4.418820e+007  7.364700e+007
201 1815  7.364700e+007  1.227450e+008
201 1816  1.031058e+008  1.718430e+008
201 1817  1.472940e+007  2.454900e+007
201 1818  4.418820e+007  7.364700e+007
201 1819  7.364700e+007  1.227450e+008
201 1820  1.031058e+008  1.718430e+008
201 1821  1.472940e+007  2.454900e+007
201 1822  4.418820e+007  7.364700e+007
201 1823  7.364700e+007  1.227450e+008
201 1824  1.031058e+008  1.718430e+008
201 1825  1.472940e+007  2.454900e+007
201 1826  4.418820e+007  7.364700e+007
201 1827  7.364700e+007  1.227450e+008
201 1828  1.031058e+008  1.718430e+008
201 1829  1.472940e+007  2.454900e+007
201 1830  4.418820e+007  7.364700e+007
201 1831  7.364700e+007  1.227450e+008
201 1832  1.031058e+008  1.718430e+008
201 1833  1.472940e+007  2.454900e+007
201 1834  4.418820e+007  7.364700e+007
201 1835  7.364700e+007  1.227450e+008
201 1836  1.031058e+008  1.718430e+008
201 1837  1.472940e+007  2.454900e+007
201 1838  4.418820e+007  7.364700e+007
201 1839  7.364700e+007  1.227450e+008
201 1840  1.031058e+008  1.718430e+008
201 1841  1.472940e+007  2.454900e+007
201 1842  4.418820e+007  7.364700e+007
201 1843  7.364700e+007  1.227450e+008
201 1844  1.031058e+008  1.718430e+008
201 1845  1.472940e+007  2.454900e+007
201 1846  4.418820e+007  7.364700e+007
201 1847  7.364700e+007  1.227450e+008
201 1848  1.031058e+008  1.718430e+008
201 1849  1.472940e+007  2.454900e+007
201 1850  4.418820e+007  7.364700e+007
201 1851  7.364700e+007  1.227450e+008
201 1852  1.031058e+008  1.718430e+008
201 1853  1.472940e+007  2.454900e+007
201 1854  4.418820e+007  7.364700e+007
201 1855  7.364700e+007  1.227450e+008
201 1856  1.031058e+008  1.718430e+008
201 1857  1.472940e+007  2.454900e+007
201 1858  4.418820e+007  7.364700e+007
201 1859  7.364700e+007  1.227450e+008
201 1860  1.031058e+008  1.718430e+008
201 1861  1.472940e+007  2.454900e+007
201 1862  4.418820e+007  7.364700e+007
201 1863  7.364700e+007  1.227450e+008
201 1864  1.031058e+008  1.718430e+008
201 1865  1.472940e+007  2.454900e+007
201 1866  4.418820e+007  7.364700e+007
201 1867  7.364700e+007  1.227450e+008
201 1868  1.031058e+008  1.718430e+008
201 1869  1.472940e+007  2.454900e+007
201 1870  4.418820e+007  7.364700e+007
201 1871  7.364700e+007  1.227450e+008
201 1872  1.031058e+008  1.718430e+008
201 1873  1.472940e+007  2.454900e+007
201 1874  4.418820e+007  7.364700e+007
201 1875  7.364700e+007  1.227450e+008
201 1876  1.031058e+008  1.718430e+008
201 1877  1.472940e+007  2.454900e+007
201 1878  4.418820e+007  7.364700e+007
201 1879  7.364700e+007  1.227450e+008
201 1880  1.031058e+008  1.718430e+008
201 1881  1.472940e+007  2.454900e+007
201 1882  4.418820e+007  7.364700e+007
201 1883  7.364700e+007  1.227450e+008
201 1884  1.031058e+008  1.718430e+008
201 1885  1.472940e+007  2.454900e+007
201 1886  4.418820e+007  7.364700e+007
201 1887  7.364700e+007  1.227450e+008
201 1888  1.031058e+008  1.718430e+008
201 1889  1.472940e+007  2.454900e+007
201 1890  4.418820e+007  7.364700e+007
201 1891  7.364700e+007  1.227450e+008
201 1892  1.031058e+008  1.718430e+008
201 1893  1.472940e+007  2.454900e+007
201 1894  4.418820e+007  7.364700e+007
201 1895  7.364700e+007  1.227450e+008
201 1896  1.031058e+008  1.718430e+008
201 1897  1.472940e+007  2.454900e+007
201 1898  4.418820e+007  7.364700e+007
201 1899  7.364700e+007  1.227450e+008
201 1900  1.031058e+008  1.718430e+008
201 1901  1.472940e+007  2.454900e+007
201 1902  4.418820e+007  7.364700e+007
201 1903  7.364700e+007  1.227450e+008
201 1904  1.031058e+008  1.718430e+008
201 1905  1.472940e+007  2.454900e+007
201 1906  4.418820e+007  7.364700e+007
201 1907  7.364700e+007  1.227450e+008
201 1908  1.031058e+008  1.718430e+008
201 1909  1.472940e+007  2.454900e+007
201 1910  4.418820e+007  7.364700e+007
201 1911  7.364700e+007  1.227450e+008
201 1912  1.031058e+008  1.718430e+008
201 1913  1.472940e+007  2.454900e+007
201 1914  4.418820e+007  7.364700e+007
201 1915  7.364700e+007  1.227450e+008
201 1916  1.031058e+008  1.718430e+008
201 1917  1.472940e+007  2.454900e+007
201 1918  4.418820e+007  7.364700e+007
201 1919  7.364700e+007  1.227450e+008
201 1920  1.031058e+008  1.718430e+008
201 1921  1.472940e+007  2.454900e+007
201 1922  4.418820e+007  7.364700e+007
201 1923  7.364700e+007  1.227450e+008
201 1924  1.031058e+008  1.718430e+008
201 1925  1.472940e+007  2.454900e+007
201 1926  4.418820e+007  7.364700e+007
201 1927  7.364700e+007  1.227450e+008
201 1928  1.031058e+008  1.718430e+008
201 1929  1.472940e+007  2.454900e+007
201 1930  4.418820e+007  7.364700e+007
201 1931  7.364700e+007  1.227450e+008
201 1932  1.031058e+008  1.718430e+008
201 1933  1.472940e+007  2.454900e+007
201 1934  4.418820e+007  7.364700e+007
201 1935  7.364700e+007  1.227450e+008
201 1936  1.031058e+008  1.718430e+008
201 1937  1.472940e+007  2.454900e+007
201 1938  4.418820e+007  7.364700e+007
201 1939  7.364700e+007  1.227450e+008
201 1940  1.031058e+008  1.718430e+008
201 1941  1.472940e+007  2.454900e+007
201 1942  4.418820e+007  7.364700e+007
201 1943  7.364700e+007  1.227450e+008
201 1944  1.031058e+008  1.718430e+008
201 1945  1.472940e+007  2.454900e+007
201 1946  4.418820e+007  7.364700e+007
201 1947  7.364700e+007  1.227450e+008
201 1948  1.031058e+008  1.718430e+008
201 1949  1.472940e+007  2.454900e+007
201 1950  4.418820e+007  7.364700e+007
201 1951  7.364700e+007  1.227450e+008
201 1952  1.031058e+008  1.718430e+008
201 1953  1.472940e+007  2.454900e+007
201 1954  4.418820e+007  7.364700e+007
201 1955  7.364700e+007  1.227450e+008
201 1956  1.031058e+008  1.718430e+008
201 1957  1.472940e+007  2.454900e+007
201 1958  4.418820e+007  7.364700e+007
201 1959  7.364700e+007  1.227450e+008
201 1960  1.031058e+008  1.718430e+008
201 1961  1.472940e+007  2.454900e+007
201 1962  4.418820e+007  7.364700e+007
201 1963  7.364700e+007  1.227450e+008
201 1964  1.031058e+008  1.718430e+008
201 1965  1.472940e+007  2.454900e+007
201 1966  4.418820e+007  7.364700e+007
201 1967  7.364700e+007  1.227450e+008
201 1968  1.031058e+008  1.718430e+008
201 1969  1.472940e+007  2.454900e+007
201 1970  4.418820e+007  7.364700e+007
201 1971  7.364700e+007  1.227450e+008
201 1972  1.031058e+008  1.718430e+008
201 1973  1.472940e+007  2.454900e+007
201 1974  4.418820e+007  7.364700e+007
201 1975  7.364700e+007  1.227450e+008
201 1976  1.031058e+008  1.718430e+008
201 1977  1.472940e+007  2.454900e+007
201 1978  4.418820e+007  7.364700e+007
201 1979  7.364700e+007  1.227450e+008
201 1980  1.031058e+008  1.718430e+008
201 1981  1.472940e+007  2.454900e+007
201 1982  4.418820e+007  7.364700e+007
201 1983  7.364700e+007  1.227450e+008
201 1984  1.031058e+008  1.718430e+008
201 1985  1.472940e+007  2.454900e+007
201 1986  4.418820e+007  7.364700e+007
201 1987  7.364700e+007  1.227450e+008
201 1988  1.031058e+008  1.718430e+008
201 1989  1.472940e+007  2.454900e+007
201 1990  4.418820e+007  7.364700e+007
201 1991  7.364700e+007  1.227450e+008
201 1992  1.031058e+008  1.718430e+008
201 1993  1.472940e+007  2.454900e+007
201 1994  4.418820e+007  7.364700e+007
201 1995  7.364700e+007  1.227450e+008
201 1996  1.031058e+008  1.718430e+008
201 1997  1.472940e+007  2.454900e+007
201 1998  4.418820e+007  7.364700e+007
201 1999  7.364700e+007  1.227450e+008
201 2000  1.031058e+008  1.718430e+008
201 2001  1.472940e+007  2.454900e+007
201 2002  4.418820e+007  7.364700e+007
201 2003  7.364700e+007  1.227450e+008
201 2004  1.031058e+008  1.718430e+008
201 2005  1.472940e+007  2.454900e+007
201 2006  4.418820e+007  7.364700e+007
201 2007  7.364700e+007  1.227450e+008
201 2008  1.031058e+008  1.718430e+008
201 2009  1.472940e+007  2.454900e+007
201 2010  4.418820e+007  7.364700e+007
201 2011  7.364700e+007  1.227450e+008
201 2012  1.031058e+008  1.718430e+008
201 2013  1.472940e+007  2.454900e+007
201 2014  4.418820e+007  7.364700e+007
201 2015  7.364700e+007  1.227450e+008
201 2016  1.031058e+008  1.718430e+008
201 2017  1.472940e+007  2.454900e+007
201 2018  4.418820e+007  7.364700e+007
201 2019  7.364700e+007  1.227450e+008
201 2020  1.031058e+008  1.718430e+008
201 2021  1.472940e+007  2.454900e+007
201 2022  4.418820e+007  7.364700e+007
201 2023  7.364700e+007  1.227450e+008
201 2024  1.031058e+008  1.718430e+008
201 2025  1.472940e+007  2.454900e+007
201 2026  4.418820e+007  7.364700e+007
201 2027  7.364700e+007  1.227450e+008
201 2028  1.031058e+008  1.718430e+008
201 2029  1.472940e+007  2.454900e+007
201 2030  4.418820e+007  7.364700e+007
201 2031  7.364700e+007  1.227450e+008
201 2032  1.031058e+008  1.718430e+008
201 2033  1.472940e+007  2.454900e+007
201 2034  4.418820e+007  7.364700e+007
201 2035  7.364700e+007  1.227450e+008
201 2036  1.031058e+008  1.718430e+008
201 2037  1.472940e+007  2.454900e+007
201 2038  4.418820e+007  7.364700e+007
201 2039  7.364700e+007  1.227450e+008
201 2040  1.031058e+008  1.718430e+008
201 2041  1.472940e+007  2.454900e+007
201 2042  4.418820e+007  7.364700e+007
201 2043  7.364700e+007  1.227450e+008
201 2044  1.031058e+008  1.718430e+008
201 2045  1.472940e+007  2.454900e+007
201 2046  4.418820e+007  7.364700e+007
201 2047  7.364700e+007  1.227450e+008
201 2048  1.031058e+008  1.718430e+008
201 2049  1.472940e+007  2.454900e+007
201 2050  4.418820e+007  7.364700e+007
201 2051  7.364700e+007  1.227450e+008
201 2052  1.031058e+008  1.718430e+008
201 2053  1.472940e+007  2.454900e+007
201 2054  4.418820e+007  7.364700e+007
201 2055  7.364700e+007  1.227450e+008
201 2056  1.031058e+008  1.718430e+008
201 2057  1.472940e+007  2.454900e+007
201 2058  4.418820e+007  7.364700e+007
201 2059  7.364700e+007  1.227450e+008
201 2060  1.031058e+008  1.718430e+008
201 2061  1.472940e+007  2.454900e+007
201 2062  4.418820e+007  7.364700e+007
201 2063  7.364700e+007  1.227450e+008
201 2064  1.031058e+008  1.718430e+008
201 2065  1.472940e+007  2.454900e+007
201 2066  4.418820e+007  7.364700e+007
201 2067  7.364700e+007  1.227450e+008
201 2068  1.031058e+008  1.718430e+008
201 2069  1.472940e+007  2.454900e+007
201 2070  4.418820e+007  7.364700e+007
201 2071  7.364700e+007  1.227450e+008
201 2072  1.031058e+008  1.718430e+008
201 2073  1.472940e+007  2.454900e+007
201 2074  4.418820e+007  7.364700e+007
201 2075  7.364700e+007  1.227450e+008
201 2076  1.031058e+008  1.718430e+008
201 2077  1.472940e+007  2.454900e+007
201 2078  4.418820e+007  7.364700e+007
201 2079  7.364700e+007  1.227450e+008
201 2080  1.031058e+008  1.718430e+008
201 2081  1.472940e+007  2.454900e+007
201 2082  4.418820e+007  7.364700e+007
201 2083  7.364700e+007  1.227450e+008
201 2084  1.031058e+008  1.718430e+008
201 2085  1.472940e+007  2.454900e+007
201 2086  4.418820e+007  7.364700e+007
201 2087  7.364700e+007  1.227450e+008
201 2088  1.031058e+008  1.718430e+008
201 2089  1.472940e+007  2.454900e+007
201 2090  4.418820e+007  7.364700e+007
201 2091  7.364700e+007  1.227450e+008
201 2092  1.031058e+008  1.718430e+008
201 2093  1.472940e+007  2.454900e+007
201 2094  4.418820e+007  7.364700e+007
201 2095  7.364700e+007  1.227450e+008
201 2096  1.031058e+008  1.718430e+008
201 2097  1.472940e+007  2.454900e+007
201 2098  4.418820e+007  7.364700e+007
201 2099  7.364700e+007  1.227450e+008
201 2100  1.031058e+008  1.718430e+008
201 2101  1.472940e+007  2.454900e+007
201 2102  4.418820e+007  7.364700e+007
201 2103  7.364700e+007  1.227450e+008
201 2104  1.031058e+008  1.718430e+008
201 2105  1.472940e+007  2.454900e+007
201 2106  4.418820e+007  7.364700e+007
201 2107  7.364700e+007  1.227450e+008
201 2108  1.031058e+008  1.718430e+008
201 2109  1.472940e+007  2.454900e+007
201 2110  4.418820e+007  7.364700e+007
201 2111  7.364700e+007  1.227450e+008
201 2112  1.031058e+008  1.718430e+008
201 2113  1.472940e+007  2.454900e+007
201 2114  4.418820e+007  7.364700e+007
201 2115  7.364700e+007  1.227450e+008
201 2116  1.031058e+008  1.718430e+008
201 2117  1.472940e+007  2.454900e+007
201 2118  4.418820e+007  7.364700e+007
201 2119  7.364700e+007  1.227450e+008
201 2120  1.031058e+008  1.718430e+008
201 2121  1.472940e+007  2.454900e+007
201 2122  4.418820e+007  7.364700e+007
201 2123  7.364700e+007  1.227450e+008
201 2124  1.031058e+008  1.718430e+008
201 2125  1.472940e+007  2.454900e+007
201 2126  4.418820e+007  7.364700e+007
201 2127  7.364700e+007  1.227450e+008
201 2128  1.031058e+008  1.718430e+008
201 2129  1.472940e+007  2.454900e+007
201 2130  4.418820e+007  7.364700e+007
201 2131  7.364700e+007  1.227450e+008
201 2132  1.031058e+008  1.718430e+008
201 2133  1.472940e+007  2.454900e+007
201 2134  4.418820e+007  7.364700e+007
201 2135  7.364700e+007  1.227450e+008
201 2136  1.031058e+008  1.718430e+008
201 2137  1.472940e+007  2.454900e+007
201 2138  4.418820e+007  7.364700e+007
201 2139  7.364700e+007  1.227450e+008
201 2140  1.031058e+008  1.718430e+008
201 2141  1.472940e+007  2.454900e+007
201 2142  4.418820e+007  7.364700e+007
201 2143  7.364700e+007  1.227450e+008
201 2144  1.031058e+008  1.718430e+008
201 2145  1.472940e+007  2.454900e+007
201 2146  4.418820e+007  7.364700e+007
201 2147  7.364700e+007  1.227450e+008
201 2148  1.031058e+008  1.718430e+008
201 2149  1.472940e+007  2.454900e+007
201 2150  4.418820e+007  7.364700e+007
201 2151  7.364700e+007  1.227450e+008
201 2152  1.031058e+008  1.718430e+008
201 2153  1.472940e+007  2.454900e+007
201 2154  4.418820e+007  7.364700e+007
201 2155  7.364700e+007  1.227450e+008
201 2156  1.031058e+008  1.718430e+008
201 2157  1.472940e+007  2.454900e+007
201 2158  4.418820e+007  7.364700e+007
201 2159  7.364700e+007  1.227450e+008
201 2160  1.031058e+008  1.718430e+008
201 2161  1.472940e+007  2.454900e+007
201 2162  4.418820e+007  7.364700e+007
201 2163  7.364700e+007  1.227450e+008
201 2164  1.031058e+008  1.718430e+008
201 2165  1.472940e+007  2.454900e+007
201 2166  4.418820e+007  7.364700e+007
201 2167  7.364700e+007  1.227450e+008
201 2168  1.031058e+008  1.718430e+008
201 2169  1.472940e+007  2.454900e+007
201 2170  4.418820e+007  7.364700e+007
201 2171  7.364700e+007  1.227450e+008
201 2172  1.031058e+008  1.718430e+008
201 2173  1.472940e+007  2.454900e+007
201 2174  4.418820e+007  7.364700e+007
201 2175  7.364700e+007  1.227450e+008
201 2176  1.031058e+008  1.718430e+008
201 2177  1.472940e+007  2.454900e+007
201 2178  4.418820e+007  7.364700e+007
201 2179  7.364700e+007  1.227450e+008
201 2180  1.031058e+008  1.718430e+008
201 2181  1.472940e+007  2.454900e+007
201 2182  4.418820e+007  7.364700e+007
201 2183  7.364700e+007  1.227450e+008
201 2184  1.031058e+008  1.718430e+008
201 2185  1.472940e+007  2.454900e+007
201 2186  4.418820e+007  7.364700e+007
201 2187  7.364700e+007  1.227450e+008
201 2188  1.031058e+008  1.718430e+008
201 2189  1.472940e+007  2.454900e+007
201 2190  4.418820e+007  7.364700e+007
201 2191  7.364700e+007  1.227450e+008
201 2192  1.031058e+008  1.718430e+008
201 2193  1.472940e+007  2.454900e+007
201 2194  4.418820e+007  7.364700e+007
201 2195  7.364700e+007  1.227450e+008
201 2196  1.031058e+008  1.718430e+008
201 2197  1.472940e+007  2.454900e+007
201 2198  4.418820e+007  7.364700e+007
201 2199  7.364700e+007  1.227450e+008
201 2200  1.031058e+008  1.718430e+008
201 2201  1.472940e+007  2.454900e+007
201 2202  4.418820e+007  7.364700e+007
201 2203  7.364700e+007  1.227450e+008
201 2204  1.031058e+008  1.718430e+008
201 2205  1.472940e+007  2.454900e+007
201 2206  4.418820e+007  7.364700e+007
201 2207  7.364700e+007  1.227450e+008
201 2208  1.031058e+008  1.718430e+008
201 2209  1.472940e+007  2.454900e+007
201 2210  4.418820e+007  7.364700e+007
201 2211  7.364700e+007  1.227450e+008
201 2212  1.031058e+008  1.718430e+008
201 2213  1.472940e+007  2.454900e+007
201 2214  4.418820e+007  7.364700e+007
201 2215  7.364700e+007  1.227450e+008
201 2216  1.031058e+008  1.718430e+008
201 2217  1.472940e+007  2.454900e+007
201 2218  4.418820e+007  7.364700e+007
201 2219  7.364700e+007  1.227450e+008
201 2220  1.031058e+008  1.718430e+008
201 2221  1.472940e+007  2.454900e+007
201 2222  4.418820e+007  7.364700e+007
201 2223  7.364700e+007  1.227450e+008
201 2224  1.031058e+008  1.718430e+008
201 2225  1.472940e+007  2.454900e+007
201 2226  4.418820e+007  7.364700e+007
201 2227  7.364700e+007  1.227450e+008
201 2228  1.031058e+008  1.718430e+008
201 2229  1.472940e+007  2.454900e+007
201 2230  4.418820e+007  7.364700e+007
201 2231  7.364700e+007  1.227450e+008
201 2232  1.031058e+008  1.718430e+008
201 2233  1.472940e+007  2.454900e+007
201 2234  4.418820e+007  7.364700e+007
201 2235  7.364700e+007  1.227450e+008
201 2236  1.031058e+008  1.718430e+008
201 2237  1.472940e+007  2.454900e+007
201 2238  4.418820e+007  7.364700e+007
201 2239  7.364700e+007  1.227450e+008
201 2240  1.031058e+008  1.718430e+008
201 2241  1.472940e+007  2.454900e+007
201 2242  4.418820e+007  7.364700e+007
201 2243  7.364700e+007  1.227450e+008
201 2244  1.031058e+008  1.718430e+008
201 2245  1.472940e+007  2.454900e+007
201 2246  4.418820e+007  7.364700e+007
201 2247  7.364700e+007  1.227450e+008
201 2248  1.031058e+008  1.718430e+008
201 2249  1.472940e+007  2.454900e+007
201 2250  4.418820e+007  7.364700e+007
201 2251  7.364700e+007  1.227450e+008
201 2252  1.031058e+008  1.718430e+008
201 2253  1.472940e+007  2.454900e+007
201 2254  4.418820e+007  7.364700e+007
201 2255  7.364700e+007  1.227450e+008
201 2256  1.031058e+008  1.718430e+008
201 2257  1.472940e+007  2.454900e+007
201 2258  4.418820e+007  7.364700e+007
201 2259  7.364700e+007  1.227450e+008
201 2260  1.031058e+008  1.718430e+008
201 2261  1.472940e+007  2.454900e+007
201 2262  4.418820e+007  7.364700e+007
201 2263  7.364700e+007  1.227450e+008
201 2264  1.031058e+008  1.718430e+008
201 2265  1.472940e+007  2.454900e+007
201 2266  4.418820e+007  7.364700e+007
201 2267  7.364700e+007  1.227450e+008
201 2268  1.031058e+008  1.718430e+008
201 2269  1.472940e+007  2.454900e+007
201 2270  4.418820e+007  7.364700e+007
201 2271  7.364700e+007  1.227450e+008
201 2272  1.031058e+008  1.718430e+008
201 2273  1.472940e+007  2.454900e+007
201 2274  4.418820e+007  7.364700e+007
201 2275  7.364700e+007  1.227450e+008
201 2276  1.031058e+008  1.718430e+008
201 2277  1.472940e+007  2.454900e+007
201 2278  4.418820e+007  7.364700e+007
201 2279  7.364700e+007  1.227450e+008
201 2280  1.031058e+008  1.718430e+008
201 2281  1.472940e+007  2.454900e+007
201 2282  4.418820e+007  7.364700e+007
201 2283  7.364700e+007  1.227450e+008
201 2284  1.031058e+008  1.718430e+008
201 2285  1.472940e+007  2.454900e+007
201 2286  4.418820e+007  7.364700e+007
201 2287  7.364700e+007  1.227450e+008
201 2288  1.031058e+008  1.718430e+008
201 2289  1.472940e+007  2.454900e+007
201 2290  4.418820e+007  7.364700e+007
201 2291  7.364700e+007  1.227450e+008
201 2292  1.031058e+008  1.718430e+008
201 2293  1.472940e+007  2.454900e+007
201 2294  4.418820e+007  7.364700e+007
201 2295  7.364700e+007  1.227450e+008
201 2296  1.031058e+008  1.718430e+008
201 2297  1.472940e+007  2.454900e+007
201 2298  4.418820e+007  7.364700e+007
201 2299  7.364700e+007  1.227450e+008
201 2300  1.031058e+008  1.718430e+008
201 2301  1.472940e+007  2.454900e+007
201 2302  4.418820e+007  7.364700e+007
201 2303  7.364700e+007  1.227450e+008
201 2304  1.031058e+008  1.718430e+008
201 2305  1.472940e+007  2.454900e+007
201 2306  4.418820e+007  7.364700e+007
201 2307  7.364700e+007  1.227450e+008
201 2308  1.031058e+008  1.718430e+008
201 2309  1.472940e+007  2.454900e+007
201 2310  4.418820e+007  7.364700e+007
201 2311  7.364700e+007  1.227450e+008
201 2312  1.031058e+008  1.718430e+008
201 2313  1.472940e+007  2.454900e+007
201 2314  4.418820e+007  7.364700e+007
201 2315  7.364700e+007  1.227450e+008
201 2316  1.031058e+008  1.718430e+008
201 2317  1.472940e+007  2.454900e+007
201 2318  4.418820e+007  7.364700e+007
201 2319  7.364700e+007  1.227450e+008
201 2320  1.031058e+008  1.718430e+008
201 2321  1.472940e+007  2.454900e+007
201 2322  4.418820e+007  7.364700e+007
201 2323  7.364700e+007  1.227450e+008
201 2324  1.031058e+008  1.718430e+008
201 2325  1.472940e+007  2.454900e+007
201 2326  4.418820e+007  7.364700e+007
201 2327  7.364700e+007  1.227450e+008
201 2328  1.031058e+008  1.718430e+008
201 2329  1.472940e+007  2.454900e+007
201 2330  4.418820e+007  7.364700e+007
201 2331  7.364700e+007  1.227450e+008
201 2332  1.031058e+008  1.718430e+008
201 2333  1.472940e+007  2.454900e+007
201 2334  4.418820e+007  7.364700e+007
201 2335  7.364700e+007  1.227450e+008
201 2336  1.031058e+008  1.718430e+008
201 2337  1.472940e+007  2.454900e+007
201 2338  4.418820e+007  7.364700e+007
201 2339  7.364700e+007  1.227450e+008
201 2340  1.031058e+008  1.718430e+008
201 2341  1.472940e+007  2.454900e+007
201 2342  4.418820e+007  7.364700e+007
201 2343  7.364700e+007  1.227450e+008
201 2344  1.031058e+008  1.718430e+008
201 2345  1.472940e+007  2.454900e+007
201 2346  4.418820e+007  7.364700e+007
201 2347  7.364700e+007  1.227450e+008
201 2348  1.031058e+008  1.718430e+008
201 2349  1.472940e+007  2.454900e+007
201 2350  4.418820e+007  7.364700e+007
201 2351  7.364700e+007  1.227450e+008
201 2352  1.031058e+008  1.718430e+008
201 2353  1.472940e+007  2.454900e+007
201 2354  4.418820e+007  7.364700e+007
201 2355  7.364700e+007  1.227450e+008
201 2356  1.031058e+008  1.718430e+008
201 2357  1.472940e+007  2.454900e+007
201 2358  4.418820e+007  7.364700e+007
201 2359  7.364700e+007  1.227450e+008
201 2360  1.031058e+008  1.718430e+008
201 2361  1.472940e+007  2.454900e+007
201 2362  4.418820e+007  7.364700e+007
201 2363  7.364700e+007  1.227450e+008
201 2364  1.031058e+008  1.718430e+008
201 2365  1.472940e+007  2.454900e+007
201 2366  4.418820e+007  7.364700e+007
201 2367  7.364700e+007  1.227450e+008
201 2368  1.031058e+008  1.718430e+008
201 2369  1.472940e+007  2.454900e+007
201 2370  4.418820e+007  7.364700e+007
201 2371  7.364700e+007  1.227450e+008
201 2372  1.031058e+008  1.718430e+008
201 2373  1.472940e+007  2.454900e+007
201 2374  4.418820e+007  7.364700e+007
201 2375  7.364700e+007  1.227450e+008
201 2376  1.031058e+008  1.718430e+008
201 2377  1.472940e+007  2.454900e+007
201 2378  4.418820e+007  7.364700e+007
201 2379  7.364700e+007  1.227450e+008
201 2380  1.031058e+008  1.718430e+008
201 2381  1.472940e+007  2.454900e+007
201 2382  4.418820e+007  7.364700e+007
201 2383  7.364700e+007  1.227450e+008
201 2384  1.031058e+008  1.718430e+008
201 2385  1.472940e+007  2.454900e+007
201 2386  4.418820e+007  7.364700e+007
201 2387  7.364700e+007  1.227450e+008
201 2388  1.031058e+008  1.718430e+008
201 2389  1.472940e+007  2.454900e+007
201 2390  4.418820e+007  7.364700e+007
201 2391  7.364700e+007  1.227450e+008
201 2392  1.031058e+008  1.718430e+008
201 2393  1.472940e+007  2.454900e+007
201 2394  4.418820e+007  7.364700e+007
201 2395  7.364700e+007  1.227450e+008
201 2396  1.031058e+008  1.718430e+008
201 2397  1.472940e+007  2.454900e+007
201 2398  4.418820e+007  7.364700e+007
201 2399  7.364700e+007  1.227450e+008
201 2400  1.031058e+008  1.718430e+008
201 2401  1.472940e+007  2.454900e+007
201 2402  4.418820e+007  7.364700e+007
201 2403  7.364700e+007  1.227450e+008
201 2404  1.031058e+008  1.718430e+008
201 2405  1.472940e+007  2.454900e+007
201 2406  4.418820e+007  7.364700e+007
201 2407  7.364700e+007  1.227450e+008
201 2408  1.031058e+008  1.718430e+008
201 2409  1.472940e+007  2.454900e+007
201 2410  4.418820e+007  7.364700e+007
201 2411  7.364700e+007  1.227450e+008
201 2412  1.031058e+008  1.718430e+008
201 2413  1.472940e+007  2.454900e+007
201 2414  4.418820e+007  7.364700e+007
201 2415  7.364700e+007  1.227450e+008
201 2416  1.031058e+008  1.718430e+008
201 2417  1.472940e+007  2.454900e+007
201 2418  4.418820e+007  7.364700e+007
201 2419  7.364700e+007  1.227450e+008
201 2420  1.031058e+008  1.718430e+008
201 2421  1.472940e+007  2.454900e+007
201 2422  4.418820e+007  7.364700e+007
201 2423  7.364700e+007  1.227450e+008
201 2424  1.031058e+008  1.718430e+008
201 2425  1.472940e+007  2.454900e+007
201 2426  4.418820e+007  7.364700e+007
201 2427  7.364700e+007  1.227450e+008
201 2428  1.031058e+008  1.718430e+008
201 2429  1.472940e+007  2.454900e+007
201 2430  4.418820e+007  7.364700e+007
201 2431  7.364700e+007  1.227450e+008
201 2432  1.031058e+008  1.718430e+008
201 2433  1.472940e+007  2.454900e+007
201 2434  4.418820e+007  7.364700e+007
201 2435  7.364700e+007  1.227450e+008
201 2436  1.031058e+008  1.718430e+008
201 2437  1.472940e+007  2.454900e+007
201 2438  4.418820e+007  7.364700e+007
201 2439  7.364700e+007  1.227450e+008
201 2440  1.031058e+008  1.718430e+008
201 2441  1.472940e+007  2.454900e+007
201 2442  4.418820e+007  7.364700e+007
201 2443  7.364700e+007  1.227450e+008
201 2444  1.031058e+008  1.718430e+008
201 2445  1.472940e+007  2.454900e+007
201 2446  4.418820e+007  7.364700e+007
201 2447  7.364700e+007  1.227450e+008
201 2448  1.031058e+008  1.718430e+008
201 2449  1.472940e+007  2.454900e+007
201 2450  4.418820e+007  7.364700e+007
201 2451  7.364700e+007  1.227450e+008
201 2452  1.031058e+008  1.718430e+008
201 2453  1.472940e+007  2.454900e+007
201 2454  4.418820e+007  7.364700e+007
201 2455  7.364700e+007  1.227450e+008
201 2456  1.031058e+008  1.718430e+008
201 2457  1.472940e+007  2.454900e+007
201 2458  4.418820e+007  7.364700e+007
201 2459  7.364700e+007  1.227450e+008
201 2460  1.031058e+008  1.718430e+008
201 2461  1.472940e+007  2.454900e+007
201 2462  4.418820e+007  7.364700e+007
201 2463  7.364700e+007  1.227450e+008
201 2464  1.031058e+008  1.718430e+008
201 2465  1.472940e+007  2.454900e+007
201 2466  4.418820e+007  7.364700e+007
201 2467  7.364700e+007  1.227450e+008
201 2468  1.031058e+008  1.718430e+008
201 2469  1.472940e+007  2.454900e+007
201 2470  4.418820e+007  7.364700e+007
201 2471  7.364700e+007  1.227450e+008
201 2472  1.031058e+008  1.718430e+008
201 2473  1.472940e+007  2.454900e+007
201 2474  4.418820e+007  7.364700e+007
201 2475  7.364700e+007  1.227450e+008
201 2476  1.031058e+008  1.718430e+008
201 2477  1.472940e+007  2.454900e+007
201 2478  4.418820e+007  7.364700e+007
201 2479  7.364700e+007  1.227450e+008
201 2480  1.031058e+008  1.718430e+008
201 2481  1.472940e+007  2.454900e+007
201 2482  4.418820e+007  7.364700e+007
201 2483  7.364700e+007  1.227450e+008
201 2484  1.031058e+008  1.718430e+008
201 2485  1.472940e+007  2.454900e+007
201 2486  4.418820e+007  7.364700e+007
201 2487  7.364700e+007  1.227450e+008
201 2488  1.031058e+008  1.718430e+008
201 2489  1.472940e+007  2.454900e+007
201 2490  4.418820e+007  7.364700e+007
201 2491  7.364700e+007  1.227450e+008
201 2492  1.031058e+008  1.718430e+008
999 End
