segment Afghanistan
38.123 70.502
38.128 70.503
38.149 70.499
38.162 70.504
38.181 70.513
38.197 70.52
38.206 70.531
38.213 70.534
38.234 70.538
38.253 70.552
38.263 70.558
38.268 70.566
38.277 70.588
38.283 70.597
38.288 70.602
38.307 70.602
38.32 70.609
38.335 70.604
38.343 70.606
38.347 70.612
38.348 70.623
38.346 70.651
38.349 70.657
38.353 70.663
38.356 70.668
38.362 70.685
38.367 70.69
38.376 70.691
38.383 70.69
38.388 70.682
38.391 70.673
38.399 70.674
38.407 70.678
38.411 70.69
38.411 70.702
38.411 70.716
38.413 70.728
38.419 70.741
38.427 70.75
38.44 70.76
38.448 70.765
38.45 70.77
38.45 70.777
38.447 70.783
38.441 70.793
38.439 70.802
38.439 70.809
38.441 70.814
38.444 70.818
38.447 70.819
38.447 70.826
38.443 70.833
38.439 70.84
38.434 70.842
38.432 70.843
38.432 70.846
38.437 70.851
38.446 70.854
38.453 70.855
38.456 70.861
38.462 70.867
38.464 70.873
38.462 70.883
38.459 70.892
38.455 70.896
38.446 70.897
38.437 70.898
38.431 70.904
38.429 70.912
38.426 70.926
38.436 70.934
38.436 70.939
38.435 70.941
38.434 70.95
38.438 70.957
38.451 70.957
38.458 70.954
38.464 70.944
38.472 70.944
38.471 70.948
38.471 70.967
38.475 70.976
38.481 70.984
38.483 70.989
38.482 70.993
38.473 71
38.468 71.004
38.464 71.011
38.461 71.018
38.458 71.021
38.452 71.023
38.441 71.026
38.422 71.034
38.412 71.041
38.405 71.042
38.399 71.045
38.395 71.052
38.396 71.061
38.405 71.065
38.407 71.071
38.412 71.073
38.416 71.08
38.417 71.089
38.417 71.095
38.415 71.098
38.403 71.099
38.4 71.103
38.399 71.11
38.4 71.116
38.4 71.119
38.398 71.121
38.393 71.126
38.393 71.13
38.4 71.136
38.393 71.143
38.387 71.143
38.384 71.149
38.381 71.155
38.381 71.16
38.379 71.163
38.37 71.166
38.359 71.169
38.348 71.175
38.338 71.182
38.34 71.187
38.341 71.193
38.336 71.199
38.33 71.201
38.327 71.202
38.322 71.216
38.32 71.227
38.314 71.24
38.31 71.248
38.309 71.257
38.308 71.268
38.309 71.276
38.309 71.295
38.305 71.3
38.303 71.305
38.302 71.319
38.301 71.322
38.295 71.327
38.289 71.327
38.283 71.327
38.278 71.327
38.269 71.328
38.268 71.333
38.267 71.341
38.267 71.348
38.265 71.354
38.259 71.36
38.247 71.365
38.237 71.367
38.226 71.365
38.221 71.364
38.217 71.367
38.212 71.371
38.208 71.371
38.2 71.368
38.197 71.363
38.186 71.362
38.173 71.362
38.168 71.364
38.162 71.366
38.158 71.364
38.152 71.359
38.15 71.35
38.148 71.342
38.138 71.337
38.123 71.333
38.116 71.327
38.108 71.323
38.09 71.319
38.075 71.317
38.062 71.312
38.049 71.302
38.039 71.291
38.036 71.285
38.029 71.287
38.022 71.288
38.015 71.285
38.012 71.278
38.008 71.274
38.003 71.274
37.999 71.277
37.992 71.274
37.991 71.271
37.99 71.266
37.986 71.267
37.975 71.269
37.962 71.268
37.958 71.267
37.953 71.265
37.947 71.261
37.937 71.26
37.934 71.26
37.933 71.258
37.933 71.253
37.931 71.248
37.925 71.248
37.923 71.253
37.919 71.258
37.915 71.266
37.916 71.273
37.917 71.283
37.928 71.289
37.929 71.291
37.929 71.293
37.913 71.311
37.913 71.31
37.912 71.31
37.909 71.313
37.904 71.317
37.893 71.322
37.885 71.327
37.883 71.332
37.887 71.34
37.89 71.357
37.897 71.366
37.901 71.373
37.902 71.385
37.903 71.403
37.91 71.416
37.915 71.429
37.921 71.444
37.923 71.461
37.932 71.479
37.941 71.493
37.948 71.502
37.952 71.513
37.954 71.529
37.95 71.544
37.942 71.552
37.933 71.566
37.928 71.578
37.92 71.584
37.914 71.585
37.9 71.585
37.893 71.585
37.882 71.588
37.876 71.589
37.87 71.59
37.862 71.59
37.854 71.585
37.845 71.582
37.833 71.582
37.822 71.584
37.813 71.588
37.806 71.591
37.799 71.59
37.797 71.589
37.794 71.583
37.786 71.567
37.78 71.55
37.773 71.542
37.764 71.532
37.758 71.53
37.75 71.53
37.745 71.535
37.74 71.542
37.731 71.545
37.709 71.545
37.707 71.542
37.7 71.54
37.691 71.536
37.676 71.528
37.661 71.524
37.653 71.524
37.648 71.526
37.64 71.522
37.633 71.52
37.626 71.518
37.615 71.514
37.61 71.512
37.6 71.504
37.589 71.506
37.579 71.505
37.571 71.503
37.559 71.499
37.554 71.5
37.55 71.498
37.543 71.495
37.538 71.494
37.534 71.495
37.53 71.499
37.525 71.5
37.517 71.502
37.513 71.506
37.51 71.507
37.505 71.508
37.491 71.515
37.485 71.52
37.478 71.523
37.467 71.519
37.457 71.513
37.454 71.509
37.449 71.504
37.447 71.502
37.403 71.495
37.398 71.492
37.399 71.487
37.401 71.482
37.397 71.478
37.389 71.474
37.384 71.473
37.38 71.478
37.375 71.486
37.372 71.488
37.366 71.489
37.339 71.485
37.333 71.487
37.325 71.49
37.313 71.497
37.308 71.499
37.291 71.495
37.268 71.49
37.248 71.484
37.23 71.476
37.219 71.467
37.21 71.459
37.203 71.457
37.184 71.457
37.18 71.452
37.174 71.446
37.164 71.446
37.152 71.447
37.146 71.445
37.14 71.443
37.131 71.442
37.125 71.44
37.113 71.439
37.107 71.441
37.102 71.441
37.09 71.436
37.079 71.43
37.071 71.427
37.064 71.426
37.055 71.427
37.053 71.431
37.052 71.436
37.047 71.437
37.04 71.438
37.033 71.447
37.025 71.454
37.021 71.458
37.012 71.459
37.002 71.463
36.992 71.466
36.983 71.466
36.977 71.466
36.975 71.463
36.964 71.457
36.952 71.459
36.947 71.467
36.937 71.479
36.926 71.483
36.917 71.488
36.909 71.497
36.901 71.506
36.885 71.512
36.867 71.519
36.854 71.525
36.839 71.535
36.821 71.541
36.809 71.548
36.796 71.55
36.783 71.555
36.777 71.559
36.765 71.559
36.762 71.56
36.757 71.561
36.753 71.565
36.747 71.571
36.74 71.578
36.729 71.585
36.724 71.595
36.719 71.604
36.712 71.616
36.707 71.619
36.699 71.623
36.694 71.627
36.692 71.636
36.69 71.647
36.687 71.651
36.681 71.658
36.678 71.667
36.677 71.682
36.676 71.699
36.674 71.712
36.677 71.724
36.676 71.735
36.677 71.748
36.679 71.757
36.677 71.783
36.681 71.808
36.687 71.83
36.699 71.852
36.709 71.865
36.708 71.865
36.715 71.873
36.721 71.886
36.735 71.896
36.74 71.903
36.756 71.947
36.772 71.958
36.776 71.966
36.782 71.971
36.785 71.979
36.792 71.991
36.8 72.006
36.813 72.01
36.815 72.014
36.816 72.03
36.819 72.034
36.829 72.045
36.834 72.047
36.841 72.076
36.844 72.099
36.847 72.106
36.865 72.116
36.88 72.135
36.886 72.148
36.906 72.173
36.922 72.206
36.935 72.232
36.949 72.258
36.96 72.286
36.977 72.319
36.992 72.373
36.999 72.4
37.005 72.424
37.002 72.447
36.997 72.473
36.998 72.488
36.997 72.503
36.998 72.517
37.001 72.528
37.007 72.547
37.008 72.559
37.017 72.592
37.026 72.607
37.029 72.622
37.027 72.633
37.021 72.65
37.019 72.659
37.021 72.67
37.026 72.676
37.037 72.68
37.052 72.686
37.067 72.697
37.077 72.701
37.094 72.713
37.124 72.738
37.182 72.769
37.201 72.783
37.215 72.794
37.224 72.805
37.229 72.818
37.229 72.838
37.232 72.859
37.239 72.881
37.25 72.898
37.276 72.929
37.287 72.95
37.301 72.997
37.308 73.041
37.318 73.075
37.33 73.09
37.361 73.105
37.37 73.122
37.382 73.132
37.395 73.137
37.401 73.141
37.408 73.156
37.405 73.185
37.403 73.204
37.407 73.217
37.418 73.239
37.43 73.243
37.442 73.265
37.45 73.281
37.452 73.29
37.456 73.3
37.462 73.308
37.462 73.323
37.458 73.334
37.457 73.346
37.457 73.359
37.453 73.36
37.444 73.361
37.438 73.368
37.441 73.374
37.451 73.396
37.466 73.43
37.471 73.454
37.472 73.477
37.47 73.51
37.462 73.539
37.452 73.555
37.442 73.57
37.44 73.592
37.436 73.638
37.433 73.649
37.435 73.66
37.437 73.671
37.437 73.704
37.436 73.733
37.435 73.756
37.432 73.763
37.421 73.768
37.388 73.768
37.358 73.768
37.339 73.767
37.324 73.752
37.316 73.736
37.313 73.721
37.312 73.7
37.309 73.677
37.307 73.661
37.305 73.655
37.302 73.65
37.284 73.645
37.28 73.638
37.28 73.625
37.279 73.618
37.273 73.613
37.265 73.612
37.256 73.617
37.244 73.627
37.235 73.652
37.239 73.657
37.246 73.673
37.247 73.684
37.243 73.711
37.237 73.727
37.226 73.739
37.222 73.746
37.223 73.752
37.227 73.761
37.231 73.769
37.228 73.792
37.229 73.818
37.232 73.833
37.24 73.84
37.248 73.847
37.254 73.853
37.259 73.863
37.273 73.894
37.278 73.914
37.281 73.923
37.279 73.927
37.275 73.938
37.274 73.946
37.278 73.95
37.285 73.957
37.292 73.963
37.294 73.974
37.291 73.984
37.288 73.995
37.287 74
37.288 74.007
37.305 74.023
37.306 74.03
37.301 74.04
37.302 74.046
37.313 74.059
37.326 74.1
37.327 74.102
37.336 74.143
37.34 74.146
37.352 74.146
37.343 74.164
37.334 74.185
37.334 74.199
37.341 74.212
37.348 74.222
37.352 74.224
37.361 74.229
37.368 74.242
37.372 74.245
37.375 74.246
37.38 74.243
37.391 74.228
37.396 74.226
37.414 74.237
37.412 74.246
37.407 74.259
37.405 74.27
37.399 74.291
37.398 74.294
37.397 74.307
37.398 74.324
37.4 74.331
37.416 74.345
37.419 74.356
37.418 74.368
37.415 74.377
37.406 74.382
37.398 74.383
37.393 74.389
37.389 74.4
37.388 74.419
37.388 74.425
37.4 74.456
37.4 74.467
37.394 74.485
37.397 74.517
37.402 74.526
37.399 74.544
37.395 74.553
37.39 74.557
37.384 74.558
37.381 74.558
37.379 74.562
37.385 74.604
37.382 74.628
37.384 74.641
37.39 74.656
37.404 74.683
37.391 74.696
37.381 74.707
37.351 74.795
37.347 74.803
37.34 74.812
37.337 74.82
37.329 74.83
37.295 74.848
37.268 74.871
37.251 74.879
37.236 74.879
37.23 74.873
37.221 74.845
37.217 74.827
37.218 74.815
37.226 74.795
37.233 74.789
37.252 74.781
37.258 74.777
37.268 74.765
37.27 74.761
37.275 74.747
37.277 74.72
37.272 74.705
37.267 74.693
37.238 74.66
37.237 74.65
37.24 74.638
37.245 74.627
37.246 74.625
37.248 74.614
37.243 74.596
37.236 74.58
37.234 74.572
37.236 74.562
37.243 74.543
37.245 74.532
37.239 74.508
37.24 74.498
37.242 74.489
37.237 74.487
37.234 74.489
37.231 74.492
37.223 74.493
37.217 74.488
37.213 74.481
37.203 74.473
37.196 74.47
37.188 74.473
37.184 74.479
37.18 74.494
37.176 74.494
37.164 74.484
37.147 74.457
37.14 74.453
37.132 74.449
37.123 74.432
37.116 74.433
37.11 74.455
37.093 74.486
37.074 74.503
37.054 74.514
37.032 74.525
37.029 74.53
37.031 74.552
37.034 74.572
37.022 74.573
36.987 74.569
36.964 74.563
36.96 74.558
36.96 74.551
36.961 74.541
36.965 74.537
36.99 74.528
36.993 74.525
36.999 74.517
37 74.498
36.998 74.428
36.996 74.421
36.988 74.413
36.98 74.401
36.975 74.38
36.974 74.374
36.965 74.354
36.944 74.331
36.93 74.311
36.904 74.264
36.901 74.255
36.9 74.252
36.9 74.236
36.908 74.21
36.91 74.191
36.912 74.166
36.91 74.152
36.906 74.148
36.896 74.141
36.872 74.134
36.848 74.127
36.842 74.12
36.841 74.11
36.846 74.094
36.846 74.085
36.844 74.079
36.829 74.053
36.829 74.031
36.833 74.025
36.835 74.014
36.837 74.006
36.834 74
36.833 73.98
36.838 73.963
36.867 73.936
36.876 73.917
36.881 73.908
36.879 73.89
36.879 73.884
36.885 73.879
36.899 73.847
36.898 73.822
36.893 73.808
36.89 73.8
36.895 73.794
36.901 73.791
36.903 73.785
36.901 73.776
36.902 73.763
36.906 73.75
36.905 73.74
36.902 73.737
36.901 73.734
36.901 73.725
36.905 73.714
36.913 73.705
36.913 73.693
36.911 73.663
36.903 73.64
36.905 73.619
36.908 73.598
36.903 73.586
36.897 73.578
36.889 73.55
36.886 73.528
36.892 73.516
36.895 73.506
36.897 73.47
36.893 73.441
36.897 73.417
36.899 73.403
36.896 73.389
36.886 73.372
36.881 73.357
36.885 73.348
36.885 73.336
36.88 73.318
36.873 73.307
36.874 73.298
36.879 73.289
36.889 73.273
36.89 73.262
36.887 73.233
36.89 73.216
36.883 73.189
36.885 73.182
36.894 73.144
36.887 73.122
36.888 73.088
36.889 73.072
36.874 73.047
36.861 73.027
36.862 72.997
36.873 72.969
36.872 72.953
36.849 72.93
36.846 72.924
36.847 72.908
36.841 72.883
36.841 72.871
36.843 72.825
36.848 72.799
36.845 72.782
36.849 72.763
36.851 72.75
36.842 72.718
36.844 72.685
36.85 72.656
36.848 72.632
36.842 72.627
36.832 72.566
36.823 72.545
36.793 72.508
36.782 72.504
36.778 72.495
36.777 72.411
36.762 72.39
36.758 72.368
36.759 72.337
36.746 72.314
36.745 72.303
36.753 72.241
36.738 72.227
36.694 72.197
36.677 72.204
36.664 72.214
36.655 72.192
36.66 72.166
36.652 72.141
36.65 72.116
36.649 72.103
36.633 72.097
36.606 72.106
36.597 72.097
36.596 72.059
36.568 72.013
36.567 71.964
36.561 71.935
36.549 71.928
36.524 71.917
36.517 71.917
36.505 71.909
36.505 71.885
36.505 71.832
36.486 71.822
36.462 71.818
36.442 71.819
36.435 71.829
36.429 71.862
36.415 71.865
36.399 71.857
36.395 71.844
36.396 71.817
36.401 71.796
36.424 71.758
36.448 71.724
36.456 71.707
36.461 71.688
36.472 71.673
36.478 71.656
36.472 71.636
36.453 71.624
36.43 71.622
36.409 71.614
36.391 71.593
36.376 71.565
36.369 71.556
36.355 71.56
36.347 71.572
36.329 71.569
36.326 71.536
36.321 71.524
36.309 71.521
36.3 71.521
36.296 71.485
36.283 71.469
36.272 71.457
36.27 71.442
36.261 71.434
36.228 71.419
36.213 71.4
36.205 71.385
36.202 71.367
36.199 71.359
36.181 71.352
36.173 71.347
36.168 71.341
36.158 71.31
36.145 71.284
36.129 71.255
36.123 71.245
36.114 71.243
36.098 71.244
36.093 71.242
36.091 71.228
36.071 71.208
36.049 71.199
36.036 71.201
36.026 71.215
36.019 71.229
35.997 71.254
35.994 71.261
35.99 71.285
35.98 71.303
35.965 71.319
35.962 71.332
35.96 71.35
35.96 71.362
35.956 71.377
35.944 71.381
35.919 71.384
35.908 71.381
35.902 71.381
35.892 71.393
35.891 71.407
35.89 71.418
35.882 71.43
35.84 71.462
35.827 71.467
35.803 71.49
35.796 71.489
35.775 71.481
35.763 71.481
35.754 71.485
35.744 71.498
35.734 71.522
35.729 71.533
35.72 71.547
35.705 71.547
35.688 71.539
35.658 71.51
35.64 71.5
35.626 71.499
35.616 71.51
35.605 71.526
35.592 71.556
35.583 71.578
35.577 71.601
35.573 71.612
35.569 71.614
35.554 71.611
35.533 71.599
35.518 71.594
35.498 71.593
35.485 71.606
35.463 71.636
35.452 71.649
35.445 71.651
35.432 71.646
35.421 71.641
35.409 71.623
35.313 71.556
35.296 71.554
35.284 71.559
35.274 71.57
35.258 71.596
35.236 71.623
35.227 71.635
35.223 71.658
35.219 71.672
35.207 71.677
35.197 71.675
35.165 71.639
35.149 71.629
35.14 71.617
35.136 71.604
35.129 71.585
35.108 71.553
35.09 71.536
35.072 71.53
35.064 71.534
35.054 71.539
35.038 71.547
35.028 71.556
35.019 71.552
35.013 71.535
35.004 71.518
35 71.515
34.993 71.51
34.981 71.51
34.972 71.506
34.964 71.499
34.962 71.486
34.953 71.476
34.945 71.446
34.938 71.433
34.931 71.422
34.922 71.401
34.917 71.385
34.916 71.37
34.912 71.354
34.903 71.344
34.89 71.328
34.879 71.31
34.865 71.301
34.85 71.296
34.834 71.292
34.805 71.279
34.798 71.271
34.791 71.246
34.76 71.23
34.753 71.225
34.748 71.219
34.747 71.196
34.737 71.182
34.73 71.171
34.724 71.154
34.716 71.144
34.71 71.137
34.71 71.115
34.699 71.106
34.676 71.096
34.661 71.096
34.642 71.106
34.63 71.111
34.62 71.107
34.59 71.087
34.582 71.074
34.577 71.054
34.573 71.018
34.567 71.004
34.555 70.996
34.528 70.993
34.492 70.995
34.461 71.007
34.448 71.023
34.427 71.054
34.412 71.065
34.396 71.076
34.389 71.087
34.379 71.118
34.37 71.154
34.364 71.169
34.358 71.171
34.339 71.171
34.323 71.158
34.313 71.157
34.281 71.13
34.267 71.122
34.255 71.121
34.237 71.127
34.225 71.135
34.214 71.128
34.204 71.124
34.179 71.126
34.162 71.126
34.149 71.109
34.113 71.08
34.106 71.073
34.08 71.077
34.063 71.076
34.052 71.065
34.049 71.042
34.051 71.034
34.037 71.018
34.029 70.999
34.029 70.983
34.019 70.955
34.012 70.936
34.012 70.925
34.01 70.918
34.001 70.916
33.982 70.899
33.977 70.885
33.978 70.869
33.981 70.851
33.982 70.824
33.975 70.809
33.968 70.788
33.958 70.779
33.955 70.768
33.961 70.751
33.96 70.74
33.961 70.701
33.96 70.676
33.954 70.651
33.957 70.631
33.964 70.594
33.958 70.56
33.951 70.548
33.946 70.539
33.952 70.525
33.949 70.511
33.944 70.502
33.943 70.468
33.954 70.439
33.96 70.426
33.963 70.404
33.963 70.326
33.975 70.298
33.973 70.298
33.98 70.279
33.978 70.261
33.973 70.239
33.981 70.224
33.985 70.198
33.999 70.169
34.008 70.154
34.012 70.136
34.011 70.112
34.008 70.1
34.015 70.08
34.024 70.067
34.037 70.046
34.04 70.024
34.04 70.019
34.049 70.012
34.049 70.002
34.048 70
34.041 69.987
34.038 69.966
34.038 69.913
34.028 69.898
34.01 69.897
33.993 69.901
33.985 69.901
33.977 69.895
33.968 69.877
33.956 69.866
33.94 69.861
33.927 69.866
33.91 69.883
33.89 69.904
33.875 69.912
33.853 69.916
33.84 69.926
33.828 69.946
33.817 69.956
33.782 69.963
33.763 69.97
33.74 69.992
33.736 70
33.734 70.006
33.731 70.026
33.731 70.035
33.717 70.092
33.718 70.102
33.722 70.117
33.722 70.124
33.715 70.137
33.695 70.15
33.682 70.151
33.663 70.147
33.654 70.149
33.644 70.169
33.64 70.19
33.634 70.197
33.617 70.194
33.565 70.179
33.548 70.175
33.525 70.174
33.513 70.182
33.502 70.201
33.49 70.208
33.48 70.215
33.476 70.231
33.473 70.24
33.439 70.252
33.433 70.258
33.432 70.288
33.426 70.298
33.413 70.301
33.396 70.315
33.387 70.315
33.374 70.312
33.356 70.321
33.34 70.327
33.331 70.324
33.33 70.308
33.328 70.291
33.305 70.271
33.269 70.233
33.25 70.208
33.241 70.19
33.238 70.168
33.233 70.164
33.221 70.156
33.213 70.131
33.21 70.104
33.208 70.094
33.216 70.079
33.214 70.067
33.143 70.023
33.141 70.006
33.14 70
33.138 69.987
33.136 69.977
33.131 69.965
33.129 69.946
33.118 69.929
33.104 69.917
33.101 69.901
33.102 69.892
33.096 69.876
33.096 69.856
33.105 69.829
33.124 69.799
33.128 69.787
33.12 69.773
33.114 69.767
33.114 69.746
33.11 69.737
33.1 69.731
33.093 69.723
33.09 69.705
33.094 69.689
33.098 69.679
33.098 69.667
33.095 69.655
33.098 69.617
33.098 69.58
33.082 69.567
33.059 69.543
33.029 69.507
33.002 69.5
32.966 69.493
32.943 69.492
32.886 69.515
32.874 69.531
32.866 69.535
32.861 69.531
32.854 69.512
32.848 69.501
32.851 69.474
32.847 69.464
32.833 69.458
32.815 69.441
32.793 69.412
32.782 69.395
32.774 69.392
32.761 69.393
32.749 69.403
32.74 69.415
32.732 69.431
32.728 69.441
32.72 69.442
32.71 69.44
32.7 69.439
32.694 69.437
32.686 69.437
32.677 69.443
32.671 69.448
32.663 69.451
32.652 69.444
32.637 69.434
32.616 69.416
32.59 69.4
32.567 69.385
32.55 69.343
32.543 69.326
32.541 69.301
32.533 69.285
32.506 69.27
32.461 69.241
32.444 69.239
32.414 69.25
32.374 69.271
32.356 69.281
32.292 69.28
32.272 69.27
32.21 69.274
32.194 69.276
32.172 69.274
32.151 69.273
32.093 69.289
32.071 69.286
32 69.298
31.992 69.3
31.986 69.312
31.976 69.313
31.969 69.315
31.944 69.323
31.941 69.323
31.928 69.318
31.925 69.313
31.919 69.299
31.912 69.278
31.906 69.272
31.895 69.267
31.887 69.263
31.863 69.231
31.854 69.211
31.853 69.203
31.848 69.198
31.83 69.192
31.823 69.186
31.809 69.181
31.8 69.175
31.784 69.156
31.759 69.149
31.748 69.135
31.736 69.132
31.724 69.127
31.72 69.12
31.71 69.121
31.703 69.118
31.7 69.11
31.694 69.096
31.693 69.096
31.681 69.081
31.667 69.066
31.66 69.047
31.65 69.031
31.642 69.024
31.627 69.021
31.625 69.011
31.628 69.001
31.627 68.993
31.628 68.986
31.636 68.978
31.636 68.969
31.64 68.962
31.646 68.949
31.642 68.944
31.621 68.934
31.613 68.928
31.605 68.917
31.601 68.901
31.602 68.872
31.598 68.859
31.597 68.848
31.599 68.842
31.606 68.832
31.605 68.822
31.61 68.812
31.61 68.805
31.619 68.798
31.635 68.783
31.655 68.778
31.661 68.774
31.67 68.752
31.679 68.743
31.697 68.717
31.702 68.714
31.716 68.716
31.751 68.709
31.77 68.702
31.771 68.698
31.774 68.682
31.773 68.678
31.776 68.64
31.778 68.632
31.821 68.582
31.826 68.576
31.828 68.57
31.82 68.555
31.811 68.538
31.801 68.521
31.781 68.478
31.774 68.466
31.771 68.451
31.765 68.437
31.763 68.433
31.758 68.448
31.752 68.458
31.748 68.464
31.75 68.479
31.754 68.498
31.755 68.539
31.753 68.564
31.752 68.576
31.75 68.582
31.735 68.575
31.72 68.564
31.714 68.556
31.714 68.537
31.734 68.51
31.738 68.501
31.74 68.49
31.739 68.479
31.741 68.457
31.742 68.453
31.743 68.445
31.747 68.436
31.755 68.423
31.757 68.422
31.756 68.42
31.757 68.41
31.758 68.372
31.757 68.321
31.757 68.287
31.76 68.278
31.782 68.254
31.785 68.251
31.802 68.259
31.806 68.241
31.814 68.177
31.822 68.172
31.828 68.171
31.834 68.169
31.831 68.165
31.817 68.154
31.801 68.144
31.798 68.14
31.759 68.117
31.748 68.101
31.736 68.091
31.729 68.084
31.716 68.067
31.71 68.068
31.699 68.064
31.693 68.058
31.686 68.047
31.679 68.031
31.674 68.023
31.649 67.988
31.64 67.97
31.633 67.95
31.632 67.925
31.63 67.917
31.626 67.904
31.626 67.894
31.629 67.887
31.63 67.874
31.629 67.869
31.617 67.843
31.596 67.815
31.582 67.804
31.572 67.79
31.566 67.778
31.557 67.767
31.534 67.742
31.525 67.726
31.521 67.713
31.519 67.7
31.521 67.678
31.521 67.662
31.519 67.654
31.518 67.648
31.528 67.636
31.53 67.628
31.531 67.622
31.531 67.61
31.534 67.585
31.535 67.57
31.532 67.559
31.529 67.554
31.522 67.555
31.505 67.576
31.48 67.591
31.471 67.595
31.46 67.599
31.454 67.599
31.434 67.595
31.427 67.598
31.419 67.605
31.415 67.623
31.413 67.628
31.401 67.634
31.397 67.644
31.397 67.66
31.404 67.689
31.412 67.726
31.415 67.741
31.414 67.75
31.407 67.76
31.403 67.764
31.4 67.771
31.391 67.778
31.375 67.786
31.357 67.79
31.344 67.785
31.333 67.774
31.328 67.763
31.326 67.756
31.325 67.738
31.323 67.731
31.323 67.718
31.32 67.707
31.315 67.695
31.314 67.692
31.307 67.683
31.292 67.658
31.276 67.62
31.275 67.612
31.273 67.603
31.274 67.591
31.273 67.575
31.271 67.571
31.264 67.539
31.26 67.531
31.25 67.51
31.242 67.491
31.238 67.464
31.233 67.444
31.228 67.431
31.22 67.406
31.217 67.391
31.219 67.366
31.22 67.345
31.214 67.327
31.215 67.315
31.212 67.305
31.213 67.292
31.206 67.272
31.207 67.262
31.215 67.246
31.219 67.227
31.221 67.196
31.225 67.183
31.24 67.171
31.243 67.166
31.241 67.118
31.239 67.11
31.232 67.094
31.23 67.069
31.231 67.056
31.234 67.05
31.235 67.04
31.24 67.031
31.247 67.026
31.255 67.022
31.261 67.025
31.269 67.04
31.275 67.048
31.286 67.051
31.292 67.05
31.304 67.044
31.309 67.035
31.311 67.019
31.313 66.986
31.313 66.969
31.311 66.958
31.31 66.952
31.306 66.934
31.296 66.902
31.283 66.867
31.279 66.857
31.264 66.835
31.248 66.822
31.226 66.808
31.224 66.806
31.219 66.802
31.213 66.793
31.21 66.776
31.21 66.758
31.213 66.731
31.206 66.72
31.203 66.718
31.183 66.713
31.161 66.709
31.151 66.704
31.132 66.697
31.115 66.686
31.101 66.688
31.093 66.684
31.075 66.683
31.067 66.667
31.063 66.664
31.06 66.66
31.042 66.639
31.02 66.618
30.988 66.58
30.978 66.563
30.97 66.534
30.968 66.519
30.966 66.507
30.964 66.484
30.962 66.482
30.956 66.446
30.945 66.401
30.941 66.391
30.934 66.387
30.922 66.384
30.915 66.381
30.882 66.372
30.844 66.362
30.773 66.341
30.741 66.333
30.737 66.331
30.705 66.322
30.688 66.316
30.627 66.299
30.61 66.293
30.596 66.289
30.569 66.281
30.563 66.281
30.557 66.283
30.538 66.292
30.509 66.298
30.502 66.305
30.501 66.31
30.493 66.326
30.49 66.328
30.479 66.34
30.456 66.337
30.447 66.339
30.434 66.35
30.427 66.354
30.422 66.354
30.412 66.351
30.393 66.338
30.383 66.335
30.373 66.333
30.355 66.334
30.35 66.337
30.337 66.335
30.317 66.332
30.306 66.327
30.279 66.32
30.243 66.317
30.228 66.31
30.218 66.301
30.202 66.293
30.187 66.287
30.171 66.288
30.164 66.286
30.159 66.284
30.141 66.269
30.129 66.26
30.111 66.257
30.084 66.238
30.066 66.238
30.055 66.242
30.044 66.259
30.022 66.289
30.016 66.3
30.013 66.304
30 66.322
29.974 66.359
29.972 66.362
29.968 66.362
29.958 66.357
29.95 66.346
29.925 66.33
29.913 66.319
29.911 66.313
29.908 66.312
29.891 66.289
29.875 66.27
29.856 66.254
29.851 66.246
29.847 66.231
29.839 66.202
29.833 66.184
29.828 66.165
29.825 66.156
29.814 66.117
29.802 66.072
29.792 66.036
29.784 66.003
29.767 65.938
29.76 65.916
29.754 65.888
29.75 65.875
29.744 65.853
29.738 65.834
29.724 65.781
29.713 65.737
29.711 65.731
29.703 65.698
29.692 65.659
29.687 65.636
29.681 65.611
29.669 65.572
29.66 65.535
29.656 65.523
29.655 65.516
29.636 65.441
29.631 65.423
29.626 65.406
29.616 65.37
29.593 65.286
29.592 65.276
29.587 65.262
29.581 65.24
29.57 65.195
29.543 65.097
29.536 65.067
29.535 65.054
29.534 65.029
29.537 65
29.554 64.956
29.554 64.955
29.564 64.822
29.565 64.811
29.571 64.762
29.578 64.667
29.581 64.632
29.576 64.532
29.575 64.523
29.572 64.488
29.564 64.455
29.551 64.428
29.545 64.412
29.544 64.391
29.545 64.386
29.549 64.37
29.545 64.353
29.53 64.315
29.528 64.279
29.524 64.267
29.513 64.252
29.502 64.237
29.494 64.208
29.46 64.171
29.45 64.152
29.434 64.147
29.392 64.131
29.382 64.12
29.377 64.105
29.383 64.087
29.392 64.068
29.405 64.053
29.413 64.045
29.418 64.032
29.438 63.916
29.439 63.911
29.46 63.774
29.479 63.645
29.482 63.632
29.49 63.591
29.489 63.56
29.48 63.416
29.476 63.365
29.468 63.273
29.454 63.129
29.441 62.986
29.427 62.843
29.413 62.699
29.399 62.556
29.389 62.456
29.401 62.415
29.442 62.278
29.482 62.142
29.523 62.005
29.563 61.868
29.603 61.731
29.626 61.653
29.644 61.595
29.685 61.458
29.727 61.322
29.769 61.185
29.81 61.049
29.852 60.912
29.862 60.879
29.921 60.934
30 61.007
30.019 61.025
30.117 61.116
30.215 61.208
30.307 61.294
30.313 61.3
30.41 61.393
30.507 61.486
30.604 61.579
30.7 61.673
30.797 61.767
30.814 61.779
30.824 61.788
30.831 61.8
30.841 61.804
30.86 61.797
30.881 61.794
30.91 61.784
30.927 61.787
30.956 61.815
30.974 61.833
31.041 61.846
31.059 61.844
31.075 61.842
31.087 61.839
31.105 61.826
31.121 61.817
31.139 61.814
31.17 61.815
31.193 61.802
31.232 61.779
31.25 61.773
31.279 61.773
31.303 61.769
31.312 61.765
31.333 61.756
31.359 61.734
31.376 61.713
31.385 61.683
31.388 61.66
31.407 61.515
31.426 61.37
31.445 61.224
31.463 61.079
31.482 60.934
31.492 60.857
31.55 60.844
31.56 60.842
31.633 60.832
31.666 60.83
31.675 60.831
31.736 60.838
31.773 60.836
31.801 60.833
31.889 60.824
31.926 60.827
31.946 60.829
32 60.829
32.034 60.821
32.054 60.834
32.199 60.877
32.355 60.841
32.479 60.819
32.689 60.718
32.883 60.668
32.961 60.648
33.114 60.594
33.143 60.586
33.224 60.628
33.404 60.839
33.425 60.87
33.457 60.868
33.486 60.863
33.5 60.895
33.496 60.933
33.495 60.945
33.514 60.941
33.537 60.901
33.529 60.716
33.532 60.687
33.539 60.666
33.565 60.643
33.718 60.559
33.73 60.55
33.748 60.551
33.773 60.559
33.817 60.567
34.062 60.483
34.079 60.478
34.09 60.487
34.152 60.562
34.175 60.567
34.213 60.591
34.228 60.611
34.259 60.641
34.28 60.667
34.303 60.677
34.311 60.694
34.312 60.706
34.308 60.727
34.309 60.751
34.306 60.793
34.307 60.867
34.296 60.912
34.301 60.918
34.321 60.911
34.347 60.885
34.372 60.858
34.392 60.85
34.41 60.854
34.419 60.844
34.436 60.824
34.471 60.807
34.491 60.78
34.523 60.746
34.532 60.755
34.55 60.819
34.549 60.854
34.556 60.875
34.572 60.9
34.62 60.92
34.627 60.933
34.626 60.948
34.625 60.976
34.633 60.998
34.64 61
34.665 61.005
34.704 61.002
34.722 61.013
34.773 61.052
34.808 61.068
34.823 61.073
34.829 61.068
34.833 61.065
34.837 61.067
34.837 61.073
34.839 61.077
34.843 61.077
34.851 61.075
34.857 61.075
34.861 61.074
34.861 61.069
34.865 61.073
34.868 61.07
34.869 61.071
34.869 61.08
34.873 61.082
34.88 61.079
34.894 61.07
34.901 61.073
34.906 61.074
34.911 61.07
34.913 61.067
34.915 61.069
34.917 61.074
34.919 61.073
34.925 61.069
34.93 61.066
34.931 61.07
34.933 61.075
34.943 61.086
34.945 61.082
34.948 61.082
34.951 61.086
34.951 61.093
34.953 61.094
34.968 61.101
34.973 61.098
34.978 61.097
34.981 61.101
34.986 61.108
34.996 61.107
34.997 61.111
34.998 61.115
35 61.115
35.006 61.115
35.009 61.113
35.01 61.118
35.014 61.119
35.019 61.111
35.025 61.11
35.041 61.113
35.05 61.114
35.063 61.118
35.065 61.121
35.073 61.132
35.08 61.135
35.11 61.138
35.12 61.141
35.13 61.145
35.135 61.14
35.135 61.133
35.146 61.127
35.15 61.124
35.154 61.124
35.156 61.121
35.158 61.117
35.159 61.11
35.159 61.105
35.163 61.108
35.165 61.105
35.164 61.102
35.164 61.096
35.165 61.094
35.169 61.092
35.172 61.091
35.176 61.094
35.177 61.095
35.18 61.097
35.185 61.094
35.187 61.097
35.184 61.102
35.185 61.106
35.19 61.105
35.192 61.107
35.19 61.111
35.194 61.114
35.197 61.112
35.201 61.111
35.205 61.113
35.206 61.118
35.209 61.119
35.213 61.108
35.216 61.104
35.238 61.1
35.244 61.101
35.249 61.099
35.261 61.093
35.281 61.108
35.282 61.113
35.28 61.116
35.278 61.126
35.278 61.139
35.28 61.143
35.283 61.152
35.284 61.157
35.278 61.158
35.274 61.16
35.277 61.163
35.281 61.166
35.288 61.169
35.289 61.178
35.29 61.191
35.295 61.193
35.308 61.189
35.349 61.173
35.353 61.175
35.357 61.18
35.363 61.182
35.368 61.186
35.371 61.192
35.385 61.2
35.389 61.2
35.398 61.193
35.402 61.188
35.408 61.191
35.416 61.203
35.421 61.214
35.423 61.215
35.429 61.219
35.428 61.227
35.43 61.234
35.436 61.236
35.441 61.235
35.447 61.226
35.449 61.223
35.453 61.228
35.452 61.237
35.455 61.238
35.464 61.236
35.473 61.237
35.483 61.248
35.49 61.251
35.504 61.26
35.513 61.263
35.515 61.269
35.522 61.272
35.553 61.279
35.562 61.277
35.583 61.274
35.604 61.276
35.613 61.277
35.623 61.306
35.625 61.317
35.624 61.369
35.613 61.371
35.601 61.372
35.596 61.374
35.597 61.382
35.596 61.394
35.592 61.4
35.586 61.4
35.578 61.39
35.57 61.385
35.562 61.387
35.559 61.394
35.557 61.403
35.556 61.409
35.555 61.411
35.551 61.413
35.545 61.422
35.543 61.433
35.54 61.439
35.534 61.445
35.522 61.452
35.514 61.467
35.503 61.486
35.486 61.512
35.451 61.567
35.445 61.581
35.436 61.6
35.435 61.614
35.432 61.639
35.429 61.666
35.42 61.736
35.416 61.753
35.414 61.767
35.416 61.779
35.425 61.817
35.437 61.88
35.449 61.936
35.454 61.964
35.45 61.99
35.446 62.021
35.437 62.057
35.416 62.077
35.371 62.122
35.36 62.131
35.345 62.143
35.324 62.199
35.309 62.248
35.305 62.256
35.3 62.261
35.276 62.274
35.255 62.283
35.144 62.3
35.141 62.302
35.143 62.31
35.155 62.325
35.254 62.434
35.278 62.459
35.284 62.467
35.285 62.476
35.283 62.488
35.278 62.496
35.277 62.501
35.278 62.512
35.273 62.521
35.265 62.534
35.26 62.536
35.25 62.539
35.24 62.559
35.234 62.57
35.236 62.582
35.24 62.605
35.239 62.607
35.229 62.61
35.216 62.616
35.214 62.62
35.214 62.623
35.218 62.63
35.238 62.656
35.242 62.664
35.244 62.687
35.255 62.723
35.265 62.748
35.277 62.752
35.29 62.756
35.296 62.765
35.303 62.778
35.308 62.807
35.312 62.826
35.316 62.836
35.327 62.854
35.341 62.864
35.347 62.867
35.349 62.873
35.349 62.887
35.35 62.887
35.355 62.887
35.362 62.889
35.365 62.895
35.365 62.902
35.382 62.926
35.394 62.956
35.409 62.989
35.412 62.998
35.411 63.005
35.408 63.013
35.406 63.017
35.41 63.02
35.416 63.02
35.425 63.011
35.428 63.011
35.429 63.015
35.424 63.035
35.422 63.047
35.424 63.074
35.428 63.096
35.465 63.111
35.488 63.115
35.505 63.12
35.51 63.119
35.516 63.113
35.52 63.112
35.524 63.118
35.538 63.125
35.55 63.127
35.555 63.124
35.562 63.11
35.567 63.105
35.574 63.103
35.583 63.104
35.593 63.106
35.603 63.103
35.612 63.096
35.619 63.095
35.629 63.101
35.645 63.12
35.661 63.165
35.672 63.2
35.687 63.244
35.692 63.248
35.703 63.244
35.713 63.234
35.716 63.225
35.717 63.21
35.725 63.198
35.741 63.184
35.752 63.174
35.758 63.165
35.767 63.15
35.776 63.141
35.792 63.14
35.803 63.14
35.818 63.127
35.827 63.112
35.833 63.109
35.848 63.114
35.862 63.121
35.869 63.129
35.869 63.14
35.867 63.182
35.866 63.231
35.865 63.3
35.87 63.331
35.885 63.406
35.902 63.49
35.906 63.515
35.907 63.523
35.907 63.533
35.913 63.547
35.936 63.559
35.956 63.574
35.96 63.585
35.962 63.632
35.967 63.674
35.99 63.777
35.999 63.815
36.005 63.826
36.02 63.845
36.026 63.869
36.04 63.935
36.042 63.963
36.042 63.976
36.037 63.994
36.028 64.016
36.015 64.039
36.008 64.052
36.002 64.065
36.003 64.071
36.008 64.074
36.02 64.074
36.05 64.064
36.069 64.062
36.085 64.062
36.105 64.073
36.113 64.082
36.124 64.107
36.132 64.129
36.138 64.136
36.143 64.148
36.147 64.167
36.155 64.168
36.162 64.172
36.165 64.197
36.166 64.222
36.163 64.227
36.158 64.235
36.155 64.239
36.157 64.245
36.162 64.261
36.163 64.266
36.158 64.271
36.153 64.283
36.154 64.289
36.166 64.297
36.199 64.318
36.207 64.33
36.226 64.374
36.237 64.415
36.24 64.43
36.237 64.449
36.248 64.458
36.282 64.483
36.304 64.511
36.326 64.538
36.351 64.563
36.373 64.581
36.403 64.604
36.423 64.615
36.445 64.621
36.473 64.623
36.509 64.618
36.566 64.612
36.627 64.605
36.634 64.607
36.649 64.618
36.686 64.636
36.746 64.673
36.806 64.708
36.853 64.738
36.929 64.79
36.936 64.795
36.959 64.788
37.007 64.779
37.091 64.759
37.106 64.757
37.116 64.77
37.166 64.878
37.192 64.935
37.203 64.96
37.209 64.973
37.213 64.983
37.216 65
37.226 65.055
37.236 65.102
37.24 65.131
37.241 65.137
37.242 65.144
37.237 65.174
37.235 65.185
37.236 65.192
37.244 65.209
37.249 65.222
37.25 65.228
37.244 65.241
37.233 65.263
37.233 65.385
37.234 65.503
37.234 65.524
37.258 65.549
37.305 65.607
37.32 65.624
37.335 65.638
37.352 65.641
37.431 65.644
37.528 65.698
37.532 65.742
37.541 65.758
37.545 65.766
37.543 65.777
37.538 65.798
37.53 65.808
37.512 65.817
37.493 65.836
37.473 65.877
37.466 65.907
37.459 65.939
37.454 65.994
37.449 66.031
37.438 66.068
37.429 66.099
37.415 66.12
37.405 66.127
37.394 66.13
37.388 66.133
37.377 66.148
37.368 66.172
37.364 66.188
37.366 66.213
37.368 66.23
37.365 66.239
37.356 66.246
37.349 66.256
37.339 66.274
37.331 66.286
37.323 66.3
37.32 66.31
37.318 66.33
37.323 66.348
37.328 66.37
37.332 66.39
37.331 66.418
37.334 66.474
37.334 66.475
37.334 66.484
37.34 66.499
37.346 66.521
37.348 66.526
37.354 66.547
37.36 66.569
37.361 66.594
37.357 66.615
37.351 66.628
37.342 66.635
37.342 66.637
37.337 66.646
37.336 66.663
37.337 66.683
37.342 66.697
37.349 66.715
37.355 66.729
37.357 66.736
37.358 66.763
37.357 66.793
37.352 66.819
37.352 66.831
37.359 66.853
37.363 66.876
37.373 66.914
37.381 66.937
37.385 66.949
37.387 66.971
37.384 66.986
37.371 67.037
37.356 67.062
37.343 67.083
37.33 67.098
37.32 67.099
37.303 67.101
37.286 67.108
37.273 67.124
37.265 67.149
37.267 67.173
37.259 67.193
37.255 67.204
37.241 67.211
37.224 67.218
37.218 67.224
37.207 67.24
37.188 67.264
37.184 67.279
37.188 67.299
37.196 67.312
37.209 67.331
37.214 67.354
37.218 67.387
37.219 67.4
37.227 67.419
37.233 67.44
37.247 67.461
37.263 67.484
37.272 67.496
37.272 67.51
37.26 67.539
37.249 67.551
37.231 67.559
37.226 67.567
37.225 67.58
37.229 67.59
37.239 67.596
37.241 67.614
37.246 67.628
37.248 67.633
37.246 67.64
37.237 67.661
37.227 67.698
37.222 67.732
37.221 67.733
37.218 67.752
37.206 67.77
37.195 67.783
37.185 67.79
37.184 67.791
37.164 67.791
37.142 67.79
37.12 67.785
37.112 67.784
37.104 67.784
37.094 67.787
37.082 67.803
37.073 67.821
37.067 67.843
37.067 67.882
37.066 67.894
37.064 67.899
37.059 67.901
37.047 67.898
37.019 67.904
37.006 67.929
36.992 67.952
36.985 67.968
36.978 67.981
36.97 67.989
36.957 67.991
36.938 67.998
36.929 68.006
36.928 68.024
36.934 68.042
36.938 68.056
36.943 68.078
36.947 68.084
36.959 68.101
36.971 68.111
36.975 68.122
36.979 68.137
36.991 68.157
37.01 68.177
37.02 68.192
37.024 68.203
37.022 68.22
37.018 68.234
37.008 68.246
37.003 68.262
37.01 68.271
37.019 68.281
37.077 68.289
37.094 68.296
37.106 68.303
37.111 68.313
37.112 68.327
37.105 68.357
37.102 68.38
37.105 68.395
37.117 68.419
37.125 68.422
37.133 68.422
37.142 68.422
37.146 68.425
37.149 68.437
37.148 68.453
37.152 68.478
37.157 68.484
37.159 68.498
37.163 68.515
37.167 68.539
37.175 68.548
37.185 68.561
37.189 68.567
37.198 68.607
37.207 68.639
37.216 68.651
37.223 68.653
37.238 68.651
37.245 68.653
37.243 68.657
37.239 68.664
37.236 68.675
37.24 68.674
37.258 68.669
37.269 68.67
37.276 68.681
37.274 68.69
37.272 68.716
37.271 68.73
37.277 68.742
37.283 68.758
37.285 68.771
37.284 68.782
37.277 68.789
37.258 68.795
37.246 68.806
37.244 68.813
37.25 68.824
37.257 68.83
37.271 68.826
37.29 68.808
37.306 68.81
37.315 68.826
37.317 68.844
37.305 68.864
37.289 68.875
37.273 68.887
37.27 68.896
37.269 68.907
37.274 68.922
37.279 68.926
37.286 68.919
37.294 68.905
37.306 68.901
37.316 68.892
37.324 68.886
37.328 68.89
37.331 68.897
37.328 68.906
37.323 68.917
37.319 68.921
37.32 68.932
37.322 68.944
37.321 68.95
37.32 68.96
37.316 68.973
37.313 68.984
37.307 68.997
37.301 69.008
37.288 69.019
37.28 69.024
37.272 69.024
37.266 69.03
37.253 69.043
37.241 69.062
37.228 69.08
37.218 69.09
37.204 69.102
37.188 69.114
37.177 69.123
37.172 69.126
37.167 69.134
37.164 69.141
37.16 69.15
37.153 69.155
37.15 69.161
37.148 69.173
37.146 69.182
37.141 69.187
37.136 69.196
37.128 69.209
37.112 69.222
37.106 69.231
37.102 69.24
37.097 69.249
37.099 69.256
37.102 69.266
37.107 69.278
37.112 69.286
37.116 69.288
37.116 69.299
37.118 69.319
37.13 69.329
37.149 69.35
37.158 69.359
37.166 69.37
37.169 69.385
37.173 69.398
37.192 69.414
37.21 69.434
37.224 69.449
37.231 69.455
37.239 69.456
37.24 69.448
37.238 69.44
37.231 69.429
37.231 69.424
37.235 69.417
37.247 69.42
37.256 69.421
37.266 69.416
37.273 69.412
37.277 69.407
37.283 69.408
37.288 69.41
37.294 69.408
37.299 69.402
37.303 69.396
37.305 69.397
37.308 69.399
37.311 69.401
37.313 69.4
37.315 69.397
37.314 69.393
37.314 69.389
37.319 69.385
37.335 69.384
37.344 69.386
37.348 69.389
37.352 69.392
37.355 69.391
37.358 69.389
37.358 69.386
37.359 69.381
37.363 69.38
37.37 69.38
37.375 69.379
37.38 69.377
37.393 69.379
37.406 69.367
37.409 69.369
37.419 69.376
37.423 69.374
37.427 69.376
37.435 69.377
37.446 69.38
37.452 69.381
37.453 69.387
37.456 69.396
37.456 69.397
37.464 69.404
37.472 69.411
37.474 69.417
37.475 69.428
37.478 69.43
37.485 69.436
37.489 69.447
37.497 69.449
37.503 69.453
37.508 69.459
37.516 69.469
37.523 69.477
37.525 69.488
37.532 69.49
37.539 69.495
37.548 69.509
37.549 69.51
37.563 69.514
37.578 69.521
37.586 69.524
37.59 69.532
37.591 69.541
37.583 69.549
37.581 69.562
37.58 69.565
37.579 69.574
37.581 69.585
37.583 69.607
37.583 69.621
37.579 69.64
37.577 69.663
37.58 69.679
37.574 69.697
37.573 69.712
37.575 69.718
37.584 69.737
37.591 69.753
37.594 69.769
37.59 69.779
37.587 69.786
37.577 69.794
37.573 69.809
37.574 69.818
37.585 69.833
37.601 69.858
37.604 69.868
37.606 69.875
37.613 69.885
37.616 69.895
37.617 69.908
37.611 69.927
37.604 69.939
37.594 69.945
37.587 69.948
37.571 69.949
37.564 69.954
37.564 69.962
37.565 69.976
37.564 69.995
37.56 69.996
37.557 70
37.553 70.005
37.546 70.017
37.548 70.031
37.547 70.035
37.543 70.042
37.54 70.043
37.543 70.047
37.545 70.054
37.545 70.057
37.544 70.062
37.54 70.067
37.535 70.074
37.533 70.078
37.531 70.086
37.53 70.092
37.525 70.102
37.521 70.14
37.523 70.143
37.524 70.145
37.526 70.147
37.529 70.15
37.532 70.157
37.528 70.164
37.529 70.168
37.536 70.17
37.551 70.176
37.563 70.18
37.567 70.181
37.565 70.191
37.567 70.21
37.572 70.211
37.575 70.207
37.58 70.204
37.581 70.205
37.578 70.22
37.58 70.222
37.587 70.219
37.596 70.214
37.599 70.215
37.603 70.223
37.612 70.25
37.608 70.253
37.605 70.26
37.607 70.264
37.611 70.268
37.638 70.266
37.644 70.266
37.648 70.27
37.65 70.278
37.653 70.28
37.666 70.279
37.669 70.281
37.671 70.285
37.673 70.29
37.68 70.291
37.684 70.298
37.688 70.304
37.696 70.306
37.7 70.3
37.707 70.294
37.713 70.291
37.723 70.297
37.725 70.298
37.735 70.295
37.741 70.293
37.749 70.292
37.766 70.295
37.769 70.292
37.775 70.285
37.781 70.279
37.788 70.276
37.794 70.276
37.812 70.281
37.817 70.277
37.824 70.263
37.831 70.242
37.836 70.213
37.843 70.197
37.862 70.183
37.869 70.181
37.882 70.178
37.922 70.175
37.936 70.177
37.944 70.18
37.946 70.183
37.946 70.188
37.934 70.201
37.923 70.204
37.92 70.21
37.921 70.212
37.928 70.213
37.933 70.216
37.938 70.233
37.941 70.249
37.937 70.266
37.935 70.272
37.941 70.278
37.948 70.274
37.959 70.27
37.969 70.266
37.973 70.266
37.974 70.266
37.971 70.277
37.969 70.282
37.97 70.289
37.971 70.291
37.976 70.292
37.978 70.292
37.983 70.293
37.985 70.298
37.985 70.305
37.992 70.308
37.996 70.317
37.998 70.326
38.007 70.33
38.017 70.337
38.02 70.344
38.023 70.35
38.03 70.352
38.032 70.356
38.034 70.36
38.042 70.365
38.048 70.365
38.052 70.365
38.055 70.368
38.057 70.375
38.071 70.397
38.08 70.419
38.093 70.426
38.098 70.433
38.101 70.448
38.104 70.466
38.11 70.475
38.115 70.484
38.118 70.498
38.122 70.501
38.123 70.502
