segment Aleutian180
52.857 172.615
52.859 172.612
52.862 172.615
52.865 172.615
52.871 172.627
52.874 172.629
52.887 172.631
52.896 172.637
52.909 172.655
52.916 172.652
52.92 172.645
52.922 172.638
52.915 172.593
52.918 172.575
52.914 172.565
52.907 172.55
52.9 172.516
52.902 172.506
52.913 172.503
52.911 172.489
52.908 172.482
52.9 172.472
52.912 172.469
52.915 172.463
52.916 172.455
52.918 172.455
52.924 172.471
52.929 172.486
52.933 172.494
52.949 172.52
52.947 172.526
52.953 172.549
52.952 172.555
52.963 172.555
52.97 172.561
52.973 172.569
52.978 172.604
52.998 172.643
52.998 172.651
53 172.682
52.995 172.717
52.992 172.728
52.992 172.736
53.003 172.75
53.006 172.779
53.005 172.792
53 172.799
52.996 172.814
52.995 172.831
52.993 172.842
52.991 172.854
52.995 172.876
52.989 172.907
52.987 172.914
52.978 172.904
52.973 172.913
52.971 172.922
52.974 172.928
52.97 172.948
52.97 172.956
52.973 172.965
52.972 172.97
52.973 172.974
52.978 172.978
52.988 172.991
52.988 172.996
52.985 173.054
52.983 173.064
52.98 173.07
52.98 173.077
52.979 173.082
52.985 173.101
52.986 173.117
52.984 173.131
52.975 173.147
52.973 173.155
52.967 173.165
52.955 173.175
52.954 173.177
52.946 173.17
52.94 173.16
52.932 173.153
52.926 173.134
52.922 173.13
52.918 173.132
52.917 173.142
52.923 173.165
52.918 173.166
52.914 173.16
52.908 173.162
52.909 173.171
52.912 173.18
52.93 173.207
52.932 173.212
52.934 173.217
52.939 173.238
52.939 173.252
52.935 173.256
52.931 173.254
52.923 173.243
52.921 173.246
52.923 173.258
52.926 173.265
52.926 173.275
52.921 173.293
52.923 173.305
52.92 173.311
52.914 173.315
52.909 173.309
52.899 173.313
52.889 173.3
52.888 173.299
52.881 173.286
52.877 173.286
52.876 173.276
52.872 173.268
52.866 173.265
52.859 173.271
52.856 173.284
52.851 173.369
52.848 173.379
52.846 173.397
52.845 173.405
52.843 173.414
52.846 173.434
52.835 173.427
52.828 173.428
52.825 173.431
52.823 173.426
52.822 173.417
52.825 173.401
52.832 173.38
52.826 173.366
52.826 173.335
52.822 173.329
52.822 173.319
52.821 173.313
52.815 173.308
52.81 173.307
52.804 173.311
52.806 173.305
52.806 173.297
52.81 173.294
52.819 173.3
52.821 173.296
52.826 173.276
52.84 173.254
52.847 173.236
52.85 173.225
52.836 173.206
52.834 173.206
52.831 173.216
52.829 173.201
52.828 173.194
52.82 173.19
52.816 173.183
52.808 173.187
52.811 173.181
52.815 173.178
52.815 173.169
52.802 173.168
52.795 173.179
52.789 173.18
52.785 173.177
52.791 173.168
52.79 173.16
52.787 173.151
52.778 173.139
52.777 173.124
52.778 173.115
52.783 173.114
52.784 173.113
52.794 173.101
52.798 173.089
52.803 173.081
52.824 173.079
52.826 173.074
52.826 173.066
52.818 173.049
52.812 173.021
52.807 173.008
52.794 173.006
52.785 172.994
52.783 172.99
52.774 172.974
52.763 172.964
52.758 172.956
52.754 172.954
52.752 172.949
52.748 172.947
52.746 172.931
52.742 172.927
52.741 172.913
52.746 172.905
52.76 172.907
52.765 172.905
52.772 172.898
52.775 172.9
52.786 172.896
52.79 172.891
52.791 172.885
52.792 172.878
52.794 172.878
52.794 172.873
52.788 172.853
52.781 172.852
52.78 172.85
52.783 172.846
52.785 172.836
52.789 172.828
52.796 172.825
52.796 172.815
52.788 172.817
52.781 172.815
52.78 172.806
52.776 172.794
52.775 172.786
52.783 172.774
52.778 172.765
52.786 172.757
52.786 172.755
52.785 172.75
52.787 172.744
52.796 172.746
52.805 172.761
52.833 172.768
52.854 172.769
52.863 172.777
52.879 172.805
52.884 172.801
52.886 172.791
52.884 172.789
52.877 172.778
52.871 172.765
52.87 172.753
52.875 172.733
52.87 172.718
52.869 172.708
52.87 172.7
52.872 172.668
52.86 172.634
52.857 172.615
segment Aleutian180
52.771 173.865
52.77 173.877
52.772 173.882
52.768 173.887
52.766 173.904
52.763 173.907
52.76 173.92
52.749 173.942
52.748 173.943
52.744 173.937
52.748 173.921
52.747 173.897
52.751 173.893
52.756 173.88
52.761 173.872
52.766 173.871
52.768 173.866
52.771 173.865
segment Aleutian180
52.726 174.024
52.725 174.015
52.719 174.007
52.718 174.001
52.722 173.995
52.729 173.969
52.738 173.962
52.745 173.952
52.748 173.95
52.75 173.952
52.742 173.98
52.744 173.986
52.742 173.988
52.74 174.01
52.734 174.001
52.727 174.021
52.726 174.024
segment Aleutian180
52.73 174.069
52.726 174.078
52.727 174.084
52.735 174.085
52.739 174.096
52.739 174.101
52.736 174.105
52.736 174.113
52.729 174.119
52.729 174.134
52.722 174.149
52.709 174.159
52.705 174.158
52.702 174.155
52.706 174.108
52.71 174.094
52.717 174.065
52.718 174.062
52.728 174.066
52.73 174.069
segment Aleutian180
52.388 173.44
52.385 173.424
52.386 173.418
52.397 173.411
52.401 173.387
52.399 173.373
52.402 173.359
52.421 173.381
52.425 173.384
52.431 173.384
52.432 173.401
52.43 173.407
52.43 173.408
52.432 173.422
52.434 173.422
52.434 173.425
52.433 173.43
52.447 173.438
52.452 173.446
52.445 173.47
52.44 173.482
52.44 173.503
52.445 173.528
52.448 173.535
52.456 173.542
52.463 173.551
52.467 173.553
52.471 173.551
52.472 173.553
52.476 173.559
52.476 173.562
52.479 173.565
52.477 173.575
52.476 173.591
52.472 173.595
52.475 173.602
52.482 173.598
52.487 173.604
52.49 173.602
52.493 173.607
52.498 173.604
52.506 173.624
52.493 173.64
52.493 173.644
52.494 173.652
52.497 173.653
52.501 173.658
52.507 173.681
52.509 173.682
52.51 173.683
52.512 173.687
52.509 173.69
52.507 173.696
52.508 173.708
52.511 173.72
52.508 173.74
52.509 173.755
52.508 173.762
52.511 173.768
52.505 173.782
52.495 173.767
52.49 173.756
52.487 173.74
52.48 173.728
52.471 173.714
52.468 173.712
52.462 173.708
52.456 173.695
52.446 173.703
52.44 173.699
52.435 173.7
52.429 173.706
52.423 173.708
52.419 173.705
52.416 173.716
52.399 173.717
52.395 173.722
52.389 173.725
52.374 173.725
52.357 173.73
52.355 173.731
52.353 173.733
52.351 173.73
52.35 173.72
52.352 173.713
52.36 173.696
52.356 173.661
52.351 173.662
52.351 173.657
52.353 173.645
52.367 173.65
52.37 173.647
52.371 173.639
52.368 173.635
52.376 173.614
52.379 173.611
52.388 173.621
52.392 173.621
52.392 173.618
52.392 173.614
52.386 173.598
52.389 173.594
52.395 173.592
52.396 173.589
52.396 173.571
52.391 173.565
52.386 173.552
52.384 173.524
52.382 173.516
52.379 173.51
52.38 173.482
52.379 173.475
52.385 173.465
52.388 173.44
segment Aleutian180
52.372 175.875
52.371 175.886
52.372 175.914
52.366 175.934
52.368 175.945
52.364 175.963
52.36 175.966
52.356 175.978
52.354 175.976
52.351 175.965
52.335 175.948
52.332 175.942
52.333 175.932
52.331 175.909
52.333 175.905
52.335 175.898
52.344 175.891
52.357 175.887
52.359 175.878
52.372 175.875
segment Aleutian180
52.135 177.609
52.132 177.618
52.125 177.623
52.121 177.638
52.118 177.652
52.112 177.667
52.109 177.671
52.1 177.668
52.09 177.678
52.084 177.679
52.068 177.666
52.066 177.64
52.061 177.637
52.053 177.643
52.051 177.643
52.045 177.644
52.043 177.649
52.039 177.641
52.037 177.627
52.027 177.614
52.022 177.614
52.02 177.596
52.015 177.597
52.014 177.605
52.005 177.597
52.003 177.579
51.999 177.576
51.998 177.57
52.001 177.556
51.997 177.555
51.993 177.559
51.993 177.575
51.989 177.578
51.983 177.581
51.977 177.582
51.974 177.579
51.98 177.565
51.982 177.554
51.97 177.54
51.957 177.55
51.955 177.554
51.957 177.563
51.955 177.57
51.951 177.578
51.949 177.593
51.952 177.605
51.952 177.614
51.946 177.61
51.932 177.612
51.924 177.613
51.922 177.61
51.924 177.606
51.927 177.59
51.926 177.585
51.923 177.582
51.924 177.577
51.928 177.572
51.927 177.567
51.923 177.564
51.918 177.566
51.915 177.563
51.913 177.557
51.917 177.554
51.924 177.54
51.926 177.514
51.933 177.515
51.937 177.51
51.939 177.503
51.936 177.498
51.932 177.498
51.928 177.501
51.927 177.499
51.928 177.497
51.933 177.488
51.935 177.48
51.932 177.478
51.92 177.488
51.906 177.484
51.908 177.476
51.912 177.471
51.923 177.451
51.927 177.453
51.935 177.467
51.938 177.463
51.936 177.449
51.936 177.444
51.928 177.431
51.929 177.419
51.928 177.414
51.924 177.395
51.918 177.387
51.916 177.38
51.916 177.373
51.91 177.366
51.905 177.357
51.898 177.353
51.894 177.354
51.891 177.345
51.888 177.342
51.881 177.34
51.873 177.334
51.863 177.339
51.84 177.339
51.838 177.334
51.832 177.331
51.828 177.329
51.828 177.31
51.831 177.301
51.834 177.298
51.84 177.301
51.851 177.284
51.857 177.278
51.861 177.272
51.86 177.265
51.877 177.239
51.882 177.234
51.88 177.226
51.876 177.218
51.876 177.211
51.883 177.207
51.891 177.208
51.892 177.209
51.894 177.211
51.901 177.225
51.909 177.239
51.908 177.251
51.91 177.26
51.92 177.274
51.922 177.283
51.919 177.295
51.922 177.299
51.926 177.297
51.929 177.301
51.928 177.306
51.93 177.311
51.931 177.319
51.93 177.329
51.935 177.336
51.939 177.334
51.941 177.329
51.943 177.329
51.953 177.341
51.955 177.347
51.969 177.356
51.977 177.376
51.976 177.385
51.979 177.401
51.978 177.424
51.979 177.438
51.983 177.451
51.985 177.47
51.986 177.477
51.983 177.484
51.988 177.491
51.99 177.5
52.001 177.492
52.004 177.49
52.008 177.495
52.011 177.508
52.013 177.51
52.02 177.506
52.025 177.506
52.029 177.511
52.033 177.508
52.051 177.514
52.056 177.524
52.071 177.537
52.075 177.546
52.082 177.552
52.088 177.555
52.094 177.551
52.103 177.55
52.105 177.558
52.106 177.562
52.122 177.569
52.125 177.577
52.125 177.583
52.129 177.588
52.135 177.609
segment Aleutian180
52.051 178.151
52.042 178.158
52.035 178.171
52.035 178.181
52.032 178.186
52.028 178.184
52.016 178.187
52.009 178.184
52.002 178.19
51.998 178.19
51.99 178.175
51.99 178.152
51.985 178.14
51.992 178.128
51.994 178.12
51.996 178.109
51.996 178.103
51.997 178.098
52.002 178.1
52.024 178.099
52.032 178.095
52.039 178.099
52.043 178.104
52.044 178.111
52.044 178.114
52.038 178.125
52.046 178.119
52.049 178.119
52.05 178.122
52.051 178.125
52.048 178.128
52.049 178.137
52.047 178.143
52.051 178.151
segment Aleutian180
52.028 179.627
52.026 179.638
52.025 179.652
52.012 179.676
52.008 179.687
52.003 179.712
51.994 179.713
51.988 179.719
51.986 179.724
51.984 179.731
51.977 179.741
51.971 179.77
51.966 179.776
51.954 179.778
51.95 179.776
51.947 179.769
51.944 179.743
51.938 179.736
51.933 179.737
51.927 179.754
51.924 179.758
51.92 179.757
51.914 179.743
51.91 179.74
51.909 179.739
51.907 179.735
51.904 179.716
51.9 179.704
51.892 179.691
51.892 179.68
51.888 179.673
51.877 179.668
51.876 179.661
51.872 179.654
51.87 179.631
51.87 179.621
51.876 179.615
51.888 179.58
51.89 179.573
51.888 179.563
51.888 179.554
51.889 179.55
51.894 179.55
51.897 179.545
51.895 179.527
51.913 179.519
51.919 179.494
51.928 179.485
51.937 179.48
51.942 179.486
51.942 179.492
51.945 179.496
51.955 179.494
51.964 179.485
51.965 179.485
51.976 179.484
51.983 179.486
51.984 179.493
51.981 179.53
51.993 179.552
52.014 179.584
52.017 179.593
52.018 179.618
52.021 179.623
52.028 179.627
segment Aleutian180
51.944 178.442
51.948 178.448
51.951 178.467
51.955 178.47
51.96 178.469
51.968 178.461
51.977 178.456
51.978 178.457
51.977 178.465
51.978 178.466
51.985 178.463
51.985 178.486
51.984 178.497
51.986 178.507
51.98 178.525
51.972 178.564
51.97 178.574
51.958 178.595
51.952 178.593
51.947 178.595
51.938 178.583
51.929 178.58
51.92 178.555
51.904 178.541
51.904 178.533
51.9 178.524
51.898 178.506
51.903 178.499
51.905 178.493
51.906 178.491
51.914 178.488
51.926 178.478
51.928 178.463
51.931 178.466
51.933 178.459
51.937 178.462
51.939 178.459
51.939 178.45
51.944 178.442
segment Aleutian180
51.967 178.308
51.966 178.294
51.967 178.289
51.971 178.284
51.972 178.277
51.978 178.272
51.98 178.275
51.981 178.282
51.984 178.291
51.973 178.301
51.97 178.309
51.967 178.308
segment Aleutian180
51.973 177.641
51.972 177.652
51.966 177.648
51.96 177.65
51.956 177.68
51.95 177.716
51.947 177.713
51.945 177.699
51.948 177.695
51.949 177.69
51.943 177.677
51.942 177.665
51.943 177.657
51.947 177.652
51.948 177.635
51.951 177.628
51.953 177.626
51.957 177.621
51.965 177.628
51.969 177.637
51.973 177.641
segment Aleutian180
51.951 178.326
51.952 178.322
51.958 178.326
51.959 178.337
51.963 178.347
51.97 178.348
51.969 178.352
51.963 178.355
51.962 178.367
51.957 178.359
51.955 178.358
51.952 178.345
51.946 178.337
51.944 178.33
51.946 178.326
51.951 178.326
segment Aleutian180
51.835 178.217
51.829 178.24
51.825 178.243
51.821 178.273
51.822 178.278
51.822 178.295
51.819 178.3
51.819 178.311
51.817 178.321
51.814 178.326
51.81 178.318
51.807 178.321
51.807 178.338
51.804 178.346
51.797 178.352
51.793 178.36
51.788 178.359
51.783 178.363
51.782 178.364
51.775 178.378
51.766 178.389
51.763 178.386
51.767 178.383
51.773 178.371
51.771 178.363
51.768 178.338
51.77 178.326
51.774 178.314
51.784 178.302
51.792 178.299
51.794 178.295
51.793 178.291
51.799 178.289
51.807 178.279
51.808 178.27
51.809 178.261
51.813 178.261
51.814 178.258
51.815 178.239
51.822 178.23
51.826 178.229
51.828 178.217
51.835 178.217
segment Aleutian180
51.662 178.674
51.657 178.69
51.651 178.696
51.644 178.698
51.641 178.709
51.642 178.72
51.645 178.724
51.643 178.729
51.638 178.732
51.634 178.741
51.637 178.756
51.645 178.764
51.636 178.773
51.625 178.792
51.628 178.796
51.635 178.791
51.634 178.806
51.634 178.808
51.636 178.811
51.627 178.828
51.625 178.839
51.627 178.849
51.621 178.855
51.619 178.859
51.624 178.87
51.621 178.897
51.618 178.908
51.613 178.914
51.611 178.92
51.61 178.927
51.605 178.93
51.596 178.924
51.591 178.924
51.587 178.928
51.582 178.946
51.58 178.952
51.578 178.963
51.579 178.968
51.585 178.978
51.586 178.985
51.584 178.99
51.581 178.996
51.577 178.997
51.574 179
51.57 178.998
51.567 179.001
51.554 179.005
51.551 179.009
51.547 179.021
51.543 179.027
51.534 179.029
51.525 179.041
51.524 179.058
51.519 179.068
51.516 179.071
51.503 179.083
51.492 179.097
51.485 179.11
51.485 179.121
51.481 179.132
51.468 179.157
51.466 179.164
51.466 179.174
51.465 179.183
51.468 179.194
51.455 179.2
51.45 179.194
51.447 179.203
51.444 179.207
51.441 179.22
51.433 179.228
51.428 179.223
51.425 179.223
51.423 179.234
51.421 179.237
51.416 179.238
51.414 179.248
51.409 179.255
51.409 179.272
51.415 179.284
51.419 179.308
51.415 179.308
51.41 179.303
51.402 179.284
51.399 179.281
51.395 179.282
51.395 179.284
51.393 179.293
51.396 179.324
51.405 179.348
51.407 179.363
51.405 179.371
51.403 179.375
51.403 179.381
51.405 179.387
51.411 179.394
51.412 179.398
51.408 179.408
51.4 179.407
51.388 179.41
51.384 179.41
51.386 179.424
51.385 179.433
51.385 179.443
51.382 179.45
51.378 179.454
51.375 179.471
51.371 179.472
51.371 179.465
51.367 179.46
51.365 179.454
51.367 179.445
51.361 179.424
51.36 179.392
51.362 179.386
51.367 179.387
51.373 179.396
51.376 179.395
51.376 179.39
51.371 179.364
51.369 179.354
51.361 179.333
51.36 179.327
51.363 179.323
51.364 179.312
51.362 179.295
51.362 179.286
51.356 179.269
51.358 179.264
51.353 179.256
51.35 179.246
51.355 179.223
51.363 179.215
51.378 179.222
51.379 179.226
51.382 179.237
51.386 179.222
51.392 179.21
51.393 179.194
51.396 179.177
51.399 179.172
51.402 179.175
51.407 179.168
51.412 179.168
51.425 179.127
51.437 179.103
51.444 179.095
51.445 179.094
51.445 179.083
51.456 179.059
51.461 179.056
51.466 179.057
51.468 179.049
51.474 179.045
51.475 179.039
51.48 179.042
51.489 179.031
51.49 179.025
51.502 179.018
51.505 179.003
51.509 178.997
51.518 178.976
51.52 178.973
51.527 178.975
51.529 178.976
51.534 178.965
51.541 178.959
51.547 178.933
51.542 178.923
51.555 178.905
51.559 178.904
51.561 178.888
51.567 178.892
51.567 178.885
51.562 178.873
51.563 178.863
51.565 178.858
51.571 178.86
51.576 178.854
51.58 178.841
51.579 178.84
51.576 178.837
51.577 178.818
51.576 178.807
51.572 178.798
51.572 178.793
51.58 178.773
51.589 178.77
51.585 178.75
51.592 178.726
51.59 178.715
51.59 178.707
51.594 178.706
51.599 178.71
51.602 178.697
51.609 178.689
51.609 178.687
51.609 178.683
51.619 178.67
51.617 178.662
51.622 178.637
51.63 178.641
51.634 178.637
51.636 178.63
51.639 178.628
51.643 178.648
51.647 178.653
51.657 178.656
51.659 178.66
51.662 178.674
