segment Cambodia
9.922 104.018
9.923 104.015
9.927 104.015
9.929 104.018
9.93 104.023
9.928 104.024
9.925 104.024
9.922 104.018
segment Cambodia
9.91 102.946
9.912 102.942
9.92 102.932
9.929 102.933
9.921 102.941
9.919 102.945
9.917 102.953
9.913 102.956
9.911 102.953
9.91 102.946
segment Cambodia
9.906 102.919
9.911 102.912
9.915 102.9
9.919 102.897
9.926 102.9
9.924 102.902
9.925 102.906
9.915 102.911
9.913 102.921
9.91 102.923
9.906 102.919
segment Cambodia
9.312 103.52
9.313 103.516
9.318 103.515
9.324 103.516
9.321 103.52
9.317 103.521
9.312 103.52
segment Cambodia
9.283 103.465
9.287 103.462
9.289 103.463
9.291 103.463
9.297 103.467
9.301 103.464
9.301 103.456
9.303 103.452
9.306 103.454
9.31 103.461
9.315 103.466
9.317 103.473
9.316 103.476
9.315 103.483
9.318 103.492
9.316 103.495
9.313 103.495
9.31 103.496
9.307 103.495
9.306 103.493
9.302 103.49
9.3 103.486
9.296 103.483
9.295 103.479
9.289 103.476
9.283 103.465
segment Cambodia
11.518 103.031
11.52 103.03
11.527 103.031
11.533 103.037
11.53 103.039
11.518 103.033
11.518 103.031
segment Cambodia
11.52 103
11.52 103.005
11.52 103.011
11.521 103.016
11.521 103.019
11.517 103.023
11.511 103.019
11.507 103.03
11.5 103.036
11.494 103.028
11.495 103.038
11.493 103.039
11.486 103.03
11.484 103.03
11.485 103.032
11.487 103.037
11.487 103.04
11.476 103.046
11.474 103.047
11.477 103.044
11.48 103.039
11.479 103.029
11.48 103.027
11.479 103.022
11.475 103.02
11.473 103.023
11.473 103.029
11.476 103.035
11.474 103.039
11.469 103.043
11.454 103.046
11.449 103.042
11.45 103.033
11.446 103.035
11.444 103.041
11.441 103.044
11.429 103.034
11.427 103.029
11.422 103.026
11.419 103.02
11.424 103.015
11.428 103.013
11.453 103.015
11.468 103.011
11.484 103.001
11.487 103
11.499 102.994
11.511 102.99
11.515 102.99
11.52 102.997
11.52 103
segment Cambodia
11.478 103.061
11.479 103.05
11.483 103.047
11.501 103.042
11.504 103.042
11.503 103.046
11.493 103.057
11.486 103.078
11.478 103.07
11.478 103.061
segment Cambodia
11.458 103.081
11.462 103.087
11.468 103.084
11.469 103.086
11.469 103.088
11.46 103.096
11.457 103.1
11.458 103.105
11.457 103.106
11.454 103.098
11.458 103.081
segment Cambodia
11.446 103.051
11.449 103.05
11.455 103.053
11.459 103.057
11.462 103.063
11.461 103.068
11.459 103.074
11.457 103.075
11.454 103.074
11.448 103.07
11.446 103.051
segment Cambodia
11.439 103.09
11.435 103.086
11.436 103.082
11.443 103.09
11.443 103.092
11.445 103.095
11.444 103.096
11.441 103.094
11.439 103.09
segment Cambodia
11.425 103.068
11.429 103.066
11.429 103.063
11.434 103.061
11.434 103.056
11.441 103.057
11.438 103.071
11.435 103.074
11.425 103.068
segment Cambodia
11.423 103.053
11.424 103.049
11.428 103.047
11.431 103.048
11.433 103.052
11.431 103.057
11.427 103.058
11.424 103.056
11.423 103.053
segment Cambodia
11.249 103
11.252 102.998
11.252 102.995
11.254 102.994
11.258 102.996
11.268 102.995
11.267 102.99
11.271 102.985
11.273 102.985
11.273 102.99
11.278 102.988
11.282 102.989
11.287 102.987
11.293 102.99
11.296 102.989
11.302 102.986
11.311 102.992
11.317 102.994
11.332 102.991
11.352 102.98
11.368 102.985
11.375 102.98
11.393 102.975
11.41 102.979
11.413 102.981
11.422 102.986
11.413 102.991
11.407 102.992
11.406 102.995
11.411 103
11.416 103.006
11.416 103.015
11.411 103.019
11.388 103.029
11.378 103.036
11.372 103.037
11.355 103.03
11.349 103.029
11.346 103.029
11.339 103.032
11.331 103.043
11.328 103.044
11.319 103.041
11.308 103.044
11.301 103.044
11.293 103.041
11.287 103.042
11.282 103.041
11.278 103.035
11.275 103.034
11.267 103.035
11.264 103.032
11.251 103.029
11.245 103.026
11.242 103.022
11.241 103.018
11.242 103.013
11.246 103.009
11.246 103.004
11.249 103
segment Cambodia
10.969 103.067
10.972 103.066
10.977 103.07
10.98 103.076
10.979 103.08
10.976 103.081
10.973 103.079
10.972 103.074
10.97 103.071
10.969 103.067
segment Cambodia
10.951 103.054
10.951 103.05
10.953 103.047
10.958 103.051
10.959 103.056
10.956 103.057
10.951 103.054
segment Cambodia
10.922 103.072
10.925 103.071
10.935 103.073
10.941 103.079
10.941 103.082
10.93 103.078
10.922 103.072
segment Cambodia
10.885 103.088
10.885 103.083
10.884 103.069
10.887 103.068
10.903 103.072
10.903 103.075
10.897 103.082
10.895 103.086
10.889 103.091
10.885 103.088
segment Cambodia
10.816 103.179
10.83 103.168
10.831 103.17
10.829 103.179
10.833 103.187
10.831 103.19
10.826 103.191
10.821 103.199
10.818 103.194
10.818 103.187
10.816 103.179
segment Cambodia
10.799 103.199
10.801 103.195
10.804 103.197
10.805 103.202
10.803 103.208
10.799 103.199
segment Cambodia
10.764 103.252
10.761 103.25
10.753 103.256
10.738 103.258
10.731 103.256
10.728 103.256
10.717 103.266
10.718 103.269
10.723 103.273
10.72 103.278
10.722 103.285
10.713 103.291
10.709 103.296
10.703 103.293
10.698 103.297
10.698 103.298
10.701 103.303
10.709 103.307
10.709 103.312
10.707 103.315
10.695 103.316
10.685 103.311
10.683 103.303
10.677 103.3
10.676 103.297
10.679 103.291
10.678 103.287
10.663 103.273
10.658 103.273
10.65 103.267
10.65 103.264
10.652 103.26
10.66 103.258
10.676 103.259
10.683 103.257
10.695 103.251
10.703 103.245
10.707 103.234
10.701 103.226
10.7 103.221
10.701 103.218
10.715 103.205
10.72 103.206
10.723 103.204
10.734 103.204
10.737 103.201
10.737 103.196
10.735 103.194
10.731 103.188
10.731 103.186
10.735 103.185
10.75 103.192
10.764 103.193
10.769 103.196
10.77 103.202
10.765 103.21
10.764 103.223
10.767 103.227
10.776 103.233
10.777 103.242
10.772 103.255
10.769 103.257
10.767 103.256
10.764 103.252
segment Cambodia
10.624 103.297
10.626 103.295
10.63 103.296
10.635 103.3
10.635 103.303
10.629 103.305
10.625 103.302
10.624 103.297
segment Cambodia
10.619 103.481
10.626 103.474
10.631 103.476
10.629 103.481
10.629 103.488
10.627 103.489
10.62 103.485
10.619 103.481
segment Cambodia
10.539 103.322
10.542 103.313
10.544 103.312
10.555 103.31
10.559 103.306
10.565 103.302
10.565 103.295
10.566 103.294
10.572 103.296
10.578 103.289
10.586 103.284
10.606 103.279
10.611 103.281
10.619 103.288
10.62 103.293
10.615 103.299
10.616 103.303
10.622 103.31
10.622 103.314
10.62 103.318
10.614 103.317
10.61 103.322
10.607 103.323
10.604 103.321
10.605 103.317
10.602 103.313
10.603 103.306
10.602 103.305
10.601 103.302
10.597 103.302
10.59 103.31
10.584 103.306
10.58 103.308
10.575 103.313
10.572 103.321
10.572 103.324
10.575 103.328
10.587 103.33
10.589 103.332
10.588 103.334
10.581 103.335
10.575 103.339
10.572 103.338
10.563 103.328
10.544 103.326
10.539 103.322
segment Cambodia
10.603 103.429
10.605 103.424
10.604 103.411
10.605 103.41
10.61 103.413
10.612 103.419
10.612 103.423
10.61 103.429
10.607 103.432
10.603 103.429
segment Cambodia
10.518 103.544
10.522 103.544
10.527 103.545
10.532 103.55
10.529 103.552
10.527 103.551
10.518 103.544
segment Cambodia
10.476 103.746
10.478 103.749
10.493 103.752
10.504 103.751
10.513 103.748
10.517 103.748
10.518 103.752
10.513 103.779
10.509 103.787
10.504 103.793
10.497 103.795
10.484 103.796
10.471 103.796
10.462 103.798
10.458 103.797
10.454 103.792
10.451 103.782
10.446 103.779
10.445 103.777
10.44 103.77
10.447 103.766
10.448 103.761
10.465 103.75
10.469 103.745
10.472 103.736
10.479 103.736
10.479 103.738
10.476 103.744
10.476 103.746
segment Cambodia
10.474 103.602
10.478 103.596
10.477 103.59
10.484 103.585
10.486 103.585
10.487 103.589
10.49 103.591
10.494 103.588
10.5 103.58
10.503 103.58
10.506 103.584
10.504 103.599
10.501 103.601
10.498 103.601
10.486 103.608
10.481 103.609
10.481 103.606
10.478 103.603
10.475 103.603
10.474 103.602
segment Cambodia
10.487 103.567
10.488 103.564
10.493 103.559
10.495 103.552
10.496 103.552
10.498 103.555
10.499 103.562
10.495 103.568
10.492 103.569
10.487 103.567
segment Cambodia
10.428 104.326
10.432 104.317
10.435 104.322
10.443 104.324
10.443 104.326
10.437 104.332
10.434 104.334
10.428 104.326
segment Cambodia
10.403 103.805
10.406 103.801
10.414 103.799
10.416 103.795
10.415 103.785
10.417 103.784
10.42 103.783
10.426 103.789
10.432 103.787
10.435 103.789
10.436 103.792
10.429 103.806
10.428 103.816
10.426 103.821
10.424 103.82
10.423 103.817
10.419 103.815
10.418 103.811
10.417 103.808
10.412 103.806
10.405 103.808
10.403 103.805
segment Cambodia
10.374 102.967
10.374 102.956
10.376 102.956
10.379 102.958
10.38 102.971
10.378 102.972
10.374 102.967
segment Cambodia
10.273 103.148
10.274 103.146
10.283 103.144
10.291 103.138
10.293 103.136
10.294 103.131
10.298 103.125
10.304 103.122
10.308 103.122
10.312 103.129
10.324 103.131
10.325 103.134
10.318 103.138
10.316 103.141
10.317 103.148
10.315 103.149
10.311 103.139
10.307 103.138
10.299 103.14
10.29 103.145
10.281 103.155
10.275 103.154
10.275 103.15
10.273 103.148
segment Cambodia
14.52 106.477
14.522 106.473
14.531 106.464
14.539 106.461
14.547 106.464
14.549 106.468
14.563 106.494
14.568 106.502
14.574 106.507
14.581 106.513
14.585 106.52
14.588 106.533
14.581 106.542
14.567 106.553
14.519 106.572
14.515 106.573
14.502 106.566
14.499 106.567
14.496 106.571
14.495 106.58
14.499 106.594
14.497 106.6
14.496 106.6
14.491 106.609
14.49 106.615
14.487 106.617
14.478 106.616
14.474 106.617
14.456 106.625
14.451 106.632
14.438 106.634
14.444 106.646
14.446 106.652
14.443 106.663
14.431 106.678
14.428 106.689
14.426 106.702
14.418 106.709
14.417 106.714
14.418 106.717
14.424 106.723
14.429 106.73
14.428 106.736
14.422 106.743
14.404 106.753
14.388 106.757
14.381 106.761
14.365 106.775
14.332 106.802
14.321 106.808
14.309 106.82
14.306 106.834
14.292 106.841
14.287 106.846
14.286 106.855
14.288 106.857
14.302 106.862
14.309 106.867
14.314 106.875
14.315 106.88
14.311 106.888
14.31 106.895
14.327 106.899
14.33 106.905
14.328 106.917
14.323 106.927
14.309 106.959
14.308 106.968
14.312 106.973
14.318 106.978
14.328 106.979
14.33 106.979
14.335 106.976
14.342 106.976
14.349 106.982
14.353 106.991
14.352 106.996
14.354 106.999
14.364 107.006
14.377 107.012
14.379 107.014
14.389 107.021
14.408 107.044
14.417 107.048
14.429 107.047
14.44 107.042
14.438 107.053
14.434 107.067
14.414 107.08
14.398 107.085
14.394 107.087
14.389 107.092
14.388 107.114
14.391 107.121
14.398 107.127
14.406 107.133
14.411 107.139
14.409 107.149
14.413 107.154
14.413 107.165
14.416 107.174
14.42 107.178
14.428 107.182
14.436 107.194
14.445 107.198
14.472 107.206
14.48 107.211
14.483 107.215
14.482 107.221
14.478 107.23
14.477 107.248
14.48 107.256
14.485 107.261
14.51 107.259
14.529 107.264
14.539 107.269
14.539 107.272
14.535 107.281
14.543 107.286
14.571 107.292
14.578 107.297
14.583 107.305
14.584 107.322
14.584 107.335
14.582 107.342
14.57 107.355
14.558 107.365
14.546 107.368
14.539 107.373
14.532 107.383
14.535 107.398
14.533 107.406
14.527 107.415
14.52 107.432
14.52 107.443
14.524 107.45
14.528 107.453
14.538 107.447
14.542 107.448
14.551 107.455
14.554 107.459
14.571 107.462
14.583 107.46
14.588 107.464
14.588 107.465
14.594 107.469
14.594 107.468
14.603 107.465
14.609 107.466
14.609 107.467
14.617 107.475
14.62 107.482
14.62 107.497
14.625 107.501
14.638 107.506
14.644 107.517
14.648 107.521
14.661 107.528
14.674 107.53
14.682 107.537
14.686 107.541
14.686 107.545
14.685 107.555
14.664 107.557
14.656 107.557
14.647 107.553
14.627 107.558
14.617 107.557
14.61 107.549
14.603 107.546
14.595 107.531
14.592 107.526
14.583 107.524
14.549 107.533
14.539 107.533
14.515 107.523
14.504 107.514
14.491 107.515
14.464 107.504
14.445 107.503
14.43 107.495
14.418 107.493
14.41 107.493
14.403 107.49
14.4 107.486
14.399 107.478
14.401 107.468
14.415 107.45
14.397 107.447
14.383 107.443
14.374 107.433
14.372 107.428
14.361 107.419
14.352 107.413
14.341 107.411
14.318 107.395
14.313 107.395
14.308 107.398
14.302 107.4
14.295 107.407
14.274 107.412
14.265 107.412
14.249 107.406
14.235 107.407
14.229 107.405
14.21 107.397
14.203 107.389
14.188 107.382
14.178 107.38
14.178 107.37
14.176 107.367
14.167 107.363
14.156 107.361
14.14 107.349
14.119 107.341
14.111 107.339
14.107 107.342
14.097 107.357
14.095 107.363
14.081 107.374
14.075 107.373
14.059 107.365
14.052 107.366
14.043 107.373
14.029 107.365
14.025 107.363
14.018 107.365
14.011 107.368
13.999 107.38
13.992 107.39
13.994 107.409
13.992 107.415
13.992 107.419
13.996 107.431
13.996 107.448
13.989 107.45
13.982 107.453
13.979 107.458
13.976 107.459
13.968 107.46
13.937 107.456
13.931 107.457
13.922 107.463
13.918 107.47
13.916 107.474
13.913 107.475
13.906 107.475
13.892 107.474
13.886 107.472
13.881 107.47
13.874 107.463
13.868 107.46
13.863 107.461
13.859 107.466
13.853 107.475
13.85 107.477
13.842 107.473
13.834 107.465
13.833 107.465
13.827 107.462
13.818 107.459
13.807 107.464
13.791 107.455
13.788 107.456
13.783 107.461
13.776 107.473
13.772 107.494
13.754 107.522
13.748 107.529
13.737 107.536
13.717 107.544
13.688 107.554
13.66 107.57
13.643 107.579
13.627 107.58
13.614 107.583
13.598 107.59
13.582 107.594
13.562 107.602
13.543 107.609
13.516 107.618
13.482 107.622
13.409 107.625
13.385 107.627
13.366 107.628
13.357 107.626
13.317 107.61
13.305 107.606
13.288 107.599
13.27 107.592
13.222 107.573
13.194 107.56
13.173 107.551
13.147 107.541
13.118 107.532
13.057 107.509
13.028 107.496
13.013 107.494
13.009 107.493
13.001 107.495
12.986 107.503
12.975 107.506
12.969 107.505
12.967 107.503
12.965 107.492
12.954 107.491
12.954 107.489
12.948 107.489
12.939 107.492
12.928 107.498
12.922 107.497
12.911 107.503
12.905 107.499
12.891 107.497
12.873 107.506
12.867 107.511
12.865 107.516
12.852 107.52
12.848 107.526
12.844 107.528
12.835 107.534
12.831 107.542
12.82 107.553
12.81 107.557
12.789 107.565
12.778 107.561
12.771 107.564
12.762 107.562
12.746 107.563
12.739 107.567
12.733 107.566
12.732 107.566
12.726 107.568
12.715 107.563
12.71 107.563
12.692 107.572
12.682 107.579
12.671 107.581
12.666 107.58
12.661 107.575
12.651 107.571
12.643 107.574
12.635 107.574
12.627 107.578
12.62 107.579
12.618 107.58
12.611 107.585
12.587 107.589
12.564 107.585
12.556 107.591
12.553 107.592
12.541 107.582
12.535 107.579
12.528 107.578
12.517 107.568
12.513 107.567
12.505 107.573
12.503 107.574
12.498 107.576
12.489 107.583
12.485 107.583
12.476 107.58
12.463 107.569
12.447 107.567
12.439 107.565
12.432 107.561
12.418 107.558
12.408 107.549
12.391 107.551
12.378 107.553
12.369 107.557
12.363 107.551
12.345 107.546
12.335 107.532
12.331 107.528
12.329 107.522
12.326 107.52
12.32 107.511
12.311 107.494
12.31 107.487
12.306 107.481
12.302 107.473
12.296 107.466
12.293 107.454
12.29 107.449
12.279 107.446
12.26 107.445
12.249 107.44
12.246 107.434
12.244 107.422
12.247 107.413
12.25 107.408
12.263 107.401
12.277 107.396
12.283 107.39
12.289 107.384
12.303 107.377
12.326 107.35
12.325 107.345
12.321 107.338
12.315 107.288
12.317 107.274
12.306 107.263
12.301 107.25
12.294 107.238
12.294 107.232
12.292 107.213
12.289 107.199
12.285 107.19
12.277 107.182
12.275 107.177
12.274 107.164
12.271 107.157
12.267 107.153
12.244 107.148
12.236 107.141
12.232 107.141
12.23 107.144
12.227 107.144
12.225 107.14
12.221 107.129
12.206 107.109
12.201 107.104
12.177 107.094
12.177 107.09
12.181 107.084
12.181 107.081
12.177 107.078
12.171 107.076
12.166 107.078
12.165 107.081
12.161 107.082
12.158 107.08
12.157 107.072
12.157 107.065
12.154 107.063
12.146 107.059
12.144 107.057
12.136 107.055
12.131 107.049
12.121 107.035
12.116 107.031
12.119 107.023
12.112 107.022
12.113 107.014
12.11 107.011
12.105 107.015
12.104 107.014
12.104 107.007
12.098 107.006
12.096 107
12.092 107
12.089 106.999
12.089 106.998
12.077 106.968
12.069 106.948
12.062 106.938
12.06 106.919
12.06 106.915
12.062 106.907
12.061 106.896
12.067 106.88
12.067 106.877
12.067 106.874
12.067 106.868
12.062 106.859
12.063 106.852
12.068 106.844
12.068 106.837
12.075 106.825
12.075 106.795
12.071 106.792
12.071 106.787
12.067 106.784
12.057 106.781
12.052 106.775
12.044 106.772
12.038 106.769
12.031 106.763
12.02 106.759
12.015 106.752
12.013 106.75
12.006 106.752
12.001 106.749
11.989 106.74
11.983 106.731
11.969 106.722
11.964 106.708
11.965 106.701
11.964 106.698
11.964 106.691
11.965 106.69
11.983 106.658
11.976 106.652
11.969 106.658
11.965 106.661
11.961 106.659
11.963 106.654
11.968 106.648
11.969 106.644
11.96 106.641
11.96 106.636
11.965 106.633
11.971 106.635
11.972 106.629
11.972 106.617
11.971 106.603
11.97 106.59
11.97 106.555
11.968 106.537
11.975 106.53
11.976 106.521
11.973 106.514
11.969 106.511
11.956 106.505
11.952 106.499
11.952 106.49
11.955 106.484
11.96 106.48
11.972 106.475
11.979 106.47
11.982 106.463
11.982 106.448
11.98 106.441
11.979 106.441
11.971 106.438
11.97 106.433
11.972 106.418
11.935 106.436
11.892 106.459
11.882 106.463
11.867 106.467
11.863 106.463
11.864 106.458
11.863 106.45
11.859 106.449
11.856 106.446
11.845 106.443
11.825 106.45
11.811 106.443
11.807 106.439
11.791 106.434
11.777 106.423
11.771 106.42
11.769 106.419
11.762 106.42
11.753 106.423
11.742 106.424
11.728 106.43
11.708 106.443
11.693 106.453
11.681 106.455
11.67 106.454
11.667 106.449
11.667 106.442
11.673 106.428
11.7 106.388
11.698 106.382
11.698 106.378
11.683 106.345
11.672 106.307
11.722 106.266
11.73 106.242
11.732 106.227
11.73 106.218
11.737 106.203
11.753 106.193
11.751 106.186
11.74 106.162
11.748 106.11
11.754 106.103
11.772 106.086
11.775 106.062
11.775 106.037
11.77 106.029
11.76 106.02
11.747 106.015
11.723 106.012
11.703 106.003
11.69 105.987
11.663 105.981
11.651 105.972
11.642 105.959
11.641 105.951
11.647 105.939
11.666 105.907
11.674 105.894
11.675 105.889
11.673 105.876
11.664 105.862
11.658 105.851
11.646 105.841
11.627 105.836
11.622 105.834
11.62 105.831
11.619 105.824
11.617 105.816
11.609 105.816
11.598 105.811
11.583 105.815
11.578 105.819
11.571 105.819
11.569 105.821
11.561 105.842
11.561 105.862
11.549 105.877
11.535 105.883
11.522 105.884
11.52 105.884
11.499 105.88
11.484 105.885
11.475 105.881
11.464 105.879
11.456 105.879
11.452 105.882
11.448 105.886
11.444 105.897
11.436 105.901
11.424 105.897
11.4 105.882
11.383 105.88
11.376 105.879
11.371 105.88
11.368 105.883
11.365 105.887
11.358 105.887
11.341 105.881
11.329 105.877
11.316 105.872
11.294 105.872
11.291 105.874
11.288 105.88
11.288 105.9
11.283 105.908
11.274 105.913
11.264 105.914
11.246 105.913
11.237 105.915
11.225 105.921
11.205 105.941
11.197 105.955
11.195 105.963
11.196 105.978
11.192 105.987
11.19 105.995
11.19 105.999
11.191 106.007
11.187 106.013
11.182 106.015
11.178 106.018
11.165 106.02
11.149 106.022
11.14 106.03
11.128 106.051
11.118 106.062
11.1 106.073
11.098 106.079
11.097 106.091
11.088 106.1
11.073 106.107
11.071 106.11
11.071 106.115
11.074 106.118
11.085 106.127
11.091 106.136
11.098 106.149
11.098 106.156
11.093 106.163
11.089 106.167
11.077 106.177
11.062 106.183
11.058 106.186
11.044 106.191
11.031 106.193
11.029 106.193
11.008 106.199
10.999 106.202
10.984 106.208
10.978 106.207
10.974 106.203
10.97 106.187
10.971 106.178
10.976 106.166
10.979 106.16
10.976 106.15
10.968 106.146
10.948 106.15
10.934 106.153
10.912 106.146
10.906 106.148
10.871 106.175
10.846 106.189
10.834 106.191
10.829 106.193
10.808 106.192
10.795 106.193
10.79 106.192
10.805 106.173
10.808 106.166
10.807 106.125
10.806 106.095
10.806 106.088
10.812 106.073
10.823 106.053
10.832 106.038
10.863 106.002
10.866 105.999
10.874 105.991
10.897 105.971
10.903 105.954
10.899 105.953
10.884 105.958
10.878 105.954
10.876 105.949
10.871 105.947
10.869 105.94
10.86 105.932
10.851 105.933
10.844 105.939
10.837 105.934
10.835 105.929
10.841 105.905
10.849 105.886
10.851 105.878
10.86 105.86
10.865 105.858
10.872 105.86
10.886 105.868
10.891 105.869
10.906 105.864
10.923 105.852
10.934 105.844
10.956 105.821
10.976 105.807
10.998 105.794
11.011 105.787
11.021 105.781
11.026 105.778
11.026 105.772
11.023 105.77
11.021 105.764
11.022 105.738
11.02 105.724
11.013 105.711
10.995 105.693
10.981 105.659
10.968 105.614
10.966 105.606
10.956 105.555
10.95 105.545
10.948 105.521
10.945 105.508
10.95 105.501
10.945 105.496
10.944 105.491
10.955 105.48
10.959 105.473
10.958 105.47
10.958 105.468
10.952 105.456
10.953 105.451
10.962 105.441
10.966 105.434
10.966 105.43
10.963 105.426
10.957 105.423
10.937 105.416
10.923 105.405
10.914 105.391
10.91 105.385
10.904 105.382
10.898 105.379
10.898 105.374
10.896 105.372
10.887 105.369
10.883 105.362
10.877 105.361
10.872 105.357
10.865 105.361
10.855 105.36
10.85 105.357
10.853 105.345
10.862 105.332
10.872 105.315
10.873 105.31
10.878 105.297
10.886 105.286
10.888 105.278
10.893 105.269
10.892 105.255
10.892 105.242
10.901 105.216
10.906 105.205
10.913 105.184
10.919 105.163
10.919 105.147
10.917 105.123
10.917 105.112
10.92 105.109
10.926 105.109
10.932 105.118
10.943 105.124
10.949 105.123
10.955 105.119
10.956 105.11
10.951 105.09
10.949 105.087
10.937 105.084
10.934 105.081
10.931 105.067
10.928 105.061
10.914 105.057
10.911 105.049
10.906 105.048
10.896 105.045
10.892 105.038
10.879 105.034
10.867 105.04
10.841 105.055
10.827 105.063
10.817 105.065
10.8 105.062
10.789 105.063
10.777 105.069
10.77 105.081
10.763 105.089
10.753 105.094
10.727 105.099
10.718 105.098
10.711 105.093
10.707 105.087
10.677 105.028
10.67 105.018
10.661 105
10.65 104.979
10.628 104.95
10.615 104.938
10.56 104.907
10.546 104.899
10.531 104.884
10.525 104.876
10.522 104.863
10.52 104.771
10.521 104.754
10.532 104.713
10.535 104.697
10.539 104.655
10.527 104.642
10.526 104.611
10.529 104.607
10.528 104.599
10.531 104.597
10.53 104.593
10.523 104.586
10.516 104.584
10.507 104.583
10.503 104.579
10.503 104.576
10.5 104.573
10.495 104.566
10.463 104.552
10.463 104.553
10.453 104.544
10.448 104.535
10.447 104.529
10.442 104.522
10.434 104.516
10.423 104.512
10.41 104.503
10.409 104.499
10.416 104.494
10.426 104.489
10.428 104.485
10.426 104.464
10.424 104.454
10.421 104.445
10.426 104.441
10.432 104.431
10.442 104.429
10.444 104.426
10.451 104.424
10.447 104.419
10.448 104.407
10.45 104.395
10.454 104.387
10.458 104.382
10.462 104.38
10.483 104.367
10.495 104.354
10.496 104.349
10.495 104.342
10.491 104.334
10.484 104.325
10.474 104.304
10.478 104.291
10.481 104.289
10.494 104.289
10.503 104.288
10.521 104.285
10.543 104.273
10.545 104.27
10.55 104.267
10.555 104.259
10.566 104.249
10.57 104.248
10.571 104.242
10.565 104.235
10.564 104.227
10.567 104.214
10.56 104.215
10.556 104.214
10.558 104.202
10.556 104.198
10.546 104.185
10.54 104.183
10.543 104.176
10.542 104.176
10.543 104.173
10.562 104.168
10.579 104.174
10.59 104.175
10.591 104.172
10.576 104.169
10.567 104.165
10.561 104.157
10.561 104.152
10.563 104.143
10.562 104.134
10.557 104.12
10.549 104.109
10.547 104.102
10.547 104.091
10.55 104.084
10.547 104.075
10.548 104.069
10.548 104.05
10.555 104.036
10.56 104.03
10.562 104.02
10.567 104.013
10.568 104.004
10.587 103.961
10.587 103.951
10.587 103.944
10.589 103.938
10.601 103.922
10.615 103.915
10.63 103.91
10.64 103.903
10.645 103.904
10.651 103.903
10.651 103.9
10.655 103.896
10.656 103.889
10.661 103.883
10.66 103.881
10.656 103.879
10.653 103.871
10.652 103.868
10.654 103.865
10.654 103.856
10.648 103.856
10.619 103.866
10.614 103.864
10.602 103.854
10.59 103.846
10.543 103.818
10.541 103.817
10.537 103.812
10.539 103.8
10.536 103.789
10.536 103.776
10.531 103.768
10.533 103.752
10.539 103.742
10.541 103.736
10.543 103.733
10.546 103.733
10.553 103.733
10.556 103.732
10.557 103.728
10.557 103.721
10.559 103.714
10.568 103.703
10.57 103.698
10.576 103.692
10.577 103.686
10.579 103.68
10.582 103.679
10.586 103.677
10.591 103.674
10.586 103.673
10.583 103.673
10.579 103.675
10.574 103.68
10.574 103.684
10.573 103.688
10.572 103.691
10.568 103.693
10.567 103.698
10.564 103.702
10.558 103.706
10.551 103.712
10.543 103.723
10.536 103.729
10.532 103.734
10.528 103.738
10.523 103.74
10.518 103.74
10.508 103.738
10.499 103.733
10.496 103.73
10.497 103.726
10.505 103.71
10.505 103.695
10.507 103.689
10.506 103.678
10.499 103.675
10.499 103.66
10.496 103.658
10.495 103.652
10.493 103.646
10.488 103.643
10.488 103.635
10.49 103.63
10.496 103.625
10.497 103.616
10.501 103.614
10.515 103.612
10.531 103.617
10.548 103.609
10.558 103.598
10.559 103.594
10.556 103.588
10.553 103.585
10.549 103.581
10.54 103.573
10.539 103.569
10.542 103.567
10.551 103.566
10.573 103.554
10.598 103.533
10.602 103.529
10.604 103.522
10.609 103.516
10.608 103.512
10.602 103.507
10.602 103.505
10.601 103.504
10.608 103.504
10.611 103.502
10.618 103.494
10.623 103.492
10.633 103.501
10.641 103.504
10.643 103.514
10.646 103.517
10.655 103.522
10.665 103.524
10.668 103.529
10.678 103.535
10.679 103.54
10.684 103.544
10.698 103.546
10.705 103.548
10.715 103.546
10.717 103.548
10.717 103.552
10.719 103.559
10.723 103.561
10.723 103.568
10.73 103.573
10.739 103.582
10.739 103.587
10.732 103.594
10.734 103.615
10.735 103.616
10.743 103.621
10.742 103.628
10.736 103.638
10.741 103.651
10.741 103.655
10.739 103.66
10.743 103.683
10.747 103.677
10.75 103.667
10.752 103.664
10.758 103.662
10.761 103.659
10.765 103.659
10.768 103.663
10.767 103.666
10.773 103.67
10.798 103.672
10.806 103.676
10.811 103.684
10.817 103.686
10.822 103.702
10.824 103.705
10.84 103.714
10.855 103.72
10.864 103.716
10.877 103.715
10.892 103.709
10.902 103.708
10.916 103.704
10.934 103.695
10.942 103.695
10.943 103.69
10.946 103.687
10.955 103.685
10.967 103.679
10.993 103.661
10.997 103.66
11.021 103.665
11.027 103.664
11.046 103.655
11.051 103.656
11.052 103.658
11.055 103.662
11.056 103.667
11.062 103.667
11.062 103.666
11.065 103.661
11.074 103.66
11.077 103.658
11.078 103.651
11.083 103.644
11.086 103.634
11.087 103.632
11.084 103.616
11.087 103.609
11.086 103.601
11.089 103.594
11.099 103.591
11.114 103.581
11.132 103.572
11.143 103.566
11.152 103.555
11.163 103.552
11.166 103.54
11.166 103.534
11.164 103.529
11.165 103.515
11.174 103.504
11.177 103.497
11.168 103.502
11.163 103.503
11.157 103.501
11.149 103.49
11.143 103.485
11.142 103.483
11.143 103.481
11.155 103.484
11.158 103.481
11.158 103.478
11.154 103.462
11.151 103.465
11.151 103.475
11.149 103.477
11.123 103.471
11.118 103.467
11.113 103.457
11.1 103.446
11.094 103.438
11.094 103.445
11.1 103.466
11.099 103.469
11.095 103.47
11.088 103.468
11.072 103.454
11.064 103.449
11.046 103.448
11.002 103.428
10.983 103.425
10.981 103.423
10.979 103.423
10.956 103.412
10.947 103.411
10.925 103.42
10.909 103.421
10.892 103.427
10.887 103.427
10.889 103.418
10.888 103.409
10.881 103.403
10.878 103.401
10.874 103.389
10.877 103.378
10.877 103.374
10.877 103.369
10.871 103.363
10.87 103.359
10.862 103.354
10.864 103.352
10.877 103.35
10.886 103.345
10.893 103.339
10.899 103.329
10.899 103.323
10.903 103.32
10.903 103.317
10.91 103.311
10.909 103.306
10.912 103.291
10.914 103.288
10.919 103.289
10.92 103.285
10.926 103.278
10.916 103.279
10.917 103.253
10.912 103.244
10.904 103.239
10.899 103.231
10.891 103.228
10.89 103.219
10.885 103.215
10.88 103.207
10.878 103.208
10.878 103.215
10.875 103.215
10.873 103.196
10.86 103.18
10.855 103.179
10.856 103.173
10.871 103.159
10.871 103.153
10.869 103.148
10.862 103.147
10.859 103.145
10.862 103.13
10.866 103.125
10.87 103.123
10.871 103.127
10.874 103.131
10.879 103.132
10.889 103.13
10.897 103.125
10.904 103.118
10.913 103.101
10.921 103.1
10.93 103.095
10.931 103.099
10.938 103.099
10.943 103.096
10.945 103.097
10.951 103.1
10.958 103.109
10.962 103.111
10.966 103.109
10.992 103.112
11.006 103.107
11.018 103.109
11.031 103.103
11.033 103.103
11.036 103.107
11.048 103.099
11.055 103.096
11.058 103.096
11.07 103.097
11.072 103.095
11.075 103.089
11.079 103.093
11.08 103.097
11.074 103.103
11.077 103.107
11.1 103.117
11.118 103.117
11.137 103.112
11.14 103.113
11.141 103.114
11.141 103.122
11.136 103.127
11.139 103.127
11.142 103.125
11.146 103.12
11.146 103.112
11.15 103.109
11.191 103.094
11.217 103.081
11.219 103.078
11.219 103.067
11.212 103.059
11.212 103.056
11.211 103.054
11.215 103.05
11.219 103.049
11.224 103.051
11.231 103.061
11.232 103.066
11.236 103.067
11.25 103.064
11.255 103.066
11.258 103.07
11.265 103.072
11.274 103.069
11.278 103.07
11.281 103.074
11.28 103.088
11.278 103.089
11.278 103.094
11.288 103.097
11.293 103.096
11.294 103.097
11.294 103.099
11.295 103.106
11.304 103.12
11.312 103.122
11.307 103.129
11.307 103.136
11.31 103.142
11.31 103.145
11.298 103.145
11.292 103.148
11.29 103.155
11.297 103.151
11.312 103.149
11.322 103.143
11.337 103.136
11.339 103.138
11.345 103.137
11.346 103.13
11.34 103.109
11.344 103.101
11.346 103.1
11.351 103.095
11.364 103.089
11.396 103.087
11.4 103.091
11.406 103.088
11.418 103.079
11.415 103.076
11.418 103.072
11.421 103.071
11.427 103.074
11.431 103.079
11.431 103.083
11.43 103.088
11.44 103.096
11.441 103.101
11.443 103.102
11.449 103.113
11.458 103.115
11.466 103.11
11.462 103.106
11.461 103.102
11.464 103.098
11.475 103.093
11.474 103.087
11.477 103.084
11.481 103.088
11.486 103.089
11.492 103.076
11.497 103.072
11.498 103.058
11.501 103.054
11.504 103.052
11.508 103.053
11.519 103.065
11.519 103.062
11.513 103.052
11.517 103.048
11.522 103.042
11.524 103.042
11.526 103.046
11.53 103.044
11.546 103.042
11.548 103.044
11.54 103.048
11.538 103.052
11.543 103.053
11.549 103.049
11.552 103.049
11.559 103.055
11.561 103.055
11.561 103.052
11.556 103.047
11.562 103.043
11.574 103.046
11.581 103.046
11.582 103.048
11.579 103.058
11.588 103.048
11.588 103.045
11.585 103.043
11.576 103.041
11.59 103.037
11.597 103.03
11.594 103.029
11.586 103.034
11.561 103.037
11.546 103.038
11.542 103.033
11.549 103.021
11.542 103.015
11.541 103.007
11.546 103.002
11.551 103
11.556 103
11.559 103
11.563 103
11.563 102.999
11.554 102.994
11.553 102.996
11.546 102.997
11.546 102.993
11.545 102.987
11.539 102.989
11.538 102.991
11.535 102.992
11.534 102.989
11.533 102.989
11.528 102.984
11.528 102.968
11.532 102.965
11.538 102.965
11.544 102.961
11.544 102.959
11.538 102.962
11.536 102.961
11.536 102.96
11.545 102.955
11.551 102.954
11.554 102.956
11.566 102.97
11.562 102.974
11.56 102.978
11.557 102.978
11.552 102.975
11.553 102.981
11.556 102.991
11.559 102.99
11.561 102.983
11.566 102.979
11.568 102.975
11.57 102.974
11.589 102.98
11.596 102.981
11.594 102.967
11.591 102.964
11.587 102.966
11.577 102.964
11.573 102.961
11.569 102.961
11.565 102.956
11.567 102.953
11.581 102.949
11.587 102.944
11.588 102.938
11.595 102.936
11.604 102.931
11.609 102.933
11.606 102.936
11.606 102.939
11.608 102.94
11.611 102.939
11.623 102.933
11.63 102.928
11.628 102.924
11.636 102.92
11.649 102.923
11.657 102.923
11.68 102.919
11.696 102.915
11.708 102.917
11.727 102.916
11.733 102.918
11.746 102.917
11.761 102.912
11.777 102.904
11.779 102.901
11.785 102.894
11.791 102.89
11.798 102.89
11.801 102.883
11.805 102.878
11.812 102.87
11.821 102.868
11.824 102.86
11.829 102.853
11.835 102.85
11.857 102.842
11.878 102.83
11.886 102.828
11.893 102.829
11.907 102.827
11.916 102.82
11.922 102.819
11.928 102.818
11.933 102.817
11.946 102.806
11.951 102.803
11.96 102.802
11.972 102.79
11.98 102.784
11.988 102.783
11.999 102.782
12.002 102.782
12.01 102.782
12.016 102.785
12.028 102.78
12.048 102.781
12.057 102.777
12.075 102.764
12.089 102.756
12.096 102.748
12.104 102.744
12.117 102.741
12.13 102.729
12.154 102.719
12.173 102.716
12.184 102.719
12.203 102.724
12.216 102.725
12.223 102.727
12.238 102.727
12.247 102.725
12.253 102.726
12.262 102.731
12.277 102.736
12.292 102.739
12.305 102.74
12.324 102.742
12.348 102.744
12.358 102.742
12.369 102.745
12.381 102.755
12.387 102.766
12.389 102.779
12.397 102.788
12.406 102.792
12.416 102.793
12.437 102.793
12.45 102.788
12.459 102.78
12.46 102.774
12.458 102.766
12.459 102.76
12.461 102.752
12.47 102.741
12.476 102.737
12.49 102.732
12.506 102.731
12.517 102.726
12.524 102.719
12.534 102.699
12.54 102.692
12.544 102.681
12.552 102.674
12.552 102.672
12.557 102.67
12.568 102.663
12.577 102.654
12.581 102.65
12.592 102.647
12.603 102.643
12.609 102.63
12.618 102.613
12.642 102.587
12.648 102.575
12.649 102.567
12.649 102.552
12.654 102.53
12.666 102.517
12.668 102.516
12.693 102.506
12.699 102.507
12.703 102.509
12.713 102.518
12.716 102.518
12.725 102.513
12.736 102.513
12.748 102.526
12.752 102.527
12.766 102.534
12.772 102.535
12.781 102.535
12.804 102.539
12.812 102.545
12.814 102.543
12.814 102.537
12.816 102.535
12.82 102.521
12.823 102.519
12.826 102.518
12.832 102.519
12.836 102.52
12.843 102.514
12.85 102.504
12.858 102.509
12.865 102.516
12.871 102.516
12.884 102.515
12.896 102.51
12.903 102.505
12.925 102.501
12.938 102.495
12.947 102.49
12.954 102.5
12.961 102.505
12.965 102.502
12.968 102.496
12.973 102.491
12.974 102.486
12.981 102.493
12.983 102.501
12.99 102.506
12.996 102.511
12.996 102.514
12.995 102.519
13 102.532
13.002 102.517
13.017 102.5
13.018 102.499
13.027 102.493
13.039 102.486
13.05 102.483
13.079 102.466
13.079 102.463
13.082 102.456
13.082 102.442
13.085 102.438
13.099 102.434
13.116 102.421
13.122 102.419
13.128 102.42
13.133 102.42
13.139 102.416
13.146 102.407
13.149 102.405
13.172 102.395
13.189 102.394
13.206 102.388
13.223 102.379
13.229 102.381
13.237 102.379
13.243 102.371
13.258 102.367
13.263 102.363
13.298 102.352
13.303 102.355
13.305 102.358
13.308 102.359
13.319 102.356
13.334 102.351
13.344 102.351
13.35 102.354
13.368 102.358
13.385 102.36
13.398 102.365
13.418 102.365
13.434 102.366
13.454 102.361
13.467 102.362
13.485 102.365
13.498 102.366
13.501 102.366
13.507 102.363
13.515 102.354
13.535 102.347
13.538 102.343
13.543 102.34
13.552 102.344
13.557 102.349
13.561 102.362
13.569 102.365
13.575 102.371
13.569 102.379
13.568 102.388
13.568 102.389
13.563 102.403
13.563 102.409
13.566 102.416
13.566 102.424
13.564 102.428
13.559 102.434
13.558 102.44
13.558 102.453
13.562 102.477
13.566 102.481
13.566 102.492
13.565 102.501
13.567 102.511
13.567 102.512
13.566 102.519
13.562 102.533
13.566 102.544
13.572 102.553
13.577 102.568
13.584 102.576
13.598 102.588
13.601 102.594
13.602 102.616
13.606 102.627
13.611 102.622
13.616 102.605
13.62 102.599
13.625 102.597
13.632 102.578
13.637 102.573
13.652 102.56
13.653 102.558
13.655 102.558
13.659 102.559
13.669 102.563
13.676 102.568
13.68 102.574
13.682 102.577
13.684 102.58
13.69 102.586
13.695 102.59
13.697 102.595
13.698 102.602
13.7 102.609
13.705 102.62
13.712 102.629
13.723 102.65
13.741 102.683
13.753 102.7
13.755 102.707
13.764 102.728
13.769 102.733
13.773 102.734
13.787 102.733
13.796 102.735
13.799 102.737
13.817 102.746
13.848 102.766
13.876 102.777
13.898 102.78
13.901 102.783
13.911 102.784
13.923 102.788
13.932 102.795
13.935 102.798
13.942 102.805
13.952 102.817
13.982 102.847
13.99 102.858
13.998 102.867
14 102.874
14.002 102.881
14.005 102.891
14.015 102.91
14.02 102.914
14.021 102.914
14.028 102.907
14.04 102.908
14.054 102.902
14.077 102.908
14.082 102.907
14.087 102.908
14.092 102.912
14.099 102.923
14.105 102.927
14.114 102.93
14.122 102.929
14.127 102.931
14.136 102.936
14.144 102.944
14.148 102.945
14.165 102.941
14.178 102.942
14.19 102.954
14.193 102.961
14.201 102.961
14.202 102.971
14.203 102.988
14.208 102.999
14.211 103
14.216 103.007
14.226 103.023
14.249 103.041
14.262 103.05
14.275 103.064
14.284 103.078
14.293 103.093
14.303 103.114
14.314 103.137
14.318 103.148
14.322 103.164
14.328 103.182
14.33 103.187
14.324 103.231
14.325 103.236
14.337 103.257
14.346 103.272
14.348 103.299
14.352 103.317
14.351 103.326
14.349 103.332
14.353 103.34
14.351 103.357
14.347 103.374
14.35 103.391
14.352 103.4
14.359 103.405
14.367 103.409
14.37 103.416
14.379 103.422
14.386 103.436
14.386 103.44
14.375 103.444
14.366 103.452
14.362 103.462
14.362 103.469
14.369 103.478
14.384 103.49
14.385 103.497
14.397 103.515
14.399 103.522
14.409 103.533
14.412 103.549
14.42 103.559
14.42 103.582
14.42 103.588
14.405 103.61
14.397 103.622
14.397 103.629
14.405 103.65
14.413 103.66
14.416 103.661
14.43 103.657
14.438 103.659
14.44 103.663
14.434 103.7
14.429 103.706
14.407 103.706
14.388 103.705
14.383 103.707
14.378 103.714
14.378 103.742
14.373 103.752
14.373 103.764
14.364 103.774
14.363 103.779
14.365 103.798
14.361 103.804
14.352 103.816
14.351 103.83
14.353 103.833
14.361 103.839
14.369 103.846
14.367 103.854
14.341 103.882
14.338 103.889
14.334 103.906
14.333 103.916
14.327 103.926
14.328 103.935
14.334 103.94
14.34 103.942
14.348 103.944
14.345 103.961
14.347 103.974
14.35 103.986
14.35 103.995
14.352 103.999
14.354 104.005
14.345 104.011
14.338 104.017
14.333 104.024
14.334 104.029
14.337 104.037
14.338 104.052
14.342 104.069
14.345 104.084
14.348 104.093
14.365 104.107
14.367 104.111
14.37 104.112
14.371 104.124
14.369 104.136
14.366 104.146
14.357 104.146
14.353 104.148
14.352 104.175
14.371 104.175
14.381 104.19
14.397 104.199
14.401 104.206
14.397 104.212
14.392 104.218
14.386 104.214
14.381 104.215
14.37 104.228
14.369 104.234
14.368 104.238
14.375 104.247
14.393 104.26
14.395 104.265
14.394 104.285
14.39 104.301
14.383 104.31
14.372 104.322
14.365 104.336
14.366 104.348
14.369 104.356
14.367 104.382
14.372 104.399
14.365 104.406
14.363 104.428
14.36 104.437
14.356 104.446
14.354 104.457
14.35 104.464
14.344 104.47
14.343 104.474
14.345 104.477
14.352 104.483
14.362 104.487
14.366 104.492
14.37 104.508
14.369 104.517
14.355 104.534
14.349 104.549
14.35 104.559
14.352 104.57
14.354 104.578
14.36 104.584
14.36 104.585
14.377 104.592
14.385 104.599
14.398 104.621
14.409 104.634
14.421 104.646
14.423 104.653
14.416 104.657
14.402 104.663
14.397 104.667
14.393 104.674
14.393 104.683
14.398 104.69
14.42 104.707
14.427 104.713
14.428 104.721
14.418 104.728
14.407 104.729
14.398 104.736
14.406 104.742
14.406 104.759
14.41 104.765
14.421 104.773
14.424 104.787
14.434 104.798
14.434 104.805
14.427 104.821
14.406 104.842
14.402 104.849
14.403 104.853
14.408 104.86
14.416 104.877
14.415 104.882
14.401 104.9
14.389 104.929
14.38 104.949
14.379 104.956
14.386 104.979
14.376 104.992
14.373 104.998
14.37 105
14.368 105.001
14.362 105.001
14.348 105.001
14.345 105
14.337 104.998
14.328 104.997
14.32 104.998
14.315 104.996
14.312 104.997
14.306 104.998
14.302 105
14.301 105.001
14.298 105.001
14.296 105.005
14.28 105.014
14.272 105.018
14.263 105.024
14.251 105.026
14.239 105.027
14.231 105.031
14.222 105.041
14.214 105.052
14.208 105.072
14.207 105.086
14.208 105.098
14.216 105.12
14.224 105.135
14.228 105.139
14.244 105.155
14.25 105.158
14.258 105.151
14.274 105.158
14.285 105.162
14.292 105.165
14.306 105.179
14.313 105.181
14.329 105.176
14.334 105.178
14.337 105.183
14.337 105.191
14.342 105.2
14.341 105.208
14.337 105.213
14.336 105.213
14.332 105.211
14.313 105.208
14.299 105.213
14.278 105.21
14.269 105.211
14.262 105.217
14.257 105.226
14.239 105.245
14.225 105.253
14.224 105.254
14.223 105.258
14.204 105.262
14.196 105.27
14.182 105.273
14.174 105.279
14.17 105.283
14.172 105.298
14.162 105.304
14.163 105.312
14.162 105.32
14.151 105.328
14.145 105.33
14.14 105.329
14.139 105.33
14.137 105.337
14.135 105.339
14.129 105.342
14.102 105.367
14.1 105.391
14.101 105.398
14.111 105.409
14.11 105.415
14.104 105.419
14.104 105.427
14.106 105.444
14.101 105.447
14.102 105.458
14.12 105.491
14.127 105.5
14.129 105.506
14.13 105.515
14.132 105.52
14.148 105.541
14.151 105.545
14.158 105.558
14.157 105.562
14.156 105.564
14.149 105.57
14.142 105.578
14.136 105.586
14.136 105.591
14.138 105.592
14.147 105.587
14.146 105.594
14.143 105.599
14.143 105.605
14.139 105.61
14.127 105.615
14.13 105.621
14.128 105.629
14.119 105.635
14.106 105.639
14.099 105.644
14.098 105.648
14.098 105.649
14.108 105.653
14.111 105.662
14.116 105.659
14.117 105.662
14.097 105.693
14.087 105.704
14.087 105.708
14.099 105.717
14.105 105.724
14.106 105.727
14.097 105.738
14.094 105.743
14.085 105.777
14.087 105.784
14.084 105.791
14.079 105.792
14.061 105.79
14.037 105.793
14.024 105.796
14.02 105.799
14.017 105.806
14.011 105.816
14.008 105.822
14.004 105.827
13.999 105.833
13.969 105.867
13.951 105.887
13.933 105.904
13.93 105.913
13.925 105.932
13.924 105.944
13.926 105.953
13.926 105.958
13.925 105.971
13.925 105.975
13.921 105.986
13.922 105.986
13.927 106
13.931 106.008
13.931 106.028
13.926 106.051
13.92 106.074
13.91 106.096
13.91 106.103
13.914 106.108
13.928 106.11
13.943 106.111
13.955 106.108
13.984 106.105
13.991 106.11
13.997 106.125
14.001 106.133
14.009 106.135
14.013 106.14
14.013 106.147
14.014 106.15
14.016 106.158
14.02 106.166
14.021 106.17
14.027 106.175
14.037 106.18
14.049 106.183
14.063 106.18
14.081 106.153
14.094 106.139
14.105 106.132
14.123 106.125
14.143 106.114
14.162 106.111
14.173 106.107
14.178 106.103
14.182 106.095
14.189 106.09
14.194 106.083
14.2 106.06
14.203 106.055
14.21 106.052
14.232 106.035
14.239 106.033
14.248 106.031
14.271 106.037
14.285 106.035
14.303 106.027
14.309 106.022
14.314 106.002
14.317 106.001
14.328 106
14.345 105.999
14.348 105.999
14.358 106
14.362 106.003
14.363 106.007
14.362 106.011
14.353 106.019
14.346 106.026
14.338 106.038
14.337 106.046
14.34 106.052
14.34 106.057
14.336 106.066
14.345 106.071
14.345 106.076
14.335 106.082
14.341 106.087
14.365 106.095
14.367 106.099
14.358 106.112
14.355 106.12
14.356 106.13
14.359 106.142
14.359 106.149
14.35 106.163
14.346 106.174
14.345 106.186
14.347 106.193
14.356 106.204
14.36 106.221
14.379 106.23
14.394 106.238
14.404 106.241
14.416 106.241
14.426 106.245
14.431 106.253
14.439 106.255
14.458 106.248
14.478 106.252
14.482 106.255
14.483 106.258
14.479 106.263
14.469 106.267
14.473 106.278
14.472 106.279
14.464 106.295
14.448 106.3
14.447 106.304
14.443 106.309
14.437 106.322
14.436 106.337
14.442 106.355
14.449 106.369
14.45 106.38
14.448 106.388
14.448 106.389
14.446 106.403
14.448 106.416
14.455 106.421
14.458 106.423
14.47 106.425
14.474 106.43
14.48 106.439
14.485 106.442
14.5 106.433
14.508 106.432
14.513 106.436
14.515 106.442
14.514 106.452
14.508 106.471
14.508 106.479
14.51 106.481
14.513 106.481
14.52 106.477
segment Cambodia
9.985 104.01
9.996 104.01
9.995 104.012
9.989 104.016
9.986 104.015
9.985 104.01
segment Cambodia
9.966 104.024
9.97 104.018
9.974 104.016
9.979 104.017
9.981 104.019
9.978 104.021
9.977 104.025
9.972 104.025
9.967 104.027
9.966 104.024
segment Cambodia
9.937 104.022
9.941 104.019
9.942 104.013
9.944 104.01
9.949 104.012
9.963 104.012
9.963 104.015
9.959 104.021
9.955 104.023
9.947 104.022
9.942 104.025
9.937 104.022
