segment Georgia Country
42.539 45.393
42.541 45.4
42.542 45.406
42.543 45.418
42.543 45.431
42.542 45.445
42.541 45.456
42.541 45.472
42.541 45.488
42.541 45.503
42.542 45.513
42.546 45.528
42.55 45.54
42.55 45.557
42.549 45.57
42.546 45.577
42.535 45.591
42.528 45.602
42.516 45.63
42.507 45.66
42.491 45.695
42.485 45.709
42.484 45.712
42.486 45.741
42.486 45.751
42.481 45.761
42.474 45.768
42.466 45.772
42.456 45.775
42.446 45.775
42.436 45.773
42.427 45.766
42.386 45.731
42.379 45.728
42.372 45.726
42.353 45.731
42.344 45.731
42.331 45.724
42.328 45.727
42.32 45.74
42.316 45.743
42.311 45.744
42.305 45.745
42.301 45.742
42.297 45.735
42.291 45.714
42.289 45.702
42.287 45.696
42.287 45.69
42.287 45.683
42.283 45.673
42.283 45.666
42.288 45.66
42.29 45.654
42.291 45.647
42.289 45.641
42.285 45.637
42.252 45.624
42.231 45.613
42.219 45.606
42.215 45.608
42.211 45.613
42.21 45.62
42.208 45.625
42.204 45.63
42.195 45.642
42.193 45.652
42.189 45.665
42.185 45.674
42.177 45.691
42.174 45.7
42.17 45.706
42.159 45.728
42.151 45.74
42.141 45.745
42.14 45.751
42.136 45.757
42.131 45.765
42.126 45.769
42.12 45.784
42.118 45.795
42.113 45.803
42.111 45.809
42.11 45.818
42.112 45.828
42.114 45.837
42.113 45.85
42.11 45.862
42.107 45.872
42.102 45.884
42.09 45.903
42.088 45.907
42.082 45.908
42.07 45.907
42.062 45.909
42.055 45.913
42.05 45.918
42.045 45.924
42.041 45.925
42.034 45.927
42.031 45.931
42.026 45.94
42.025 45.947
42.029 45.954
42.033 45.962
42.04 45.972
42.041 45.979
42.039 45.987
42.037 45.997
42.04 46.005
42.042 46.015
42.041 46.019
42.037 46.022
42.027 46.024
42.024 46.026
42.023 46.03
42.023 46.037
42.025 46.042
42.03 46.048
42.035 46.054
42.041 46.06
42.039 46.068
42.035 46.073
42.019 46.075
42.012 46.077
42.004 46.082
41.996 46.092
41.991 46.103
41.993 46.109
41.996 46.111
42.003 46.113
42.012 46.114
42.018 46.118
42.019 46.122
42.018 46.128
42.015 46.133
41.989 46.165
41.987 46.177
41.988 46.192
41.99 46.203
41.998 46.218
42.002 46.226
42.003 46.236
42.002 46.241
41.999 46.246
41.991 46.249
41.981 46.259
41.96 46.29
41.952 46.296
41.95 46.304
41.947 46.308
41.944 46.31
41.939 46.309
41.937 46.309
41.936 46.325
41.939 46.329
41.944 46.331
41.952 46.332
41.956 46.336
41.957 46.342
41.955 46.346
41.948 46.353
41.945 46.359
41.947 46.363
41.958 46.373
41.96 46.378
41.96 46.382
41.958 46.384
41.948 46.386
41.939 46.385
41.925 46.389
41.92 46.391
41.907 46.419
41.906 46.418
41.88 46.415
41.867 46.41
41.851 46.399
41.845 46.393
41.832 46.377
41.827 46.361
41.816 46.339
41.786 46.296
41.78 46.29
41.774 46.288
41.773 46.288
41.768 46.29
41.757 46.291
41.745 46.288
41.719 46.272
41.71 46.273
41.668 46.251
41.655 46.248
41.644 46.251
41.633 46.258
41.623 46.275
41.608 46.269
41.598 46.298
41.592 46.303
41.587 46.306
41.578 46.301
41.567 46.304
41.56 46.308
41.556 46.311
41.552 46.316
41.545 46.322
41.542 46.325
41.528 46.338
41.519 46.341
41.505 46.338
41.499 46.342
41.493 46.352
41.483 46.386
41.475 46.411
41.471 46.413
41.461 46.413
41.46 46.416
41.459 46.439
41.456 46.445
41.45 46.454
41.438 46.462
41.433 46.47
41.423 46.489
41.42 46.504
41.415 46.521
41.41 46.537
41.403 46.561
41.402 46.562
41.398 46.564
41.396 46.571
41.392 46.587
41.391 46.594
41.388 46.595
41.386 46.599
41.389 46.6
41.393 46.603
41.393 46.606
41.389 46.609
41.386 46.609
41.382 46.606
41.378 46.607
41.378 46.612
41.38 46.617
41.377 46.619
41.374 46.621
41.373 46.626
41.38 46.63
41.378 46.635
41.373 46.638
41.369 46.636
41.365 46.633
41.363 46.628
41.363 46.624
41.36 46.621
41.357 46.62
41.356 46.628
41.356 46.632
41.352 46.638
41.354 46.64
41.357 46.643
41.361 46.642
41.367 46.643
41.369 46.644
41.368 46.649
41.362 46.652
41.352 46.651
41.348 46.648
41.347 46.651
41.348 46.656
41.347 46.659
41.343 46.659
41.338 46.658
41.335 46.658
41.334 46.665
41.335 46.671
41.337 46.676
41.335 46.68
41.333 46.682
41.33 46.678
41.326 46.679
41.322 46.682
41.316 46.68
41.311 46.684
41.306 46.69
41.303 46.692
41.299 46.689
41.298 46.692
41.297 46.716
41.291 46.721
41.287 46.721
41.283 46.717
41.279 46.707
41.268 46.697
41.264 46.691
41.244 46.69
41.23 46.673
41.223 46.669
41.217 46.662
41.205 46.651
41.195 46.654
41.188 46.659
41.182 46.662
41.18 46.658
41.168 46.658
41.166 46.652
41.158 46.649
41.128 46.651
41.119 46.643
41.112 46.643
41.108 46.638
41.094 46.646
41.079 46.639
41.072 46.632
41.066 46.626
41.062 46.627
41.057 46.624
41.065 46.612
41.063 46.595
41.062 46.568
41.056 46.55
41.05 46.534
41.048 46.518
41.044 46.495
41.039 46.467
41.052 46.449
41.065 46.43
41.076 46.422
41.084 46.42
41.091 46.414
41.092 46.411
41.091 46.407
41.086 46.402
41.088 46.394
41.088 46.388
41.088 46.384
41.086 46.377
41.087 46.373
41.096 46.368
41.1 46.363
41.104 46.346
41.112 46.34
41.121 46.318
41.126 46.314
41.129 46.303
41.14 46.273
41.157 46.262
41.176 46.245
41.175 46.237
41.177 46.225
41.184 46.197
41.185 46.189
41.183 46.153
41.186 46.146
41.19 46.14
41.205 46.121
41.202 46.103
41.182 46.095
41.176 46.082
41.181 46.066
41.183 46.053
41.181 46.028
41.183 46.005
41.181 45.996
41.179 45.976
41.18 45.963
41.18 45.953
41.18 45.944
41.191 45.918
41.206 45.897
41.215 45.874
41.221 45.857
41.223 45.845
41.223 45.821
41.225 45.806
41.23 45.787
41.236 45.777
41.242 45.767
41.25 45.745
41.258 45.731
41.265 45.717
41.279 45.703
41.293 45.691
41.304 45.68
41.31 45.676
41.313 45.677
41.318 45.68
41.318 45.685
41.324 45.69
41.332 45.695
41.336 45.701
41.34 45.705
41.342 45.71
41.343 45.718
41.343 45.731
41.344 45.736
41.347 45.738
41.35 45.737
41.357 45.728
41.361 45.721
41.367 45.715
41.367 45.709
41.357 45.688
41.358 45.681
41.36 45.671
41.373 45.644
41.375 45.633
41.374 45.616
41.37 45.597
41.372 45.589
41.374 45.581
41.378 45.575
41.382 45.57
41.397 45.566
41.403 45.563
41.406 45.562
41.41 45.55
41.416 45.515
41.421 45.496
41.426 45.487
41.43 45.481
41.445 45.464
41.448 45.457
41.448 45.449
41.448 45.441
41.449 45.437
41.435 45.421
41.429 45.413
41.426 45.407
41.425 45.399
41.426 45.392
41.437 45.367
41.449 45.345
41.461 45.331
41.467 45.317
41.468 45.307
41.466 45.3
41.463 45.293
41.46 45.289
41.461 45.281
41.459 45.274
41.459 45.266
41.459 45.261
41.453 45.254
41.435 45.246
41.433 45.237
41.429 45.231
41.425 45.223
41.419 45.216
41.417 45.214
41.412 45.206
41.411 45.201
41.41 45.192
41.408 45.179
41.405 45.172
41.399 45.165
41.392 45.158
41.383 45.145
41.367 45.131
41.346 45.113
41.338 45.103
41.333 45.091
41.33 45.077
41.327 45.069
41.321 45.058
41.315 45.047
41.308 45.025
41.306 45.016
41.304 45.01
41.301 45.004
41.302 45
41.302 44.996
41.299 44.988
41.289 44.974
41.285 44.967
41.282 44.962
41.278 44.957
41.274 44.954
41.266 44.952
41.259 44.946
41.258 44.937
41.258 44.926
41.263 44.903
41.263 44.899
41.261 44.891
41.261 44.886
41.264 44.88
41.273 44.866
41.274 44.862
41.274 44.857
41.275 44.85
41.281 44.832
41.299 44.819
41.301 44.816
41.301 44.812
41.299 44.809
41.288 44.803
41.283 44.802
41.279 44.806
41.276 44.807
41.273 44.802
41.271 44.799
41.258 44.797
41.235 44.815
41.232 44.822
41.231 44.831
41.229 44.841
41.222 44.856
41.219 44.862
41.216 44.866
41.211 44.865
41.211 44.855
41.21 44.845
41.211 44.835
41.22 44.811
41.222 44.802
41.221 44.794
41.218 44.787
41.22 44.779
41.215 44.759
41.215 44.745
41.214 44.737
41.21 44.731
41.208 44.728
41.206 44.717
41.208 44.712
41.217 44.711
41.219 44.708
41.22 44.703
41.22 44.694
41.218 44.684
41.218 44.678
41.219 44.672
41.224 44.667
41.23 44.664
41.232 44.659
41.232 44.628
41.234 44.618
41.235 44.611
41.233 44.608
41.231 44.606
41.22 44.6
41.209 44.597
41.196 44.595
41.193 44.594
41.189 44.59
41.188 44.587
41.186 44.58
41.2 44.58
41.204 44.576
41.203 44.572
41.2 44.556
41.197 44.549
41.193 44.538
41.191 44.534
41.19 44.53
41.192 44.524
41.196 44.501
41.195 44.494
41.194 44.488
41.193 44.481
41.185 44.461
41.184 44.454
41.184 44.448
41.186 44.442
41.188 44.435
41.194 44.423
41.203 44.406
41.216 44.387
41.232 44.352
41.234 44.347
41.233 44.342
41.231 44.336
41.227 44.333
41.217 44.331
41.214 44.332
41.209 44.329
41.207 44.325
41.209 44.318
41.215 44.299
41.216 44.291
41.216 44.28
41.214 44.259
41.216 44.248
41.219 44.245
41.224 44.243
41.235 44.241
41.24 44.236
41.243 44.23
41.244 44.226
41.241 44.222
41.235 44.215
41.234 44.211
41.235 44.202
41.236 44.195
41.244 44.183
41.244 44.177
41.241 44.173
41.238 44.172
41.233 44.173
41.223 44.179
41.219 44.18
41.199 44.169
41.196 44.164
41.193 44.158
41.191 44.152
41.19 44.145
41.189 44.135
41.19 44.094
41.192 44.075
41.191 44.066
41.19 44.057
41.183 44.041
41.181 44.03
41.18 44.021
41.177 44.008
41.171 43.998
41.165 43.991
41.157 43.982
41.156 43.976
41.158 43.965
41.163 43.954
41.165 43.946
41.166 43.934
41.165 43.9
41.164 43.886
41.165 43.871
41.166 43.853
41.165 43.844
41.158 43.823
41.141 43.789
41.137 43.777
41.133 43.77
41.127 43.765
41.119 43.756
41.114 43.751
41.112 43.745
41.114 43.73
41.119 43.716
41.122 43.706
41.131 43.692
41.135 43.683
41.138 43.676
41.138 43.667
41.13 43.652
41.125 43.637
41.126 43.625
41.126 43.613
41.132 43.601
41.14 43.589
41.148 43.575
41.149 43.566
41.15 43.553
41.149 43.541
41.146 43.533
41.14 43.516
41.135 43.503
41.129 43.49
41.129 43.485
41.129 43.48
41.13 43.476
41.13 43.471
41.141 43.463
41.153 43.46
41.161 43.456
41.167 43.451
41.173 43.445
41.179 43.437
41.183 43.424
41.186 43.413
41.188 43.405
41.191 43.398
41.2 43.384
41.202 43.375
41.202 43.365
41.201 43.355
41.193 43.318
41.182 43.274
41.177 43.248
41.176 43.237
41.176 43.227
41.187 43.234
41.193 43.232
41.248 43.198
41.252 43.192
41.254 43.185
41.255 43.176
41.253 43.168
41.246 43.153
41.25 43.131
41.254 43.124
41.258 43.128
41.263 43.141
41.266 43.151
41.268 43.159
41.275 43.175
41.285 43.188
41.289 43.197
41.292 43.197
41.295 43.201
41.297 43.203
41.3 43.202
41.304 43.199
41.307 43.191
41.308 43.185
41.31 43.175
41.309 43.167
41.311 43.16
41.316 43.155
41.316 43.148
41.318 43.13
41.324 43.124
41.335 43.116
41.35 43.106
41.355 43.102
41.369 43.066
41.37 43.047
41.375 43.037
41.378 43.025
41.387 43.017
41.397 43.01
41.403 43.001
41.407 42.994
41.412 42.99
41.418 42.99
41.427 42.984
41.431 42.977
41.434 42.974
41.44 42.974
41.446 42.974
41.452 42.97
41.455 42.958
41.458 42.945
41.466 42.938
41.473 42.931
41.481 42.905
41.485 42.902
41.492 42.903
41.499 42.902
41.504 42.895
41.503 42.884
41.503 42.876
41.499 42.866
41.491 42.864
41.484 42.861
41.479 42.859
41.475 42.856
41.473 42.852
41.473 42.847
41.476 42.841
41.481 42.836
41.483 42.831
41.485 42.823
41.493 42.81
41.498 42.81
41.503 42.807
41.508 42.799
41.512 42.794
41.516 42.793
41.525 42.798
41.529 42.805
41.531 42.812
41.536 42.821
41.555 42.818
41.558 42.818
41.56 42.82
41.562 42.827
41.565 42.832
41.571 42.839
41.583 42.836
41.588 42.829
41.589 42.793
41.585 42.789
41.581 42.787
41.578 42.784
41.579 42.78
41.583 42.773
41.584 42.763
41.591 42.747
41.594 42.74
41.594 42.733
41.597 42.721
41.598 42.708
41.598 42.686
41.597 42.678
41.594 42.665
41.592 42.656
41.59 42.643
41.589 42.638
41.587 42.628
41.584 42.622
41.586 42.607
41.584 42.602
41.576 42.597
41.573 42.592
41.57 42.584
41.566 42.58
41.562 42.578
41.556 42.579
41.55 42.579
41.544 42.578
41.525 42.565
41.522 42.568
41.511 42.569
41.509 42.563
41.504 42.556
41.493 42.549
41.494 42.536
41.492 42.532
41.486 42.53
41.483 42.526
41.481 42.519
41.479 42.516
41.469 42.51
41.462 42.515
41.455 42.521
41.447 42.523
41.443 42.523
41.44 42.52
41.44 42.514
41.445 42.504
41.445 42.497
41.439 42.471
41.44 42.456
41.44 42.447
41.443 42.439
41.45 42.43
41.457 42.415
41.461 42.411
41.467 42.408
41.466 42.385
41.465 42.371
41.468 42.362
41.47 42.358
41.471 42.355
41.473 42.352
41.473 42.348
41.472 42.341
41.471 42.334
41.474 42.325
41.481 42.318
41.484 42.31
41.486 42.303
41.489 42.297
41.494 42.289
41.495 42.282
41.493 42.264
41.497 42.25
41.497 42.234
41.496 42.214
41.496 42.209
41.494 42.204
41.506 42.198
41.508 42.195
41.51 42.19
41.515 42.184
41.515 42.171
41.512 42.161
41.509 42.152
41.509 42.146
41.508 42.137
41.506 42.13
41.506 42.12
41.513 42.118
41.514 42.112
41.509 42.102
41.511 42.092
41.512 42.087
41.509 42.079
41.495 42.054
41.495 42.048
41.496 42.041
41.505 42.018
41.506 42.01
41.506 41.997
41.507 41.993
41.511 41.989
41.516 41.989
41.525 41.977
41.525 41.955
41.517 41.947
41.512 41.939
41.507 41.93
41.504 41.923
41.502 41.918
41.5 41.907
41.492 41.903
41.487 41.896
41.479 41.896
41.47 41.885
41.461 41.879
41.459 41.871
41.455 41.852
41.449 41.85
41.44 41.841
41.438 41.835
41.434 41.828
41.435 41.823
41.443 41.815
41.449 41.811
41.451 41.805
41.452 41.8
41.454 41.79
41.461 41.788
41.464 41.781
41.466 41.775
41.469 41.768
41.471 41.762
41.474 41.754
41.473 41.745
41.473 41.728
41.474 41.721
41.475 41.716
41.478 41.713
41.483 41.716
41.486 41.721
41.49 41.721
41.494 41.719
41.498 41.709
41.487 41.676
41.485 41.664
41.484 41.655
41.486 41.646
41.499 41.621
41.508 41.608
41.513 41.589
41.515 41.583
41.52 41.579
41.522 41.571
41.523 41.558
41.526 41.549
41.526 41.547
41.532 41.548
41.543 41.56
41.558 41.569
41.59 41.576
41.595 41.573
41.598 41.574
41.607 41.577
41.621 41.586
41.63 41.596
41.643 41.614
41.658 41.636
41.659 41.643
41.653 41.651
41.653 41.658
41.655 41.668
41.658 41.673
41.678 41.694
41.692 41.702
41.706 41.716
41.719 41.723
41.753 41.741
41.763 41.75
41.773 41.756
41.811 41.771
41.813 41.772
41.82 41.77
41.834 41.775
41.867 41.777
41.912 41.772
41.949 41.763
41.96 41.764
41.986 41.758
42.009 41.758
42.021 41.75
42.034 41.737
42.046 41.728
42.08 41.71
42.093 41.703
42.097 41.699
42.102 41.694
42.119 41.662
42.123 41.658
42.13 41.655
42.142 41.654
42.156 41.65
42.167 41.653
42.187 41.639
42.193 41.633
42.194 41.63
42.203 41.627
42.207 41.627
42.208 41.63
42.211 41.634
42.22 41.639
42.23 41.641
42.254 41.638
42.277 41.632
42.283 41.629
42.351 41.603
42.367 41.594
42.379 41.585
42.394 41.56
42.399 41.555
42.4 41.551
42.408 41.547
42.411 41.545
42.425 41.541
42.521 41.529
42.533 41.526
42.563 41.515
42.597 41.508
42.614 41.497
42.625 41.496
42.682 41.475
42.698 41.466
42.735 41.438
42.739 41.433
42.738 41.428
42.74 41.423
42.742 41.415
42.752 41.406
42.755 41.402
42.764 41.383
42.766 41.372
42.772 41.324
42.776 41.308
42.78 41.3
42.787 41.288
42.792 41.273
42.797 41.25
42.803 41.23
42.805 41.218
42.805 41.208
42.803 41.199
42.796 41.189
42.794 41.18
42.794 41.171
42.798 41.154
42.805 41.146
42.816 41.138
42.829 41.123
42.836 41.111
42.844 41.106
42.854 41.102
42.882 41.098
42.911 41.089
42.919 41.086
42.969 41.064
42.977 41.057
42.988 41.049
42.993 41.041
42.998 41.031
42.997 41.021
42.995 41.014
42.995 40.992
42.992 40.986
42.983 40.978
42.98 40.974
42.981 40.968
42.996 40.955
43.003 40.944
43.006 40.938
43.01 40.932
43.051 40.89
43.066 40.877
43.074 40.865
43.077 40.857
43.077 40.84
43.082 40.826
43.084 40.817
43.083 40.814
43.081 40.784
43.086 40.765
43.086 40.732
43.082 40.701
43.082 40.695
43.086 40.684
43.097 40.65
43.097 40.639
43.094 40.63
43.092 40.611
43.092 40.581
43.093 40.575
43.101 40.564
43.122 40.546
43.13 40.537
43.136 40.528
43.14 40.517
43.143 40.506
43.142 40.499
43.14 40.492
43.139 40.476
43.15 40.452
43.154 40.433
43.165 40.415
43.165 40.414
43.172 40.395
43.173 40.385
43.168 40.369
43.162 40.361
43.149 40.352
43.146 40.348
43.146 40.338
43.163 40.313
43.171 40.295
43.176 40.287
43.183 40.282
43.187 40.28
43.254 40.271
43.299 40.256
43.31 40.246
43.318 40.234
43.325 40.213
43.335 40.164
43.337 40.155
43.341 40.147
43.351 40.136
43.354 40.121
43.371 40.085
43.376 40.066
43.377 40.045
43.382 40.027
43.383 40.01
43.399 40.011
43.415 40.016
43.423 40.015
43.428 40.017
43.433 40.022
43.443 40.029
43.449 40.033
43.456 40.039
43.464 40.042
43.475 40.044
43.482 40.046
43.487 40.052
43.498 40.064
43.504 40.065
43.509 40.068
43.513 40.074
43.524 40.089
43.529 40.095
43.535 40.099
43.539 40.098
43.549 40.093
43.557 40.094
43.563 40.096
43.568 40.102
43.568 40.106
43.567 40.114
43.566 40.125
43.567 40.135
43.57 40.147
43.575 40.162
43.578 40.176
43.577 40.183
43.575 40.193
43.575 40.205
43.575 40.212
43.577 40.219
43.581 40.227
43.584 40.236
43.585 40.248
43.583 40.263
43.575 40.282
43.568 40.293
43.568 40.296
43.569 40.306
43.567 40.313
43.559 40.326
43.553 40.335
43.554 40.345
43.555 40.356
43.554 40.364
43.549 40.375
43.548 40.382
43.548 40.392
43.547 40.398
43.545 40.415
43.546 40.424
43.549 40.431
43.555 40.442
43.555 40.444
43.546 40.462
43.545 40.476
43.544 40.483
43.54 40.492
43.531 40.501
43.528 40.511
43.525 40.522
43.524 40.533
43.523 40.539
43.52 40.551
43.517 40.564
43.516 40.572
43.519 40.577
43.522 40.587
43.544 40.612
43.548 40.62
43.549 40.629
43.551 40.635
43.554 40.642
43.559 40.652
43.559 40.663
43.558 40.669
43.553 40.677
43.547 40.682
43.539 40.688
43.535 40.693
43.533 40.703
43.531 40.711
43.53 40.728
43.526 40.74
43.52 40.755
43.515 40.765
43.509 40.774
43.504 40.786
43.497 40.807
43.492 40.819
43.486 40.832
43.486 40.855
43.486 40.867
43.485 40.879
43.479 40.892
43.475 40.897
43.47 40.898
43.461 40.895
43.457 40.896
43.454 40.9
43.452 40.909
43.448 40.918
43.443 40.925
43.436 40.93
43.426 40.936
43.422 40.949
43.423 40.965
43.425 40.974
43.431 40.979
43.433 40.984
43.434 40.99
43.432 40.997
43.425 41.008
43.42 41.019
43.416 41.031
43.41 41.037
43.403 41.042
43.391 41.043
43.389 41.045
43.386 41.052
43.382 41.061
43.377 41.09
43.378 41.101
43.381 41.106
43.387 41.11
43.392 41.115
43.395 41.12
43.395 41.126
43.395 41.139
43.392 41.152
43.387 41.164
43.384 41.179
43.377 41.201
43.373 41.219
43.367 41.236
43.358 41.253
43.355 41.272
43.353 41.284
43.351 41.292
43.347 41.298
43.344 41.302
43.34 41.305
43.334 41.312
43.334 41.323
43.335 41.333
43.339 41.342
43.345 41.35
43.358 41.361
43.362 41.369
43.361 41.373
43.358 41.379
43.359 41.382
43.362 41.393
43.363 41.402
43.361 41.408
43.357 41.415
43.353 41.42
43.318 41.423
43.309 41.423
43.306 41.425
43.304 41.431
43.303 41.437
43.3 41.461
43.3 41.468
43.299 41.473
43.297 41.479
43.293 41.484
43.289 41.487
43.283 41.494
43.278 41.504
43.274 41.515
43.27 41.526
43.265 41.538
43.261 41.545
43.256 41.551
43.249 41.554
43.247 41.56
43.244 41.573
43.238 41.579
43.235 41.582
43.234 41.589
43.233 41.599
43.224 41.623
43.223 41.631
43.224 41.641
43.23 41.65
43.23 41.657
43.229 41.662
43.219 41.688
43.217 41.691
43.215 41.7
43.215 41.708
43.218 41.716
43.224 41.722
43.231 41.727
43.233 41.731
43.233 41.736
43.227 41.748
43.216 41.763
43.214 41.772
43.212 41.782
43.211 41.794
43.206 41.807
43.204 41.815
43.204 41.82
43.206 41.831
43.211 41.852
43.216 41.863
43.223 41.868
43.227 41.866
43.232 41.862
43.237 41.861
43.242 41.863
43.246 41.866
43.247 41.872
43.246 41.878
43.243 41.883
43.237 41.891
43.228 41.917
43.228 41.928
43.227 41.937
43.225 41.943
43.222 41.947
43.212 41.954
43.21 41.959
43.21 41.967
43.215 41.98
43.216 42.001
43.215 42.018
43.21 42.024
43.206 42.03
43.197 42.039
43.195 42.048
43.194 42.058
43.205 42.081
43.205 42.092
43.205 42.104
43.207 42.113
43.212 42.122
43.221 42.137
43.221 42.146
43.22 42.154
43.217 42.181
43.218 42.188
43.222 42.196
43.23 42.213
43.23 42.221
43.228 42.232
43.226 42.241
43.222 42.249
43.21 42.264
43.209 42.269
43.209 42.273
43.209 42.282
43.208 42.288
43.211 42.297
43.222 42.311
43.226 42.318
43.226 42.325
43.225 42.341
43.226 42.346
43.229 42.349
43.231 42.351
43.235 42.352
43.239 42.355
43.241 42.359
43.242 42.366
43.243 42.377
43.244 42.394
43.247 42.405
43.251 42.416
43.254 42.426
43.254 42.436
43.252 42.442
43.246 42.456
43.24 42.465
43.235 42.466
43.232 42.46
43.229 42.455
43.224 42.451
43.22 42.45
43.215 42.451
43.213 42.454
43.212 42.459
43.21 42.467
43.21 42.476
43.208 42.483
43.204 42.496
43.199 42.516
43.193 42.533
43.185 42.549
43.18 42.565
43.175 42.577
43.168 42.588
43.164 42.597
43.162 42.613
43.158 42.625
43.151 42.636
43.14 42.666
43.137 42.683
43.139 42.686
43.143 42.687
43.148 42.686
43.168 42.674
43.173 42.676
43.174 42.68
43.173 42.686
43.172 42.694
43.172 42.702
43.176 42.714
43.176 42.724
43.182 42.749
43.185 42.765
43.186 42.78
43.184 42.791
43.182 42.794
43.181 42.798
43.178 42.804
43.174 42.81
43.173 42.819
43.175 42.828
43.177 42.841
43.171 42.863
43.17 42.886
43.17 42.893
43.166 42.896
43.158 42.896
43.152 42.899
43.149 42.903
43.146 42.91
43.142 42.923
43.138 42.931
43.133 42.932
43.123 42.929
43.115 42.925
43.115 42.937
43.114 42.949
43.112 42.969
43.11 42.986
43.105 43.002
43.097 43.017
43.093 43.032
43.091 43.039
43.087 43.04
43.08 43.034
43.074 43.029
43.067 43.024
43.057 43.025
43.05 43.027
43.038 43.036
43.032 43.042
43.026 43.05
43.02 43.06
43.012 43.075
42.993 43.113
42.956 43.168
42.949 43.178
42.939 43.186
42.934 43.192
42.932 43.204
42.93 43.218
42.926 43.239
42.922 43.262
42.914 43.285
42.908 43.301
42.902 43.32
42.895 43.329
42.89 43.343
42.889 43.36
42.892 43.373
42.895 43.383
42.896 43.403
42.894 43.429
42.891 43.465
42.887 43.476
42.883 43.489
42.877 43.497
42.873 43.506
42.87 43.518
42.869 43.544
42.868 43.552
42.866 43.562
42.859 43.578
42.847 43.598
42.842 43.605
42.837 43.608
42.831 43.61
42.827 43.612
42.822 43.617
42.817 43.625
42.812 43.633
42.805 43.64
42.8 43.645
42.798 43.65
42.797 43.655
42.8 43.67
42.799 43.68
42.796 43.689
42.79 43.699
42.781 43.708
42.773 43.723
42.758 43.774
42.75 43.791
42.742 43.799
42.735 43.804
42.728 43.805
42.718 43.804
42.671 43.772
42.664 43.767
42.661 43.761
42.657 43.755
42.654 43.749
42.652 43.742
42.646 43.738
42.642 43.733
42.639 43.731
42.636 43.73
42.631 43.731
42.628 43.731
42.595 43.761
42.588 43.77
42.587 43.776
42.588 43.781
42.589 43.786
42.593 43.8
42.594 43.807
42.593 43.813
42.585 43.822
42.579 43.827
42.578 43.835
42.579 43.843
42.585 43.851
42.587 43.858
42.585 43.864
42.576 43.876
42.575 43.882
42.575 43.893
42.57 43.907
42.565 43.931
42.562 43.939
42.558 43.948
42.558 43.956
42.56 43.963
42.562 43.971
42.568 43.981
42.576 43.99
42.584 44.001
42.596 44.016
42.602 44.026
42.605 44.035
42.604 44.044
42.603 44.06
42.609 44.087
42.614 44.104
42.615 44.113
42.615 44.12
42.613 44.128
42.61 44.135
42.611 44.141
42.611 44.149
42.614 44.159
42.619 44.17
42.621 44.175
42.627 44.209
42.631 44.217
42.634 44.221
42.639 44.224
42.656 44.23
42.669 44.239
42.681 44.249
42.689 44.257
42.694 44.267
42.7 44.279
42.707 44.3
42.713 44.323
42.716 44.344
42.716 44.359
42.712 44.392
42.712 44.405
42.714 44.413
42.718 44.424
42.722 44.435
42.735 44.456
42.744 44.474
42.749 44.491
42.752 44.506
42.751 44.523
42.746 44.58
42.744 44.603
42.744 44.613
42.746 44.629
42.749 44.645
42.75 44.662
42.748 44.675
42.746 44.687
42.742 44.697
42.738 44.707
42.732 44.713
42.727 44.721
42.721 44.727
42.644 44.746
42.633 44.753
42.63 44.758
42.626 44.768
42.625 44.778
42.625 44.783
42.632 44.798
42.667 44.818
42.702 44.832
42.725 44.851
42.734 44.86
42.742 44.869
42.747 44.878
42.75 44.892
42.752 44.906
42.753 44.928
42.749 44.955
42.745 44.971
42.73 44.996
42.727 45
42.701 45.035
42.699 45.046
42.695 45.083
42.699 45.104
42.704 45.13
42.703 45.143
42.702 45.156
42.698 45.167
42.691 45.177
42.679 45.187
42.664 45.207
42.639 45.231
42.616 45.256
42.61 45.264
42.603 45.276
42.595 45.289
42.587 45.296
42.578 45.298
42.564 45.302
42.548 45.312
42.538 45.323
42.533 45.332
42.53 45.34
42.529 45.35
42.531 45.361
42.534 45.372
42.539 45.393
