segment Hong Kong
22.505 114.037
22.506 114.045
22.514 114.06
22.523 114.065
22.532 114.069
22.536 114.084
22.536 114.091
22.533 114.105
22.534 114.111
22.54 114.123
22.547 114.141
22.554 114.153
22.56 114.158
22.559 114.171
22.556 114.192
22.552 114.215
22.554 114.227
22.556 114.235
22.554 114.233
22.541 114.226
22.537 114.222
22.53 114.209
22.527 114.207
22.525 114.208
22.528 114.217
22.525 114.224
22.527 114.227
22.528 114.231
22.542 114.238
22.54 114.246
22.543 114.253
22.543 114.254
22.543 114.256
22.541 114.257
22.538 114.255
22.535 114.257
22.532 114.265
22.529 114.266
22.525 114.26
22.52 114.259
22.519 114.263
22.52 114.27
22.525 114.274
22.524 114.276
22.517 114.284
22.509 114.277
22.51 114.27
22.508 114.269
22.504 114.271
22.504 114.283
22.501 114.289
22.497 114.294
22.495 114.301
22.498 114.31
22.505 114.333
22.503 114.335
22.495 114.323
22.485 114.314
22.485 114.308
22.475 114.3
22.472 114.296
22.466 114.271
22.461 114.27
22.454 114.258
22.462 114.254
22.463 114.255
22.47 114.264
22.472 114.275
22.474 114.279
22.478 114.283
22.479 114.279
22.485 114.279
22.486 114.276
22.479 114.259
22.479 114.252
22.485 114.242
22.484 114.24
22.479 114.241
22.471 114.235
22.465 114.232
22.465 114.224
22.463 114.216
22.463 114.205
22.457 114.205
22.455 114.209
22.454 114.214
22.451 114.215
22.448 114.213
22.445 114.217
22.442 114.211
22.442 114.209
22.447 114.209
22.453 114.199
22.451 114.192
22.456 114.186
22.456 114.183
22.452 114.176
22.449 114.161
22.447 114.16
22.44 114.173
22.437 114.176
22.436 114.183
22.432 114.193
22.432 114.194
22.424 114.198
22.418 114.21
22.408 114.208
22.404 114.209
22.399 114.208
22.377 114.188
22.372 114.189
22.373 114.192
22.378 114.194
22.377 114.199
22.382 114.207
22.391 114.209
22.402 114.22
22.407 114.223
22.415 114.227
22.423 114.235
22.432 114.237
22.433 114.241
22.425 114.246
22.427 114.266
22.424 114.268
22.422 114.267
22.419 114.263
22.408 114.27
22.408 114.273
22.416 114.28
22.419 114.285
22.422 114.285
22.428 114.28
22.438 114.279
22.439 114.276
22.44 114.275
22.441 114.274
22.447 114.281
22.445 114.288
22.454 114.288
22.45 114.292
22.451 114.297
22.45 114.301
22.461 114.301
22.469 114.313
22.476 114.318
22.475 114.321
22.468 114.322
22.468 114.329
22.465 114.33
22.461 114.328
22.455 114.335
22.44 114.34
22.437 114.339
22.436 114.338
22.433 114.335
22.43 114.335
22.427 114.337
22.426 114.339
22.43 114.343
22.417 114.348
22.416 114.351
22.42 114.354
22.434 114.351
22.441 114.352
22.447 114.358
22.454 114.357
22.452 114.364
22.447 114.367
22.441 114.365
22.435 114.368
22.433 114.383
22.437 114.388
22.436 114.39
22.434 114.393
22.433 114.398
22.43 114.399
22.424 114.394
22.42 114.395
22.412 114.403
22.407 114.403
22.408 114.399
22.414 114.391
22.413 114.386
22.409 114.379
22.395 114.37
22.391 114.379
22.384 114.382
22.381 114.387
22.374 114.388
22.37 114.386
22.362 114.39
22.359 114.388
22.37 114.381
22.368 114.374
22.365 114.374
22.36 114.378
22.359 114.378
22.358 114.374
22.363 114.365
22.371 114.358
22.37 114.353
22.374 114.343
22.378 114.341
22.38 114.338
22.377 114.336
22.372 114.338
22.37 114.336
22.373 114.331
22.372 114.327
22.376 114.32
22.378 114.314
22.383 114.31
22.383 114.307
22.379 114.307
22.379 114.305
22.38 114.294
22.387 114.288
22.389 114.284
22.386 114.281
22.388 114.277
22.38 114.275
22.376 114.27
22.368 114.268
22.348 114.276
22.344 114.274
22.35 114.268
22.35 114.263
22.359 114.266
22.363 114.264
22.354 114.256
22.355 114.249
22.354 114.249
22.352 114.248
22.349 114.25
22.348 114.26
22.346 114.265
22.341 114.267
22.334 114.265
22.324 114.27
22.319 114.27
22.316 114.272
22.317 114.286
22.304 114.29
22.302 114.293
22.306 114.299
22.306 114.303
22.3 114.306
22.297 114.311
22.295 114.311
22.285 114.306
22.281 114.298
22.28 114.297
22.285 114.29
22.285 114.289
22.276 114.286
22.271 114.288
22.271 114.293
22.275 114.297
22.273 114.3
22.266 114.298
22.262 114.303
22.26 114.301
22.26 114.298
22.253 114.296
22.256 114.293
22.26 114.291
22.263 114.285
22.261 114.278
22.268 114.274
22.275 114.278
22.281 114.274
22.288 114.273
22.297 114.269
22.305 114.264
22.31 114.269
22.313 114.267
22.314 114.26
22.322 114.252
22.322 114.249
22.312 114.257
22.309 114.257
22.302 114.251
22.296 114.252
22.291 114.25
22.28 114.24
22.283 114.236
22.289 114.231
22.293 114.23
22.298 114.221
22.303 114.216
22.306 114.214
22.313 114.211
22.32 114.202
22.321 114.199
22.318 114.199
22.309 114.208
22.304 114.208
22.305 114.204
22.314 114.194
22.313 114.191
22.308 114.187
22.297 114.19
22.297 114.188
22.3 114.181
22.292 114.178
22.291 114.173
22.288 114.169
22.288 114.167
22.301 114.161
22.306 114.164
22.307 114.164
22.31 114.163
22.312 114.157
22.314 114.156
22.318 114.158
22.322 114.155
22.326 114.148
22.325 114.137
22.338 114.121
22.342 114.12
22.352 114.126
22.353 114.125
22.353 114.123
22.341 114.113
22.345 114.11
22.349 114.112
22.353 114.109
22.36 114.11
22.364 114.107
22.364 114.103
22.363 114.097
22.361 114.092
22.359 114.076
22.357 114.066
22.357 114.056
22.354 114.049
22.353 114.04
22.349 114.032
22.349 114.018
22.351 114.014
22.355 114.013
22.354 114.005
22.358 114.002
22.357 114
22.363 113.994
22.365 113.992
22.368 113.993
22.37 113.991
22.371 113.982
22.374 113.977
22.384 113.975
22.386 113.972
22.387 113.969
22.384 113.964
22.374 113.962
22.362 113.944
22.362 113.941
22.366 113.933
22.367 113.926
22.373 113.919
22.376 113.916
22.378 113.92
22.38 113.921
22.382 113.92
22.384 113.92
22.392 113.914
22.397 113.913
22.4 113.911
22.403 113.901
22.405 113.902
22.416 113.918
22.418 113.933
22.42 113.936
22.423 113.933
22.428 113.943
22.436 113.946
22.444 113.958
22.448 113.97
22.452 113.975
22.454 113.976
22.46 113.979
22.468 113.984
22.473 113.993
22.48 113.994
22.478 114
22.471 114.001
22.472 114.003
22.477 114.007
22.478 114.008
22.468 114.009
22.468 114.019
22.457 114.021
22.451 114.025
22.446 114.02
22.445 114.022
22.448 114.031
22.448 114.039
22.449 114.04
22.451 114.039
22.453 114.03
22.455 114.027
22.46 114.025
22.462 114.024
22.467 114.023
22.47 114.025
22.471 114.03
22.478 114.026
22.483 114.025
22.489 114.028
22.49 114.038
22.496 114.037
22.497 114.046
22.5 114.049
22.502 114.04
22.504 114.037
22.505 114.037
segment Hong Kong
22.528 114.299
22.531 114.293
22.529 114.286
22.53 114.284
22.535 114.288
22.542 114.284
22.545 114.287
22.55 114.287
22.55 114.291
22.547 114.294
22.546 114.313
22.545 114.315
22.542 114.312
22.54 114.299
22.541 114.296
22.539 114.294
22.53 114.301
22.528 114.299
segment Hong Kong
22.541 114.43
22.536 114.435
22.533 114.433
22.538 114.423
22.541 114.422
22.546 114.424
22.547 114.425
22.541 114.43
segment Hong Kong
22.519 114.315
22.521 114.309
22.526 114.305
22.529 114.306
22.529 114.308
22.527 114.313
22.532 114.315
22.533 114.317
22.531 114.318
22.52 114.317
22.519 114.315
segment Hong Kong
22.518 114.307
22.513 114.318
22.511 114.318
22.504 114.308
22.501 114.298
22.502 114.294
22.509 114.291
22.509 114.299
22.512 114.306
22.518 114.307
segment Hong Kong
22.462 114.357
22.467 114.357
22.47 114.354
22.474 114.353
22.478 114.35
22.481 114.357
22.481 114.36
22.478 114.363
22.476 114.362
22.469 114.365
22.465 114.363
22.462 114.357
segment Hong Kong
22.457 114.343
22.461 114.337
22.465 114.335
22.473 114.338
22.469 114.34
22.462 114.341
22.46 114.344
22.458 114.344
22.457 114.343
segment Hong Kong
22.445 114.242
22.449 114.242
22.456 114.25
22.448 114.252
22.448 114.249
22.445 114.242
segment Hong Kong
22.339 114.322
22.34 114.318
22.34 114.317
22.34 114.308
22.343 114.303
22.349 114.3
22.356 114.302
22.37 114.296
22.374 114.298
22.375 114.302
22.372 114.304
22.373 114.313
22.369 114.323
22.364 114.329
22.363 114.327
22.367 114.318
22.366 114.316
22.363 114.319
22.356 114.32
22.348 114.327
22.339 114.322
segment Hong Kong
22.351 114.292
22.363 114.285
22.366 114.285
22.369 114.289
22.366 114.292
22.357 114.296
22.351 114.294
22.351 114.292
segment Hong Kong
22.331 114.351
22.332 114.349
22.336 114.35
22.339 114.347
22.343 114.349
22.346 114.347
22.35 114.345
22.345 114.343
22.343 114.336
22.346 114.334
22.353 114.335
22.358 114.329
22.361 114.329
22.362 114.332
22.365 114.335
22.365 114.339
22.367 114.344
22.367 114.348
22.36 114.355
22.354 114.371
22.351 114.375
22.348 114.366
22.343 114.362
22.345 114.356
22.344 114.355
22.338 114.357
22.332 114.354
22.331 114.351
segment Hong Kong
22.32 114.089
22.323 114.087
22.329 114.09
22.332 114.086
22.336 114.088
22.338 114.081
22.347 114.08
22.351 114.075
22.353 114.081
22.352 114.088
22.356 114.096
22.355 114.103
22.353 114.105
22.348 114.102
22.341 114.107
22.322 114.101
22.323 114.095
22.32 114.089
segment Hong Kong
22.336 114.056
22.339 114.053
22.341 114.05
22.345 114.052
22.349 114.053
22.35 114.056
22.349 114.058
22.345 114.057
22.34 114.059
22.336 114.056
segment Hong Kong
22.323 114.017
22.323 114.02
22.329 114.027
22.334 114.036
22.343 114.039
22.342 114.043
22.334 114.053
22.331 114.054
22.326 114.051
22.322 114.053
22.318 114.051
22.314 114.052
22.312 114.05
22.311 114.038
22.319 114.032
22.319 114.03
22.317 114.029
22.309 114.033
22.304 114.031
22.304 114.027
22.308 114.022
22.307 114.018
22.305 114.015
22.302 114.012
22.298 114.012
22.294 114.009
22.292 114.01
22.292 114.013
22.295 114.017
22.295 114.02
22.291 114.022
22.287 114.02
22.284 114.013
22.281 114.013
22.277 114.016
22.268 114.019
22.263 114.018
22.261 114.015
22.262 114.006
22.264 114
22.267 113.996
22.264 113.991
22.26 113.989
22.258 113.992
22.252 114
22.25 114.003
22.25 114.004
22.247 114.005
22.243 114.002
22.242 114
22.245 113.998
22.241 113.994
22.228 114
22.229 114.002
22.225 114.006
22.225 114.011
22.223 114.012
22.212 114.003
22.212 114
22.217 113.995
22.213 113.989
22.212 113.987
22.216 113.98
22.224 113.979
22.229 113.974
22.234 113.977
22.237 113.977
22.238 113.974
22.237 113.967
22.232 113.958
22.232 113.947
22.229 113.937
22.223 113.928
22.222 113.92
22.216 113.918
22.217 113.927
22.21 113.927
22.207 113.92
22.209 113.917
22.208 113.914
22.207 113.911
22.208 113.908
22.21 113.901
22.215 113.896
22.222 113.893
22.215 113.88
22.209 113.877
22.208 113.871
22.202 113.867
22.204 113.861
22.202 113.854
22.196 113.851
22.197 113.845
22.2 113.847
22.203 113.846
22.208 113.841
22.213 113.842
22.227 113.838
22.233 113.844
22.23 113.85
22.233 113.852
22.239 113.851
22.243 113.852
22.246 113.86
22.248 113.86
22.253 113.858
22.253 113.851
22.26 113.858
22.259 113.863
22.263 113.865
22.27 113.88
22.269 113.884
22.276 113.883
22.282 113.896
22.29 113.903
22.289 113.909
22.291 113.913
22.29 113.918
22.289 113.919
22.282 113.925
22.282 113.928
22.287 113.929
22.288 113.933
22.286 113.942
22.294 113.955
22.297 113.965
22.294 113.976
22.295 113.978
22.302 113.98
22.304 113.983
22.304 113.988
22.306 113.991
22.316 113.997
22.316 114
22.32 114.007
22.331 114.016
22.331 114.019
22.327 114.02
22.323 114.017
segment Hong Kong
22.321 114.327
22.322 114.319
22.324 114.317
22.327 114.318
22.333 114.314
22.335 114.317
22.334 114.324
22.326 114.329
22.321 114.327
segment Hong Kong
22.29 113.935
22.306 113.927
22.316 113.931
22.316 113.937
22.321 113.941
22.322 113.944
22.319 113.944
22.313 113.939
22.29 113.935
segment Hong Kong
22.309 114.342
22.312 114.341
22.32 114.345
22.321 114.351
22.32 114.354
22.31 114.347
22.309 114.342
segment Hong Kong
22.301 114.364
22.314 114.357
22.318 114.359
22.317 114.361
22.308 114.369
22.301 114.364
segment Hong Kong
22.31 114.138
22.312 114.135
22.314 114.129
22.316 114.127
22.317 114.13
22.315 114.143
22.31 114.138
segment Hong Kong
22.242 114.144
22.245 114.138
22.244 114.134
22.255 114.127
22.257 114.124
22.268 114.115
22.272 114.115
22.275 114.117
22.281 114.128
22.283 114.134
22.285 114.143
22.285 114.15
22.279 114.169
22.279 114.18
22.281 114.185
22.288 114.191
22.291 114.2
22.291 114.204
22.283 114.211
22.282 114.218
22.276 114.221
22.275 114.225
22.278 114.228
22.279 114.233
22.277 114.237
22.273 114.234
22.271 114.238
22.266 114.235
22.262 114.235
22.261 114.242
22.256 114.253
22.245 114.252
22.243 114.251
22.243 114.247
22.24 114.244
22.236 114.248
22.231 114.248
22.229 114.253
22.228 114.253
22.226 114.248
22.222 114.247
22.215 114.252
22.209 114.252
22.206 114.256
22.204 114.251
22.204 114.238
22.212 114.237
22.217 114.231
22.242 114.228
22.248 114.224
22.247 114.223
22.238 114.221
22.229 114.225
22.227 114.225
22.227 114.219
22.222 114.214
22.221 114.211
22.219 114.21
22.215 114.211
22.211 114.217
22.209 114.217
22.204 114.215
22.198 114.219
22.194 114.217
22.193 114.209
22.196 114.205
22.2 114.208
22.206 114.207
22.211 114.209
22.214 114.207
22.216 114.203
22.209 114.201
22.208 114.194
22.208 114.193
22.214 114.196
22.221 114.19
22.223 114.194
22.23 114.193
22.233 114.19
22.234 114.184
22.24 114.181
22.24 114.175
22.229 114.169
22.228 114.165
22.238 114.162
22.24 114.159
22.243 114.16
22.245 114.157
22.242 114.144
segment Hong Kong
22.276 114.035
22.282 114.032
22.286 114.034
22.285 114.037
22.284 114.04
22.28 114.039
22.278 114.041
22.276 114.035
segment Hong Kong
22.236 114.039
22.237 114.036
22.247 114.029
22.25 114.023
22.253 114.024
22.253 114.026
22.25 114.038
22.248 114.04
22.236 114.039
segment Hong Kong
22.234 114.285
22.242 114.277
22.25 114.279
22.252 114.287
22.252 114.292
22.245 114.298
22.243 114.293
22.24 114.294
22.237 114.292
22.238 114.289
22.234 114.285
segment Hong Kong
22.242 114.144
22.239 114.155
22.235 114.157
22.226 114.159
22.234 114.149
22.242 114.144
segment Hong Kong
22.176 114.123
22.178 114.12
22.179 114.113
22.181 114.109
22.185 114.113
22.187 114.115
22.198 114.117
22.212 114.115
22.216 114.112
22.217 114.109
22.214 114.1
22.217 114.101
22.221 114.106
22.223 114.103
22.226 114.105
22.228 114.103
22.231 114.104
22.231 114.11
22.233 114.118
22.223 114.119
22.215 114.124
22.215 114.128
22.22 114.13
22.22 114.132
22.216 114.133
22.209 114.131
22.207 114.125
22.201 114.123
22.2 114.125
22.203 114.129
22.203 114.135
22.208 114.144
22.208 114.15
22.204 114.157
22.201 114.154
22.201 114.146
22.198 114.143
22.197 114.137
22.194 114.136
22.181 114.146
22.179 114.145
22.179 114.143
22.19 114.132
22.186 114.131
22.18 114.133
22.178 114.132
22.181 114.127
22.176 114.123
segment Hong Kong
22.194 114.015
22.197 114.013
22.201 114.016
22.202 114.021
22.204 114.022
22.21 114.019
22.216 114.021
22.218 114.028
22.217 114.03
22.21 114.026
22.207 114.027
22.199 114.034
22.198 114.032
22.198 114.024
22.194 114.021
22.194 114.015
segment Hong Kong
22.188 113.99
22.188 113.987
22.194 113.981
22.198 113.981
22.202 113.985
22.201 113.988
22.195 113.991
22.191 113.993
22.188 113.99
segment Hong Kong
22.187 113.905
22.183 113.909
22.181 113.917
22.179 113.916
22.179 113.904
22.187 113.905
segment Hong Kong
22.176 114.243
22.177 114.239
22.186 114.24
22.187 114.251
22.185 114.254
22.18 114.252
22.176 114.243
segment Hong Kong
22.153 114.251
22.159 114.248
22.162 114.249
22.165 114.246
22.167 114.246
22.171 114.254
22.179 114.262
22.17 114.27
22.166 114.269
22.159 114.271
22.159 114.265
22.161 114.26
22.154 114.254
22.153 114.251
segment Hong Kong
22.157 113.902
22.16 113.9
22.162 113.902
22.163 113.909
22.167 113.908
22.17 113.911
22.171 113.914
22.168 113.917
22.161 113.915
22.157 113.907
22.157 113.902
