segment Israel
32 34.999
31.997 35
31.99 35.003
31.984 35
31.965 34.99
31.943 34.992
31.933 35
31.925 35.007
31.909 35.03
31.893 35.035
31.87 35.026
31.866 35
31.862 34.976
31.847 34.964
31.82 34.972
31.813 34.992
31.812 35
31.81 35.019
31.817 35.045
31.835 35.063
31.844 35.083
31.827 35.105
31.819 35.125
31.804 35.168
31.804 35.214
31.788 35.232
31.752 35.229
31.736 35.218
31.735 35.167
31.72 35.125
31.676 35.072
31.665 35.046
31.656 35.025
31.644 35.009
31.636 35
31.616 34.978
31.596 34.965
31.583 34.954
31.545 34.945
31.505 34.949
31.487 34.946
31.455 34.926
31.43 34.903
31.397 34.884
31.377 34.887
31.361 34.898
31.35 34.914
31.344 34.939
31.349 34.984
31.353 35
31.358 35.026
31.355 35.067
31.352 35.125
31.361 35.146
31.359 35.16
31.362 35.181
31.363 35.2
31.367 35.224
31.375 35.239
31.4 35.268
31.424 35.293
31.437 35.325
31.458 35.358
31.484 35.394
31.489 35.41
31.488 35.476
31.42 35.475
31.4 35.472
31.359 35.455
31.301 35.417
31.281 35.406
31.265 35.395
31.244 35.39
31.223 35.401
31.172 35.446
31.157 35.454
31.136 35.459
31.12 35.46
31.095 35.453
31.076 35.447
31.041 35.421
31.026 35.409
31.005 35.405
30.989 35.407
30.969 35.415
30.949 35.415
30.935 35.398
30.914 35.36
30.863 35.333
30.845 35.333
30.828 35.338
30.808 35.333
30.802 35.314
30.787 35.299
30.766 35.29
30.725 35.29
30.697 35.276
30.658 35.251
30.636 35.246
30.624 35.231
30.575 35.202
30.558 35.199
30.467 35.177
30.449 35.17
30.432 35.156
30.419 35.152
30.401 35.163
30.362 35.187
30.347 35.192
30.335 35.189
30.313 35.166
30.296 35.16
30.276 35.164
30.24 35.144
30.119 35.176
30.023 35.098
30 35.092
29.951 35.078
29.872 35.081
29.821 35.051
29.802 35.047
29.787 35.05
29.767 35.047
29.705 35.03
29.671 35.03
29.65 35.032
29.631 35.033
29.617 35.02
29.605 35.002
29.604 35
29.59 34.986
29.571 34.976
29.548 34.966
29.549 34.956
29.536 34.944
29.531 34.942
29.517 34.927
29.511 34.925
29.503 34.918
29.497 34.911
29.523 34.885
29.544 34.872
29.561 34.868
29.59 34.864
29.618 34.873
29.645 34.878
29.664 34.873
29.691 34.855
29.739 34.856
29.989 34.754
30 34.755
30.005 34.756
30.082 34.723
30.294 34.637
30.36 34.617
30.4 34.547
30.431 34.544
30.481 34.565
30.525 34.522
30.58 34.525
30.684 34.496
30.844 34.408
30.988 34.351
31.224 34.268
31.253 34.313
31.286 34.358
31.303 34.369
31.33 34.368
31.359 34.366
31.384 34.375
31.421 34.408
31.457 34.452
31.504 34.508
31.51 34.537
31.523 34.546
31.543 34.546
31.56 34.533
31.594 34.489
31.607 34.5
31.678 34.554
31.701 34.571
31.705 34.579
31.711 34.578
31.712 34.578
31.729 34.59
31.816 34.64
31.83 34.648
31.922 34.694
31.935 34.704
31.936 34.707
31.94 34.706
31.982 34.725
32 34.731
32.005 34.733
32.02 34.734
32.049 34.745
32.057 34.749
32.061 34.755
32.066 34.759
32.095 34.77
32.096 34.77
32.121 34.784
32.144 34.788
32.18 34.8
32.201 34.801
32.214 34.806
32.215 34.808
32.231 34.82
32.236 34.823
32.275 34.831
32.308 34.844
32.335 34.847
32.344 34.848
32.369 34.861
32.392 34.869
32.446 34.883
32.456 34.886
32.472 34.892
32.5 34.896
32.554 34.912
32.579 34.918
32.632 34.929
32.657 34.936
32.699 34.936
32.702 34.939
32.713 34.948
32.727 34.954
32.778 34.958
32.809 34.963
32.821 34.963
32.825 34.964
32.827 34.965
32.831 34.972
32.832 34.981
32.837 34.986
32.837 34.993
32.832 35
32.824 35.009
32.817 35.016
32.814 35.02
32.814 35.026
32.816 35.034
32.828 35.053
32.836 35.061
32.849 35.071
32.854 35.073
32.871 35.082
32.891 35.088
32.908 35.09
32.918 35.086
32.917 35.079
32.918 35.076
32.921 35.075
32.962 35.081
32.967 35.083
33.03 35.102
33.078 35.114
33.09 35.115
33.09 35.149
33.092 35.176
33.093 35.181
33.087 35.216
33.089 35.22
33.094 35.226
33.097 35.237
33.098 35.274
33.103 35.313
33.101 35.321
33.099 35.333
33.072 35.349
33.063 35.359
33.055 35.374
33.054 35.38
33.063 35.405
33.065 35.433
33.068 35.44
33.082 35.457
33.088 35.462
33.093 35.47
33.093 35.474
33.09 35.492
33.095 35.509
33.098 35.511
33.104 35.512
33.11 35.512
33.114 35.515
33.121 35.534
33.131 35.539
33.153 35.541
33.177 35.547
33.187 35.553
33.198 35.558
33.21 35.558
33.215 35.556
33.224 35.554
33.232 35.554
33.248 35.563
33.252 35.569
33.262 35.578
33.28 35.588
33.282 35.59
33.277 35.597
33.249 35.621
33.248 35.625
33.251 35.628
33.244 35.637
33.243 35.644
33.244 35.652
33.25 35.665
33.251 35.671
33.25 35.683
33.247 35.689
33.244 35.69
33.227 35.681
33.212 35.677
33.19 35.676
33.179 35.677
33.177 35.678
33.159 35.682
33.153 35.682
33.14 35.679
33.107 35.664
33.085 35.661
33.059 35.661
33.062 35.658
33.059 35.647
33.055 35.642
33.038 35.632
33.024 35.616
33.019 35.616
33.001 35.628
32.978 35.629
32.958 35.628
32.927 35.625
32.918 35.623
32.907 35.617
32.902 35.617
32.898 35.619
32.896 35.623
32.899 35.631
32.892 35.635
32.884 35.644
32.863 35.657
32.853 35.661
32.838 35.664
32.822 35.662
32.8 35.655
32.781 35.654
32.764 35.653
32.746 35.65
32.726 35.639
32.71 35.62
32.708 35.62
32.704 35.627
32.696 35.646
32.694 35.649
32.687 35.649
32.677 35.621
32.671 35.615
32.657 35.617
32.653 35.605
32.647 35.606
32.644 35.603
32.642 35.594
32.633 35.58
32.623 35.579
32.62 35.582
32.605 35.58
32.6 35.583
32.597 35.59
32.592 35.592
32.59 35.592
32.581 35.587
32.572 35.587
32.554 35.597
32.552 35.596
32.552 35.586
32.542 35.584
32.542 35.58
32.546 35.574
32.545 35.572
32.539 35.572
32.529 35.579
32.526 35.577
32.524 35.567
32.518 35.561
32.515 35.566
32.515 35.572
32.503 35.579
32.5 35.586
32.498 35.588
32.492 35.587
32.483 35.581
32.474 35.575
32.469 35.574
32.464 35.575
32.461 35.584
32.457 35.586
32.452 35.583
32.452 35.578
32.45 35.575
32.436 35.577
32.433 35.566
32.411 35.569
32.407 35.567
32.405 35.559
32.403 35.558
32.39 35.568
32.39 35.561
32.39 35.56
32.396 35.537
32.408 35.507
32.411 35.494
32.412 35.472
32.408 35.457
32.41 35.444
32.415 35.438
32.42 35.438
32.428 35.431
32.429 35.43
32.442 35.425
32.462 35.426
32.484 35.423
32.507 35.407
32.517 35.391
32.519 35.382
32.519 35.363
32.519 35.36
32.512 35.314
32.512 35.302
32.513 35.294
32.52 35.279
32.53 35.263
32.545 35.246
32.552 35.232
32.551 35.228
32.55 35.222
32.548 35.217
32.53 35.198
32.524 35.195
32.515 35.183
32.502 35.163
32.492 35.138
32.482 35.108
32.479 35.098
32.474 35.09
32.459 35.081
32.445 35.077
32.42 35.072
32.399 35.063
32.374 35.059
32.371 35.056
32.368 35.052
32.358 35.026
32.351 35.02
32.334 35.009
32.307 35.008
32.278 35.013
32.271 35.009
32.266 35.001
32.265 35
32.249 34.987
32.237 34.981
32.214 34.969
32.203 34.967
32.191 34.968
32.174 34.981
32.164 34.987
32.135 34.994
32.123 34.996
32.118 34.994
32.112 34.992
32.099 34.984
32.091 34.983
32.084 34.986
32.075 34.997
32.07 35
32.056 35.008
32.045 35.011
32.03 35.009
32.015 35.001
32.008 35.001
32.003 35.003
32.001 35
32 34.999
