segment Kyrgyzstan
39.895 70.674
39.903 70.717
39.892 70.731
39.876 70.739
39.856 70.731
39.85 70.725
39.846 70.717
39.841 70.702
39.836 70.685
39.83 70.678
39.814 70.669
39.804 70.66
39.797 70.648
39.799 70.628
39.807 70.614
39.819 70.603
39.833 70.574
39.839 70.546
39.855 70.525
39.883 70.504
39.895 70.506
39.896 70.521
39.894 70.566
39.893 70.629
39.894 70.649
39.895 70.674
segment Kyrgyzstan
43.238 74.29
43.238 74.294
43.221 74.303
43.216 74.308
43.213 74.321
43.213 74.334
43.205 74.342
43.206 74.349
43.2 74.37
43.202 74.376
43.202 74.386
43.194 74.406
43.2 74.416
43.2 74.423
43.198 74.427
43.198 74.428
43.19 74.432
43.188 74.437
43.189 74.453
43.184 74.486
43.177 74.494
43.172 74.498
43.167 74.496
43.159 74.504
43.162 74.51
43.163 74.514
43.16 74.525
43.153 74.534
43.158 74.546
43.157 74.55
43.147 74.559
43.144 74.568
43.141 74.58
43.136 74.583
43.13 74.591
43.122 74.613
43.117 74.617
43.115 74.618
43.099 74.621
43.093 74.626
43.093 74.631
43.083 74.648
43.078 74.666
43.068 74.685
43.06 74.694
43.048 74.703
43.028 74.707
43.021 74.713
43.014 74.724
42.999 74.733
42.994 74.74
42.992 74.767
42.992 74.776
42.996 74.79
42.994 74.803
42.995 74.818
42.996 74.824
43.006 74.831
43.006 74.838
43.004 74.844
43.001 74.853
42.993 74.871
42.989 74.88
42.988 74.895
42.985 74.899
42.983 74.912
42.978 74.919
42.974 74.921
42.966 74.919
42.961 74.92
42.956 74.925
42.96 74.934
42.959 74.94
42.951 74.945
42.947 74.956
42.943 74.964
42.942 74.974
42.944 74.989
42.941 75
42.94 75.005
42.938 75.006
42.932 75.011
42.93 75.024
42.919 75.034
42.917 75.04
42.912 75.049
42.911 75.057
42.903 75.079
42.895 75.08
42.893 75.084
42.891 75.095
42.879 75.129
42.871 75.135
42.869 75.137
42.85 75.157
42.848 75.17
42.848 75.193
42.841 75.202
42.838 75.232
42.843 75.253
42.851 75.275
42.853 75.287
42.856 75.322
42.853 75.335
42.851 75.342
42.844 75.354
42.837 75.373
42.824 75.416
42.822 75.428
42.82 75.451
42.824 75.48
42.825 75.491
42.821 75.549
42.824 75.555
42.82 75.581
42.821 75.614
42.816 75.642
42.813 75.66
42.807 75.681
42.799 75.699
42.797 75.711
42.797 75.716
42.805 75.734
42.821 75.759
42.837 75.771
42.846 75.772
42.854 75.773
42.9 75.789
42.918 75.801
42.934 75.815
42.947 75.853
42.95 75.862
42.943 75.896
42.954 75.918
42.954 75.927
42.953 75.933
42.944 75.943
42.934 75.961
42.929 75.984
42.931 75.999
42.93 76.006
42.93 76.007
42.914 76.023
42.91 76.035
42.91 76.053
42.913 76.083
42.921 76.113
42.923 76.134
42.921 76.162
42.919 76.183
42.92 76.213
42.918 76.24
42.919 76.268
42.916 76.279
42.906 76.3
42.898 76.305
42.886 76.308
42.879 76.31
42.871 76.315
42.866 76.323
42.866 76.347
42.869 76.378
42.886 76.445
42.886 76.458
42.886 76.46
42.889 76.485
42.902 76.502
42.917 76.509
42.919 76.514
42.918 76.531
42.91 76.566
42.909 76.579
42.912 76.603
42.913 76.607
42.911 76.637
42.907 76.656
42.908 76.675
42.905 76.686
42.904 76.705
42.905 76.723
42.907 76.729
42.915 76.739
42.93 76.749
42.934 76.75
42.942 76.752
42.946 76.755
42.949 76.762
42.951 76.777
42.951 76.803
42.959 76.815
42.972 76.829
42.983 76.846
42.985 76.86
42.983 76.89
42.982 76.899
42.983 76.929
42.981 76.947
42.979 76.96
42.975 76.973
42.971 76.99
42.97 77.007
42.961 77.043
42.962 77.056
42.962 77.063
42.966 77.087
42.96 77.176
42.956 77.188
42.952 77.194
42.942 77.201
42.934 77.21
42.922 77.223
42.916 77.244
42.914 77.26
42.913 77.276
42.915 77.344
42.918 77.362
42.92 77.37
42.925 77.383
42.927 77.401
42.933 77.422
42.935 77.439
42.936 77.45
42.928 77.481
42.928 77.509
42.932 77.53
42.931 77.536
42.927 77.56
42.917 77.582
42.916 77.642
42.911 77.681
42.907 77.701
42.907 77.703
42.905 77.727
42.907 77.736
42.907 77.753
42.911 77.769
42.911 77.785
42.908 77.793
42.897 77.801
42.885 77.815
42.88 77.833
42.881 77.853
42.881 77.868
42.868 77.905
42.869 77.914
42.874 77.929
42.875 77.936
42.872 77.945
42.865 77.949
42.852 77.963
42.85 77.968
42.852 77.977
42.861 77.997
42.862 77.997
42.867 78.006
42.867 78.011
42.867 78.022
42.865 78.03
42.859 78.039
42.838 78.059
42.842 78.065
42.859 78.083
42.864 78.108
42.858 78.134
42.856 78.145
42.857 78.148
42.858 78.157
42.861 78.163
42.877 78.172
42.881 78.178
42.881 78.188
42.874 78.205
42.875 78.228
42.872 78.25
42.867 78.265
42.861 78.295
42.856 78.318
42.856 78.331
42.856 78.34
42.861 78.356
42.865 78.36
42.884 78.368
42.886 78.373
42.885 78.381
42.878 78.395
42.877 78.405
42.879 78.416
42.886 78.437
42.892 78.454
42.896 78.476
42.904 78.492
42.895 78.514
42.897 78.525
42.893 78.53
42.885 78.536
42.875 78.541
42.867 78.553
42.865 78.577
42.865 78.579
42.855 78.612
42.85 78.634
42.851 78.651
42.849 78.656
42.844 78.663
42.828 78.674
42.821 78.684
42.821 78.692
42.831 78.715
42.831 78.719
42.831 78.721
42.823 78.736
42.821 78.754
42.824 78.766
42.815 78.784
42.805 78.796
42.807 78.822
42.797 78.848
42.797 78.865
42.796 78.872
42.796 78.873
42.791 78.887
42.789 78.901
42.788 78.905
42.778 78.915
42.775 78.928
42.775 78.937
42.782 78.956
42.781 78.965
42.774 78.985
42.778 79.006
42.777 79.024
42.775 79.028
42.769 79.042
42.751 79.058
42.742 79.069
42.74 79.073
42.741 79.078
42.745 79.083
42.766 79.094
42.77 79.099
42.782 79.149
42.783 79.153
42.785 79.165
42.784 79.177
42.78 79.183
42.768 79.171
42.755 79.167
42.749 79.166
42.708 79.177
42.688 79.187
42.681 79.194
42.676 79.203
42.668 79.205
42.654 79.218
42.65 79.233
42.647 79.235
42.641 79.24
42.632 79.252
42.626 79.266
42.624 79.278
42.625 79.291
42.622 79.299
42.618 79.301
42.601 79.338
42.589 79.358
42.58 79.37
42.573 79.373
42.558 79.38
42.541 79.394
42.536 79.408
42.492 79.471
42.488 79.484
42.484 79.488
42.48 79.493
42.461 79.504
42.456 79.509
42.457 79.573
42.451 79.604
42.452 79.616
42.455 79.625
42.459 79.631
42.475 79.657
42.477 79.664
42.471 79.73
42.467 79.744
42.454 79.753
42.452 79.758
42.451 79.763
42.455 79.775
42.454 79.778
42.454 79.782
42.448 79.79
42.446 79.798
42.448 79.81
42.444 79.823
42.444 79.842
42.442 79.85
42.428 79.849
42.424 79.852
42.421 79.857
42.421 79.863
42.423 79.87
42.434 79.873
42.439 79.88
42.437 79.903
42.436 79.909
42.438 79.932
42.436 79.939
42.43 79.952
42.411 79.966
42.393 79.973
42.389 79.972
42.375 79.983
42.363 80
42.356 80.009
42.347 80.023
42.343 80.033
42.34 80.062
42.337 80.07
42.328 80.085
42.294 80.101
42.279 80.118
42.274 80.12
42.272 80.12
42.223 80.112
42.206 80.118
42.202 80.126
42.204 80.134
42.216 80.153
42.212 80.164
42.214 80.169
42.222 80.182
42.231 80.197
42.231 80.209
42.22 80.227
42.221 80.246
42.214 80.249
42.204 80.263
42.196 80.266
42.192 80.263
42.182 80.259
42.17 80.256
42.162 80.258
42.146 80.268
42.134 80.27
42.127 80.266
42.118 80.254
42.115 80.252
42.108 80.253
42.099 80.249
42.093 80.249
42.09 80.252
42.086 80.265
42.082 80.271
42.08 80.275
42.073 80.281
42.066 80.283
42.06 80.283
42.058 80.279
42.058 80.248
42.056 80.229
42.053 80.217
42.041 80.197
42.041 80.174
42.038 80.156
42.036 80.146
42.035 80.127
42.043 80.085
42.052 80.032
42.048 80.015
42.043 80
42.041 79.994
42.041 79.993
42.04 79.983
42.042 79.919
42.041 79.897
42.038 79.882
42.031 79.863
42.017 79.845
42.01 79.841
42.008 79.84
42.001 79.834
41.992 79.84
41.983 79.84
41.972 79.836
41.964 79.829
41.935 79.797
41.923 79.79
41.909 79.786
41.901 79.777
41.892 79.768
41.883 79.764
41.87 79.766
41.862 79.763
41.859 79.754
41.856 79.741
41.852 79.736
41.847 79.732
41.837 79.732
41.827 79.727
41.804 79.692
41.79 79.67
41.787 79.658
41.784 79.618
41.781 79.604
41.781 79.552
41.785 79.54
41.785 79.534
41.786 79.511
41.78 79.484
41.782 79.479
41.794 79.461
41.797 79.462
41.798 79.464
41.797 79.477
41.799 79.48
41.801 79.48
41.805 79.474
41.807 79.476
41.807 79.481
41.809 79.487
41.813 79.487
41.816 79.484
41.819 79.487
41.822 79.494
41.825 79.494
41.828 79.486
41.831 79.476
41.837 79.474
41.84 79.477
41.844 79.477
41.847 79.471
41.849 79.452
41.841 79.411
41.836 79.398
41.83 79.389
41.803 79.364
41.802 79.363
41.799 79.353
41.799 79.345
41.806 79.324
41.807 79.314
41.805 79.308
41.789 79.29
41.786 79.269
41.784 79.264
41.778 79.259
41.764 79.254
41.755 79.246
41.749 79.239
41.738 79.225
41.736 79.22
41.734 79.218
41.73 79.201
41.73 79.16
41.728 79.147
41.724 79.137
41.708 79.117
41.7 79.105
41.697 79.096
41.693 79.083
41.686 79.04
41.683 79.033
41.68 79.029
41.664 79.02
41.658 79.01
41.657 79.001
41.659 78.992
41.659 78.987
41.654 78.977
41.649 78.954
41.646 78.937
41.641 78.929
41.627 78.919
41.623 78.912
41.619 78.898
41.614 78.892
41.6 78.881
41.595 78.871
41.594 78.867
41.576 78.836
41.572 78.828
41.57 78.822
41.571 78.817
41.569 78.811
41.567 78.798
41.552 78.744
41.551 78.708
41.548 78.702
41.534 78.691
41.524 78.686
41.514 78.68
41.487 78.655
41.472 78.644
41.47 78.64
41.474 78.627
41.474 78.617
41.468 78.603
41.469 78.577
41.465 78.563
41.456 78.532
41.447 78.524
41.429 78.5
41.421 78.476
41.415 78.438
41.413 78.422
41.414 78.418
41.414 78.415
41.412 78.408
41.413 78.405
41.41 78.392
41.406 78.387
41.402 78.385
41.361 78.379
41.356 78.38
41.348 78.393
41.333 78.399
41.323 78.408
41.316 78.409
41.315 78.408
41.307 78.405
41.294 78.388
41.286 78.385
41.278 78.386
41.271 78.386
41.265 78.38
41.259 78.363
41.261 78.342
41.254 78.334
41.253 78.328
41.237 78.302
41.234 78.297
41.213 78.272
41.195 78.26
41.192 78.26
41.138 78.216
41.132 78.213
41.117 78.206
41.103 78.198
41.091 78.196
41.079 78.19
41.073 78.181
41.076 78.173
41.077 78.165
41.072 78.157
41.07 78.146
41.072 78.127
41.069 78.118
41.065 78.109
41.064 78.107
41.054 78.094
41.051 78.088
41.051 78.078
41.047 78.071
41.036 78.067
41.033 78.059
41.039 78.047
41.045 78.038
41.058 78.027
41.069 78.01
41.068 78.005
41.072 78.005
41.076 77.988
41.078 77.983
41.07 77.953
41.068 77.942
41.066 77.937
41.062 77.923
41.061 77.913
41.063 77.904
41.072 77.886
41.073 77.878
41.066 77.852
41.059 77.834
41.049 77.811
41.046 77.797
41.036 77.775
41.027 77.768
41.023 77.759
41.022 77.751
41.029 77.727
41.028 77.722
41.024 77.707
41.019 77.698
41.013 77.693
41.008 77.687
40.999 77.664
41.008 77.643
41.013 77.625
41.012 77.617
41.004 77.598
40.996 77.57
40.993 77.549
40.992 77.533
40.994 77.523
41 77.505
41.001 77.47
41.003 77.468
41.003 77.467
41.015 77.461
41.021 77.449
41.022 77.44
41.021 77.423
41.03 77.376
41.033 77.36
41.033 77.349
41.03 77.332
41.025 77.319
41.024 77.315
41.019 77.307
41.007 77.274
41.007 77.261
41.012 77.25
41.016 77.251
41.022 77.246
41.028 77.23
41.028 77.203
41.026 77.188
41.02 77.176
41.015 77.166
41.016 77.153
41.026 77.135
41.026 77.133
41.048 77.094
41.055 77.071
41.06 77.047
41.057 77.029
41.057 77.027
41.053 77.016
41.048 76.987
41.043 76.97
41.039 76.947
41.023 76.912
41.026 76.887
41.023 76.873
41.021 76.864
41.013 76.854
41.006 76.849
40.985 76.837
40.984 76.833
40.978 76.831
40.975 76.824
40.971 76.806
40.966 76.794
40.961 76.786
40.933 76.778
40.924 76.775
40.918 76.775
40.86 76.789
40.851 76.787
40.845 76.781
40.831 76.747
40.828 76.741
40.791 76.676
40.774 76.652
40.765 76.645
40.757 76.634
40.74 76.629
40.728 76.633
40.707 76.645
40.697 76.647
40.689 76.647
40.675 76.639
40.664 76.639
40.643 76.647
40.639 76.646
40.631 76.647
40.623 76.64
40.622 76.638
40.61 76.614
40.6 76.599
40.589 76.589
40.571 76.575
40.535 76.538
40.526 76.535
40.523 76.533
40.501 76.529
40.474 76.528
40.463 76.521
40.444 76.497
40.431 76.476
40.42 76.465
40.418 76.462
40.412 76.459
40.408 76.453
40.402 76.44
40.395 76.415
40.396 76.411
40.387 76.378
40.382 76.364
40.362 76.34
40.36 76.332
40.362 76.33
40.371 76.325
40.401 76.322
40.422 76.314
40.447 76.313
40.455 76.31
40.46 76.303
40.461 76.293
40.461 76.289
40.452 76.278
40.45 76.275
40.432 76.259
40.397 76.22
40.387 76.201
40.383 76.188
40.383 76.173
40.386 76.158
40.387 76.154
40.398 76.126
40.398 76.121
40.405 76.107
40.407 76.091
40.404 76.069
40.383 76.024
40.38 76.01
40.38 76.005
40.38 75.975
40.377 75.967
40.371 75.96
40.354 75.948
40.338 75.93
40.327 75.922
40.318 75.922
40.299 75.925
40.292 75.923
40.291 75.922
40.286 75.918
40.286 75.912
40.301 75.9
40.305 75.895
40.308 75.885
40.307 75.858
40.308 75.844
40.311 75.838
40.331 75.83
40.339 75.829
40.339 75.825
40.336 75.818
40.33 75.813
40.32 75.805
40.308 75.793
40.299 75.779
40.299 75.758
40.295 75.74
40.289 75.722
40.277 75.7
40.283 75.695
40.288 75.693
40.294 75.697
40.3 75.7
40.304 75.698
40.316 75.687
40.336 75.69
40.341 75.683
40.35 75.664
40.354 75.661
40.364 75.669
40.368 75.666
40.371 75.661
40.377 75.647
40.38 75.645
40.383 75.643
40.389 75.648
40.401 75.669
40.408 75.677
40.421 75.681
40.428 75.691
40.432 75.709
40.437 75.715
40.458 75.716
40.478 75.722
40.485 75.719
40.497 75.677
40.502 75.649
40.507 75.641
40.526 75.638
40.548 75.626
40.559 75.623
40.564 75.621
40.615 75.619
40.623 75.613
40.656 75.597
40.659 75.593
40.654 75.567
40.652 75.561
40.649 75.555
40.642 75.534
40.629 75.518
40.626 75.509
40.622 75.487
40.611 75.47
40.609 75.46
40.603 75.456
40.59 75.453
40.584 75.449
40.581 75.445
40.559 75.418
40.553 75.41
40.556 75.39
40.553 75.385
40.543 75.373
40.526 75.358
40.519 75.348
40.517 75.328
40.514 75.32
40.513 75.317
40.501 75.301
40.489 75.295
40.481 75.289
40.48 75.265
40.478 75.26
40.463 75.251
40.454 75.238
40.445 75.229
40.441 75.219
40.44 75.204
40.439 75.194
40.441 75.186
40.45 75.169
40.455 75.139
40.449 75.12
40.442 75.109
40.441 75.097
40.441 75.086
40.444 75.077
40.45 75.066
40.451 75.053
40.451 75.047
40.456 75.036
40.455 75.025
40.459 75.018
40.458 75.011
40.451 75
40.45 74.998
40.451 74.988
40.46 74.965
40.475 74.934
40.484 74.926
40.486 74.926
40.491 74.924
40.492 74.918
40.495 74.9
40.517 74.851
40.52 74.84
40.524 74.835
40.525 74.828
40.521 74.823
40.505 74.818
40.501 74.821
40.489 74.825
40.479 74.824
40.466 74.822
40.454 74.812
40.453 74.792
40.45 74.789
40.446 74.789
40.43 74.805
40.395 74.85
40.389 74.853
40.379 74.859
40.369 74.87
40.352 74.902
40.346 74.908
40.337 74.899
40.33 74.878
40.327 74.872
40.318 74.863
40.318 74.858
40.325 74.843
40.326 74.842
40.332 74.836
40.343 74.819
40.351 74.802
40.351 74.79
40.345 74.771
40.349 74.741
40.347 74.724
40.346 74.704
40.342 74.695
40.328 74.7
40.313 74.698
40.305 74.693
40.297 74.684
40.291 74.683
40.27 74.687
40.266 74.685
40.264 74.68
40.265 74.673
40.269 74.664
40.268 74.645
40.278 74.635
40.278 74.634
40.279 74.625
40.275 74.586
40.269 74.577
40.263 74.57
40.249 74.56
40.24 74.556
40.226 74.543
40.211 74.532
40.204 74.524
40.203 74.521
40.201 74.513
40.198 74.498
40.196 74.493
40.192 74.489
40.18 74.483
40.173 74.47
40.163 74.459
40.151 74.452
40.143 74.44
40.134 74.423
40.131 74.412
40.125 74.402
40.121 74.396
40.11 74.383
40.101 74.364
40.084 74.34
40.087 74.334
40.104 74.315
40.106 74.307
40.096 74.286
40.103 74.278
40.106 74.274
40.118 74.269
40.125 74.263
40.128 74.255
40.127 74.251
40.12 74.242
40.124 74.229
40.119 74.207
40.118 74.196
40.109 74.179
40.106 74.164
40.099 74.15
40.099 74.146
40.099 74.142
40.103 74.13
40.102 74.124
40.092 74.116
40.081 74.113
40.079 74.11
40.078 74.106
40.08 74.099
40.074 74.083
40.074 74.076
40.088 74.045
40.089 74.039
40.084 74.028
40.074 74.021
40.067 74.016
40.055 74.011
40.04 73.992
40.027 73.95
40.023 73.945
40.02 73.943
40.016 73.946
40.013 73.95
40.006 73.973
40 73.981
39.99 73.972
39.971 73.961
39.935 73.926
39.917 73.912
39.91 73.911
39.897 73.914
39.882 73.92
39.871 73.918
39.864 73.913
39.859 73.895
39.854 73.879
39.838 73.862
39.825 73.852
39.811 73.845
39.798 73.841
39.78 73.833
39.771 73.831
39.759 73.835
39.749 73.846
39.745 73.853
39.741 73.879
39.738 73.891
39.734 73.902
39.726 73.91
39.715 73.915
39.688 73.922
39.619 73.939
39.603 73.941
39.594 73.938
39.582 73.927
39.564 73.91
39.546 73.89
39.536 73.884
39.53 73.88
39.498 73.871
39.479 73.864
39.47 73.854
39.464 73.842
39.459 73.821
39.458 73.79
39.459 73.766
39.458 73.721
39.464 73.665
39.465 73.658
39.467 73.647
39.467 73.635
39.462 73.621
39.46 73.613
39.458 73.598
39.458 73.587
39.455 73.578
39.452 73.563
39.457 73.544
39.468 73.509
39.469 73.492
39.466 73.462
39.452 73.44
39.446 73.427
39.444 73.417
39.449 73.403
39.451 73.39
39.447 73.383
39.439 73.378
39.41 73.364
39.398 73.355
39.392 73.34
39.386 73.313
39.387 73.285
39.389 73.266
39.398 73.255
39.407 73.245
39.406 73.239
39.398 73.234
39.385 73.227
39.36 73.218
39.356 73.213
39.357 73.201
39.357 73.191
39.355 73.177
39.358 73.144
39.365 73.126
39.37 73.113
39.373 73.096
39.369 73.08
39.362 73.057
39.355 73.043
39.354 73.029
39.355 73.016
39.36 72.995
39.357 72.98
39.351 72.957
39.353 72.945
39.362 72.932
39.366 72.923
39.363 72.907
39.36 72.898
39.354 72.881
39.351 72.868
39.353 72.849
39.353 72.836
39.358 72.822
39.356 72.815
39.343 72.786
39.34 72.778
39.344 72.773
39.352 72.771
39.377 72.709
39.384 72.691
39.385 72.679
39.383 72.664
39.381 72.657
39.384 72.644
39.388 72.625
39.384 72.615
39.368 72.605
39.357 72.595
39.35 72.578
39.351 72.562
39.356 72.55
39.37 72.544
39.374 72.536
39.377 72.524
39.376 72.517
39.375 72.511
39.376 72.502
39.376 72.496
39.372 72.489
39.368 72.485
39.359 72.481
39.353 72.477
39.349 72.469
39.346 72.456
39.344 72.438
39.339 72.422
39.332 72.404
39.327 72.388
39.326 72.378
39.329 72.358
39.33 72.35
39.327 72.343
39.314 72.322
39.298 72.308
39.246 72.286
39.227 72.272
39.211 72.263
39.201 72.263
39.184 72.261
39.175 72.257
39.173 72.245
39.175 72.233
39.184 72.22
39.194 72.216
39.205 72.217
39.217 72.215
39.226 72.209
39.236 72.19
39.242 72.182
39.252 72.176
39.262 72.168
39.264 72.16
39.266 72.128
39.265 72.118
39.265 72.107
39.271 72.097
39.285 72.085
39.296 72.082
39.305 72.078
39.322 72.066
39.332 72.063
39.352 72.059
39.36 72.051
39.365 72.043
39.366 72.036
39.362 72.03
39.355 72.019
39.351 72.012
39.348 71.995
39.339 71.978
39.334 71.971
39.331 71.958
39.318 71.945
39.301 71.932
39.28 71.919
39.277 71.911
39.275 71.9
39.281 71.879
39.283 71.846
39.282 71.836
39.275 71.818
39.274 71.802
39.278 71.791
39.286 71.78
39.311 71.761
39.324 71.753
39.351 71.757
39.367 71.773
39.375 71.796
39.381 71.8
39.403 71.804
39.428 71.798
39.443 71.786
39.452 71.771
39.457 71.761
39.457 71.749
39.455 71.738
39.455 71.73
39.456 71.717
39.456 71.707
39.453 71.686
39.451 71.675
39.446 71.662
39.44 71.641
39.44 71.626
39.445 71.613
39.448 71.593
39.449 71.577
39.455 71.562
39.473 71.553
39.505 71.544
39.518 71.543
39.533 71.548
39.545 71.558
39.558 71.561
39.574 71.56
39.587 71.551
39.602 71.526
39.614 71.499
39.613 71.488
39.608 71.479
39.591 71.46
39.577 71.436
39.571 71.415
39.572 71.392
39.576 71.361
39.576 71.355
39.569 71.336
39.562 71.335
39.552 71.334
39.544 71.329
39.523 71.308
39.518 71.296
39.518 71.287
39.523 71.278
39.541 71.264
39.549 71.259
39.552 71.253
39.545 71.244
39.536 71.24
39.517 71.206
39.511 71.193
39.507 71.17
39.511 71.128
39.51 71.113
39.506 71.099
39.499 71.09
39.481 71.081
39.48 71.081
39.47 71.078
39.45 71.08
39.432 71.081
39.42 71.073
39.414 71.066
39.409 71.051
39.404 71.031
39.403 71.008
39.403 70.994
39.408 70.985
39.415 70.974
39.43 70.959
39.435 70.951
39.434 70.941
39.427 70.936
39.407 70.935
39.39 70.922
39.383 70.912
39.382 70.892
39.389 70.88
39.393 70.868
39.393 70.86
39.39 70.838
39.388 70.816
39.389 70.788
39.394 70.773
39.399 70.768
39.405 70.767
39.419 70.766
39.426 70.763
39.453 70.763
39.462 70.761
39.478 70.754
39.487 70.746
39.498 70.722
39.507 70.703
39.566 70.661
39.579 70.634
39.581 70.62
39.581 70.594
39.585 70.57
39.593 70.556
39.603 70.55
39.609 70.544
39.614 70.529
39.618 70.51
39.617 70.496
39.613 70.485
39.589 70.473
39.581 70.466
39.577 70.452
39.582 70.432
39.59 70.417
39.594 70.398
39.594 70.389
39.591 70.375
39.583 70.364
39.547 70.33
39.538 70.317
39.53 70.305
39.525 70.284
39.527 70.273
39.535 70.263
39.549 70.249
39.558 70.241
39.564 70.226
39.573 70.218
39.597 70.212
39.597 70.206
39.59 70.198
39.576 70.196
39.567 70.192
39.555 70.179
39.555 70.17
39.558 70.153
39.565 70.14
39.571 70.137
39.584 70.134
39.587 70.125
39.584 70.109
39.565 70.079
39.553 70.071
39.526 70.066
39.521 70.061
39.531 70.057
39.557 70.06
39.564 70.056
39.568 70.05
39.566 70.041
39.553 70.036
39.546 70.031
39.54 70.013
39.541 70
39.541 69.998
39.548 69.988
39.562 69.981
39.572 69.965
39.577 69.932
39.574 69.91
39.569 69.904
39.552 69.899
39.54 69.888
39.532 69.876
39.523 69.867
39.524 69.862
39.528 69.859
39.539 69.854
39.543 69.847
39.55 69.835
39.565 69.811
39.573 69.793
39.576 69.772
39.578 69.759
39.585 69.75
39.591 69.731
39.593 69.712
39.591 69.696
39.585 69.687
39.576 69.674
39.576 69.658
39.581 69.641
39.585 69.626
39.574 69.595
39.56 69.585
39.552 69.579
39.552 69.564
39.543 69.546
39.544 69.537
39.537 69.521
39.535 69.505
39.525 69.483
39.528 69.48
39.532 69.471
39.534 69.465
39.529 69.449
39.534 69.428
39.541 69.415
39.552 69.41
39.552 69.405
39.552 69.403
39.549 69.399
39.524 69.384
39.516 69.374
39.517 69.365
39.536 69.343
39.539 69.34
39.59 69.359
39.592 69.352
39.596 69.343
39.606 69.341
39.616 69.341
39.623 69.339
39.628 69.333
39.649 69.331
39.655 69.324
39.662 69.321
39.69 69.327
39.709 69.32
39.731 69.301
39.749 69.29
39.791 69.277
39.803 69.28
39.826 69.297
39.841 69.302
39.859 69.303
39.875 69.306
39.883 69.308
39.899 69.329
39.909 69.333
39.938 69.344
39.978 69.356
39.999 69.353
40 69.353
40 69.382
39.976 69.393
39.95 69.416
39.923 69.421
39.906 69.426
39.897 69.45
39.896 69.467
39.901 69.478
39.909 69.49
39.92 69.505
39.927 69.523
39.933 69.533
39.943 69.535
39.97 69.526
39.977 69.528
39.994 69.531
40 69.528
40.028 69.508
40.034 69.507
40.046 69.511
40.053 69.515
40.056 69.514
40.057 69.513
40.077 69.517
40.085 69.52
40.09 69.526
40.104 69.563
40.105 69.582
40.11 69.615
40.115 69.637
40.117 69.648
40.115 69.677
40.115 69.693
40.116 69.701
40.138 69.748
40.143 69.766
40.147 69.772
40.153 69.787
40.159 69.802
40.164 69.829
40.172 69.848
40.175 69.862
40.187 69.902
40.191 69.906
40.197 69.928
40.202 69.937
40.204 69.942
40.208 69.959
40.22 69.981
40.227 69.987
40.234 70
40.235 70.003
40.239 70.027
40.239 70.04
40.235 70.05
40.226 70.063
40.216 70.074
40.215 70.076
40.2 70.099
40.192 70.108
40.187 70.117
40.184 70.128
40.173 70.14
40.172 70.145
40.162 70.164
40.152 70.181
40.14 70.196
40.137 70.199
40.133 70.202
40.128 70.215
40.128 70.221
40.128 70.246
40.132 70.269
40.128 70.28
40.125 70.299
40.115 70.326
40.11 70.335
40.1 70.345
40.096 70.35
40.092 70.365
40.09 70.389
40.073 70.402
40.066 70.417
40.063 70.43
40.057 70.489
40.056 70.501
40.054 70.506
40.051 70.524
40.042 70.542
40.033 70.558
40.026 70.564
40.021 70.565
40.007 70.55
40 70.544
39.999 70.543
39.984 70.52
39.98 70.513
39.97 70.481
39.959 70.467
39.948 70.456
39.938 70.462
39.925 70.482
39.926 70.493
39.929 70.505
39.939 70.522
39.941 70.545
39.943 70.564
39.943 70.575
39.972 70.627
39.979 70.641
40 70.654
40.002 70.654
40.02 70.658
40.066 70.654
40.076 70.659
40.083 70.667
40.088 70.682
40.086 70.72
40.09 70.759
40.098 70.777
40.108 70.791
40.119 70.809
40.128 70.815
40.16 70.824
40.162 70.828
40.165 70.833
40.166 70.842
40.164 70.861
40.144 70.91
40.145 70.92
40.15 70.93
40.154 70.949
40.155 70.954
40.157 70.956
40.158 70.963
40.165 70.971
40.168 70.972
40.185 70.978
40.187 70.981
40.2 70.981
40.21 70.984
40.216 70.984
40.222 70.98
40.229 70.968
40.238 70.97
40.245 70.97
40.26 70.963
40.264 70.966
40.269 70.976
40.28 71.009
40.284 71.021
40.287 71.032
40.29 71.063
40.298 71.08
40.319 71.118
40.323 71.131
40.322 71.153
40.324 71.158
40.33 71.183
40.332 71.2
40.33 71.222
40.325 71.244
40.325 71.254
40.328 71.271
40.327 71.277
40.31 71.278
40.306 71.281
40.304 71.287
40.305 71.294
40.306 71.303
40.315 71.329
40.316 71.336
40.312 71.343
40.306 71.341
40.301 71.345
40.301 71.358
40.305 71.369
40.303 71.379
40.298 71.388
40.278 71.412
40.272 71.421
40.269 71.426
40.266 71.439
40.266 71.446
40.263 71.459
40.262 71.487
40.258 71.491
40.254 71.492
40.231 71.488
40.222 71.493
40.21 71.529
40.209 71.531
40.201 71.545
40.2 71.551
40.203 71.563
40.203 71.585
40.187 71.602
40.186 71.608
40.19 71.611
40.199 71.609
40.215 71.614
40.239 71.609
40.246 71.609
40.252 71.611
40.254 71.637
40.253 71.654
40.247 71.665
40.232 71.68
40.219 71.684
40.187 71.681
40.183 71.683
40.181 71.684
40.174 71.692
40.173 71.697
40.165 71.706
40.151 71.716
40.148 71.721
40.149 71.729
40.16 71.749
40.164 71.761
40.167 71.778
40.183 71.812
40.186 71.818
40.194 71.831
40.193 71.843
40.196 71.852
40.201 71.859
40.206 71.861
40.21 71.859
40.229 71.843
40.234 71.842
40.241 71.845
40.245 71.85
40.248 71.855
40.248 71.863
40.244 71.873
40.242 71.891
40.24 71.899
40.237 71.903
40.228 71.918
40.225 71.926
40.225 71.939
40.23 71.954
40.235 71.96
40.253 71.97
40.27 71.994
40.278 71.996
40.284 71.99
40.293 71.975
40.293 71.974
40.297 71.953
40.302 71.949
40.305 71.949
40.31 71.951
40.317 71.96
40.324 71.971
40.332 71.997
40.351 72.014
40.357 72.025
40.368 72.038
40.372 72.04
40.377 72.044
40.38 72.048
40.383 72.071
40.386 72.078
40.393 72.084
40.402 72.085
40.414 72.099
40.42 72.102
40.435 72.098
40.448 72.092
40.465 72.102
40.463 72.107
40.456 72.122
40.452 72.134
40.453 72.142
40.457 72.152
40.467 72.166
40.475 72.173
40.498 72.184
40.5 72.192
40.495 72.215
40.497 72.234
40.497 72.24
40.492 72.25
40.488 72.252
40.47 72.244
40.467 72.245
40.463 72.248
40.461 72.254
40.461 72.274
40.458 72.28
40.446 72.291
40.443 72.298
40.448 72.315
40.446 72.321
40.438 72.335
40.437 72.337
40.419 72.362
40.412 72.369
40.408 72.379
40.405 72.386
40.404 72.399
40.401 72.411
40.402 72.417
40.405 72.421
40.415 72.422
40.429 72.416
40.45 72.426
40.473 72.441
40.486 72.436
40.49 72.428
40.494 72.425
40.503 72.422
40.519 72.42
40.525 72.414
40.525 72.409
40.523 72.402
40.523 72.391
40.531 72.388
40.539 72.392
40.542 72.398
40.542 72.401
40.542 72.414
40.544 72.42
40.55 72.427
40.554 72.429
40.559 72.428
40.565 72.424
40.569 72.419
40.574 72.397
40.577 72.393
40.591 72.387
40.596 72.38
40.602 72.356
40.607 72.352
40.612 72.356
40.616 72.361
40.616 72.362
40.615 72.369
40.616 72.385
40.619 72.391
40.623 72.406
40.62 72.415
40.601 72.445
40.584 72.457
40.564 72.476
40.557 72.485
40.557 72.486
40.556 72.491
40.561 72.506
40.558 72.516
40.543 72.536
40.537 72.551
40.538 72.571
40.536 72.583
40.517 72.613
40.517 72.622
40.518 72.629
40.519 72.637
40.537 72.649
40.56 72.654
40.564 72.657
40.574 72.676
40.587 72.677
40.593 72.684
40.587 72.716
40.583 72.724
40.582 72.725
40.571 72.737
40.566 72.748
40.567 72.757
40.57 72.762
40.588 72.764
40.633 72.76
40.64 72.762
40.65 72.778
40.653 72.777
40.655 72.777
40.663 72.769
40.67 72.766
40.676 72.767
40.681 72.774
40.683 72.791
40.681 72.799
40.681 72.815
40.683 72.83
40.689 72.849
40.7 72.866
40.705 72.87
40.71 72.884
40.711 72.888
40.717 72.899
40.72 72.918
40.724 72.919
40.724 72.928
40.727 72.937
40.74 72.967
40.753 72.992
40.767 73.006
40.769 73.022
40.771 73.042
40.777 73.059
40.779 73.068
40.789 73.095
40.791 73.104
40.796 73.114
40.806 73.123
40.816 73.128
40.835 73.132
40.843 73.131
40.844 73.131
40.851 73.127
40.857 73.118
40.858 73.11
40.858 73.085
40.851 73.07
40.849 73.065
40.851 73.059
40.862 73.04
40.863 73.028
40.865 73.021
40.885 73.001
40.887 73
40.889 72.999
40.889 72.99
40.886 72.985
40.862 72.976
40.854 72.983
40.848 72.996
40.845 72.998
40.839 72.999
40.835 72.991
40.835 72.979
40.827 72.97
40.822 72.956
40.817 72.952
40.814 72.939
40.813 72.938
40.812 72.927
40.815 72.913
40.817 72.909
40.834 72.901
40.848 72.882
40.862 72.868
40.866 72.86
40.869 72.85
40.869 72.835
40.865 72.81
40.86 72.787
40.864 72.772
40.861 72.752
40.854 72.732
40.858 72.708
40.859 72.693
40.856 72.681
40.864 72.652
40.865 72.647
40.873 72.622
40.876 72.618
40.881 72.592
40.886 72.582
40.89 72.575
40.903 72.573
40.918 72.573
40.923 72.571
40.935 72.559
40.94 72.556
40.946 72.55
40.957 72.54
40.972 72.53
40.978 72.521
40.982 72.511
40.982 72.505
40.981 72.501
40.969 72.491
40.969 72.487
40.972 72.483
40.976 72.483
41.001 72.501
41.011 72.503
41.017 72.502
41.025 72.501
41.031 72.498
41.036 72.483
41.039 72.466
41.037 72.448
41.041 72.433
41.044 72.431
41.045 72.421
41.045 72.412
41.046 72.407
41.056 72.39
41.061 72.367
41.061 72.362
41.062 72.361
41.064 72.359
41.065 72.352
41.063 72.344
41.057 72.335
41.043 72.319
41.028 72.293
41.025 72.276
41.01 72.233
41.005 72.223
41.005 72.222
41.003 72.215
41.003 72.2
41.009 72.186
41.015 72.178
41.019 72.176
41.024 72.18
41.029 72.207
41.031 72.212
41.036 72.218
41.045 72.226
41.052 72.228
41.066 72.219
41.078 72.216
41.089 72.212
41.105 72.212
41.117 72.207
41.141 72.204
41.149 72.199
41.155 72.193
41.16 72.183
41.161 72.173
41.157 72.163
41.163 72.141
41.163 72.138
41.163 72.124
41.153 72.103
41.141 72.084
41.14 72.076
41.144 72.061
41.163 72.024
41.168 71.999
41.169 71.99
41.17 71.981
41.17 71.973
41.159 71.953
41.157 71.947
41.161 71.938
41.162 71.925
41.172 71.89
41.179 71.883
41.191 71.885
41.193 71.884
41.194 71.872
41.197 71.864
41.201 71.862
41.221 71.869
41.234 71.876
41.247 71.888
41.26 71.896
41.273 71.913
41.286 71.923
41.308 71.935
41.312 71.934
41.314 71.933
41.314 71.927
41.322 71.911
41.339 71.892
41.349 71.886
41.357 71.886
41.37 71.889
41.376 71.886
41.381 71.878
41.377 71.869
41.368 71.862
41.365 71.844
41.367 71.84
41.368 71.839
41.371 71.837
41.392 71.843
41.409 71.83
41.421 71.817
41.431 71.799
41.467 71.777
41.469 71.769
41.468 71.767
41.467 71.766
41.44 71.763
41.435 71.76
41.434 71.753
41.441 71.748
41.452 71.746
41.456 71.74
41.457 71.731
41.454 71.723
41.45 71.718
41.443 71.715
41.432 71.724
41.423 71.723
41.42 71.717
41.424 71.708
41.436 71.699
41.443 71.696
41.45 71.699
41.468 71.717
41.482 71.727
41.489 71.728
41.497 71.725
41.512 71.723
41.517 71.726
41.529 71.724
41.539 71.731
41.544 71.734
41.55 71.731
41.554 71.726
41.555 71.719
41.555 71.701
41.553 71.693
41.541 71.677
41.519 71.66
41.511 71.651
41.509 71.645
41.506 71.63
41.504 71.623
41.501 71.62
41.498 71.618
41.496 71.619
41.492 71.619
41.488 71.626
41.486 71.651
41.482 71.663
41.476 71.67
41.469 71.674
41.458 71.677
41.438 71.669
41.425 71.66
41.419 71.659
41.405 71.671
41.399 71.676
41.388 71.67
41.376 71.656
41.365 71.648
41.349 71.642
41.349 71.637
41.353 71.629
41.349 71.624
41.337 71.617
41.329 71.604
41.324 71.6
41.319 71.6
41.319 71.597
41.312 71.594
41.303 71.591
41.3 71.588
41.298 71.583
41.298 71.576
41.301 71.57
41.312 71.557
41.316 71.548
41.317 71.536
41.316 71.529
41.31 71.52
41.308 71.505
41.316 71.488
41.315 71.481
41.305 71.472
41.3 71.464
41.295 71.457
41.287 71.45
41.28 71.449
41.268 71.454
41.254 71.448
41.245 71.448
41.239 71.452
41.236 71.464
41.233 71.471
41.226 71.476
41.221 71.477
41.193 71.461
41.188 71.458
41.156 71.451
41.13 71.436
41.124 71.435
41.116 71.427
41.105 71.413
41.105 71.401
41.107 71.396
41.112 71.392
41.121 71.391
41.141 71.387
41.149 71.382
41.163 71.365
41.166 71.357
41.166 71.345
41.161 71.334
41.154 71.327
41.131 71.322
41.119 71.313
41.115 71.308
41.106 71.296
41.104 71.285
41.106 71.276
41.111 71.273
41.15 71.278
41.173 71.273
41.18 71.267
41.186 71.257
41.191 71.246
41.191 71.242
41.191 71.24
41.189 71.232
41.186 71.227
41.18 71.224
41.171 71.225
41.167 71.218
41.168 71.212
41.186 71.202
41.186 71.195
41.181 71.188
41.169 71.178
41.169 71.167
41.167 71.162
41.153 71.144
41.149 71.135
41.148 71.133
41.147 71.124
41.154 71.098
41.16 71.089
41.171 71.079
41.177 71.076
41.18 71.059
41.185 71.046
41.193 71.032
41.193 71.019
41.163 70.962
41.166 70.949
41.176 70.944
41.187 70.938
41.201 70.918
41.209 70.899
41.223 70.887
41.231 70.875
41.232 70.87
41.23 70.861
41.227 70.854
41.216 70.844
41.197 70.833
41.182 70.826
41.175 70.82
41.172 70.812
41.178 70.794
41.188 70.783
41.192 70.782
41.203 70.778
41.221 70.779
41.236 70.795
41.246 70.799
41.252 70.797
41.267 70.783
41.279 70.778
41.308 70.776
41.309 70.777
41.323 70.785
41.342 70.791
41.375 70.78
41.392 70.769
41.424 70.741
41.442 70.725
41.461 70.716
41.464 70.712
41.469 70.686
41.469 70.679
41.455 70.654
41.454 70.644
41.456 70.639
41.455 70.637
41.456 70.628
41.453 70.615
41.448 70.595
41.443 70.584
41.434 70.574
41.422 70.565
41.41 70.548
41.4 70.528
41.399 70.519
41.4 70.483
41.403 70.477
41.417 70.466
41.425 70.462
41.427 70.458
41.434 70.452
41.44 70.441
41.443 70.433
41.452 70.422
41.463 70.413
41.467 70.407
41.469 70.394
41.469 70.382
41.477 70.371
41.486 70.366
41.495 70.362
41.501 70.357
41.505 70.349
41.514 70.32
41.517 70.297
41.516 70.276
41.514 70.267
41.512 70.265
41.51 70.257
41.511 70.253
41.51 70.247
41.514 70.227
41.514 70.219
41.513 70.2
41.519 70.186
41.525 70.183
41.545 70.179
41.552 70.181
41.577 70.181
41.589 70.187
41.598 70.196
41.604 70.215
41.607 70.223
41.609 70.238
41.609 70.252
41.607 70.26
41.607 70.266
41.632 70.302
41.633 70.308
41.631 70.316
41.631 70.33
41.638 70.348
41.647 70.361
41.661 70.381
41.676 70.394
41.68 70.4
41.698 70.445
41.7 70.456
41.709 70.476
41.719 70.492
41.72 70.493
41.741 70.507
41.754 70.509
41.763 70.508
41.776 70.509
41.784 70.514
41.794 70.527
41.799 70.539
41.803 70.554
41.816 70.579
41.828 70.601
41.847 70.608
41.853 70.617
41.86 70.633
41.867 70.641
41.891 70.657
41.909 70.679
41.91 70.681
41.918 70.705
41.919 70.719
41.914 70.738
41.914 70.747
41.917 70.751
41.93 70.754
41.933 70.759
41.926 70.774
41.92 70.796
41.92 70.815
41.922 70.823
41.922 70.825
41.937 70.844
41.945 70.85
41.975 70.854
41.983 70.849
41.996 70.836
42 70.834
42.015 70.841
42.021 70.852
42.025 70.855
42.03 70.856
42.037 70.858
42.042 70.862
42.046 70.875
42.046 70.892
42.045 70.898
42.034 70.919
42.03 70.932
42.026 70.95
42.026 70.966
42.033 70.981
42.035 70.989
42.042 70.999
42.044 71.001
42.052 71.017
42.057 71.032
42.087 71.07
42.092 71.087
42.121 71.128
42.133 71.145
42.137 71.156
42.139 71.168
42.14 71.186
42.135 71.214
42.137 71.217
42.145 71.222
42.151 71.236
42.153 71.237
42.156 71.247
42.161 71.251
42.173 71.254
42.176 71.253
42.179 71.252
42.186 71.253
42.196 71.261
42.202 71.258
42.21 71.244
42.216 71.227
42.263 71.156
42.265 71.155
42.273 71.134
42.274 71.114
42.277 71.097
42.288 71.07
42.288 71.06
42.285 71.042
42.281 71.035
42.277 71.017
42.267 71.003
42.258 70.99
42.258 70.975
42.263 70.955
42.262 70.946
42.259 70.94
42.256 70.888
42.259 70.879
42.264 70.875
42.278 70.88
42.288 70.873
42.295 70.871
42.32 70.872
42.323 70.875
42.328 70.875
42.334 70.881
42.338 70.885
42.357 70.894
42.365 70.9
42.371 70.915
42.381 70.927
42.394 70.935
42.427 70.951
42.443 70.954
42.46 70.957
42.473 70.965
42.485 70.978
42.495 70.995
42.493 71.002
42.486 71.016
42.477 71.028
42.469 71.037
42.466 71.046
42.464 71.059
42.464 71.065
42.464 71.068
42.468 71.077
42.474 71.081
42.487 71.086
42.493 71.093
42.5 71.096
42.507 71.095
42.512 71.092
42.521 71.077
42.524 71.076
42.537 71.05
42.542 71.036
42.548 71.025
42.553 71.019
42.554 71.018
42.569 71.007
42.578 71.01
42.595 71.031
42.599 71.041
42.601 71.054
42.603 71.131
42.604 71.137
42.606 71.158
42.609 71.165
42.634 71.177
42.65 71.176
42.659 71.173
42.672 71.175
42.68 71.189
42.683 71.207
42.688 71.216
42.693 71.227
42.713 71.245
42.736 71.259
42.744 71.261
42.755 71.27
42.773 71.269
42.777 71.274
42.78 71.277
42.781 71.296
42.777 71.366
42.797 71.39
42.801 71.441
42.799 71.47
42.802 71.485
42.81 71.5
42.809 71.518
42.8 71.54
42.793 71.551
42.789 71.557
42.775 71.571
42.771 71.583
42.772 71.601
42.765 71.621
42.765 71.627
42.767 71.637
42.782 71.665
42.79 71.675
42.793 71.694
42.794 71.705
42.798 71.715
42.8 71.729
42.808 71.761
42.813 71.774
42.817 71.791
42.82 71.798
42.827 71.806
42.831 71.818
42.831 71.829
42.83 71.835
42.832 71.852
42.833 71.864
42.82 71.905
42.818 71.926
42.814 71.939
42.803 71.948
42.799 71.954
42.784 71.985
42.78 72
42.773 72.021
42.774 72.038
42.769 72.057
42.744 72.089
42.737 72.12
42.739 72.128
42.74 72.145
42.743 72.15
42.754 72.166
42.755 72.174
42.751 72.182
42.751 72.191
42.757 72.212
42.758 72.226
42.76 72.232
42.761 72.261
42.759 72.282
42.757 72.284
42.753 72.301
42.751 72.306
42.742 72.33
42.728 72.38
42.72 72.402
42.717 72.404
42.71 72.416
42.697 72.459
42.685 72.499
42.682 72.522
42.679 72.527
42.679 72.54
42.677 72.55
42.677 72.559
42.684 72.588
42.681 72.607
42.677 72.621
42.675 72.626
42.657 72.667
42.646 72.709
42.644 72.732
42.639 72.744
42.619 72.767
42.613 72.773
42.594 72.789
42.588 72.791
42.581 72.797
42.568 72.814
42.563 72.823
42.557 72.839
42.552 72.88
42.544 72.89
42.537 72.901
42.535 72.911
42.534 72.952
42.528 72.961
42.528 72.975
42.535 73.007
42.535 73.016
42.53 73.035
42.531 73.051
42.533 73.072
42.536 73.091
42.536 73.107
42.532 73.116
42.531 73.135
42.518 73.189
42.514 73.208
42.514 73.216
42.513 73.222
42.508 73.241
42.506 73.298
42.502 73.307
42.496 73.31
42.485 73.312
42.454 73.308
42.449 73.31
42.448 73.312
42.441 73.32
42.427 73.346
42.426 73.376
42.426 73.394
42.424 73.408
42.419 73.421
42.419 73.439
42.421 73.445
42.42 73.451
42.415 73.456
42.412 73.465
42.407 73.475
42.409 73.491
42.412 73.496
42.416 73.511
42.422 73.514
42.438 73.514
42.445 73.509
42.448 73.504
42.459 73.495
42.477 73.47
42.49 73.459
42.502 73.443
42.51 73.439
42.53 73.433
42.547 73.425
42.57 73.422
42.593 73.426
42.595 73.427
42.61 73.423
42.626 73.424
42.641 73.428
42.657 73.44
42.702 73.452
42.715 73.457
42.724 73.462
42.757 73.487
42.783 73.504
42.802 73.507
42.832 73.504
42.845 73.503
42.865 73.498
42.907 73.5
42.934 73.514
42.959 73.541
42.98 73.554
42.991 73.561
43.003 73.564
43.003 73.561
43.016 73.554
43.023 73.558
43.034 73.571
43.055 73.638
43.058 73.643
43.06 73.649
43.074 73.686
43.075 73.692
43.08 73.702
43.109 73.778
43.111 73.804
43.112 73.82
43.098 73.871
43.097 73.878
43.097 73.891
43.102 73.897
43.129 73.906
43.134 73.905
43.14 73.913
43.15 73.921
43.169 73.934
43.192 73.954
43.186 73.983
43.178 73.996
43.169 74.003
43.167 74.023
43.163 74.03
43.159 74.042
43.159 74.045
43.158 74.052
43.168 74.099
43.172 74.112
43.177 74.118
43.178 74.124
43.183 74.137
43.185 74.141
43.185 74.158
43.191 74.174
43.199 74.177
43.21 74.172
43.213 74.169
43.225 74.158
43.232 74.156
43.236 74.159
43.238 74.169
43.233 74.195
43.238 74.29
segment Kyrgyzstan
40.038 71.113
40.064 71.096
40.065 71.093
40.077 71.09
40.085 71.092
40.093 71.09
40.106 71.096
40.123 71.087
40.131 71.084
40.151 71.081
40.161 71.068
40.169 71.064
40.182 71.052
40.184 71.041
40.182 71.036
40.175 71.03
40.173 71.02
40.176 71.013
40.175 71.004
40.168 70.995
40.168 71
40.164 71.001
40.143 71
40.141 70.997
40.135 71
40.12 71.001
40.112 71.005
40.095 71.006
40.086 71.002
40.075 71.002
40.06 71.005
40.058 71.006
40.051 71.004
40.04 71.008
40.028 71.014
40.02 71.024
40.017 71.034
40.015 71.066
40.01 71.085
40 71.087
39.993 71.097
39.983 71.098
39.975 71.096
39.971 71.095
39.965 71.092
39.956 71.087
39.938 71.08
39.926 71.074
39.917 71.068
39.906 71.057
39.895 71.056
39.89 71.062
39.889 71.075
39.894 71.089
39.907 71.096
39.915 71.101
39.916 71.108
39.915 71.113
39.893 71.133
39.879 71.141
39.875 71.155
39.876 71.18
39.884 71.195
39.897 71.21
39.907 71.217
39.914 71.226
39.92 71.229
39.929 71.227
39.941 71.217
39.947 71.216
39.953 71.222
39.957 71.221
39.958 71.211
39.958 71.185
39.96 71.171
39.964 71.167
39.981 71.169
40 71.168
40.006 71.167
40.005 71.171
40.007 71.175
40.015 71.185
40.019 71.186
40.027 71.182
40.028 71.179
40.028 71.17
40.014 71.135
40.014 71.126
40.017 71.12
40.038 71.113
segment Kyrgyzstan
39.895 70.674
39.894 70.649
39.893 70.629
39.894 70.566
39.896 70.521
39.895 70.506
39.883 70.504
39.855 70.525
39.839 70.546
39.833 70.574
39.819 70.603
39.807 70.614
39.799 70.628
39.797 70.648
39.804 70.66
39.814 70.669
39.83 70.678
39.836 70.685
39.841 70.702
39.846 70.717
39.85 70.725
39.856 70.731
39.876 70.739
39.892 70.731
39.903 70.717
39.895 70.674
segment Kyrgyzstan
40.038 71.113
40.017 71.12
40.014 71.126
40.014 71.135
40.028 71.17
40.028 71.179
40.027 71.182
40.019 71.186
40.015 71.185
40.007 71.175
40.005 71.171
40.006 71.167
40 71.168
39.981 71.169
39.964 71.167
39.96 71.171
39.958 71.185
39.958 71.211
39.957 71.221
39.953 71.222
39.947 71.216
39.941 71.217
39.929 71.227
39.92 71.229
39.914 71.226
39.907 71.217
39.897 71.21
39.884 71.195
39.876 71.18
39.875 71.155
39.879 71.141
39.893 71.133
39.915 71.113
39.916 71.108
39.915 71.101
39.907 71.096
39.894 71.089
39.889 71.075
39.89 71.062
39.895 71.056
39.906 71.057
39.917 71.068
39.926 71.074
39.938 71.08
39.956 71.087
39.965 71.092
39.971 71.095
39.975 71.096
39.983 71.098
39.993 71.097
40 71.087
40.01 71.085
40.015 71.066
40.017 71.034
40.02 71.024
40.028 71.014
40.04 71.008
40.051 71.004
40.058 71.006
40.06 71.005
40.075 71.002
40.086 71.002
40.095 71.006
40.112 71.005
40.12 71.001
40.135 71
40.141 70.997
40.143 71
40.164 71.001
40.168 71
40.168 70.995
40.175 71.004
40.176 71.013
40.173 71.02
40.175 71.03
40.182 71.036
40.184 71.041
40.182 71.052
40.169 71.064
40.161 71.068
40.151 71.081
40.131 71.084
40.123 71.087
40.106 71.096
40.093 71.09
40.085 71.092
40.077 71.09
40.065 71.093
40.064 71.096
40.038 71.113
