segment Mongolia
51.36 97.983
51.367 97.983
51.371 97.986
51.387 97.995
51.403 98.013
51.42 98.023
51.433 98.046
51.438 98.048
51.452 98.079
51.458 98.1
51.459 98.113
51.459 98.12
51.452 98.192
51.454 98.215
51.457 98.226
51.462 98.234
51.475 98.241
51.493 98.244
51.505 98.25
51.507 98.252
51.515 98.26
51.521 98.263
51.535 98.258
51.552 98.245
51.567 98.241
51.572 98.243
51.6 98.267
51.618 98.277
51.623 98.273
51.628 98.28
51.648 98.295
51.657 98.299
51.699 98.303
51.711 98.308
51.718 98.315
51.735 98.344
51.736 98.346
51.745 98.368
51.754 98.41
51.766 98.495
51.779 98.519
51.782 98.528
51.789 98.548
51.796 98.621
51.805 98.653
51.806 98.66
51.82 98.696
51.829 98.71
51.83 98.711
51.848 98.729
51.874 98.743
51.896 98.759
51.914 98.767
51.945 98.787
51.963 98.798
52.014 98.819
52.021 98.826
52.041 98.853
52.049 98.857
52.06 98.86
52.063 98.861
52.115 98.867
52.129 98.871
52.14 98.88
52.15 98.894
52.154 98.92
52.152 98.942
52.151 98.943
52.148 98.954
52.139 98.968
52.127 98.985
52.087 99.027
52.078 99.038
52.072 99.049
52.062 99.081
52.057 99.097
52.05 99.136
52.037 99.184
52.03 99.239
52.02 99.272
52.02 99.273
52.014 99.282
52.005 99.287
51.985 99.29
51.975 99.295
51.966 99.308
51.962 99.321
51.955 99.362
51.953 99.403
51.953 99.409
51.948 99.459
51.943 99.484
51.929 99.524
51.92 99.56
51.918 99.572
51.916 99.601
51.915 99.614
51.914 99.667
51.91 99.7
51.902 99.728
51.882 99.771
51.873 99.784
51.872 99.785
51.858 99.798
51.847 99.812
51.824 99.833
51.815 99.846
51.788 99.896
51.779 99.916
51.772 99.933
51.768 99.95
51.758 99.976
51.753 99.993
51.753 100
51.752 100.028
51.753 100.048
51.76 100.102
51.76 100.106
51.76 100.125
51.755 100.187
51.752 100.23
51.745 100.279
51.744 100.293
51.744 100.313
51.749 100.372
51.748 100.4
51.745 100.411
51.741 100.431
51.74 100.448
51.747 100.472
51.75 100.516
51.748 100.529
51.741 100.546
51.722 100.584
51.719 100.594
51.716 100.614
51.717 100.65
51.715 100.676
51.705 100.7
51.681 100.736
51.675 100.751
51.672 100.767
51.671 100.771
51.666 100.806
51.661 100.822
51.644 100.852
51.64 100.866
51.633 100.913
51.626 100.943
51.623 100.953
51.612 100.981
51.58 101.033
51.576 101.048
51.574 101.086
51.57 101.104
51.56 101.121
51.559 101.123
51.546 101.134
51.543 101.143
51.542 101.161
51.546 101.184
51.548 101.206
51.548 101.229
51.546 101.24
51.539 101.259
51.524 101.28
51.484 101.328
51.48 101.333
51.47 101.348
51.458 101.377
51.455 101.392
51.457 101.403
51.462 101.414
51.469 101.425
51.482 101.435
51.489 101.447
51.499 101.479
51.499 101.484
51.502 101.504
51.503 101.541
51.5 101.578
51.494 101.599
51.487 101.612
51.474 101.628
51.457 101.642
51.454 101.65
51.452 101.657
51.451 101.674
51.459 101.712
51.461 101.745
51.459 101.759
51.451 101.779
51.438 101.803
51.428 101.832
51.427 101.833
51.422 101.856
51.42 101.877
51.42 101.886
51.425 101.912
51.425 101.935
51.421 101.947
51.396 101.996
51.394 102.014
51.393 102.015
51.397 102.038
51.397 102.069
51.393 102.083
51.383 102.101
51.358 102.137
51.352 102.148
51.344 102.177
51.343 102.182
51.337 102.197
51.329 102.209
51.323 102.213
51.315 102.214
51.305 102.211
51.292 102.191
51.281 102.162
51.276 102.155
51.27 102.152
51.264 102.151
51.245 102.163
51.22 102.179
51.21 102.181
51.187 102.171
51.148 102.171
51.123 102.18
51.108 102.186
51.072 102.194
51.059 102.202
51.006 102.246
51.001 102.25
50.98 102.264
50.966 102.267
50.934 102.26
50.925 102.255
50.91 102.242
50.887 102.23
50.884 102.228
50.865 102.222
50.841 102.225
50.829 102.231
50.818 102.241
50.808 102.255
50.797 102.271
50.782 102.304
50.766 102.335
50.758 102.348
50.75 102.355
50.74 102.358
50.727 102.354
50.711 102.342
50.68 102.311
50.678 102.311
50.65 102.293
50.632 102.289
50.61 102.294
50.6 102.302
50.584 102.321
50.576 102.336
50.571 102.351
50.551 102.404
50.543 102.449
50.541 102.505
50.533 102.53
50.53 102.533
50.521 102.545
50.502 102.553
50.483 102.568
50.47 102.584
50.456 102.611
50.429 102.642
50.429 102.644
50.421 102.66
50.406 102.706
50.379 102.823
50.379 102.825
50.365 102.851
50.356 102.861
50.332 102.881
50.324 102.891
50.314 102.916
50.307 102.941
50.305 102.957
50.305 102.97
50.304 102.981
50.309 103.098
50.314 103.158
50.314 103.165
50.313 103.205
50.308 103.226
50.303 103.237
50.296 103.245
50.291 103.249
50.255 103.259
50.239 103.267
50.231 103.274
50.219 103.287
50.204 103.313
50.202 103.32
50.201 103.338
50.203 103.35
50.215 103.397
50.216 103.423
50.216 103.439
50.214 103.447
50.205 103.475
50.16 103.587
50.152 103.617
50.148 103.632
50.142 103.65
50.139 103.67
50.137 103.69
50.139 103.7
50.142 103.708
50.15 103.72
50.19 103.754
50.194 103.758
50.203 103.772
50.208 103.792
50.208 103.803
50.206 103.839
50.203 103.855
50.184 103.912
50.182 103.93
50.178 103.954
50.156 104.019
50.154 104.031
50.154 104.061
50.165 104.113
50.169 104.129
50.175 104.148
50.179 104.165
50.184 104.19
50.187 104.228
50.195 104.245
50.202 104.251
50.227 104.264
50.237 104.268
50.253 104.285
50.257 104.299
50.256 104.332
50.259 104.341
50.264 104.345
50.281 104.354
50.288 104.36
50.294 104.368
50.297 104.376
50.302 104.395
50.305 104.405
50.319 104.507
50.318 104.528
50.313 104.57
50.314 104.587
50.314 104.589
50.319 104.618
50.325 104.637
50.345 104.672
50.354 104.699
50.355 104.717
50.355 104.765
50.355 104.817
50.359 104.836
50.388 104.912
50.396 104.946
50.398 104.957
50.399 104.997
50.399 105
50.396 105.044
50.393 105.065
50.391 105.098
50.393 105.119
50.397 105.139
50.4 105.152
50.411 105.18
50.43 105.212
50.468 105.287
50.472 105.296
50.475 105.305
50.478 105.319
50.48 105.357
50.479 105.388
50.459 105.458
50.457 105.483
50.453 105.538
50.451 105.55
50.435 105.597
50.432 105.612
50.43 105.673
50.429 105.712
50.431 105.757
50.435 105.79
50.435 105.817
50.431 105.843
50.424 105.866
50.413 105.903
50.41 105.919
50.411 105.937
50.409 105.984
50.406 106
50.408 106.005
50.41 106.021
50.413 106.032
50.412 106.047
50.403 106.07
50.394 106.08
50.378 106.084
50.376 106.085
50.369 106.086
50.36 106.088
50.351 106.092
50.347 106.107
50.341 106.133
50.335 106.167
50.324 106.195
50.315 106.224
50.304 106.246
50.296 106.279
50.304 106.309
50.308 106.331
50.319 106.386
50.333 106.459
50.337 106.477
50.342 106.508
50.345 106.532
50.347 106.567
50.345 106.598
50.339 106.636
50.327 106.725
50.321 106.758
50.315 106.782
50.308 106.801
50.247 106.924
50.222 106.967
50.205 106.988
50.188 106.999
50.16 107.013
50.131 107.03
50.123 107.031
50.11 107.037
50.071 107.07
50.052 107.095
50.052 107.093
50.035 107.119
50.027 107.131
50.023 107.144
50.02 107.146
50.019 107.152
50.018 107.175
50.013 107.201
50.014 107.205
50.005 107.226
50.002 107.23
50 107.234
49.993 107.255
49.992 107.271
49.994 107.277
50 107.285
50.013 107.302
50.019 107.315
50.021 107.326
50.009 107.355
50 107.36
49.997 107.362
49.987 107.378
49.981 107.381
49.975 107.399
49.974 107.429
49.982 107.44
49.978 107.452
49.981 107.461
49.982 107.475
49.972 107.517
49.966 107.545
49.965 107.55
49.959 107.58
49.958 107.596
49.96 107.607
49.958 107.636
49.954 107.659
49.953 107.679
49.956 107.704
49.961 107.714
49.971 107.719
49.981 107.728
49.983 107.731
49.983 107.744
49.981 107.753
49.95 107.796
49.934 107.821
49.922 107.855
49.919 107.871
49.92 107.887
49.919 107.897
49.926 107.938
49.924 107.964
49.92 107.976
49.912 107.978
49.902 107.977
49.875 107.953
49.855 107.947
49.844 107.948
49.831 107.952
49.825 107.952
49.797 107.963
49.789 107.963
49.775 107.967
49.76 107.975
49.744 107.982
49.73 107.977
49.713 107.953
49.701 107.939
49.69 107.937
49.685 107.939
49.677 107.946
49.667 107.959
49.664 107.971
49.665 107.984
49.673 108.003
49.675 108.013
49.666 108.02
49.655 108.018
49.632 108.013
49.615 108.025
49.6 108.053
49.579 108.101
49.559 108.138
49.555 108.152
49.548 108.194
49.547 108.211
49.529 108.284
49.522 108.292
49.507 108.299
49.496 108.307
49.475 108.348
49.463 108.355
49.46 108.354
49.443 108.368
49.423 108.403
49.411 108.437
49.401 108.457
49.36 108.503
49.347 108.523
49.337 108.543
49.334 108.556
49.338 108.606
49.341 108.625
49.341 108.637
49.342 108.668
49.34 108.688
49.342 108.694
49.338 108.698
49.338 108.713
49.349 108.76
49.351 108.786
49.349 108.809
49.347 108.835
49.343 108.846
49.342 108.879
49.345 108.893
49.354 108.921
49.358 108.949
49.359 108.949
49.359 108.965
49.355 108.983
49.34 109.015
49.336 109.042
49.34 109.081
49.342 109.107
49.349 109.145
49.36 109.184
49.362 109.204
49.361 109.219
49.354 109.23
49.35 109.247
49.342 109.329
49.329 109.376
49.323 109.382
49.31 109.41
49.311 109.41
49.295 109.452
49.288 109.485
49.285 109.489
49.255 109.501
49.241 109.513
49.23 109.53
49.226 109.54
49.223 109.571
49.223 109.592
49.225 109.598
49.227 109.636
49.23 109.662
49.232 109.702
49.227 109.754
49.227 109.756
49.221 109.788
49.214 109.806
49.195 109.828
49.191 109.843
49.197 109.859
49.208 109.876
49.21 109.887
49.207 109.918
49.204 109.939
49.203 109.957
49.199 109.982
49.199 110
49.199 110.019
49.194 110.057
49.185 110.1
49.174 110.15
49.172 110.164
49.167 110.185
49.165 110.222
49.165 110.234
49.171 110.263
49.182 110.302
49.192 110.327
49.207 110.351
49.233 110.376
49.249 110.387
49.258 110.399
49.251 110.415
49.225 110.448
49.203 110.483
49.199 110.499
49.199 110.518
49.196 110.541
49.181 110.559
49.177 110.569
49.172 110.573
49.162 110.596
49.158 110.618
49.156 110.623
49.15 110.657
49.146 110.707
49.145 110.766
49.148 110.787
49.15 110.806
49.151 110.806
49.152 110.809
49.154 110.822
49.163 110.84
49.167 110.859
49.174 110.925
49.184 110.955
49.2 110.992
49.21 111.007
49.229 111.033
49.23 111.033
49.238 111.05
49.247 111.072
49.274 111.106
49.286 111.133
49.3 111.17
49.313 111.217
49.318 111.249
49.317 111.249
49.324 111.27
49.334 111.32
49.339 111.333
49.368 111.362
49.369 111.361
49.373 111.38
49.373 111.392
49.355 111.462
49.348 111.48
49.344 111.502
49.346 111.522
49.357 111.555
49.365 111.571
49.368 111.584
49.396 111.662
49.404 111.695
49.407 111.716
49.406 111.728
49.397 111.772
49.391 111.819
49.391 111.842
49.392 111.898
49.396 111.934
49.402 111.963
49.409 111.986
49.425 112.019
49.428 112.038
49.431 112.087
49.431 112.111
49.436 112.133
49.459 112.196
49.467 112.224
49.484 112.261
49.49 112.286
49.492 112.316
49.494 112.337
49.503 112.367
49.525 112.438
49.534 112.456
49.543 112.489
49.546 112.513
49.525 112.593
49.525 112.608
49.528 112.647
49.524 112.661
49.505 112.692
49.492 112.716
49.49 112.741
49.492 112.755
49.503 112.791
49.507 112.799
49.511 112.815
49.522 112.841
49.539 112.867
49.547 112.883
49.55 112.889
49.559 112.911
49.566 112.932
49.574 112.943
49.587 112.966
49.593 112.993
49.597 113.019
49.608 113.087
49.614 113.101
49.625 113.103
49.656 113.096
49.665 113.1
49.681 113.108
49.695 113.119
49.72 113.13
49.745 113.146
49.801 113.186
49.813 113.198
49.835 113.23
49.848 113.259
49.856 113.282
49.878 113.329
49.892 113.359
49.917 113.397
49.939 113.444
49.942 113.455
49.95 113.467
49.966 113.478
49.975 113.493
49.975 113.526
49.979 113.536
50 113.561
50.008 113.571
50.023 113.6
50.042 113.666
50.056 113.701
50.076 113.742
50.09 113.779
50.094 113.796
50.095 113.82
50.092 113.839
50.085 113.856
50.085 113.869
50.107 113.895
50.121 113.924
50.126 113.933
50.127 113.936
50.13 113.942
50.131 113.946
50.177 114.016
50.178 114.015
50.186 114.034
50.185 114.076
50.187 114.084
50.193 114.096
50.208 114.108
50.21 114.112
50.219 114.139
50.247 114.196
50.259 114.232
50.272 114.287
50.279 114.333
50.282 114.34
50.283 114.349
50.281 114.369
50.264 114.395
50.253 114.421
50.244 114.455
50.242 114.486
50.24 114.488
50.237 114.507
50.238 114.547
50.242 114.584
50.245 114.593
50.255 114.643
50.256 114.672
50.253 114.709
50.246 114.749
50.232 114.811
50.227 114.822
50.222 114.855
50.195 114.953
50.193 114.964
50.184 114.985
50.179 115
50.177 115.004
50.172 115.007
50.157 115.025
50.112 115.068
50.05 115.153
50.029 115.178
50.024 115.181
50 115.209
49.996 115.214
49.979 115.238
49.966 115.266
49.941 115.325
49.93 115.346
49.916 115.36
49.908 115.375
49.902 115.401
49.901 115.42
49.909 115.456
49.908 115.468
49.897 115.488
49.896 115.509
49.907 115.553
49.903 115.593
49.898 115.62
49.89 115.667
49.887 115.702
49.885 115.721
49.885 115.741
49.886 115.75
49.887 115.759
49.889 115.767
49.893 115.775
49.908 115.806
49.933 115.855
49.947 115.893
49.95 115.909
49.956 115.919
49.965 115.943
49.969 115.952
49.969 115.953
49.973 115.966
49.998 116.026
50 116.031
50.008 116.057
50.017 116.099
50.02 116.126
50.02 116.135
50.023 116.152
50.027 116.183
50.032 116.205
50.032 116.234
50.025 116.264
50 116.337
49.995 116.351
49.974 116.41
49.963 116.448
49.952 116.536
49.94 116.607
49.938 116.612
49.928 116.622
49.903 116.641
49.873 116.674
49.849 116.691
49.84 116.7
49.802 116.674
49.775 116.656
49.76 116.646
49.747 116.634
49.737 116.631
49.711 116.611
49.703 116.608
49.683 116.595
49.647 116.571
49.611 116.546
49.573 116.522
49.502 116.474
49.494 116.47
49.479 116.46
49.433 116.418
49.372 116.378
49.301 116.331
49.279 116.316
49.217 116.275
49.174 116.248
49.115 116.209
49.076 116.183
49.027 116.151
49.011 116.14
48.948 116.098
48.937 116.088
48.923 116.082
48.909 116.071
48.883 116.056
48.883 116.055
48.877 116.053
48.863 116.06
48.83 116.095
48.811 116.118
48.804 116.116
48.793 116.111
48.76 116.075
48.688 115.994
48.666 115.97
48.653 115.96
48.651 115.953
48.625 115.924
48.608 115.902
48.592 115.889
48.532 115.822
48.518 115.814
48.497 115.811
48.457 115.818
48.38 115.826
48.356 115.83
48.337 115.834
48.306 115.832
48.281 115.832
48.27 115.826
48.262 115.813
48.25 115.769
48.23 115.693
48.197 115.565
48.184 115.515
48.18 115.51
48.164 115.506
48.147 115.508
48.117 115.521
48.103 115.528
48.058 115.53
48.019 115.543
48 115.55
48 115.5
48 115.463
47.995 115.457
47.984 115.462
47.969 115.477
47.959 115.503
47.948 115.554
47.936 115.576
47.905 115.621
47.883 115.643
47.867 115.662
47.852 115.684
47.834 115.711
47.817 115.742
47.799 115.763
47.786 115.781
47.766 115.817
47.742 115.837
47.724 115.859
47.703 115.891
47.685 115.916
47.676 115.935
47.679 115.949
47.694 115.97
47.72 116.004
47.74 116.022
47.77 116.051
47.8 116.093
47.814 116.107
47.835 116.138
47.847 116.165
47.866 116.212
47.877 116.256
47.869 116.315
47.86 116.353
47.851 116.387
47.843 116.45
47.842 116.495
47.849 116.538
47.86 116.559
47.869 116.587
47.883 116.627
47.89 116.642
47.893 116.687
47.897 116.722
47.9 116.773
47.9 116.804
47.898 116.827
47.888 116.873
47.869 116.95
47.849 116.997
47.829 117.053
47.81 117.108
47.781 117.148
47.75 117.193
47.719 117.245
47.697 117.293
47.677 117.317
47.656 117.348
47.638 117.374
47.639 117.387
47.665 117.409
47.69 117.414
47.713 117.437
47.736 117.459
47.75 117.47
47.763 117.502
47.777 117.533
47.789 117.557
47.816 117.585
47.834 117.604
47.863 117.626
47.877 117.649
47.901 117.675
47.921 117.69
47.944 117.713
47.961 117.736
47.99 117.76
48 117.782
48.005 117.816
48.013 117.835
48.025 117.842
48.026 117.86
48.026 117.882
48.034 117.899
48.035 117.915
48.033 117.923
48.031 117.945
48.028 117.977
48.03 117.991
48.027 118.004
48.028 118.026
48.034 118.046
48.034 118.058
48.039 118.067
48.039 118.082
48.036 118.095
48.037 118.101
48.038 118.12
48.034 118.121
48.019 118.109
48.019 118.122
48.032 118.17
48.032 118.19
48.026 118.215
48.02 118.224
48.007 118.24
48.002 118.253
48 118.297
48 118.3
48 118.306
48.003 118.323
48.001 118.329
48.003 118.366
48.002 118.409
48 118.479
47.973 118.52
47.947 118.563
47.924 118.602
47.897 118.633
47.882 118.669
47.849 118.713
47.825 118.746
47.807 118.776
47.789 118.818
47.775 118.86
47.757 118.919
47.745 118.961
47.733 119.005
47.719 119.053
47.705 119.105
47.703 119.124
47.684 119.134
47.665 119.131
47.655 119.127
47.641 119.137
47.617 119.146
47.589 119.152
47.573 119.158
47.562 119.15
47.539 119.152
47.529 119.167
47.518 119.188
47.519 119.208
47.525 119.232
47.529 119.253
47.538 119.276
47.547 119.296
47.546 119.317
47.531 119.336
47.515 119.337
47.499 119.33
47.48 119.34
47.468 119.34
47.451 119.333
47.437 119.322
47.433 119.322
47.426 119.331
47.421 119.354
47.41 119.366
47.4 119.371
47.392 119.384
47.381 119.405
47.369 119.422
47.367 119.43
47.355 119.452
47.351 119.46
47.344 119.462
47.336 119.475
47.335 119.5
47.342 119.524
47.345 119.53
47.348 119.56
47.345 119.566
47.341 119.582
47.34 119.599
47.332 119.62
47.327 119.628
47.318 119.637
47.316 119.644
47.32 119.669
47.321 119.716
47.316 119.733
47.304 119.762
47.299 119.781
47.279 119.81
47.264 119.824
47.263 119.827
47.256 119.832
47.238 119.843
47.227 119.848
47.217 119.856
47.201 119.861
47.185 119.862
47.166 119.867
47.162 119.872
47.156 119.858
47.155 119.838
47.155 119.813
47.171 119.796
47.186 119.785
47.208 119.784
47.217 119.769
47.218 119.763
47.212 119.719
47.206 119.707
47.193 119.701
47.188 119.706
47.174 119.723
47.16 119.746
47.149 119.763
47.13 119.784
47.125 119.793
47.128 119.809
47.134 119.818
47.122 119.841
47.111 119.846
47.102 119.851
47.093 119.847
47.089 119.829
47.082 119.825
47.075 119.83
47.073 119.832
47.06 119.841
47.05 119.843
47.039 119.836
47.032 119.836
47.03 119.832
47.036 119.818
47.041 119.811
47.042 119.803
47.041 119.797
47.035 119.79
47.024 119.79
47.02 119.79
47.013 119.795
47.002 119.802
46.987 119.817
46.965 119.814
46.941 119.807
46.923 119.804
46.907 119.813
46.893 119.818
46.877 119.831
46.861 119.844
46.853 119.864
46.845 119.873
46.817 119.874
46.794 119.89
46.785 119.904
46.779 119.909
46.764 119.924
46.752 119.924
46.743 119.921
46.739 119.907
46.73 119.883
46.727 119.875
46.713 119.852
46.705 119.838
46.691 119.823
46.677 119.812
46.666 119.804
46.643 119.793
46.622 119.774
46.619 119.765
46.616 119.753
46.613 119.733
46.607 119.723
46.593 119.712
46.578 119.68
46.572 119.659
46.566 119.635
46.556 119.605
46.551 119.598
46.535 119.587
46.516 119.58
46.503 119.572
46.497 119.573
46.493 119.569
46.484 119.545
46.478 119.542
46.47 119.526
46.461 119.511
46.448 119.508
46.441 119.51
46.437 119.514
46.431 119.517
46.428 119.517
46.419 119.513
46.419 119.497
46.421 119.485
46.436 119.468
46.441 119.448
46.445 119.44
46.45 119.421
46.455 119.403
46.475 119.39
46.481 119.397
46.495 119.4
46.504 119.408
46.524 119.403
46.537 119.406
46.541 119.422
46.549 119.443
46.552 119.455
46.56 119.459
46.573 119.454
46.581 119.441
46.595 119.44
46.601 119.436
46.612 119.427
46.623 119.416
46.634 119.404
46.641 119.383
46.652 119.362
46.661 119.352
46.666 119.335
46.674 119.323
46.682 119.31
46.69 119.289
46.698 119.277
46.708 119.268
46.719 119.255
46.724 119.239
46.726 119.225
46.734 119.212
46.734 119.196
46.731 119.18
46.723 119.168
46.721 119.15
46.721 119.126
46.731 119.109
46.737 119.093
46.743 119.088
46.754 119.092
46.762 119.091
46.78 119.094
46.78 119.078
46.785 119.061
46.778 119.03
46.786 119.013
46.791 118.998
46.785 118.987
46.785 118.973
46.793 118.97
46.802 118.977
46.811 118.983
46.818 118.978
46.817 118.956
46.82 118.936
46.813 118.918
46.809 118.907
46.805 118.891
46.797 118.865
46.792 118.849
46.786 118.836
46.781 118.801
46.788 118.774
46.794 118.736
46.8 118.708
46.804 118.67
46.784 118.661
46.768 118.641
46.763 118.595
46.769 118.563
46.78 118.548
46.792 118.528
46.801 118.517
46.808 118.514
46.807 118.5
46.796 118.482
46.788 118.475
46.78 118.451
46.782 118.411
46.781 118.378
46.782 118.33
46.785 118.292
46.788 118.27
46.774 118.26
46.756 118.262
46.743 118.258
46.737 118.258
46.737 118.245
46.736 118.226
46.733 118.207
46.725 118.197
46.721 118.173
46.713 118.155
46.699 118.143
46.691 118.127
46.685 118.109
46.675 118.086
46.667 118.073
46.653 118.061
46.642 118.051
46.63 118.041
46.628 118.036
46.619 118.004
46.613 117.989
46.612 117.967
46.603 117.942
46.591 117.928
46.581 117.907
46.577 117.88
46.565 117.87
46.544 117.859
46.532 117.852
46.526 117.842
46.519 117.817
46.518 117.787
46.516 117.762
46.512 117.737
46.509 117.724
46.508 117.701
46.514 117.673
46.521 117.655
46.533 117.635
46.549 117.625
46.569 117.619
46.58 117.616
46.586 117.6
46.585 117.592
46.584 117.558
46.583 117.543
46.585 117.515
46.583 117.487
46.581 117.462
46.58 117.439
46.575 117.433
46.562 117.434
46.538 117.436
46.518 117.438
46.5 117.432
46.483 117.41
46.451 117.383
46.431 117.375
46.405 117.373
46.374 117.37
46.355 117.371
46.349 117.366
46.347 117.353
46.349 117.336
46.353 117.304
46.356 117.272
46.358 117.233
46.356 117.193
46.354 117.144
46.35 117.113
46.349 117.073
46.347 117.033
46.347 116.982
46.349 116.96
46.351 116.939
46.366 116.912
46.373 116.886
46.376 116.875
46.381 116.861
46.378 116.851
46.368 116.841
46.36 116.83
46.354 116.824
46.34 116.806
46.327 116.784
46.316 116.764
46.311 116.731
46.309 116.697
46.307 116.661
46.305 116.636
46.297 116.605
46.287 116.585
46.278 116.573
46.258 116.561
46.236 116.555
46.218 116.533
46.206 116.518
46.19 116.494
46.174 116.483
46.163 116.466
46.147 116.45
46.124 116.428
46.121 116.415
46.109 116.394
46.098 116.376
46.084 116.367
46.068 116.364
46.049 116.348
46.035 116.336
46.024 116.325
46.009 116.308
45.984 116.29
45.969 116.277
45.95 116.262
45.934 116.255
45.912 116.26
45.897 116.253
45.882 116.255
45.868 116.263
45.846 116.274
45.828 116.285
45.81 116.278
45.779 116.276
45.761 116.273
45.748 116.252
45.739 116.238
45.721 116.232
45.704 116.223
45.686 116.198
45.679 116.168
45.677 116.147
45.681 116.106
45.683 116.089
45.675 116.065
45.659 116.033
45.639 115.996
45.63 115.974
45.612 115.934
45.584 115.889
45.561 115.865
45.543 115.842
45.533 115.816
45.517 115.787
45.503 115.765
45.485 115.755
45.468 115.751
45.446 115.733
45.438 115.721
45.434 115.694
45.436 115.654
45.436 115.621
45.431 115.58
45.424 115.533
45.413 115.488
45.404 115.433
45.393 115.396
45.383 115.339
45.383 115.27
45.39 115.217
45.389 115.19
45.389 115.177
45.386 115.144
45.381 115.111
45.379 115.095
45.372 115.069
45.373 115.039
45.37 115.019
45.367 115.005
45.365 115
45.4 115
45.402 115
45.401 114.971
45.406 114.93
45.408 114.914
45.417 114.871
45.418 114.866
45.429 114.826
45.442 114.792
45.448 114.772
45.453 114.752
45.453 114.747
45.446 114.704
45.446 114.703
45.431 114.643
45.398 114.549
45.395 114.542
45.385 114.527
45.374 114.513
45.364 114.506
45.327 114.5
45.318 114.502
45.302 114.498
45.286 114.489
45.281 114.484
45.226 114.439
45.206 114.418
45.175 114.39
45.174 114.389
45.165 114.379
45.129 114.317
45.124 114.306
45.108 114.28
45.103 114.274
45.097 114.264
45.092 114.256
45.061 114.211
45.037 114.169
45.006 114.127
45 114.119
44.98 114.092
44.952 114.049
44.933 114.007
44.928 113.991
44.927 113.988
44.925 113.97
44.918 113.957
44.9 113.938
44.886 113.911
44.879 113.889
44.864 113.858
44.862 113.845
44.86 113.831
44.851 113.797
44.835 113.758
44.824 113.736
44.803 113.708
44.795 113.7
44.79 113.696
44.776 113.675
44.771 113.665
44.765 113.647
44.758 113.616
44.756 113.601
44.755 113.576
44.76 113.561
44.769 113.547
44.782 113.527
44.789 113.51
44.793 113.496
44.79 113.381
44.79 113.363
44.791 113.287
44.79 113.28
44.789 113.243
44.791 113.205
44.791 113.198
44.8 113.121
44.81 113.081
44.828 113.04
44.828 113.039
44.835 113.014
44.838 112.967
44.852 112.934
44.865 112.9
44.866 112.878
44.865 112.874
44.86 112.854
44.861 112.838
44.871 112.812
44.873 112.803
44.873 112.789
44.87 112.772
44.87 112.758
44.875 112.742
44.89 112.711
44.9 112.692
44.905 112.666
44.913 112.646
44.936 112.614
44.94 112.596
44.955 112.569
44.957 112.565
44.966 112.555
45 112.525
45.015 112.512
45.034 112.486
45.048 112.461
45.051 112.451
45.062 112.416
45.064 112.392
45.064 112.383
45.066 112.346
45.064 112.34
45.064 112.289
45.065 112.278
45.068 112.199
45.071 112.188
45.077 112.132
45.078 112.102
45.079 112.08
45.09 111.976
45.088 111.933
45.086 111.926
45.075 111.888
45.065 111.864
45.048 111.833
45.038 111.817
45.016 111.792
45.011 111.787
45 111.778
44.975 111.755
44.962 111.74
44.933 111.72
44.902 111.7
44.896 111.697
44.854 111.667
44.793 111.618
44.791 111.617
44.767 111.593
44.723 111.56
44.678 111.544
44.645 111.533
44.623 111.529
44.589 111.517
44.557 111.499
44.499 111.465
44.447 111.414
44.418 111.396
44.393 111.388
44.347 111.387
44.326 111.393
44.322 111.394
44.302 111.409
44.295 111.418
44.284 111.451
44.28 111.458
44.269 111.466
44.245 111.481
44.227 111.489
44.202 111.5
44.199 111.503
44.194 111.503
44.189 111.506
44.178 111.517
44.156 111.535
44.117 111.57
44.103 111.583
44.063 111.632
44.058 111.641
44.035 111.67
44.032 111.684
44.032 111.692
44.027 111.745
44.016 111.806
43.994 111.851
43.992 111.853
43.987 111.858
43.981 111.859
43.963 111.881
43.931 111.911
43.887 111.946
43.872 111.958
43.86 111.97
43.854 111.973
43.829 111.996
43.823 111.998
43.82 112.003
43.806 112.012
43.791 112.016
43.776 112.008
43.771 112.005
43.765 111.998
43.753 111.989
43.739 111.971
43.731 111.954
43.73 111.948
43.72 111.916
43.711 111.869
43.702 111.827
43.701 111.811
43.699 111.804
43.7 111.788
43.702 111.781
43.7 111.773
43.695 111.761
43.691 111.754
43.68 111.746
43.656 111.735
43.649 111.732
43.618 111.712
43.605 111.693
43.58 111.665
43.552 111.644
43.551 111.644
43.542 111.638
43.525 111.625
43.512 111.612
43.489 111.574
43.484 111.557
43.478 111.528
43.478 111.516
43.476 111.472
43.473 111.438
43.471 111.424
43.467 111.412
43.441 111.371
43.436 111.36
43.434 111.353
43.426 111.329
43.423 111.314
43.42 111.311
43.407 111.239
43.398 111.202
43.396 111.197
43.358 111.081
43.343 111.047
43.34 111.043
43.321 111.016
43.289 110.977
43.269 110.959
43.244 110.933
43.205 110.893
43.196 110.887
43.167 110.853
43.144 110.829
43.13 110.814
43.108 110.785
43.094 110.758
43.087 110.75
43.058 110.705
43.056 110.702
43.052 110.699
43.023 110.698
42.986 110.664
42.959 110.648
42.946 110.637
42.941 110.633
42.93 110.622
42.92 110.602
42.877 110.496
42.866 110.466
42.859 110.452
42.814 110.45
42.802 110.451
42.797 110.449
42.781 110.433
42.776 110.426
42.769 110.417
42.74 110.36
42.736 110.349
42.726 110.334
42.704 110.287
42.659 110.192
42.641 110.156
42.638 110.154
42.637 110.144
42.639 110.012
42.638 110
42.639 109.974
42.64 109.97
42.625 109.835
42.62 109.821
42.614 109.809
42.591 109.764
42.573 109.733
42.567 109.725
42.561 109.711
42.54 109.672
42.516 109.629
42.513 109.621
42.496 109.59
42.482 109.564
42.479 109.562
42.472 109.547
42.468 109.533
42.455 109.455
42.449 109.417
42.446 109.395
42.443 109.383
42.438 109.349
42.432 109.288
42.423 109.272
42.423 109.263
42.425 109.254
42.43 109.239
42.432 109.195
42.436 109.167
42.44 109.106
42.44 109.086
42.441 109.032
42.443 109.011
42.457 108.968
42.438 108.927
42.387 108.811
42.406 108.787
42.41 108.782
42.431 108.667
42.433 108.646
42.436 108.64
42.438 108.624
42.442 108.597
42.451 108.556
42.455 108.525
42.451 108.457
42.439 108.292
42.44 108.288
42.441 108.286
42.462 108.239
42.451 108.127
42.441 108.033
42.423 107.962
42.419 107.946
42.418 107.937
42.412 107.912
42.416 107.839
42.416 107.798
42.416 107.795
42.42 107.756
42.423 107.644
42.424 107.626
42.427 107.593
42.425 107.577
42.427 107.554
42.434 107.547
42.466 107.52
42.464 107.485
42.462 107.453
42.449 107.414
42.439 107.389
42.418 107.328
42.407 107.295
42.357 107.266
42.352 107.251
42.351 107.231
42.348 107.209
42.327 107.084
42.321 107.043
42.311 106.977
42.294 106.878
42.265 106.713
42.259 106.684
42.215 106.558
42.182 106.465
42.17 106.427
42.163 106.41
42.161 106.405
42.129 106.315
42.118 106.281
42.106 106.253
42.1 106.237
42.098 106.228
42.052 106.101
42.047 106.086
42.035 106.057
42.018 106.009
42 105.947
41.958 105.802
41.953 105.791
41.932 105.735
41.893 105.643
41.884 105.624
41.874 105.603
41.858 105.564
41.849 105.547
41.839 105.522
41.828 105.499
41.797 105.43
41.776 105.391
41.761 105.357
41.758 105.35
41.753 105.344
41.735 105.306
41.742 105.273
41.739 105.265
41.706 105.221
41.638 105.13
41.635 105.123
41.618 105.102
41.58 105.053
41.568 105.034
41.598 105
41.609 104.987
41.626 104.967
41.64 104.953
41.645 104.945
41.645 104.842
41.645 104.708
41.647 104.682
41.647 104.674
41.663 104.534
41.682 104.534
41.694 104.534
41.775 104.541
41.785 104.539
41.808 104.541
41.851 104.544
41.884 104.544
41.878 104.493
41.877 104.479
41.877 104.478
41.871 104.441
41.87 104.425
41.867 104.415
41.866 104.397
41.861 104.374
41.863 104.371
41.854 104.313
41.849 104.273
41.843 104.219
41.836 104.189
41.834 104.163
41.832 104.148
41.829 104.126
41.811 104.025
41.807 103.984
41.807 103.983
41.808 103.862
41.817 103.817
41.827 103.767
41.841 103.686
41.842 103.678
41.847 103.654
41.849 103.647
41.877 103.49
41.907 103.327
41.907 103.322
41.948 103.2
41.953 103.189
41.958 103.173
42.011 103.02
42.026 102.976
42.073 102.873
42.134 102.739
42.135 102.728
42.135 102.718
42.134 102.708
42.137 102.687
42.138 102.66
42.139 102.655
42.145 102.56
42.146 102.538
42.146 102.508
42.144 102.503
42.143 102.485
42.144 102.477
42.14 102.415
42.146 102.392
42.167 102.303
42.166 102.299
42.181 102.23
42.2 102.144
42.205 102.128
42.206 102.118
42.217 102.069
42.219 102.063
42.293 101.991
42.317 101.97
42.318 101.969
42.353 101.934
42.411 101.88
42.42 101.87
42.422 101.868
42.449 101.844
42.47 101.823
42.474 101.817
42.488 101.739
42.496 101.699
42.503 101.671
42.52 101.575
42.541 101.461
42.548 101.431
42.549 101.429
42.549 101.423
42.55 101.419
42.552 101.411
42.582 101.246
42.603 101.131
42.613 101.081
42.644 100.916
42.645 100.912
42.657 100.826
42.66 100.747
42.661 100.726
42.663 100.714
42.664 100.677
42.669 100.618
42.67 100.578
42.672 100.522
42.68 100.408
42.68 100.405
42.683 100.326
42.674 100.317
42.664 100.311
42.661 100.307
42.645 100.292
42.631 100.283
42.631 100.278
42.64 100.108
42.642 100.08
42.644 100.061
42.643 100.041
42.646 100.024
42.647 100
42.648 99.995
42.643 99.972
42.638 99.939
42.62 99.817
42.618 99.795
42.614 99.772
42.603 99.694
42.596 99.659
42.587 99.606
42.58 99.562
42.578 99.554
42.577 99.539
42.573 99.521
42.57 99.496
42.574 99.439
42.586 99.269
42.588 99.244
42.591 99.223
42.59 99.217
42.598 99.1
42.604 99.016
42.604 99.006
42.605 99
42.613 98.85
42.622 98.68
42.631 98.51
42.64 98.34
42.638 98.325
42.638 98.248
42.65 98.171
42.658 98.121
42.663 98.096
42.68 98.037
42.683 98.02
42.684 98.007
42.698 97.859
42.701 97.838
42.705 97.799
42.715 97.692
42.716 97.669
42.718 97.629
42.725 97.586
42.728 97.519
42.731 97.5
42.741 97.439
42.746 97.389
42.753 97.347
42.755 97.332
42.76 97.288
42.764 97.229
42.769 97.209
42.774 97.17
42.774 97.163
42.774 97.151
42.771 97.128
42.764 97.094
42.746 97.031
42.741 97.007
42.739 97.001
42.722 96.964
42.712 96.933
42.713 96.923
42.725 96.882
42.729 96.86
42.729 96.843
42.732 96.767
42.734 96.746
42.742 96.692
42.742 96.675
42.742 96.673
42.736 96.621
42.728 96.574
42.724 96.553
42.722 96.529
42.723 96.505
42.724 96.478
42.721 96.47
42.716 96.433
42.717 96.407
42.715 96.4
42.715 96.371
42.718 96.364
42.721 96.362
42.736 96.359
42.779 96.35
42.834 96.342
42.861 96.334
42.867 96.332
42.882 96.324
42.906 96.297
42.91 96.287
42.934 96.256
42.955 96.225
42.956 96.222
42.983 96.187
43.01 96.154
43.045 96.122
43.052 96.118
43.064 96.109
43.09 96.097
43.125 96.074
43.16 96.033
43.183 96.006
43.198 95.981
43.202 95.959
43.208 95.947
43.216 95.936
43.233 95.916
43.242 95.914
43.244 95.913
43.266 95.894
43.288 95.889
43.365 95.886
43.381 95.886
43.402 95.881
43.482 95.827
43.511 95.808
43.526 95.8
43.542 95.789
43.559 95.772
43.579 95.757
43.593 95.748
43.68 95.69
43.706 95.677
43.708 95.676
43.733 95.675
43.784 95.662
43.829 95.637
43.833 95.634
43.868 95.623
43.903 95.596
43.911 95.587
43.933 95.573
43.943 95.568
43.95 95.564
43.97 95.56
43.989 95.551
43.993 95.546
43.999 95.535
44.002 95.468
44.006 95.449
44.021 95.375
44.025 95.365
44.033 95.354
44.045 95.345
44.061 95.344
44.082 95.349
44.146 95.364
44.177 95.363
44.207 95.37
44.21 95.371
44.22 95.376
44.227 95.383
44.242 95.406
44.253 95.42
44.261 95.428
44.273 95.432
44.281 95.431
44.289 95.424
44.29 95.41
44.287 95.392
44.287 95.388
44.286 95.37
44.287 95.356
44.283 95.326
44.28 95.316
44.273 95.27
44.268 95.216
44.265 95.189
44.265 95.155
44.267 95.139
44.264 95.093
44.265 95.041
44.265 95.035
44.255 95.009
44.255 95
44.255 94.991
44.27 94.964
44.278 94.953
44.289 94.931
44.3 94.889
44.302 94.883
44.309 94.863
44.316 94.831
44.338 94.763
44.34 94.751
44.341 94.725
44.341 94.719
44.345 94.704
44.348 94.695
44.354 94.69
44.372 94.681
44.383 94.672
44.413 94.624
44.418 94.611
44.423 94.603
44.426 94.599
44.448 94.576
44.457 94.534
44.477 94.492
44.493 94.463
44.503 94.446
44.509 94.431
44.512 94.414
44.512 94.396
44.518 94.369
44.519 94.357
44.523 94.334
44.527 94.326
44.532 94.32
44.543 94.316
44.545 94.316
44.565 94.319
44.582 94.314
44.586 94.31
44.59 94.306
44.597 94.284
44.615 94.252
44.623 94.241
44.64 94.224
44.653 94.211
44.662 94.197
44.685 94.116
44.707 94.087
44.71 94.083
44.724 94.061
44.753 93.998
44.78 93.937
44.78 93.936
44.802 93.882
44.822 93.816
44.838 93.78
44.847 93.761
44.854 93.751
44.887 93.725
44.891 93.717
44.902 93.679
44.908 93.666
44.918 93.652
44.92 93.648
44.939 93.56
44.944 93.549
44.96 93.525
44.965 93.508
44.965 93.501
44.963 93.493
44.96 93.481
44.959 93.461
44.968 93.421
44.973 93.403
44.99 93.358
44.991 93.345
44.988 93.326
44.987 93.32
44.991 93.278
44.99 93.265
44.992 93.251
45 93.226
45.01 93.195
45.01 93.184
45.008 93.178
45.008 93.173
45.003 93.157
45.001 93.148
45 93.139
45 93.136
45 93.129
45.001 93.119
45.002 93.105
45.016 93.078
45.018 93.07
45.015 92.987
45.011 92.897
45.012 92.849
45.011 92.81
45.01 92.792
45.015 92.633
45.015 92.61
45.01 92.515
45.012 92.489
45.019 92.473
45.02 92.459
45.021 92.436
45.026 92.427
45.039 92.413
45.043 92.405
45.048 92.375
45.051 92.341
45.05 92.296
45.049 92.263
45.04 92.237
45.031 92.191
45.03 92.172
45.039 92.138
45.043 92.127
45.063 92.08
45.069 92.016
45.069 91.957
45.069 91.78
45.069 91.767
45.065 91.726
45.061 91.702
45.058 91.671
45.057 91.652
45.062 91.593
45.067 91.563
45.073 91.545
45.084 91.527
45.092 91.518
45.098 91.514
45.124 91.494
45.136 91.482
45.142 91.47
45.144 91.461
45.144 91.445
45.141 91.43
45.134 91.413
45.114 91.4
45.11 91.392
45.105 91.384
45.105 91.374
45.112 91.319
45.116 91.305
45.118 91.291
45.135 91.256
45.137 91.241
45.141 91.233
45.143 91.23
45.157 91.21
45.17 91.184
45.176 91.176
45.194 91.158
45.198 91.152
45.202 91.133
45.205 91.112
45.203 91.086
45.202 91.054
45.205 91.022
45.201 90.999
45.196 90.984
45.186 90.965
45.182 90.946
45.182 90.938
45.187 90.917
45.189 90.91
45.189 90.888
45.192 90.879
45.198 90.872
45.202 90.872
45.214 90.877
45.234 90.891
45.248 90.896
45.262 90.895
45.273 90.888
45.282 90.879
45.284 90.876
45.292 90.858
45.294 90.85
45.294 90.841
45.288 90.829
45.286 90.813
45.293 90.809
45.305 90.807
45.351 90.808
45.36 90.805
45.364 90.804
45.379 90.796
45.4 90.78
45.421 90.768
45.442 90.749
45.454 90.734
45.466 90.715
45.484 90.685
45.504 90.665
45.517 90.664
45.577 90.673
45.58 90.674
45.604 90.693
45.638 90.703
45.691 90.7
45.699 90.702
45.709 90.704
45.737 90.726
45.771 90.769
45.795 90.785
45.804 90.795
45.812 90.803
45.825 90.813
45.838 90.819
45.883 90.848
45.899 90.864
45.913 90.881
45.925 90.894
45.939 90.914
45.951 90.931
45.984 90.989
45.997 91.002
46 91.01
46.001 91.011
46.016 91.02
46.023 91.022
46.039 91.023
46.057 91.019
46.068 91.01
46.071 91.004
46.074 91.004
46.1 91.021
46.106 91.024
46.113 91.021
46.116 91.018
46.133 90.999
46.157 90.982
46.163 90.975
46.177 90.955
46.2 90.936
46.206 90.935
46.215 90.94
46.221 90.946
46.224 90.949
46.23 90.951
46.24 90.949
46.256 90.941
46.298 90.913
46.305 90.912
46.31 90.913
46.317 90.923
46.325 90.943
46.329 90.948
46.331 90.952
46.336 90.956
46.353 90.96
46.361 90.973
46.369 90.979
46.378 90.98
46.395 90.986
46.407 90.997
46.427 91.005
46.436 91.012
46.443 91.013
46.453 91.015
46.478 91.037
46.488 91.044
46.524 91.057
46.56 91.075
46.564 91.078
46.572 91.077
46.577 91.069
46.581 91.059
46.582 91.039
46.586 91.032
46.593 91.028
46.608 91.029
46.633 91.036
46.662 91.039
46.676 91.046
46.686 91.055
46.702 91.062
46.709 91.061
46.726 91.052
46.769 91.003
46.772 91.002
46.779 90.997
46.798 90.974
46.816 90.96
46.827 90.954
46.836 90.953
46.841 90.954
46.852 90.962
46.862 90.966
46.87 90.964
46.88 90.957
46.884 90.953
46.901 90.933
46.933 90.927
46.953 90.914
46.962 90.903
46.976 90.881
46.983 90.86
46.984 90.858
46.988 90.821
46.986 90.796
46.987 90.771
47.002 90.734
47.028 90.724
47.036 90.719
47.049 90.712
47.069 90.695
47.078 90.67
47.083 90.661
47.095 90.649
47.105 90.644
47.126 90.622
47.136 90.616
47.139 90.615
47.164 90.588
47.177 90.578
47.2 90.552
47.221 90.541
47.242 90.52
47.244 90.518
47.25 90.515
47.259 90.515
47.269 90.512
47.304 90.482
47.315 90.477
47.324 90.476
47.35 90.48
47.36 90.484
47.367 90.487
47.38 90.491
47.397 90.484
47.41 90.464
47.421 90.458
47.46 90.463
47.477 90.46
47.479 90.46
47.487 90.457
47.496 90.447
47.508 90.424
47.518 90.414
47.533 90.405
47.549 90.383
47.561 90.375
47.581 90.364
47.586 90.362
47.597 90.352
47.607 90.335
47.616 90.329
47.622 90.327
47.631 90.329
47.646 90.34
47.652 90.341
47.657 90.337
47.667 90.323
47.678 90.29
47.693 90.244
47.703 90.23
47.701 90.222
47.702 90.214
47.716 90.189
47.718 90.166
47.723 90.144
47.73 90.128
47.731 90.127
47.766 90.08
47.777 90.073
47.796 90.067
47.817 90.065
47.842 90.072
47.853 90.075
47.859 90.073
47.864 90.067
47.87 90.024
47.875 90.016
47.88 90.012
47.887 90
47.888 89.998
47.884 89.964
47.88 89.955
47.871 89.948
47.865 89.945
47.859 89.943
47.852 89.943
47.83 89.958
47.821 89.951
47.817 89.944
47.816 89.93
47.824 89.906
47.83 89.892
47.83 89.88
47.821 89.845
47.819 89.838
47.817 89.808
47.818 89.796
47.83 89.767
47.836 89.76
47.859 89.74
47.863 89.739
47.875 89.745
47.882 89.738
47.889 89.728
47.892 89.725
47.895 89.718
47.899 89.706
47.905 89.673
47.916 89.651
47.92 89.646
47.931 89.637
47.946 89.617
47.961 89.603
47.97 89.596
47.982 89.588
47.991 89.588
47.996 89.585
48 89.578
48.016 89.598
48.022 89.601
48.025 89.6
48.045 89.579
48.048 89.569
48.049 89.566
48.041 89.509
48.041 89.496
48.045 89.478
48.044 89.469
48.038 89.44
48.04 89.423
48.048 89.394
48.047 89.388
48.043 89.369
48.04 89.365
48.03 89.368
48.025 89.366
48.025 89.352
48.028 89.318
48.021 89.29
48.017 89.286
48 89.283
47.986 89.247
47.974 89.241
47.964 89.233
47.957 89.221
47.955 89.216
47.952 89.207
47.95 89.193
47.953 89.155
47.953 89.126
47.947 89.071
47.947 89.041
47.95 89.033
47.951 89.031
47.963 89.022
48 89.043
48.01 89.042
48.02 89.041
48.029 89.038
48.039 89.032
48.04 89.029
48.08 88.986
48.087 88.969
48.098 88.927
48.101 88.918
48.109 88.906
48.117 88.903
48.12 88.899
48.117 88.858
48.115 88.843
48.116 88.831
48.131 88.806
48.134 88.796
48.134 88.775
48.136 88.768
48.136 88.766
48.142 88.754
48.152 88.747
48.162 88.744
48.166 88.739
48.169 88.722
48.177 88.706
48.176 88.697
48.173 88.687
48.175 88.674
48.188 88.657
48.209 88.643
48.214 88.639
48.223 88.629
48.228 88.62
48.229 88.594
48.23 88.588
48.234 88.584
48.249 88.589
48.276 88.575
48.281 88.575
48.288 88.579
48.304 88.592
48.322 88.606
48.328 88.608
48.334 88.608
48.344 88.602
48.352 88.581
48.366 88.563
48.378 88.531
48.384 88.52
48.388 88.517
48.398 88.519
48.409 88.521
48.413 88.516
48.417 88.507
48.416 88.494
48.396 88.448
48.392 88.432
48.391 88.417
48.392 88.412
48.398 88.405
48.416 88.391
48.419 88.388
48.424 88.381
48.441 88.353
48.447 88.348
48.453 88.346
48.463 88.352
48.467 88.352
48.471 88.35
48.478 88.337
48.484 88.319
48.484 88.289
48.488 88.28
48.495 88.269
48.504 88.256
48.509 88.241
48.515 88.201
48.514 88.186
48.516 88.177
48.519 88.165
48.535 88.138
48.532 88.12
48.533 88.113
48.536 88.106
48.539 88.102
48.546 88.095
48.549 88.088
48.55 88.08
48.548 88.048
48.549 88.038
48.555 88.024
48.566 88.004
48.571 88
48.517 87.992
48.508 87.984
48.509 87.978
48.51 87.978
48.514 87.972
48.527 87.968
48.548 87.969
48.563 87.974
48.584 87.986
48.605 87.994
48.624 88
48.633 88.013
48.637 88.015
48.655 88.014
48.661 88.018
48.672 88.033
48.678 88.049
48.692 88.073
48.7 88.083
48.707 88.085
48.711 88.083
48.716 88.081
48.722 88.076
48.726 88.068
48.726 88.064
48.721 88.052
48.723 88.046
48.732 88.037
48.739 88.036
48.743 88.031
48.762 88
48.769 87.97
48.771 87.958
48.763 87.936
48.762 87.925
48.766 87.919
48.798 87.865
48.8 87.852
48.797 87.844
48.796 87.837
48.801 87.831
48.813 87.803
48.822 87.792
48.827 87.807
48.834 87.811
48.838 87.819
48.844 87.825
48.85 87.822
48.854 87.81
48.858 87.804
48.871 87.8
48.876 87.795
48.877 87.761
48.88 87.753
48.885 87.75
48.891 87.75
48.904 87.761
48.92 87.765
48.921 87.765
48.933 87.762
48.937 87.767
48.937 87.775
48.93 87.786
48.931 87.797
48.948 87.824
48.953 87.84
48.955 87.875
48.964 87.882
48.973 87.901
48.975 87.906
48.98 87.912
48.986 87.914
48.997 87.913
49.008 87.903
49.028 87.879
49.045 87.856
49.045 87.837
49.048 87.832
49.053 87.831
49.06 87.833
49.065 87.844
49.066 87.845
49.073 87.853
49.085 87.844
49.092 87.844
49.118 87.866
49.128 87.862
49.146 87.835
49.159 87.83
49.175 87.832
49.175 87.849
49.167 87.9
49.171 87.917
49.182 87.938
49.184 87.948
49.178 87.974
49.179 87.985
49.186 87.994
49.195 87.996
49.204 87.997
49.22 88
49.225 88.005
49.236 88.009
49.244 88.037
49.253 88.045
49.263 88.05
49.266 88.055
49.269 88.069
49.266 88.1
49.26 88.11
49.252 88.116
49.245 88.121
49.245 88.129
49.25 88.136
49.254 88.149
49.258 88.153
49.271 88.157
49.278 88.167
49.281 88.184
49.283 88.192
49.287 88.197
49.294 88.198
49.3 88.196
49.311 88.176
49.321 88.165
49.324 88.163
49.345 88.147
49.354 88.133
49.366 88.103
49.37 88.097
49.374 88.097
49.384 88.106
49.388 88.118
49.412 88.139
49.424 88.16
49.43 88.188
49.436 88.19
49.453 88.177
49.458 88.177
49.459 88.177
49.468 88.183
49.477 88.194
49.483 88.205
49.49 88.223
49.496 88.292
49.499 88.307
49.505 88.322
49.508 88.34
49.508 88.341
49.502 88.363
49.504 88.379
49.503 88.396
49.501 88.411
49.497 88.422
49.48 88.445
49.479 88.455
49.484 88.483
49.492 88.509
49.492 88.514
49.49 88.524
49.482 88.542
49.483 88.552
49.484 88.555
49.504 88.565
49.512 88.575
49.526 88.621
49.528 88.632
49.526 88.642
49.52 88.65
49.511 88.652
49.499 88.654
49.485 88.667
49.475 88.679
49.47 88.694
49.466 88.712
49.465 88.727
49.47 88.758
49.466 88.77
49.466 88.778
49.469 88.789
49.469 88.803
49.466 88.815
49.456 88.831
49.453 88.841
49.45 88.853
49.45 88.863
49.457 88.868
49.471 88.857
49.474 88.857
49.482 88.863
49.486 88.863
49.493 88.861
49.5 88.851
49.509 88.845
49.516 88.846
49.524 88.851
49.529 88.855
49.55 88.88
49.556 88.891
49.56 88.918
49.559 88.925
49.556 88.93
49.538 88.926
49.53 88.927
49.51 88.948
49.504 88.951
49.485 88.964
49.478 88.972
49.476 88.978
49.477 88.992
49.492 89.028
49.494 89.036
49.493 89.054
49.5 89.1
49.502 89.109
49.507 89.128
49.512 89.141
49.523 89.159
49.527 89.173
49.53 89.179
49.542 89.188
49.547 89.198
49.548 89.205
49.547 89.221
49.55 89.225
49.559 89.227
49.566 89.224
49.574 89.216
49.577 89.211
49.584 89.2
49.592 89.193
49.599 89.19
49.615 89.195
49.626 89.202
49.646 89.224
49.654 89.24
49.654 89.25
49.645 89.284
49.643 89.289
49.635 89.313
49.626 89.331
49.617 89.344
49.596 89.37
49.595 89.377
49.604 89.388
49.621 89.4
49.631 89.411
49.636 89.417
49.659 89.445
49.663 89.461
49.662 89.476
49.663 89.491
49.668 89.506
49.684 89.541
49.69 89.572
49.691 89.581
49.694 89.61
49.699 89.627
49.704 89.635
49.704 89.645
49.71 89.682
49.722 89.7
49.744 89.716
49.757 89.722
49.758 89.722
49.776 89.722
49.795 89.739
49.799 89.736
49.804 89.728
49.808 89.718
49.812 89.7
49.815 89.653
49.819 89.641
49.826 89.636
49.832 89.637
49.833 89.637
49.85 89.645
49.858 89.646
49.864 89.644
49.879 89.633
49.905 89.639
49.911 89.637
49.916 89.631
49.927 89.607
49.934 89.603
49.947 89.605
49.959 89.608
49.968 89.613
49.974 89.621
49.979 89.639
49.981 89.665
49.975 89.694
49.975 89.71
49.977 89.719
49.995 89.744
49.998 89.752
49.998 89.753
50 89.765
49.997 89.78
49.997 89.802
49.998 89.837
49.995 89.843
49.992 89.856
49.985 89.901
49.985 89.931
49.99 89.953
49.996 89.972
49.999 89.978
50 89.979
50.003 89.985
50.01 90
50.012 90.005
50.017 90.027
50.024 90.036
50.038 90.087
50.038 90.098
50.032 90.131
50.032 90.145
50.032 90.155
50.035 90.19
50.034 90.202
50.018 90.238
50.016 90.252
50.016 90.264
50.018 90.274
50.025 90.283
50.032 90.288
50.057 90.291
50.058 90.292
50.076 90.297
50.086 90.304
50.115 90.328
50.139 90.357
50.144 90.368
50.152 90.404
50.155 90.418
50.16 90.463
50.169 90.489
50.17 90.512
50.178 90.542
50.179 90.567
50.178 90.583
50.177 90.592
50.172 90.616
50.164 90.647
50.164 90.658
50.164 90.663
50.168 90.675
50.174 90.681
50.182 90.684
50.187 90.684
50.198 90.676
50.203 90.676
50.213 90.683
50.22 90.695
50.225 90.709
50.239 90.752
50.247 90.763
50.256 90.77
50.267 90.775
50.288 90.775
50.294 90.771
50.305 90.75
50.322 90.744
50.325 90.735
50.323 90.726
50.319 90.717
50.317 90.708
50.317 90.693
50.322 90.684
50.337 90.668
50.359 90.666
50.376 90.671
50.382 90.677
50.392 90.683
50.399 90.687
50.423 90.701
50.445 90.698
50.454 90.705
50.467 90.722
50.48 90.727
50.488 90.738
50.474 90.763
50.47 90.774
50.464 90.798
50.464 90.809
50.464 90.822
50.471 90.849
50.475 90.871
50.477 90.899
50.477 90.92
50.477 90.936
50.477 90.95
50.468 91.045
50.456 91.088
50.457 91.112
50.458 91.139
50.458 91.143
50.467 91.189
50.482 91.233
50.484 91.244
50.484 91.257
50.479 91.3
50.468 91.382
50.464 91.403
50.46 91.413
50.458 91.429
50.46 91.437
50.465 91.444
50.477 91.449
50.492 91.45
50.496 91.451
50.504 91.449
50.516 91.436
50.526 91.431
50.543 91.437
50.547 91.441
50.55 91.446
50.552 91.462
50.559 91.48
50.564 91.508
50.564 91.54
50.564 91.558
50.561 91.575
50.56 91.594
50.576 91.646
50.584 91.658
50.592 91.66
50.599 91.658
50.61 91.65
50.616 91.65
50.626 91.653
50.633 91.655
50.653 91.653
50.66 91.656
50.667 91.663
50.68 91.683
50.694 91.711
50.701 91.742
50.705 91.748
50.718 91.752
50.72 91.755
50.72 91.757
50.722 91.824
50.724 91.829
50.735 91.836
50.736 91.84
50.736 91.854
50.73 91.884
50.715 91.918
50.713 91.931
50.711 91.938
50.704 91.951
50.698 91.967
50.684 92.023
50.684 92.096
50.683 92.117
50.681 92.144
50.682 92.174
50.685 92.196
50.691 92.207
50.696 92.211
50.703 92.224
50.71 92.26
50.716 92.276
50.724 92.288
50.726 92.29
50.736 92.301
50.744 92.305
50.759 92.305
50.796 92.288
50.809 92.287
50.828 92.301
50.843 92.303
50.846 92.305
50.848 92.306
50.858 92.318
50.862 92.32
50.879 92.321
50.886 92.325
50.891 92.331
50.893 92.34
50.895 92.372
50.893 92.381
50.89 92.391
50.883 92.401
50.859 92.408
50.856 92.408
50.839 92.408
50.816 92.412
50.79 92.447
50.777 92.471
50.771 92.494
50.769 92.509
50.77 92.519
50.771 92.575
50.77 92.592
50.767 92.603
50.758 92.615
50.749 92.618
50.722 92.607
50.716 92.607
50.707 92.612
50.705 92.616
50.705 92.622
50.701 92.659
50.709 92.748
50.712 92.752
50.718 92.755
50.743 92.746
50.752 92.747
50.752 92.748
50.755 92.75
50.769 92.772
50.783 92.802
50.79 92.819
50.794 92.844
50.793 92.921
50.793 92.923
50.788 92.995
50.784 93.009
50.777 93.021
50.763 93.033
50.755 93.029
50.745 93.016
50.731 93.006
50.724 93.008
50.716 93.011
50.703 93.009
50.673 92.989
50.663 92.985
50.658 92.982
50.631 92.983
50.616 92.99
50.605 93.001
50.602 93.004
50.59 93.024
50.587 93.03
50.583 93.04
50.586 93.072
50.584 93.08
50.574 93.089
50.567 93.104
50.563 93.13
50.561 93.151
50.562 93.161
50.565 93.17
50.567 93.181
50.57 93.197
50.578 93.323
50.582 93.365
50.585 93.403
50.592 93.432
50.601 93.458
50.602 93.47
50.6 93.478
50.596 93.487
50.582 93.51
50.582 93.522
50.582 93.546
50.581 93.59
50.585 93.616
50.586 93.638
50.578 93.67
50.581 93.704
50.582 93.74
50.584 93.781
50.59 93.839
50.591 93.882
50.591 93.936
50.591 93.957
50.588 94.004
50.588 94.107
50.585 94.133
50.584 94.141
50.582 94.178
50.583 94.224
50.575 94.276
50.57 94.288
50.564 94.295
50.552 94.303
50.548 94.304
50.53 94.309
50.514 94.307
50.499 94.312
50.491 94.321
50.482 94.336
50.465 94.349
50.431 94.354
50.356 94.367
50.321 94.377
50.307 94.381
50.234 94.399
50.214 94.407
50.207 94.412
50.198 94.424
50.194 94.434
50.192 94.44
50.184 94.471
50.169 94.511
50.163 94.517
50.147 94.526
50.135 94.521
50.121 94.531
50.12 94.536
50.11 94.543
50.105 94.553
50.093 94.563
50.082 94.581
50.078 94.584
50.064 94.599
50.05 94.606
50.039 94.609
50.034 94.619
50.029 94.643
50.029 94.667
50.032 94.687
50.048 94.733
50.054 94.776
50.06 94.819
50.062 94.84
50.064 94.898
50.062 94.964
50.061 94.969
50.058 94.98
50.053 94.991
50.048 94.997
50.045 95
50.039 95.005
50.005 95.022
50 95.025
49.991 95.031
49.982 95.042
49.965 95.074
49.963 95.079
49.956 95.094
49.95 95.119
49.949 95.13
49.949 95.218
49.952 95.268
49.953 95.276
49.951 95.334
49.941 95.397
49.927 95.457
49.922 95.478
49.921 95.497
49.924 95.522
49.942 95.576
49.955 95.635
49.956 95.639
49.958 95.653
49.962 95.724
49.965 95.738
49.97 95.746
49.976 95.751
49.986 95.754
50 95.755
50.004 95.755
50.012 95.759
50.019 95.771
50.028 95.785
50.039 95.819
50.041 95.834
50.041 95.863
50.036 95.884
50.029 95.899
50.018 95.907
50.009 95.906
50.001 95.909
50 95.91
49.998 95.913
49.993 95.919
49.988 95.929
49.983 95.953
49.98 95.974
49.985 95.994
50 96.016
50.003 96.021
50.008 96.031
50.016 96.055
50.02 96.074
50.02 96.081
50.019 96.096
50.014 96.122
50.001 96.16
50 96.165
50 96.166
49.99 96.212
49.986 96.266
49.986 96.267
49.99 96.283
49.991 96.293
49.987 96.302
49.981 96.305
49.967 96.307
49.96 96.311
49.957 96.317
49.953 96.338
49.948 96.352
49.939 96.366
49.914 96.391
49.902 96.408
49.898 96.427
49.898 96.444
49.901 96.453
49.923 96.482
49.951 96.524
49.957 96.537
49.958 96.538
49.96 96.547
49.962 96.56
49.971 96.587
49.982 96.612
49.982 96.634
49.976 96.659
49.966 96.676
49.96 96.681
49.948 96.681
49.942 96.677
49.918 96.663
49.912 96.666
49.904 96.681
49.903 96.698
49.908 96.717
49.914 96.73
49.931 96.756
49.94 96.775
49.944 96.786
49.944 96.788
49.946 96.803
49.944 96.839
49.929 96.91
49.92 96.975
49.919 96.983
49.914 97.003
49.904 97.021
49.863 97.056
49.848 97.074
49.84 97.088
49.837 97.099
49.835 97.107
49.833 97.12
49.826 97.144
49.821 97.153
49.798 97.162
49.786 97.17
49.779 97.181
49.775 97.194
49.769 97.218
49.767 97.242
49.765 97.248
49.76 97.276
49.757 97.304
49.757 97.316
49.772 97.355
49.781 97.39
49.788 97.43
49.796 97.449
49.821 97.492
49.847 97.544
49.868 97.58
49.882 97.603
49.887 97.608
49.896 97.611
49.901 97.609
49.931 97.582
49.942 97.578
49.948 97.583
49.952 97.606
49.952 97.616
49.948 97.63
49.947 97.635
49.947 97.654
49.949 97.674
49.953 97.692
49.959 97.706
49.971 97.728
49.984 97.766
49.988 97.794
49.985 97.807
49.982 97.81
49.966 97.815
49.957 97.821
49.952 97.828
49.948 97.836
49.947 97.848
49.948 97.863
49.952 97.874
49.957 97.884
49.965 97.891
49.978 97.899
49.995 97.914
49.999 97.922
50 97.923
50.007 97.952
50.024 97.965
50.03 97.973
50.035 97.988
50.035 98.007
50.036 98.019
50.045 98.043
50.054 98.058
50.066 98.074
50.092 98.106
50.104 98.116
50.178 98.151
50.179 98.152
50.204 98.172
50.214 98.184
50.238 98.23
50.25 98.249
50.255 98.254
50.265 98.26
50.278 98.265
50.312 98.278
50.327 98.278
50.354 98.272
50.386 98.259
50.401 98.258
50.411 98.257
50.417 98.259
50.434 98.271
50.457 98.289
50.502 98.305
50.52 98.315
50.539 98.324
50.547 98.323
50.556 98.316
50.562 98.307
50.575 98.265
50.579 98.241
50.583 98.208
50.585 98.188
50.587 98.16
50.591 98.145
50.596 98.133
50.653 98.049
50.662 98.042
50.67 98.035
50.701 98.018
50.71 98.008
50.716 97.994
50.725 97.982
50.733 97.974
50.745 97.967
50.772 97.958
50.782 97.955
50.788 97.955
50.802 97.962
50.817 97.972
50.844 98.012
50.851 98.019
50.867 98.02
50.874 98.013
50.88 98.001
50.903 97.957
50.916 97.941
50.923 97.913
50.929 97.901
50.937 97.887
50.947 97.876
50.95 97.867
50.959 97.866
50.964 97.857
50.975 97.862
50.999 97.844
51.004 97.828
51.006 97.83
51.012 97.828
51.027 97.837
51.033 97.846
51.035 97.856
51.045 97.868
51.048 97.868
51.051 97.869
51.061 97.866
51.074 97.875
51.094 97.88
51.106 97.893
51.115 97.897
51.12 97.894
51.132 97.902
51.164 97.91
51.167 97.909
51.172 97.908
51.193 97.931
51.201 97.935
51.208 97.941
51.218 97.945
51.223 97.946
51.232 97.953
51.238 97.953
51.246 97.944
51.249 97.944
51.26 97.951
51.278 97.957
51.287 97.952
51.296 97.954
51.309 97.954
51.315 97.952
51.317 97.948
51.323 97.945
51.333 97.954
51.335 97.957
51.344 97.972
51.36 97.983
