segment North Korea
39.92 124.294
39.92 124.288
39.932 124.297
39.932 124.307
39.93 124.309
39.924 124.302
39.92 124.294
segment North Korea
39.912 124.296
39.914 124.294
39.918 124.296
39.922 124.31
39.921 124.311
39.918 124.309
39.913 124.302
39.912 124.296
segment North Korea
39.884 124.227
39.893 124.238
39.905 124.252
39.907 124.257
39.916 124.268
39.921 124.272
39.921 124.273
39.921 124.28
39.919 124.284
39.914 124.285
39.906 124.276
39.901 124.276
39.891 124.28
39.882 124.28
39.875 124.278
39.87 124.274
39.865 124.268
39.86 124.271
39.856 124.269
39.847 124.278
39.83 124.282
39.825 124.277
39.822 124.27
39.813 124.266
39.808 124.259
39.806 124.251
39.801 124.248
39.8 124.242
39.795 124.238
39.794 124.231
39.791 124.229
39.785 124.235
39.784 124.23
39.8 124.208
39.801 124.204
39.803 124.206
39.805 124.202
39.802 124.194
39.806 124.194
39.816 124.189
39.822 124.189
39.845 124.227
39.857 124.245
39.864 124.232
39.869 124.228
39.884 124.227
segment North Korea
39.886 124.343
39.879 124.34
39.877 124.338
39.878 124.333
39.889 124.322
39.892 124.325
39.892 124.33
39.892 124.335
39.886 124.341
39.886 124.343
segment North Korea
39.846 124.37
39.848 124.368
39.859 124.369
39.872 124.364
39.874 124.372
39.869 124.387
39.865 124.391
39.857 124.392
39.85 124.388
39.846 124.383
39.846 124.37
segment North Korea
39.873 124.346
39.873 124.351
39.869 124.359
39.864 124.361
39.857 124.359
39.854 124.354
39.852 124.338
39.853 124.337
39.864 124.338
39.871 124.334
39.873 124.335
39.873 124.346
segment North Korea
39.704 124.518
39.706 124.517
39.709 124.519
39.715 124.524
39.724 124.539
39.723 124.542
39.719 124.544
39.715 124.541
39.711 124.528
39.706 124.523
39.704 124.518
segment North Korea
39.629 124.832
39.632 124.828
39.633 124.822
39.637 124.825
39.636 124.829
39.639 124.839
39.629 124.837
39.629 124.832
segment North Korea
39.623 124.757
39.625 124.752
39.63 124.757
39.63 124.763
39.629 124.765
39.626 124.764
39.624 124.762
39.623 124.757
segment North Korea
39.613 124.906
39.616 124.904
39.615 124.895
39.618 124.895
39.619 124.899
39.623 124.902
39.622 124.906
39.615 124.91
39.613 124.909
39.613 124.906
segment North Korea
39.526 124.594
39.528 124.592
39.536 124.594
39.544 124.604
39.546 124.615
39.55 124.62
39.556 124.621
39.56 124.627
39.557 124.631
39.557 124.636
39.564 124.646
39.561 124.66
39.565 124.665
39.566 124.671
39.563 124.686
39.558 124.691
39.557 124.697
39.555 124.698
39.551 124.697
39.541 124.693
39.529 124.672
39.533 124.66
39.533 124.651
39.536 124.652
39.542 124.649
39.543 124.644
39.547 124.64
39.546 124.637
39.536 124.633
39.532 124.635
39.531 124.627
39.537 124.624
39.54 124.618
39.54 124.613
39.536 124.608
39.534 124.602
39.526 124.594
segment North Korea
39.541 124.734
39.542 124.73
39.55 124.729
39.553 124.735
39.552 124.74
39.55 124.742
39.546 124.737
39.542 124.737
39.541 124.734
segment North Korea
39.491 124.692
39.493 124.686
39.5 124.679
39.506 124.682
39.514 124.68
39.518 124.685
39.526 124.691
39.531 124.705
39.529 124.71
39.526 124.711
39.52 124.704
39.514 124.705
39.513 124.708
39.511 124.709
39.502 124.702
39.497 124.702
39.491 124.692
segment North Korea
39.506 124.8
39.508 124.798
39.512 124.801
39.513 124.809
39.509 124.811
39.507 124.81
39.508 124.806
39.506 124.8
segment North Korea
39.48 124.622
39.481 124.618
39.485 124.618
39.49 124.623
39.491 124.626
39.487 124.628
39.484 124.627
39.48 124.622
segment North Korea
39.454 124.628
39.456 124.618
39.459 124.614
39.468 124.623
39.467 124.626
39.46 124.625
39.459 124.63
39.456 124.631
39.454 124.628
segment North Korea
39.449 124.767
39.454 124.771
39.457 124.767
39.459 124.768
39.459 124.773
39.457 124.782
39.452 124.787
39.448 124.785
39.445 124.781
39.445 124.778
39.442 124.775
39.443 124.768
39.446 124.77
39.449 124.767
segment North Korea
39.422 124.6
39.425 124.595
39.431 124.596
39.433 124.588
39.439 124.589
39.442 124.593
39.445 124.606
39.45 124.614
39.444 124.614
39.432 124.621
39.424 124.615
39.422 124.6
segment North Korea
39.403 124.722
39.403 124.719
39.406 124.716
39.409 124.717
39.414 124.732
39.412 124.736
39.403 124.722
segment North Korea
38.494 124.874
38.496 124.867
38.5 124.863
38.5 124.86
38.498 124.855
38.508 124.838
38.513 124.822
38.517 124.817
38.516 124.804
38.519 124.795
38.513 124.789
38.51 124.798
38.507 124.801
38.506 124.797
38.505 124.782
38.509 124.774
38.514 124.77
38.518 124.773
38.519 124.778
38.523 124.782
38.531 124.777
38.534 124.779
38.534 124.793
38.536 124.802
38.544 124.813
38.545 124.814
38.549 124.817
38.552 124.816
38.557 124.818
38.548 124.828
38.544 124.844
38.537 124.855
38.534 124.875
38.526 124.876
38.523 124.879
38.524 124.887
38.522 124.889
38.508 124.894
38.502 124.894
38.498 124.892
38.496 124.888
38.494 124.874
segment North Korea
37.912 124.69
37.916 124.684
37.917 124.645
37.919 124.635
37.922 124.633
37.933 124.628
37.946 124.626
37.951 124.622
37.952 124.616
37.956 124.611
37.964 124.608
37.97 124.608
37.974 124.611
37.975 124.62
37.969 124.63
37.969 124.635
37.973 124.661
37.978 124.671
37.976 124.675
37.98 124.681
37.977 124.687
37.977 124.688
37.982 124.7
37.983 124.71
37.982 124.717
37.978 124.726
37.973 124.731
37.964 124.733
37.961 124.736
37.957 124.745
37.953 124.744
37.955 124.732
37.954 124.731
37.95 124.734
37.948 124.732
37.949 124.722
37.941 124.713
37.94 124.708
37.941 124.707
37.953 124.71
37.958 124.708
37.956 124.704
37.953 124.693
37.949 124.692
37.943 124.696
37.942 124.693
37.949 124.679
37.954 124.677
37.953 124.674
37.949 124.667
37.95 124.66
37.948 124.658
37.946 124.661
37.944 124.669
37.937 124.682
37.938 124.699
37.935 124.703
37.93 124.705
37.922 124.699
37.915 124.698
37.913 124.695
37.912 124.69
segment North Korea
37.794 124.681
37.809 124.682
37.812 124.672
37.818 124.665
37.818 124.68
37.826 124.683
37.829 124.684
37.834 124.689
37.838 124.697
37.845 124.705
37.844 124.72
37.835 124.731
37.83 124.717
37.827 124.713
37.825 124.713
37.821 124.718
37.815 124.721
37.809 124.718
37.803 124.711
37.801 124.704
37.803 124.691
37.801 124.687
37.795 124.685
37.794 124.681
segment North Korea
37.751 124.723
37.753 124.72
37.758 124.727
37.765 124.729
37.768 124.736
37.774 124.742
37.776 124.767
37.771 124.768
37.768 124.766
37.765 124.767
37.765 124.748
37.751 124.727
37.751 124.723
segment North Korea
39.933 124.281
39.938 124.284
39.944 124.285
39.94 124.289
39.936 124.287
39.933 124.282
39.933 124.281
segment North Korea
39.486 124.822
39.487 124.818
39.492 124.817
39.494 124.819
39.496 124.826
39.503 124.834
39.512 124.836
39.513 124.839
39.508 124.846
39.514 124.855
39.522 124.858
39.525 124.856
39.528 124.847
39.531 124.846
39.534 124.848
39.538 124.858
39.543 124.86
39.546 124.853
39.55 124.85
39.55 124.847
39.545 124.841
39.545 124.836
39.542 124.826
39.542 124.825
39.543 124.823
39.546 124.822
39.558 124.839
39.557 124.85
39.566 124.858
39.573 124.875
39.583 124.872
39.585 124.866
39.587 124.866
39.589 124.87
39.59 124.882
39.594 124.886
39.6 124.872
39.607 124.888
39.607 124.893
39.606 124.904
39.607 124.908
39.603 124.91
39.601 124.915
39.601 124.92
39.596 124.927
39.589 124.93
39.587 124.924
39.59 124.914
39.588 124.912
39.582 124.909
39.577 124.91
39.574 124.918
39.571 124.911
39.569 124.909
39.565 124.913
39.564 124.919
39.562 124.92
39.56 124.918
39.555 124.925
39.553 124.918
39.55 124.915
39.548 124.916
39.548 124.923
39.55 124.931
39.55 124.933
39.549 124.937
39.543 124.94
39.533 124.924
39.533 124.918
39.536 124.91
39.535 124.907
39.533 124.905
39.53 124.909
39.528 124.909
39.525 124.899
39.517 124.894
39.515 124.887
39.511 124.884
39.51 124.878
39.504 124.872
39.501 124.866
39.491 124.858
39.489 124.852
39.487 124.842
39.492 124.841
39.494 124.841
39.495 124.838
39.489 124.831
39.486 124.822
segment North Korea
39.734 127.56
39.741 127.56
39.745 127.563
39.744 127.566
39.741 127.569
39.735 127.566
39.734 127.56
segment North Korea
39.544 125.394
39.545 125.391
39.554 125.397
39.564 125.409
39.571 125.421
39.57 125.429
39.568 125.431
39.562 125.428
39.552 125.415
39.544 125.394
segment North Korea
39.538 125.147
39.541 125.143
39.543 125.136
39.546 125.137
39.548 125.139
39.546 125.145
39.549 125.156
39.546 125.158
39.542 125.156
39.539 125.158
39.538 125.147
segment North Korea
39.515 125.14
39.517 125.138
39.522 125.129
39.524 125.13
39.526 125.136
39.531 125.138
39.533 125.156
39.529 125.156
39.528 125.151
39.526 125.147
39.515 125.143
39.515 125.14
segment North Korea
39.51 125.205
39.519 125.191
39.522 125.19
39.527 125.196
39.526 125.2
39.52 125.204
39.517 125.208
39.513 125.208
39.51 125.205
segment North Korea
39.384 127.442
39.386 127.439
39.389 127.439
39.395 127.443
39.396 127.448
39.389 127.447
39.384 127.442
segment North Korea
39.376 127.472
39.378 127.467
39.388 127.463
39.391 127.464
39.393 127.466
39.391 127.474
39.393 127.48
39.391 127.482
39.383 127.474
39.378 127.475
39.376 127.472
segment North Korea
39.216 127.615
39.219 127.613
39.224 127.617
39.232 127.616
39.235 127.62
39.23 127.624
39.226 127.632
39.223 127.633
39.22 127.632
39.218 127.629
39.219 127.623
39.216 127.615
segment North Korea
39.213 127.525
39.216 127.518
39.216 127.512
39.218 127.511
39.22 127.529
39.216 127.53
39.213 127.525
segment North Korea
37.838 126.358
37.848 126.356
37.86 126.357
37.863 126.359
37.864 126.385
37.864 126.397
37.86 126.402
37.855 126.4
37.848 126.388
37.843 126.376
37.838 126.358
segment North Korea
37.833 125.372
37.834 125.369
37.84 125.365
37.844 125.367
37.846 125.374
37.842 125.38
37.839 125.382
37.834 125.376
37.833 125.372
segment North Korea
37.802 126.17
37.814 126.167
37.827 126.171
37.839 126.191
37.844 126.204
37.845 126.213
37.843 126.215
37.831 126.197
37.818 126.184
37.803 126.174
37.802 126.17
segment North Korea
37.834 125.894
37.836 125.893
37.834 125.905
37.831 125.91
37.828 125.911
37.827 125.91
37.827 125.905
37.829 125.898
37.834 125.894
segment North Korea
37.826 125.749
37.827 125.745
37.834 125.744
37.832 125.754
37.83 125.755
37.826 125.749
segment North Korea
37.816 126.158
37.822 126.154
37.826 126.155
37.831 126.16
37.832 126.166
37.829 126.167
37.816 126.158
segment North Korea
37.776 125.329
37.779 125.328
37.795 125.335
37.815 125.36
37.823 125.362
37.823 125.366
37.82 125.368
37.816 125.367
37.802 125.355
37.789 125.341
37.776 125.329
segment North Korea
37.772 125.143
37.775 125.142
37.786 125.147
37.791 125.144
37.791 125.134
37.792 125.133
37.794 125.134
37.799 125.15
37.81 125.167
37.813 125.178
37.818 125.189
37.81 125.191
37.807 125.197
37.804 125.193
37.804 125.185
37.803 125.18
37.793 125.17
37.786 125.155
37.773 125.146
37.772 125.143
segment North Korea
37.793 125.768
37.796 125.758
37.798 125.756
37.802 125.759
37.809 125.76
37.808 125.765
37.81 125.772
37.807 125.774
37.803 125.772
37.798 125.776
37.795 125.775
37.793 125.768
segment North Korea
37.789 125.248
37.793 125.248
37.795 125.253
37.794 125.259
37.797 125.265
37.795 125.266
37.792 125.264
37.791 125.259
37.792 125.255
37.789 125.248
segment North Korea
37.762 125.889
37.763 125.887
37.767 125.885
37.771 125.891
37.774 125.904
37.78 125.912
37.78 125.917
37.777 125.918
37.77 125.912
37.762 125.889
segment North Korea
37.686 125.221
37.69 125.219
37.693 125.212
37.696 125.21
37.7 125.214
37.704 125.23
37.707 125.235
37.718 125.244
37.726 125.253
37.729 125.254
37.731 125.249
37.736 125.251
37.733 125.27
37.731 125.273
37.722 125.276
37.723 125.282
37.726 125.283
37.731 125.28
37.74 125.272
37.741 125.272
37.743 125.284
37.753 125.293
37.754 125.295
37.752 125.301
37.766 125.325
37.761 125.326
37.762 125.329
37.769 125.337
37.766 125.338
37.757 125.334
37.753 125.327
37.743 125.32
37.726 125.299
37.723 125.297
37.718 125.281
37.695 125.253
37.692 125.244
37.693 125.236
37.686 125.225
37.686 125.221
segment North Korea
37.735 125.231
37.745 125.224
37.748 125.225
37.75 125.228
37.749 125.236
37.747 125.239
37.742 125.235
37.737 125.237
37.735 125.231
segment North Korea
37.674 125.089
37.678 125.087
37.682 125.089
37.686 125.094
37.681 125.096
37.677 125.095
37.674 125.089
segment North Korea
37.646 125.68
37.648 125.679
37.659 125.683
37.665 125.682
37.668 125.677
37.672 125.677
37.676 125.68
37.674 125.689
37.678 125.706
37.677 125.71
37.671 125.715
37.666 125.715
37.664 125.709
37.646 125.691
37.646 125.68
segment North Korea
37.597 125.708
37.599 125.705
37.606 125.708
37.608 125.712
37.61 125.718
37.598 125.721
37.6 125.713
37.597 125.708
segment North Korea
42.182 130.283
42.191 130.288
42.193 130.292
42.187 130.295
42.184 130.292
42.182 130.283
segment North Korea
42.145 130.276
42.151 130.269
42.155 130.27
42.156 130.269
42.16 130.263
42.17 130.273
42.172 130.279
42.171 130.285
42.167 130.288
42.152 130.288
42.148 130.286
42.145 130.281
42.145 130.276
segment North Korea
42.966 130.049
42.969 130.071
42.975 130.083
42.98 130.09
42.986 130.097
42.987 130.106
42.976 130.125
42.975 130.143
42.973 130.145
42.969 130.146
42.968 130.142
42.955 130.116
42.943 130.119
42.939 130.129
42.932 130.138
42.928 130.133
42.929 130.119
42.923 130.105
42.919 130.098
42.914 130.098
42.907 130.108
42.903 130.116
42.902 130.134
42.901 130.147
42.907 130.155
42.906 130.172
42.904 130.194
42.9 130.216
42.898 130.233
42.899 130.243
42.899 130.252
42.896 130.259
42.886 130.266
42.884 130.265
42.871 130.262
42.851 130.254
42.835 130.249
42.819 130.243
42.799 130.236
42.786 130.233
42.773 130.237
42.743 130.236
42.725 130.24
42.711 130.248
42.7 130.269
42.698 130.279
42.691 130.288
42.681 130.294
42.664 130.306
42.652 130.318
42.639 130.339
42.629 130.356
42.615 130.369
42.6 130.383
42.598 130.387
42.607 130.416
42.607 130.426
42.601 130.433
42.591 130.425
42.579 130.419
42.57 130.416
42.561 130.421
42.553 130.426
42.546 130.437
42.545 130.448
42.545 130.457
42.55 130.47
42.556 130.474
42.566 130.477
42.575 130.469
42.586 130.464
42.597 130.466
42.607 130.467
42.614 130.475
42.615 130.482
42.614 130.495
42.609 130.517
42.6 130.523
42.593 130.518
42.589 130.517
42.582 130.514
42.575 130.515
42.566 130.519
42.557 130.523
42.548 130.524
42.542 130.525
42.533 130.533
42.521 130.542
42.509 130.545
42.5 130.546
42.49 130.551
42.482 130.565
42.477 130.57
42.46 130.565
42.438 130.564
42.433 130.567
42.432 130.573
42.427 130.6
42.424 130.615
42.422 130.623
42.414 130.634
42.406 130.642
42.398 130.648
42.386 130.656
42.376 130.659
42.368 130.66
42.357 130.652
42.348 130.645
42.339 130.646
42.329 130.651
42.316 130.658
42.309 130.663
42.307 130.665
42.3 130.662
42.296 130.662
42.29 130.672
42.284 130.675
42.281 130.67
42.281 130.664
42.276 130.649
42.268 130.636
42.272 130.621
42.27 130.617
42.262 130.611
42.255 130.599
42.254 130.592
42.255 130.589
42.258 130.587
42.267 130.588
42.273 130.591
42.276 130.597
42.276 130.606
42.278 130.609
42.283 130.61
42.287 130.607
42.291 130.603
42.296 130.594
42.306 130.589
42.313 130.576
42.316 130.541
42.319 130.536
42.318 130.527
42.333 130.512
42.336 130.505
42.337 130.487
42.335 130.474
42.329 130.464
42.327 130.462
42.324 130.46
42.321 130.466
42.317 130.464
42.315 130.458
42.304 130.454
42.308 130.445
42.314 130.437
42.331 130.402
42.328 130.386
42.325 130.391
42.322 130.399
42.316 130.402
42.305 130.401
42.298 130.397
42.295 130.4
42.294 130.405
42.29 130.406
42.288 130.401
42.294 130.386
42.283 130.382
42.277 130.384
42.269 130.396
42.258 130.397
42.251 130.401
42.247 130.397
42.252 130.393
42.252 130.392
42.25 130.383
42.257 130.378
42.256 130.374
42.251 130.366
42.243 130.362
42.24 130.363
42.235 130.369
42.232 130.37
42.23 130.368
42.233 130.364
42.232 130.36
42.229 130.356
42.218 130.35
42.215 130.344
42.213 130.335
42.21 130.331
42.205 130.328
42.193 130.332
42.19 130.33
42.191 130.321
42.188 130.318
42.185 130.316
42.183 130.316
42.179 130.311
42.185 130.306
42.191 130.306
42.204 130.312
42.218 130.315
42.231 130.308
42.235 130.303
42.235 130.3
42.232 130.295
42.215 130.282
42.207 130.266
42.195 130.249
42.193 130.246
42.177 130.232
42.174 130.224
42.179 130.212
42.178 130.209
42.167 130.198
42.163 130.201
42.156 130.211
42.151 130.213
42.148 130.211
42.149 130.206
42.151 130.203
42.151 130.201
42.148 130.199
42.146 130.2
42.142 130.208
42.14 130.208
42.136 130.202
42.121 130.196
42.118 130.197
42.112 130.199
42.107 130.193
42.097 130.192
42.098 130.187
42.106 130.184
42.108 130.18
42.106 130.172
42.101 130.164
42.1 130.149
42.097 130.145
42.093 130.15
42.085 130.174
42.08 130.177
42.073 130.174
42.068 130.164
42.066 130.152
42.067 130.152
42.076 130.148
42.079 130.144
42.079 130.132
42.086 130.134
42.087 130.132
42.086 130.099
42.084 130.089
42.079 130.082
42.075 130.076
42.073 130.075
42.065 130.079
42.051 130.078
42.045 130.081
42.039 130.076
42.035 130.069
42.05 130.062
42.055 130.057
42.057 130.053
42.055 130.05
42.05 130.047
42.035 130.049
42.026 130.043
42.022 130.045
42.013 130.034
42.009 130.03
42.004 130.035
42 130.033
41.994 130.033
41.99 130.031
41.989 130.027
42.004 130.025
42.013 130.021
42.016 130.014
42.012 130.008
41.999 130
41.997 129.999
41.989 129.989
41.979 129.979
41.976 129.983
41.975 129.99
41.97 129.992
41.964 129.987
41.956 129.973
41.95 129.969
41.949 129.969
41.946 129.973
41.945 129.986
41.942 129.987
41.938 129.975
41.935 129.972
41.921 129.967
41.912 129.959
41.912 129.95
41.907 129.949
41.904 129.959
41.9 129.961
41.892 129.953
41.891 129.95
41.892 129.946
41.898 129.941
41.901 129.931
41.903 129.917
41.905 129.913
41.907 129.908
41.906 129.903
41.902 129.897
41.897 129.898
41.89 129.892
41.886 129.894
41.872 129.883
41.868 129.883
41.858 129.889
41.841 129.888
41.831 129.879
41.82 129.882
41.806 129.871
41.8 129.87
41.792 129.869
41.789 129.865
41.788 129.859
41.781 129.849
41.776 129.847
41.772 129.85
41.762 129.852
41.759 129.848
41.76 129.841
41.771 129.828
41.776 129.817
41.775 129.81
41.771 129.798
41.766 129.788
41.765 129.784
41.769 129.78
41.76 129.778
41.757 129.774
41.754 129.775
41.748 129.773
41.746 129.769
41.759 129.767
41.76 129.762
41.756 129.759
41.745 129.76
41.733 129.756
41.728 129.759
41.723 129.759
41.709 129.753
41.708 129.749
41.691 129.744
41.684 129.74
41.675 129.719
41.666 129.707
41.652 129.697
41.634 129.688
41.604 129.68
41.582 129.67
41.571 129.667
41.56 129.658
41.556 129.654
41.549 129.65
41.531 129.652
41.514 129.658
41.507 129.655
41.503 129.655
41.49 129.653
41.479 129.654
41.466 129.66
41.44 129.681
41.435 129.688
41.427 129.7
41.42 129.715
41.418 129.731
41.415 129.735
41.412 129.736
41.399 129.734
41.393 129.736
41.396 129.739
41.408 129.743
41.386 129.766
41.382 129.775
41.381 129.779
41.386 129.787
41.385 129.793
41.377 129.808
41.375 129.809
41.369 129.8
41.365 129.8
41.354 129.794
41.353 129.794
41.34 129.794
41.333 129.792
41.325 129.784
41.322 129.777
41.319 129.774
41.316 129.775
41.314 129.781
41.312 129.782
41.308 129.776
41.301 129.769
41.293 129.758
41.273 129.761
41.262 129.748
41.255 129.753
41.252 129.752
41.252 129.749
41.251 129.741
41.243 129.735
41.238 129.74
41.235 129.735
41.229 129.741
41.224 129.737
41.221 129.737
41.215 129.742
41.21 129.737
41.209 129.729
41.206 129.728
41.201 129.735
41.2 129.732
41.2 129.727
41.195 129.722
41.158 129.721
41.156 129.72
41.149 129.717
41.144 129.718
41.14 129.722
41.139 129.726
41.136 129.728
41.133 129.727
41.123 129.718
41.116 129.724
41.109 129.725
41.1 129.72
41.095 129.723
41.094 129.726
41.097 129.732
41.099 129.742
41.097 129.744
41.089 129.734
41.085 129.732
41.079 129.733
41.073 129.728
41.063 129.726
41.03 129.721
41.017 129.721
41.001 129.727
40.995 129.727
40.995 129.735
40.992 129.735
40.984 129.722
40.981 129.725
40.982 129.731
40.974 129.734
40.967 129.735
40.958 129.745
40.954 129.749
40.944 129.753
40.94 129.758
40.94 129.764
40.938 129.765
40.928 129.755
40.915 129.748
40.906 129.75
40.907 129.756
40.904 129.757
40.885 129.738
40.878 129.736
40.861 129.736
40.855 129.734
40.854 129.733
40.83 129.716
40.828 129.71
40.832 129.709
40.834 129.701
40.837 129.7
40.843 129.705
40.843 129.699
40.84 129.686
40.841 129.682
40.837 129.677
40.838 129.668
40.836 129.662
40.836 129.653
40.84 129.648
40.838 129.639
40.838 129.632
40.833 129.631
40.835 129.623
40.836 129.622
40.839 129.616
40.834 129.592
40.835 129.575
40.83 129.561
40.828 129.559
40.816 129.548
40.809 129.551
40.807 129.548
40.809 129.541
40.804 129.536
40.804 129.531
40.795 129.52
40.79 129.515
40.792 129.499
40.791 129.487
40.789 129.477
40.779 129.45
40.776 129.429
40.772 129.418
40.77 129.413
40.756 129.399
40.756 129.394
40.755 129.386
40.744 129.362
40.741 129.354
40.738 129.346
40.718 129.328
40.676 129.303
40.676 129.299
40.678 129.294
40.685 129.29
40.69 129.282
40.705 129.273
40.706 129.26
40.705 129.259
40.705 129.238
40.703 129.228
40.699 129.221
40.688 129.211
40.678 129.213
40.672 129.207
40.669 129.207
40.659 129.214
40.656 129.213
40.656 129.203
40.643 129.199
40.635 129.203
40.632 129.199
40.634 129.195
40.633 129.192
40.614 129.186
40.613 129.183
40.607 129.175
40.598 129.172
40.587 129.166
40.572 129.171
40.568 129.168
40.564 129.158
40.548 129.153
40.543 129.146
40.541 129.147
40.537 129.143
40.538 129.134
40.535 129.13
40.525 129.126
40.522 129.119
40.514 129.116
40.509 129.114
40.494 129.102
40.482 129.081
40.475 129.079
40.475 129.076
40.477 129.07
40.475 129.066
40.47 129.064
40.47 129.06
40.48 129.053
40.482 129.05
40.482 129.043
40.475 129.025
40.468 129.016
40.465 129.009
40.464 129.001
40.462 128.995
40.463 128.988
40.462 128.979
40.457 128.967
40.451 128.96
40.443 128.955
40.436 128.944
40.433 128.939
40.399 128.904
40.387 128.887
40.385 128.883
40.372 128.857
40.372 128.848
40.365 128.832
40.352 128.809
40.345 128.779
40.346 128.773
40.35 128.775
40.351 128.774
40.351 128.768
40.343 128.755
40.339 128.752
40.335 128.725
40.336 128.713
40.333 128.706
40.332 128.697
40.322 128.681
40.31 128.67
40.307 128.664
40.307 128.659
40.309 128.656
40.316 128.657
40.316 128.65
40.309 128.634
40.306 128.629
40.297 128.625
40.276 128.619
40.266 128.622
40.255 128.636
40.253 128.65
40.25 128.654
40.242 128.656
40.239 128.658
40.239 128.665
40.236 128.668
40.233 128.668
40.226 128.66
40.214 128.663
40.211 128.667
40.206 128.666
40.199 128.661
40.198 128.662
40.194 128.662
40.189 128.66
40.188 128.657
40.19 128.656
40.203 128.654
40.208 128.65
40.197 128.649
40.192 128.646
40.186 128.636
40.181 128.633
40.179 128.624
40.179 128.616
40.179 128.612
40.184 128.604
40.184 128.597
40.171 128.572
40.17 128.563
40.169 128.556
40.164 128.55
40.149 128.535
40.141 128.531
40.134 128.52
40.132 128.504
40.134 128.492
40.13 128.482
40.132 128.472
40.131 128.469
40.128 128.464
40.117 128.463
40.104 128.446
40.102 128.443
40.101 128.425
40.108 128.414
40.104 128.413
40.098 128.416
40.099 128.395
40.097 128.375
40.095 128.368
40.091 128.361
40.084 128.353
40.072 128.346
40.058 128.335
40.041 128.327
40.037 128.327
40 128.322
40 128.3
40 128.249
40 128.227
39.993 128.228
39.988 128.224
39.983 128.211
39.982 128.186
39.979 128.174
39.98 128.166
39.984 128.163
39.986 128.165
39.991 128.173
39.996 128.167
40 128.173
40 128.165
40 128.1
40 128.082
40 128
40 127.999
40 127.953
39.986 127.941
39.971 127.917
39.972 127.911
39.974 127.908
39.978 127.906
39.981 127.902
39.978 127.899
39.967 127.885
39.955 127.878
39.936 127.87
39.924 127.883
39.901 127.871
39.895 127.871
39.889 127.873
39.884 127.882
39.883 127.88
39.882 127.87
39.886 127.864
39.89 127.865
39.89 127.86
39.877 127.838
39.877 127.829
39.875 127.824
39.874 127.82
39.88 127.817
39.882 127.812
39.874 127.809
39.872 127.804
39.877 127.79
39.884 127.79
39.892 127.774
39.892 127.771
39.885 127.771
39.875 127.779
39.87 127.777
39.867 127.78
39.866 127.786
39.86 127.787
39.858 127.791
39.856 127.79
39.855 127.787
39.855 127.783
39.85 127.781
39.847 127.776
39.853 127.773
39.85 127.769
39.851 127.764
39.846 127.759
39.849 127.752
39.844 127.749
39.849 127.741
39.849 127.737
39.848 127.719
39.844 127.708
39.834 127.691
39.829 127.687
39.818 127.678
39.811 127.676
39.809 127.667
39.804 127.662
39.796 127.659
39.795 127.653
39.804 127.653
39.807 127.649
39.814 127.647
39.816 127.64
39.823 127.636
39.823 127.63
39.818 127.62
39.817 127.607
39.799 127.591
39.797 127.589
39.798 127.587
39.804 127.585
39.81 127.579
39.829 127.576
39.836 127.572
39.839 127.564
39.836 127.564
39.829 127.57
39.814 127.574
39.799 127.573
39.795 127.575
39.791 127.57
39.785 127.557
39.777 127.548
39.775 127.541
39.771 127.544
39.768 127.547
39.758 127.543
39.751 127.547
39.749 127.529
39.737 127.514
39.722 127.503
39.699 127.49
39.687 127.488
39.667 127.488
39.663 127.488
39.646 127.494
39.642 127.498
39.641 127.497
39.633 127.504
39.631 127.512
39.637 127.534
39.636 127.535
39.633 127.54
39.627 127.544
39.622 127.55
39.619 127.563
39.617 127.564
39.607 127.557
39.603 127.557
39.589 127.57
39.586 127.575
39.583 127.574
39.579 127.567
39.574 127.564
39.568 127.57
39.566 127.56
39.559 127.55
39.552 127.548
39.546 127.54
39.546 127.539
39.522 127.525
39.514 127.517
39.506 127.514
39.489 127.517
39.48 127.516
39.444 127.519
39.427 127.527
39.411 127.534
39.38 127.544
39.353 127.555
39.348 127.556
39.341 127.554
39.307 127.566
39.306 127.566
39.292 127.556
39.295 127.549
39.295 127.535
39.298 127.526
39.3 127.517
39.306 127.513
39.316 127.515
39.321 127.52
39.323 127.526
39.329 127.526
39.337 127.532
39.341 127.524
39.344 127.523
39.347 127.526
39.354 127.538
39.357 127.541
39.36 127.54
39.374 127.535
39.379 127.53
39.39 127.532
39.393 127.531
39.395 127.527
39.394 127.512
39.412 127.51
39.427 127.502
39.422 127.487
39.42 127.472
39.415 127.464
39.415 127.452
39.405 127.461
39.405 127.458
39.409 127.453
39.406 127.446
39.406 127.442
39.412 127.437
39.413 127.427
39.419 127.419
39.42 127.413
39.418 127.41
39.412 127.407
39.41 127.396
39.411 127.384
39.414 127.375
39.414 127.371
39.409 127.365
39.407 127.361
39.407 127.351
39.41 127.345
39.406 127.345
39.405 127.335
39.403 127.332
39.401 127.339
39.4 127.346
39.403 127.354
39.404 127.365
39.407 127.373
39.407 127.379
39.404 127.379
39.396 127.374
39.387 127.358
39.384 127.361
39.384 127.368
39.387 127.378
39.403 127.387
39.403 127.399
39.408 127.412
39.406 127.42
39.405 127.426
39.401 127.432
39.396 127.434
39.391 127.431
39.382 127.428
39.381 127.425
39.387 127.416
39.388 127.409
39.386 127.405
39.381 127.406
39.378 127.404
39.376 127.398
39.378 127.385
39.375 127.382
39.37 127.385
39.37 127.393
39.369 127.395
39.365 127.393
39.363 127.388
39.365 127.383
39.373 127.377
39.374 127.374
39.367 127.369
39.364 127.374
39.359 127.378
39.351 127.38
39.352 127.391
39.347 127.4
39.348 127.402
39.356 127.407
39.357 127.414
39.35 127.42
39.348 127.426
39.358 127.439
39.363 127.438
39.368 127.44
39.369 127.446
39.363 127.456
39.358 127.459
39.354 127.466
39.345 127.469
39.343 127.47
39.329 127.467
39.325 127.463
39.33 127.448
39.325 127.424
39.317 127.42
39.312 127.423
39.307 127.434
39.306 127.44
39.312 127.449
39.312 127.454
39.309 127.455
39.303 127.447
39.298 127.434
39.297 127.425
39.298 127.421
39.306 127.412
39.309 127.411
39.315 127.414
39.318 127.413
39.328 127.402
39.333 127.403
39.338 127.401
39.335 127.395
39.336 127.387
39.333 127.386
39.328 127.389
39.324 127.396
39.314 127.4
39.311 127.4
39.302 127.39
39.299 127.39
39.296 127.402
39.293 127.403
39.29 127.399
39.291 127.392
39.292 127.386
39.291 127.382
39.284 127.379
39.279 127.374
39.276 127.368
39.257 127.365
39.234 127.364
39.226 127.365
39.223 127.369
39.21 127.372
39.205 127.374
39.187 127.398
39.186 127.4
39.182 127.407
39.181 127.413
39.175 127.419
39.173 127.431
39.168 127.432
39.167 127.437
39.163 127.441
39.154 127.442
39.152 127.444
39.156 127.468
39.162 127.467
39.172 127.472
39.188 127.468
39.194 127.47
39.194 127.475
39.187 127.478
39.17 127.483
39.161 127.491
39.158 127.494
39.154 127.503
39.14 127.521
39.127 127.528
39.122 127.526
39.117 127.528
39.119 127.531
39.122 127.532
39.138 127.529
39.137 127.535
39.139 127.541
39.14 127.542
39.148 127.551
39.147 127.558
39.148 127.569
39.143 127.576
39.141 127.581
39.142 127.585
39.156 127.604
39.156 127.608
39.154 127.609
39.149 127.608
39.143 127.611
39.132 127.621
39.109 127.653
39.105 127.658
39.101 127.667
39.101 127.68
39.104 127.687
39.112 127.697
39.112 127.703
39.107 127.712
39.107 127.717
39.111 127.723
39.12 127.73
39.123 127.738
39.129 127.741
39.127 127.745
39.108 127.758
39.097 127.767
39.091 127.773
39.075 127.783
39.045 127.799
39.037 127.805
39.033 127.8
39.026 127.817
39.017 127.827
38.995 127.845
38.988 127.851
38.983 127.85
38.977 127.852
38.974 127.857
38.973 127.864
38.977 127.875
38.975 127.876
38.971 127.874
38.969 127.88
38.959 127.874
38.953 127.879
38.953 127.884
38.96 127.892
38.961 127.897
38.959 127.904
38.957 127.905
38.95 127.899
38.945 127.899
38.93 127.913
38.918 127.931
38.916 127.939
38.918 127.948
38.917 127.954
38.908 127.952
38.9 127.956
38.883 127.969
38.865 127.989
38.853 128.004
38.85 128.01
38.85 128.017
38.85 128.023
38.847 128.035
38.843 128.041
38.842 128.047
38.846 128.054
38.849 128.054
38.852 128.056
38.841 128.073
38.835 128.091
38.819 128.107
38.816 128.122
38.8 128.139
38.799 128.14
38.783 128.146
38.773 128.163
38.748 128.185
38.744 128.198
38.739 128.204
38.735 128.204
38.726 128.196
38.721 128.195
38.714 128.198
38.713 128.204
38.716 128.208
38.724 128.21
38.725 128.211
38.729 128.215
38.73 128.221
38.729 128.256
38.731 128.261
38.736 128.265
38.746 128.262
38.75 128.266
38.744 128.28
38.737 128.278
38.732 128.281
38.722 128.283
38.72 128.286
38.719 128.294
38.706 128.307
38.707 128.31
38.705 128.319
38.694 128.325
38.688 128.338
38.681 128.344
38.679 128.356
38.676 128.359
38.667 128.357
38.64 128.358
38.627 128.363
38.619 128.364
38.612 128.36
38.605 128.344
38.6 128.336
38.593 128.321
38.59 128.317
38.586 128.315
38.574 128.316
38.561 128.315
38.553 128.315
38.534 128.317
38.527 128.319
38.517 128.319
38.511 128.321
38.506 128.32
38.494 128.312
38.485 128.31
38.473 128.312
38.47 128.31
38.446 128.296
38.434 128.289
38.427 128.281
38.414 128.261
38.404 128.249
38.4 128.242
38.394 128.231
38.382 128.22
38.377 128.217
38.375 128.214
38.369 128.199
38.362 128.192
38.359 128.187
38.356 128.176
38.353 128.174
38.344 128.163
38.338 128.152
38.331 128.145
38.328 128.138
38.329 128.133
38.329 128.123
38.331 128.116
38.329 128.11
38.314 128.09
38.309 128.078
38.307 128.068
38.306 128.058
38.305 128.047
38.306 128.039
38.311 128.025
38.312 128.014
38.312 128.001
38.316 127.988
38.317 127.979
38.314 127.968
38.313 127.96
38.315 127.95
38.318 127.942
38.32 127.934
38.321 127.927
38.324 127.917
38.329 127.898
38.329 127.893
38.326 127.889
38.314 127.88
38.31 127.871
38.308 127.852
38.3 127.833
38.301 127.829
38.303 127.826
38.309 127.821
38.317 127.813
38.321 127.805
38.336 127.797
38.339 127.791
38.338 127.783
38.333 127.778
38.33 127.773
38.327 127.764
38.328 127.755
38.328 127.75
38.329 127.742
38.329 127.725
38.327 127.716
38.33 127.703
38.326 127.697
38.32 127.687
38.319 127.682
38.321 127.671
38.323 127.656
38.325 127.654
38.322 127.644
38.32 127.63
38.321 127.614
38.331 127.601
38.333 127.586
38.331 127.575
38.325 127.555
38.317 127.539
38.31 127.526
38.309 127.52
38.301 127.51
38.298 127.504
38.298 127.499
38.302 127.488
38.31 127.475
38.313 127.463
38.317 127.452
38.315 127.448
38.314 127.44
38.315 127.435
38.324 127.422
38.329 127.411
38.331 127.401
38.332 127.391
38.33 127.38
38.323 127.364
38.322 127.36
38.321 127.344
38.322 127.338
38.32 127.333
38.314 127.326
38.314 127.318
38.316 127.308
38.316 127.303
38.314 127.298
38.313 127.292
38.315 127.286
38.323 127.275
38.325 127.267
38.324 127.257
38.326 127.247
38.327 127.239
38.325 127.233
38.317 127.218
38.312 127.207
38.306 127.184
38.302 127.168
38.303 127.156
38.307 127.144
38.307 127.139
38.305 127.132
38.293 127.112
38.288 127.1
38.278 127.091
38.274 127.081
38.273 127.076
38.26 127.057
38.254 127.045
38.248 127.036
38.243 127.028
38.237 127.017
38.228 127.012
38.222 127.006
38.208 126.988
38.202 126.983
38.2 126.976
38.192 126.969
38.181 126.965
38.162 126.961
38.158 126.962
38.146 126.971
38.143 126.971
38.139 126.967
38.131 126.949
38.127 126.938
38.113 126.918
38.103 126.9
38.099 126.892
38.091 126.882
38.081 126.874
38.067 126.869
38.065 126.868
38.058 126.867
38.046 126.863
38.035 126.857
38.027 126.85
38.018 126.84
38.003 126.82
37.993 126.807
37.98 126.793
37.968 126.784
37.964 126.778
37.962 126.769
37.964 126.755
37.963 126.742
37.959 126.73
37.953 126.716
37.951 126.706
37.954 126.697
37.953 126.692
37.954 126.689
37.952 126.686
37.945 126.683
37.929 126.69
37.911 126.695
37.908 126.695
37.898 126.69
37.884 126.69
37.874 126.691
37.868 126.69
37.859 126.689
37.836 126.679
37.822 126.677
37.826 126.672
37.833 126.666
37.82 126.66
37.801 126.65
37.789 126.654
37.787 126.653
37.789 126.645
37.789 126.64
37.787 126.636
37.788 126.62
37.783 126.609
37.777 126.601
37.77 126.596
37.768 126.585
37.769 126.574
37.775 126.571
37.78 126.567
37.789 126.555
37.805 126.525
37.806 126.517
37.815 126.507
37.816 126.5
37.816 126.472
37.837 126.462
37.843 126.452
37.841 126.45
37.85 126.433
37.852 126.423
37.873 126.411
37.878 126.404
37.881 126.405
37.897 126.414
37.9 126.418
37.907 126.415
37.91 126.409
37.905 126.409
37.888 126.397
37.885 126.393
37.884 126.376
37.878 126.352
37.877 126.341
37.869 126.321
37.852 126.288
37.849 126.284
37.844 126.278
37.845 126.275
37.85 126.272
37.84 126.267
37.84 126.264
37.848 126.259
37.846 126.255
37.848 126.25
37.854 126.248
37.851 126.241
37.853 126.237
37.857 126.234
37.858 126.224
37.863 126.219
37.862 126.212
37.87 126.206
37.872 126.202
37.87 126.201
37.862 126.205
37.857 126.213
37.853 126.215
37.849 126.212
37.846 126.196
37.841 126.171
37.836 126.156
37.834 126.153
37.827 126.15
37.818 126.148
37.818 126.151
37.807 126.159
37.793 126.162
37.789 126.164
37.782 126.163
37.779 126.17
37.775 126.171
37.767 126.167
37.741 126.163
37.739 126.157
37.74 126.132
37.748 126.113
37.75 126.103
37.75 126.099
37.756 126.098
37.757 126.098
37.777 126.104
37.788 126.104
37.785 126.1
37.785 126.096
37.789 126.093
37.79 126.085
37.795 126.085
37.794 126.083
37.798 126.075
37.804 126.072
37.807 126.066
37.816 126.062
37.822 126.066
37.83 126.062
37.86 126.061
37.866 126.057
37.872 126.057
37.872 126.055
37.872 126.047
37.866 126.046
37.846 126.031
37.849 126.023
37.856 126.012
37.864 126.012
37.868 126.007
37.873 125.994
37.885 125.99
37.887 125.987
37.889 125.98
37.89 125.976
37.88 125.953
37.875 125.961
37.87 125.964
37.863 125.964
37.862 125.967
37.863 125.97
37.86 125.971
37.85 125.964
37.845 125.964
37.835 125.978
37.832 125.979
37.829 125.977
37.828 125.971
37.829 125.956
37.835 125.947
37.836 125.946
37.841 125.93
37.837 125.923
37.838 125.902
37.84 125.899
37.846 125.898
37.848 125.895
37.864 125.891
37.876 125.882
37.887 125.878
37.89 125.873
37.89 125.865
37.894 125.86
37.898 125.86
37.904 125.862
37.908 125.861
37.909 125.86
37.91 125.859
37.911 125.849
37.917 125.846
37.918 125.84
37.937 125.823
37.943 125.83
37.946 125.829
37.947 125.827
37.941 125.818
37.94 125.811
37.942 125.804
37.948 125.797
37.957 125.792
37.962 125.792
37.972 125.796
37.983 125.809
37.99 125.806
37.994 125.791
37.995 125.785
37.995 125.777
38.005 125.764
38.007 125.756
38.015 125.747
38.016 125.743
38.012 125.719
38.01 125.717
37.992 125.716
37.988 125.707
37.989 125.698
37.991 125.692
37.994 125.691
38.007 125.695
38.014 125.694
38.008 125.689
38.009 125.686
38.021 125.68
38.025 125.675
38.025 125.671
38.021 125.664
38.023 125.654
38.018 125.647
38.019 125.643
38.027 125.636
38.037 125.622
38.037 125.618
38.035 125.617
38.028 125.619
38.025 125.618
38.024 125.614
38.033 125.606
38.035 125.594
38.04 125.592
38.04 125.586
38.036 125.58
38.035 125.576
38.03 125.574
38.029 125.564
38.025 125.561
38.019 125.569
38.019 125.57
38.007 125.578
38.002 125.587
37.987 125.6
37.984 125.607
37.979 125.613
37.978 125.622
37.973 125.627
37.967 125.628
37.966 125.64
37.963 125.643
37.964 125.647
37.977 125.665
37.979 125.67
37.988 125.68
37.987 125.685
37.979 125.686
37.964 125.673
37.957 125.671
37.952 125.673
37.953 125.677
37.962 125.682
37.964 125.689
37.963 125.692
37.96 125.695
37.96 125.698
37.966 125.7
37.967 125.711
37.962 125.711
37.955 125.716
37.953 125.716
37.952 125.714
37.955 125.709
37.955 125.705
37.95 125.699
37.945 125.696
37.941 125.697
37.937 125.699
37.935 125.696
37.934 125.683
37.93 125.681
37.926 125.692
37.918 125.692
37.917 125.694
37.918 125.698
37.926 125.711
37.926 125.714
37.921 125.72
37.924 125.725
37.933 125.727
37.937 125.733
37.93 125.736
37.923 125.735
37.912 125.728
37.906 125.72
37.905 125.714
37.905 125.713
37.894 125.7
37.891 125.691
37.889 125.675
37.891 125.662
37.894 125.652
37.898 125.649
37.901 125.657
37.904 125.649
37.908 125.645
37.918 125.644
37.92 125.64
37.921 125.631
37.929 125.625
37.924 125.622
37.913 125.626
37.911 125.626
37.909 125.622
37.912 125.617
37.91 125.616
37.906 125.618
37.904 125.631
37.892 125.642
37.877 125.631
37.873 125.63
37.868 125.636
37.86 125.633
37.853 125.638
37.851 125.63
37.851 125.618
37.844 125.616
37.84 125.621
37.838 125.621
37.834 125.618
37.831 125.621
37.822 125.63
37.824 125.635
37.83 125.641
37.826 125.642
37.813 125.627
37.812 125.617
37.808 125.613
37.805 125.6
37.8 125.6
37.792 125.603
37.792 125.608
37.796 125.615
37.796 125.621
37.793 125.623
37.784 125.615
37.769 125.612
37.76 125.614
37.757 125.606
37.761 125.597
37.76 125.588
37.764 125.583
37.763 125.578
37.761 125.573
37.762 125.567
37.766 125.565
37.767 125.567
37.769 125.576
37.775 125.585
37.779 125.587
37.783 125.584
37.78 125.58
37.781 125.575
37.778 125.568
37.778 125.565
37.792 125.56
37.796 125.559
37.796 125.557
37.79 125.553
37.78 125.548
37.772 125.537
37.771 125.538
37.771 125.544
37.772 125.548
37.762 125.548
37.764 125.527
37.77 125.522
37.772 125.517
37.791 125.512
37.802 125.518
37.804 125.517
37.801 125.511
37.795 125.503
37.787 125.499
37.777 125.493
37.768 125.495
37.763 125.494
37.75 125.48
37.745 125.479
37.737 125.482
37.721 125.467
37.724 125.451
37.725 125.433
37.734 125.41
37.732 125.409
37.731 125.41
37.725 125.411
37.719 125.383
37.719 125.373
37.72 125.372
37.722 125.375
37.724 125.382
37.726 125.381
37.725 125.369
37.713 125.367
37.71 125.36
37.698 125.358
37.687 125.348
37.686 125.35
37.686 125.356
37.683 125.358
37.68 125.357
37.676 125.347
37.673 125.341
37.674 125.339
37.685 125.339
37.691 125.338
37.709 125.314
37.712 125.314
37.715 125.32
37.737 125.334
37.745 125.344
37.749 125.355
37.752 125.359
37.755 125.353
37.758 125.351
37.763 125.359
37.764 125.361
37.746 125.372
37.747 125.374
37.752 125.376
37.757 125.383
37.754 125.395
37.759 125.397
37.759 125.404
37.768 125.414
37.757 125.427
37.76 125.431
37.767 125.434
37.77 125.44
37.774 125.442
37.777 125.442
37.776 125.438
37.781 125.436
37.785 125.437
37.787 125.436
37.787 125.434
37.786 125.432
37.782 125.425
37.785 125.417
37.779 125.416
37.778 125.413
37.772 125.411
37.771 125.405
37.765 125.398
37.764 125.391
37.765 125.382
37.763 125.377
37.766 125.376
37.775 125.386
37.776 125.385
37.777 125.365
37.776 125.359
37.776 125.355
37.786 125.363
37.794 125.374
37.791 125.375
37.784 125.379
37.786 125.402
37.791 125.403
37.793 125.402
37.792 125.397
37.792 125.394
37.794 125.393
37.813 125.402
37.803 125.405
37.811 125.411
37.813 125.416
37.818 125.424
37.825 125.43
37.823 125.436
37.831 125.441
37.831 125.444
37.826 125.445
37.818 125.446
37.818 125.447
37.825 125.453
37.828 125.465
37.824 125.469
37.825 125.475
37.823 125.483
37.819 125.487
37.815 125.489
37.807 125.486
37.801 125.487
37.797 125.489
37.797 125.492
37.802 125.49
37.812 125.506
37.829 125.519
37.836 125.529
37.84 125.534
37.846 125.533
37.845 125.531
37.837 125.525
37.836 125.521
37.84 125.515
37.834 125.508
37.828 125.51
37.823 125.509
37.818 125.498
37.82 125.497
37.825 125.494
37.84 125.476
37.847 125.471
37.849 125.474
37.852 125.486
37.858 125.492
37.86 125.488
37.861 125.482
37.859 125.47
37.861 125.462
37.864 125.459
37.868 125.471
37.873 125.478
37.872 125.486
37.875 125.496
37.875 125.506
37.877 125.51
37.885 125.513
37.889 125.512
37.892 125.509
37.892 125.506
37.889 125.491
37.89 125.483
37.89 125.482
37.895 125.475
37.9 125.472
37.901 125.468
37.899 125.465
37.892 125.467
37.887 125.463
37.885 125.458
37.888 125.453
37.893 125.454
37.899 125.451
37.903 125.453
37.909 125.459
37.911 125.459
37.912 125.453
37.918 125.454
37.923 125.458
37.928 125.454
37.925 125.447
37.925 125.434
37.916 125.432
37.911 125.424
37.909 125.427
37.905 125.434
37.899 125.437
37.893 125.434
37.892 125.43
37.897 125.424
37.894 125.42
37.891 125.411
37.891 125.406
37.895 125.405
37.895 125.399
37.9 125.394
37.897 125.388
37.901 125.386
37.903 125.374
37.9 125.371
37.892 125.375
37.879 125.39
37.877 125.405
37.877 125.408
37.877 125.42
37.879 125.427
37.878 125.431
37.876 125.433
37.869 125.427
37.865 125.429
37.867 125.435
37.866 125.44
37.859 125.447
37.855 125.447
37.851 125.442
37.846 125.446
37.844 125.445
37.84 125.434
37.841 125.432
37.847 125.435
37.851 125.435
37.851 125.432
37.847 125.425
37.847 125.422
37.858 125.427
37.861 125.425
37.862 125.422
37.859 125.418
37.854 125.409
37.856 125.402
37.854 125.395
37.855 125.389
37.863 125.392
37.865 125.391
37.862 125.38
37.863 125.372
37.865 125.37
37.87 125.373
37.874 125.371
37.876 125.365
37.87 125.357
37.871 125.347
37.868 125.345
37.863 125.348
37.858 125.346
37.857 125.349
37.86 125.357
37.857 125.369
37.86 125.376
37.86 125.379
37.859 125.381
37.856 125.381
37.854 125.377
37.848 125.357
37.836 125.355
37.826 125.35
37.824 125.346
37.819 125.346
37.818 125.342
37.818 125.337
37.823 125.334
37.824 125.331
37.82 125.326
37.808 125.32
37.804 125.313
37.8 125.302
37.801 125.3
37.81 125.301
37.813 125.307
37.816 125.307
37.819 125.304
37.831 125.314
37.833 125.313
37.828 125.295
37.819 125.279
37.821 125.275
37.825 125.281
37.827 125.28
37.828 125.276
37.824 125.264
37.826 125.259
37.823 125.258
37.818 125.261
37.814 125.275
37.805 125.286
37.8 125.29
37.796 125.287
37.796 125.286
37.796 125.283
37.802 125.272
37.809 125.266
37.812 125.26
37.811 125.251
37.816 125.245
37.816 125.241
37.805 125.229
37.804 125.226
37.807 125.224
37.824 125.233
37.837 125.265
37.847 125.278
37.854 125.28
37.857 125.289
37.867 125.296
37.868 125.303
37.872 125.305
37.875 125.304
37.877 125.298
37.885 125.302
37.897 125.296
37.902 125.289
37.896 125.278
37.895 125.271
37.899 125.252
37.902 125.243
37.906 125.241
37.914 125.243
37.921 125.248
37.93 125.261
37.932 125.258
37.934 125.246
37.937 125.242
37.943 125.239
37.945 125.231
37.941 125.23
37.936 125.232
37.933 125.235
37.93 125.242
37.928 125.243
37.924 125.239
37.921 125.233
37.917 125.231
37.914 125.232
37.909 125.228
37.903 125.235
37.899 125.235
37.899 125.227
37.908 125.216
37.907 125.212
37.904 125.21
37.898 125.222
37.89 125.227
37.88 125.213
37.879 125.205
37.869 125.193
37.868 125.182
37.867 125.174
37.865 125.161
37.866 125.154
37.87 125.147
37.876 125.153
37.877 125.15
37.871 125.139
37.864 125.136
37.863 125.132
37.874 125.108
37.876 125.083
37.878 125.079
37.891 125.074
37.893 125.077
37.897 125.074
37.898 125.074
37.9 125.069
37.901 125.062
37.897 125.05
37.899 125.043
37.896 125.037
37.897 125.032
37.904 125.025
37.906 125.012
37.92 125.006
37.93 125.012
37.934 125.008
37.93 125.001
37.93 125
37.93 124.993
37.92 124.985
37.923 124.98
37.927 124.976
37.93 124.978
37.934 124.981
37.947 124.985
37.958 124.995
37.956 125
37.954 125.003
37.955 125.007
37.962 125.016
37.958 125.019
37.958 125.023
37.953 125.026
37.954 125.029
37.965 125.036
37.971 125.049
37.972 125.059
37.974 125.061
37.981 125.06
37.978 125.076
37.976 125.078
37.974 125.078
37.968 125.08
37.966 125.084
37.963 125.086
37.958 125.083
37.958 125.088
37.961 125.099
37.958 125.107
37.96 125.133
37.959 125.135
37.954 125.137
37.952 125.15
37.957 125.155
37.961 125.163
37.967 125.165
37.973 125.173
37.975 125.172
37.977 125.167
37.981 125.174
37.985 125.173
37.982 125.169
37.98 125.165
37.977 125.157
37.973 125.147
37.974 125.137
37.971 125.13
37.973 125.129
37.978 125.134
37.988 125.14
37.99 125.139
37.988 125.13
37.989 125.124
37.985 125.119
37.986 125.117
37.992 125.119
38.004 125.116
38.008 125.112
38.013 125.11
38.02 125.103
38.024 125.102
38.025 125.106
38.03 125.107
38.044 125.112
38.048 125.116
38.044 125.123
38.046 125.128
38.045 125.132
38.049 125.139
38.048 125.149
38.049 125.156
38.051 125.162
38.055 125.167
38.057 125.181
38.056 125.188
38.051 125.202
38.049 125.202
38.045 125.196
38.046 125.206
38.042 125.214
38.034 125.218
38.032 125.219
38.028 125.217
38.024 125.212
38.022 125.214
38.023 125.224
38.017 125.232
38.017 125.238
38.019 125.244
38.022 125.241
38.027 125.241
38.03 125.235
38.033 125.234
38.039 125.236
38.044 125.233
38.05 125.236
38.051 125.242
38.056 125.244
38.06 125.252
38.067 125.256
38.067 125.259
38.06 125.277
38.065 125.277
38.069 125.272
38.072 125.26
38.078 125.262
38.081 125.26
38.081 125.255
38.086 125.244
38.084 125.232
38.078 125.222
38.088 125.198
38.088 125.184
38.093 125.182
38.095 125.177
38.094 125.171
38.088 125.151
38.087 125.143
38.092 125.132
38.091 125.126
38.081 125.091
38.075 125.082
38.074 125.064
38.072 125.053
38.066 125.044
38.068 125.04
38.073 125.033
38.074 125.027
38.073 125.018
38.07 125.012
38.062 125.01
38.062 125.007
38.069 125
38.073 124.997
38.078 124.99
38.094 124.95
38.102 124.934
38.113 124.919
38.116 124.908
38.118 124.902
38.125 124.887
38.135 124.888
38.135 124.886
38.131 124.88
38.123 124.874
38.122 124.88
38.12 124.881
38.112 124.869
38.106 124.855
38.104 124.843
38.102 124.817
38.095 124.798
38.095 124.797
38.094 124.79
38.095 124.782
38.094 124.773
38.095 124.762
38.109 124.692
38.115 124.679
38.117 124.667
38.125 124.654
38.129 124.653
38.131 124.655
38.138 124.661
38.14 124.666
38.136 124.679
38.138 124.698
38.135 124.71
38.135 124.722
38.142 124.737
38.158 124.759
38.168 124.768
38.181 124.777
38.18 124.78
38.171 124.792
38.167 124.799
38.178 124.816
38.181 124.828
38.184 124.831
38.186 124.831
38.187 124.826
38.18 124.805
38.181 124.804
38.192 124.819
38.218 124.846
38.238 124.866
38.237 124.869
38.234 124.872
38.231 124.872
38.224 124.868
38.222 124.87
38.226 124.878
38.217 124.881
38.213 124.878
38.212 124.878
38.211 124.883
38.213 124.891
38.209 124.894
38.213 124.908
38.212 124.913
38.209 124.916
38.2 124.912
38.193 124.915
38.189 124.913
38.188 124.915
38.187 124.915
38.194 124.927
38.194 124.939
38.196 124.942
38.198 124.941
38.201 124.934
38.204 124.933
38.206 124.935
38.207 124.95
38.211 124.953
38.216 124.951
38.219 124.953
38.217 124.96
38.219 124.968
38.215 124.98
38.216 124.993
38.219 124.997
38.221 124.996
38.222 124.99
38.227 124.991
38.228 124.982
38.227 124.972
38.228 124.962
38.226 124.95
38.216 124.937
38.214 124.921
38.215 124.915
38.22 124.908
38.217 124.902
38.218 124.895
38.223 124.898
38.223 124.894
38.228 124.887
38.232 124.89
38.234 124.887
38.237 124.888
38.24 124.892
38.242 124.887
38.241 124.882
38.241 124.881
38.242 124.879
38.254 124.87
38.266 124.867
38.307 124.877
38.316 124.874
38.328 124.86
38.34 124.857
38.344 124.858
38.346 124.864
38.349 124.869
38.352 124.871
38.361 124.88
38.371 124.895
38.402 124.916
38.396 124.916
38.4 124.92
38.416 124.924
38.422 124.93
38.437 124.937
38.445 124.95
38.446 124.95
38.457 124.957
38.46 124.96
38.451 124.961
38.441 124.966
38.431 124.967
38.431 124.971
38.435 124.975
38.438 124.975
38.441 124.979
38.445 124.976
38.447 124.97
38.452 124.97
38.474 125
38.475 125.001
38.493 125.013
38.5 125.015
38.51 125.013
38.524 125.008
38.528 125
38.528 124.986
38.53 124.985
38.536 124.992
38.551 124.996
38.567 124.992
38.569 124.987
38.574 124.984
38.582 124.963
38.584 124.964
38.583 124.979
38.589 124.992
38.582 125
38.581 125.001
38.578 125.013
38.577 125.022
38.578 125.027
38.579 125.029
38.584 125.039
38.574 125.042
38.566 125.053
38.563 125.052
38.563 125.045
38.554 125.036
38.553 125.038
38.553 125.045
38.549 125.057
38.537 125.073
38.541 125.078
38.544 125.078
38.549 125.082
38.562 125.086
38.572 125.084
38.576 125.085
38.577 125.087
38.573 125.094
38.573 125.105
38.57 125.108
38.569 125.113
38.574 125.126
38.571 125.128
38.569 125.133
38.565 125.137
38.568 125.141
38.577 125.141
38.581 125.139
38.584 125.135
38.585 125.129
38.591 125.124
38.593 125.127
38.591 125.13
38.595 125.133
38.605 125.128
38.613 125.131
38.617 125.129
38.626 125.121
38.635 125.123
38.635 125.114
38.64 125.11
38.643 125.111
38.647 125.114
38.651 125.108
38.658 125.11
38.66 125.112
38.661 125.114
38.661 125.116
38.666 125.119
38.669 125.123
38.665 125.129
38.657 125.133
38.652 125.138
38.643 125.14
38.635 125.15
38.626 125.153
38.622 125.163
38.618 125.166
38.619 125.173
38.622 125.178
38.63 125.182
38.635 125.181
38.643 125.175
38.66 125.169
38.663 125.169
38.663 125.174
38.66 125.179
38.649 125.189
38.647 125.197
38.646 125.211
38.646 125.212
38.649 125.22
38.647 125.226
38.653 125.231
38.654 125.234
38.654 125.237
38.658 125.242
38.658 125.251
38.662 125.253
38.663 125.257
38.667 125.264
38.665 125.269
38.663 125.27
38.659 125.264
38.656 125.265
38.656 125.272
38.651 125.279
38.651 125.289
38.646 125.295
38.625 125.299
38.622 125.304
38.622 125.311
38.624 125.311
38.627 125.308
38.639 125.306
38.643 125.307
38.651 125.318
38.654 125.318
38.656 125.314
38.659 125.313
38.661 125.322
38.663 125.324
38.668 125.322
38.675 125.33
38.672 125.333
38.671 125.341
38.669 125.347
38.688 125.363
38.685 125.38
38.686 125.389
38.683 125.394
38.684 125.423
38.687 125.428
38.681 125.432
38.686 125.441
38.69 125.435
38.697 125.435
38.702 125.428
38.706 125.433
38.709 125.432
38.709 125.437
38.707 125.443
38.7 125.456
38.7 125.47
38.698 125.476
38.688 125.491
38.681 125.506
38.672 125.51
38.67 125.514
38.669 125.519
38.672 125.525
38.682 125.531
38.688 125.54
38.688 125.547
38.685 125.553
38.686 125.553
38.697 125.562
38.698 125.559
38.704 125.556
38.709 125.542
38.708 125.53
38.71 125.527
38.715 125.53
38.718 125.529
38.718 125.528
38.719 125.517
38.723 125.506
38.724 125.499
38.716 125.495
38.714 125.488
38.723 125.478
38.724 125.475
38.719 125.473
38.722 125.465
38.724 125.461
38.726 125.459
38.732 125.469
38.74 125.46
38.74 125.457
38.744 125.451
38.748 125.448
38.752 125.442
38.752 125.439
38.749 125.432
38.753 125.427
38.752 125.425
38.75 125.422
38.749 125.418
38.748 125.418
38.744 125.432
38.739 125.436
38.736 125.437
38.731 125.434
38.715 125.397
38.713 125.389
38.714 125.375
38.716 125.369
38.723 125.364
38.727 125.363
38.733 125.364
38.749 125.374
38.748 125.364
38.749 125.359
38.746 125.357
38.739 125.362
38.735 125.359
38.726 125.357
38.718 125.362
38.714 125.362
38.711 125.349
38.71 125.337
38.718 125.334
38.724 125.33
38.72 125.327
38.716 125.325
38.723 125.314
38.726 125.302
38.724 125.3
38.723 125.301
38.716 125.312
38.713 125.315
38.708 125.318
38.705 125.317
38.701 125.305
38.702 125.302
38.698 125.299
38.692 125.3
38.688 125.298
38.69 125.291
38.687 125.287
38.688 125.282
38.693 125.269
38.7 125.262
38.708 125.247
38.716 125.237
38.717 125.228
38.718 125.226
38.722 125.225
38.725 125.227
38.727 125.232
38.735 125.236
38.738 125.239
38.739 125.243
38.751 125.25
38.76 125.25
38.764 125.252
38.766 125.261
38.764 125.271
38.768 125.267
38.773 125.267
38.774 125.265
38.772 125.256
38.773 125.252
38.779 125.247
38.775 125.241
38.785 125.237
38.787 125.231
38.791 125.23
38.806 125.233
38.811 125.233
38.811 125.231
38.808 125.229
38.803 125.226
38.803 125.223
38.806 125.218
38.81 125.216
38.812 125.213
38.809 125.209
38.798 125.222
38.774 125.231
38.762 125.228
38.751 125.218
38.747 125.218
38.738 125.223
38.738 125.21
38.751 125.211
38.752 125.203
38.759 125.197
38.762 125.194
38.767 125.191
38.779 125.194
38.784 125.194
38.784 125.192
38.777 125.189
38.772 125.182
38.77 125.178
38.77 125.17
38.778 125.166
38.78 125.168
38.787 125.163
38.785 125.156
38.784 125.151
38.788 125.146
38.797 125.141
38.806 125.137
38.81 125.137
38.819 125.138
38.831 125.147
38.836 125.148
38.837 125.143
38.843 125.143
38.848 125.147
38.849 125.149
38.851 125.155
38.854 125.156
38.856 125.145
38.86 125.141
38.864 125.139
38.865 125.14
38.868 125.139
38.872 125.134
38.868 125.125
38.875 125.126
38.879 125.128
38.876 125.138
38.877 125.145
38.88 125.151
38.907 125.167
38.926 125.173
38.941 125.179
38.972 125.204
38.973 125.205
38.975 125.201
38.975 125.193
38.975 125.188
38.979 125.189
38.983 125.186
38.986 125.188
38.988 125.196
38.996 125.201
38.994 125.211
38.995 125.218
38.999 125.212
39.002 125.211
39.019 125.223
39.025 125.231
39.044 125.246
39.066 125.258
39.076 125.261
39.078 125.263
39.08 125.269
39.085 125.276
39.09 125.283
39.095 125.291
39.101 125.289
39.106 125.294
39.108 125.301
39.11 125.299
39.11 125.291
39.11 125.29
39.117 125.282
39.122 125.286
39.131 125.288
39.145 125.294
39.154 125.293
39.161 125.296
39.164 125.301
39.172 125.303
39.176 125.309
39.186 125.317
39.192 125.334
39.193 125.334
39.197 125.327
39.201 125.334
39.209 125.339
39.227 125.359
39.229 125.367
39.234 125.374
39.228 125.384
39.221 125.388
39.217 125.394
39.218 125.402
39.23 125.388
39.237 125.388
39.243 125.384
39.249 125.392
39.258 125.395
39.264 125.404
39.265 125.406
39.266 125.409
39.265 125.413
39.257 125.418
39.252 125.429
39.254 125.432
39.269 125.423
39.276 125.427
39.278 125.426
39.279 125.422
39.276 125.414
39.277 125.405
39.279 125.401
39.283 125.4
39.294 125.406
39.297 125.411
39.297 125.42
39.303 125.428
39.304 125.435
39.315 125.453
39.321 125.458
39.323 125.455
39.317 125.444
39.315 125.442
39.314 125.434
39.31 125.43
39.309 125.424
39.31 125.419
39.316 125.418
39.318 125.413
39.325 125.41
39.333 125.413
39.337 125.402
39.355 125.405
39.362 125.402
39.375 125.397
39.377 125.39
39.378 125.373
39.422 125.351
39.425 125.362
39.439 125.383
39.443 125.385
39.447 125.391
39.449 125.391
39.449 125.384
39.441 125.379
39.439 125.372
39.435 125.369
39.438 125.359
39.434 125.357
39.435 125.35
39.435 125.346
39.441 125.344
39.452 125.338
39.46 125.341
39.466 125.346
39.469 125.351
39.472 125.359
39.474 125.362
39.488 125.387
39.498 125.393
39.5 125.396
39.5 125.402
39.503 125.405
39.507 125.399
39.518 125.398
39.531 125.4
39.541 125.406
39.548 125.415
39.551 125.422
39.55 125.429
39.552 125.434
39.559 125.444
39.582 125.426
39.578 125.406
39.575 125.4
39.575 125.394
39.555 125.376
39.552 125.371
39.549 125.361
39.547 125.337
39.544 125.331
39.536 125.328
39.535 125.324
39.536 125.32
39.53 125.317
39.527 125.313
39.524 125.293
39.522 125.292
39.519 125.284
39.519 125.274
39.535 125.264
39.544 125.27
39.545 125.27
39.545 125.258
39.546 125.254
39.559 125.249
39.565 125.236
39.573 125.229
39.572 125.216
39.576 125.213
39.58 125.218
39.584 125.218
39.587 125.221
39.592 125.223
39.605 125.226
39.621 125.237
39.625 125.244
39.629 125.26
39.633 125.264
39.635 125.264
39.634 125.258
39.628 125.242
39.628 125.234
39.63 125.229
39.626 125.226
39.612 125.223
39.608 125.22
39.603 125.208
39.599 125.204
39.594 125.2
39.592 125.193
39.594 125.182
39.592 125.179
39.587 125.177
39.583 125.178
39.578 125.184
39.576 125.185
39.573 125.183
39.573 125.176
39.575 125.166
39.57 125.158
39.572 125.149
39.566 125.142
39.565 125.137
39.566 125.124
39.596 125.109
39.597 125.109
39.613 125.104
39.616 125.097
39.61 125.085
39.608 125.072
39.609 125.067
39.608 125.062
39.61 125.06
39.613 125.061
39.616 125.059
39.618 125.051
39.621 125.044
39.625 125.019
39.636 125.011
39.638 125.011
39.632 125
39.631 124.997
39.632 124.983
39.626 124.979
39.629 124.969
39.635 124.972
39.652 124.971
39.655 124.962
39.671 124.955
39.672 124.947
39.663 124.944
39.656 124.947
39.648 124.944
39.644 124.947
39.64 124.946
39.636 124.939
39.648 124.936
39.651 124.932
39.652 124.928
39.645 124.924
39.644 124.921
39.649 124.912
39.654 124.902
39.657 124.903
39.659 124.907
39.666 124.911
39.671 124.908
39.672 124.903
39.675 124.899
39.686 124.892
39.69 124.893
39.694 124.89
39.702 124.889
39.701 124.884
39.696 124.875
39.695 124.858
39.696 124.855
39.7 124.852
39.713 124.855
39.716 124.852
39.713 124.841
39.712 124.83
39.718 124.822
39.711 124.811
39.71 124.806
39.712 124.803
39.721 124.802
39.726 124.798
39.731 124.791
39.733 124.788
39.73 124.775
39.731 124.77
39.745 124.757
39.751 124.753
39.764 124.758
39.766 124.755
39.77 124.757
39.773 124.763
39.772 124.755
39.766 124.746
39.77 124.741
39.765 124.737
39.764 124.731
39.761 124.729
39.758 124.739
39.754 124.743
39.744 124.746
39.733 124.752
39.727 124.75
39.717 124.751
39.709 124.747
39.705 124.74
39.706 124.727
39.695 124.723
39.696 124.729
39.697 124.734
39.698 124.75
39.696 124.75
39.693 124.747
39.691 124.739
39.68 124.728
39.679 124.729
39.68 124.735
39.684 124.743
39.682 124.748
39.682 124.752
39.679 124.755
39.678 124.767
39.676 124.767
39.674 124.766
39.674 124.759
39.67 124.757
39.666 124.759
39.664 124.757
39.669 124.748
39.668 124.745
39.663 124.747
39.661 124.746
39.662 124.737
39.66 124.733
39.658 124.731
39.653 124.727
39.648 124.726
39.645 124.728
39.64 124.739
39.637 124.74
39.636 124.745
39.633 124.737
39.634 124.727
39.636 124.721
39.635 124.711
39.632 124.704
39.635 124.701
39.627 124.692
39.626 124.686
39.617 124.681
39.624 124.678
39.623 124.676
39.612 124.673
39.61 124.669
39.61 124.66
39.61 124.658
39.6 124.645
39.599 124.639
39.59 124.639
39.586 124.644
39.581 124.638
39.581 124.634
39.586 124.629
39.584 124.619
39.585 124.607
39.589 124.603
39.591 124.605
39.589 124.61
39.593 124.62
39.594 124.628
39.598 124.631
39.603 124.628
39.609 124.614
39.617 124.611
39.618 124.61
39.622 124.612
39.637 124.627
39.651 124.629
39.659 124.633
39.662 124.641
39.671 124.647
39.676 124.644
39.684 124.643
39.691 124.639
39.692 124.632
39.684 124.622
39.686 124.618
39.695 124.616
39.701 124.612
39.705 124.607
39.714 124.594
39.718 124.583
39.719 124.572
39.713 124.56
39.715 124.555
39.736 124.583
39.742 124.586
39.749 124.587
39.763 124.584
39.768 124.579
39.769 124.572
39.764 124.567
39.764 124.563
39.763 124.555
39.765 124.551
39.77 124.549
39.796 124.557
39.81 124.572
39.821 124.573
39.827 124.567
39.825 124.562
39.814 124.554
39.807 124.545
39.806 124.541
39.806 124.536
39.81 124.529
39.812 124.512
39.814 124.506
39.823 124.49
39.825 124.471
39.828 124.463
39.829 124.462
39.833 124.458
39.822 124.452
39.814 124.445
39.797 124.426
39.796 124.418
39.798 124.413
39.801 124.41
39.808 124.41
39.821 124.416
39.824 124.419
39.828 124.409
39.835 124.405
39.849 124.403
39.857 124.399
39.869 124.392
39.873 124.386
39.876 124.384
39.88 124.377
39.881 124.364
39.881 124.351
39.886 124.343
39.888 124.344
39.895 124.34
39.897 124.334
39.898 124.316
39.903 124.316
39.923 124.331
39.929 124.353
39.949 124.38
39.95 124.383
39.946 124.389
39.947 124.395
39.952 124.401
39.955 124.402
39.951 124.396
39.95 124.392
39.955 124.384
39.952 124.37
39.953 124.368
39.967 124.364
39.98 124.365
40 124.372
40 124.364
40.016 124.365
40.031 124.361
40.042 124.338
40.063 124.329
40.081 124.352
40.098 124.376
40.123 124.386
40.148 124.424
40.16 124.459
40.172 124.478
40.186 124.497
40.207 124.507
40.225 124.53
40.233 124.535
40.247 124.573
40.264 124.591
40.274 124.605
40.284 124.624
40.288 124.643
40.296 124.673
40.306 124.695
40.314 124.717
40.321 124.733
40.341 124.734
40.356 124.734
40.37 124.743
40.38 124.759
40.392 124.801
40.411 124.836
40.43 124.854
40.445 124.871
40.471 124.888
40.478 124.897
40.473 124.907
40.463 124.906
40.455 124.914
40.45 124.922
40.453 124.944
40.455 124.957
40.463 124.974
40.462 124.99
40.461 125
40.459 125.013
40.457 125.035
40.462 125.043
40.47 125.046
40.482 125.046
40.491 125.02
40.494 125.006
40.499 125
40.501 124.998
40.505 125
40.519 125.007
40.533 125.014
40.534 125.029
40.543 125.054
40.557 125.078
40.564 125.092
40.574 125.116
40.584 125.135
40.595 125.159
40.605 125.173
40.608 125.19
40.608 125.223
40.607 125.239
40.614 125.254
40.628 125.259
40.646 125.269
40.651 125.274
40.651 125.285
40.649 125.292
40.645 125.306
40.647 125.306
40.639 125.32
40.634 125.329
40.642 125.346
40.646 125.351
40.646 125.356
40.648 125.363
40.646 125.371
40.639 125.383
40.633 125.389
40.627 125.396
40.623 125.402
40.623 125.411
40.628 125.422
40.633 125.423
40.639 125.42
40.647 125.416
40.656 125.414
40.661 125.414
40.665 125.416
40.666 125.423
40.666 125.429
40.665 125.435
40.664 125.442
40.665 125.448
40.666 125.452
40.668 125.454
40.675 125.455
40.687 125.454
40.703 125.461
40.711 125.467
40.713 125.477
40.718 125.494
40.718 125.507
40.717 125.524
40.721 125.54
40.727 125.544
40.736 125.549
40.75 125.554
40.757 125.557
40.764 125.56
40.769 125.568
40.772 125.576
40.768 125.584
40.761 125.596
40.757 125.607
40.757 125.621
40.76 125.634
40.762 125.647
40.759 125.665
40.761 125.677
40.761 125.685
40.763 125.688
40.77 125.688
40.774 125.687
40.78 125.681
40.786 125.665
40.793 125.651
40.8 125.64
40.809 125.641
40.817 125.646
40.822 125.655
40.825 125.664
40.829 125.671
40.834 125.676
40.837 125.682
40.842 125.69
40.847 125.696
40.852 125.701
40.858 125.711
40.86 125.719
40.863 125.725
40.864 125.732
40.867 125.74
40.868 125.747
40.872 125.754
40.877 125.759
40.883 125.764
40.887 125.775
40.886 125.783
40.882 125.793
40.877 125.797
40.871 125.802
40.865 125.802
40.863 125.803
40.862 125.808
40.863 125.818
40.866 125.825
40.869 125.836
40.874 125.847
40.878 125.855
40.883 125.862
40.888 125.868
40.896 125.873
40.898 125.876
40.893 125.887
40.893 125.894
40.896 125.903
40.9 125.91
40.895 125.912
40.89 125.913
40.882 125.914
40.88 125.923
40.874 125.937
40.877 125.948
40.879 125.957
40.886 125.964
40.896 125.971
40.892 125.983
40.892 125.997
40.892 126.006
40.895 126.014
40.897 126.02
40.899 126.022
40.906 126.02
40.912 126.013
40.912 126.001
40.911 125.99
40.909 125.984
40.909 125.98
40.913 125.978
40.918 125.981
40.927 125.988
40.93 126
40.926 126.021
40.926 126.029
40.929 126.034
40.936 126.042
40.941 126.044
40.952 126.045
40.959 126.054
40.961 126.064
40.966 126.071
40.973 126.074
40.982 126.072
40.986 126.065
40.993 126.066
40.996 126.074
40.999 126.09
41.006 126.099
41.01 126.101
41.024 126.096
41.028 126.099
41.029 126.105
41.026 126.113
41.028 126.117
41.05 126.132
41.055 126.129
41.059 126.117
41.064 126.112
41.071 126.109
41.078 126.112
41.081 126.115
41.082 126.142
41.084 126.16
41.089 126.168
41.106 126.183
41.111 126.19
41.115 126.208
41.137 126.235
41.141 126.242
41.143 126.252
41.159 126.287
41.165 126.29
41.178 126.286
41.183 126.288
41.184 126.294
41.186 126.301
41.189 126.305
41.207 126.307
41.224 126.308
41.23 126.326
41.236 126.341
41.242 126.354
41.248 126.359
41.266 126.364
41.282 126.361
41.295 126.379
41.307 126.401
41.32 126.406
41.332 126.428
41.342 126.433
41.354 126.447
41.363 126.469
41.366 126.482
41.367 126.48
41.369 126.491
41.37 126.494
41.365 126.501
41.364 126.504
41.36 126.499
41.356 126.496
41.35 126.489
41.347 126.494
41.346 126.505
41.349 126.515
41.353 126.522
41.363 126.53
41.379 126.516
41.392 126.507
41.4 126.503
41.406 126.503
41.415 126.503
41.422 126.502
41.431 126.504
41.439 126.51
41.447 126.517
41.452 126.522
41.465 126.528
41.475 126.536
41.479 126.541
41.481 126.549
41.487 126.549
41.499 126.545
41.504 126.552
41.51 126.552
41.518 126.555
41.526 126.556
41.532 126.56
41.538 126.567
41.543 126.578
41.546 126.582
41.553 126.586
41.564 126.585
41.574 126.58
41.585 126.572
41.602 126.566
41.61 126.56
41.614 126.565
41.612 126.582
41.618 126.587
41.623 126.589
41.63 126.594
41.636 126.603
41.64 126.607
41.643 126.611
41.653 126.608
41.658 126.609
41.665 126.609
41.667 126.614
41.66 126.629
41.657 126.644
41.659 126.656
41.661 126.672
41.663 126.684
41.667 126.689
41.675 126.69
41.681 126.693
41.687 126.702
41.694 126.71
41.698 126.724
41.708 126.728
41.713 126.727
41.718 126.724
41.721 126.704
41.725 126.694
41.734 126.684
41.741 126.681
41.744 126.679
41.747 126.677
41.751 126.685
41.753 126.698
41.746 126.721
41.742 126.73
41.727 126.757
41.715 126.767
41.697 126.773
41.693 126.785
41.709 126.791
41.728 126.801
41.743 126.804
41.747 126.815
41.739 126.819
41.726 126.818
41.721 126.826
41.727 126.84
41.746 126.845
41.765 126.859
41.783 126.871
41.792 126.881
41.798 126.893
41.809 126.926
41.807 126.934
41.801 126.942
41.792 126.946
41.788 126.944
41.782 126.929
41.778 126.926
41.774 126.928
41.772 126.932
41.771 126.949
41.773 126.959
41.773 126.969
41.771 126.973
41.764 126.975
41.762 126.981
41.762 126.994
41.759 126.997
41.743 127.004
41.741 127.007
41.741 127.02
41.741 127.031
41.743 127.039
41.743 127.044
41.738 127.05
41.735 127.048
41.705 127.052
41.701 127.057
41.7 127.066
41.701 127.074
41.699 127.077
41.696 127.078
41.691 127.075
41.687 127.067
41.687 127.059
41.689 127.054
41.689 127.051
41.687 127.048
41.678 127.037
41.673 127.035
41.666 127.041
41.659 127.061
41.653 127.07
41.646 127.074
41.643 127.079
41.643 127.086
41.645 127.094
41.644 127.1
41.638 127.102
41.633 127.101
41.628 127.096
41.622 127.085
41.618 127.091
41.621 127.108
41.621 127.114
41.621 127.119
41.617 127.124
41.613 127.124
41.605 127.118
41.601 127.121
41.599 127.129
41.598 127.163
41.594 127.176
41.591 127.177
41.586 127.173
41.584 127.168
41.585 127.144
41.582 127.14
41.579 127.138
41.574 127.138
41.57 127.137
41.566 127.134
41.568 127.126
41.564 127.122
41.548 127.116
41.552 127.103
41.55 127.099
41.546 127.096
41.538 127.101
41.54 127.105
41.539 127.114
41.541 127.128
41.539 127.138
41.534 127.141
41.528 127.138
41.527 127.144
41.539 127.159
41.539 127.167
41.533 127.17
41.529 127.175
41.528 127.188
41.532 127.197
41.531 127.204
41.526 127.207
41.519 127.211
41.519 127.215
41.522 127.221
41.522 127.23
41.51 127.229
41.502 127.237
41.502 127.244
41.506 127.253
41.513 127.263
41.512 127.266
41.506 127.279
41.502 127.281
41.496 127.279
41.493 127.276
41.489 127.268
41.486 127.254
41.482 127.25
41.479 127.253
41.478 127.258
41.482 127.284
41.482 127.295
41.476 127.313
41.47 127.326
41.464 127.342
41.464 127.344
41.463 127.353
41.465 127.356
41.475 127.357
41.481 127.381
41.482 127.389
41.478 127.395
41.455 127.409
41.46 127.428
41.459 127.438
41.456 127.44
41.457 127.454
41.46 127.458
41.466 127.463
41.477 127.465
41.483 127.472
41.481 127.475
41.471 127.474
41.469 127.478
41.47 127.492
41.47 127.506
41.468 127.512
41.468 127.527
41.474 127.534
41.467 127.544
41.454 127.548
41.441 127.551
41.434 127.566
41.433 127.579
41.429 127.606
41.425 127.617
41.415 127.629
41.408 127.637
41.404 127.652
41.404 127.661
41.417 127.653
41.425 127.647
41.421 127.662
41.421 127.684
41.421 127.718
41.421 127.738
41.424 127.753
41.425 127.762
41.423 127.77
41.419 127.783
41.409 127.785
41.408 127.791
41.419 127.793
41.42 127.799
41.416 127.809
41.406 127.824
41.407 127.83
41.415 127.831
41.418 127.833
41.418 127.841
41.412 127.853
41.405 127.859
41.405 127.863
41.407 127.867
41.417 127.864
41.423 127.866
41.427 127.867
41.436 127.872
41.442 127.88
41.443 127.883
41.44 127.885
41.434 127.884
41.431 127.888
41.433 127.895
41.429 127.903
41.43 127.908
41.439 127.926
41.445 127.929
41.45 127.928
41.452 127.931
41.447 127.939
41.447 127.941
41.448 127.943
41.445 127.946
41.44 127.944
41.437 127.946
41.431 127.97
41.429 127.973
41.429 127.974
41.419 127.98
41.417 127.984
41.419 127.988
41.44 127.999
41.442 128.003
41.438 128.004
41.429 128
41.425 128.002
41.424 128.008
41.421 128.011
41.416 128.01
41.411 128.013
41.408 128.019
41.413 128.035
41.41 128.039
41.406 128.041
41.388 128.038
41.391 128.051
41.391 128.057
41.385 128.067
41.378 128.074
41.376 128.079
41.379 128.081
41.386 128.08
41.389 128.082
41.39 128.087
41.387 128.093
41.392 128.1
41.39 128.105
41.385 128.103
41.377 128.094
41.374 128.086
41.37 128.085
41.368 128.088
41.366 128.096
41.363 128.102
41.363 128.109
41.365 128.113
41.37 128.115
41.372 128.117
41.376 128.121
41.378 128.126
41.378 128.135
41.378 128.143
41.384 128.151
41.396 128.161
41.402 128.17
41.407 128.184
41.407 128.196
41.41 128.202
41.415 128.206
41.422 128.207
41.43 128.21
41.443 128.225
41.445 128.227
41.445 128.23
41.443 128.235
41.446 128.238
41.451 128.23
41.456 128.229
41.473 128.239
41.487 128.233
41.49 128.234
41.502 128.256
41.504 128.263
41.509 128.268
41.526 128.277
41.533 128.286
41.541 128.284
41.545 128.285
41.547 128.29
41.556 128.289
41.561 128.293
41.566 128.294
41.569 128.308
41.572 128.312
41.583 128.314
41.588 128.312
41.593 128.306
41.599 128.31
41.602 128.307
41.604 128.298
41.605 128.297
41.608 128.299
41.61 128.298
41.611 128.29
41.613 128.289
41.616 128.297
41.619 128.299
41.634 128.297
41.635 128.291
41.646 128.277
41.66 128.265
41.67 128.244
41.675 128.214
41.692 128.189
41.707 128.164
41.724 128.144
41.741 128.137
41.764 128.13
41.781 128.114
41.798 128.098
41.815 128.086
41.84 128.097
41.86 128.099
41.879 128.096
41.903 128.085
41.929 128.078
41.946 128.067
41.965 128.064
41.978 128.069
41.986 128.081
41.981 128.111
41.984 128.125
41.99 128.138
42.006 128.139
42.014 128.175
42.016 128.21
42.024 128.246
42.029 128.268
42.035 128.291
42.037 128.313
42.035 128.347
42.027 128.382
42.026 128.404
42.028 128.421
42.024 128.443
42.02 128.456
42.016 128.464
42.006 128.47
42 128.471
41.998 128.479
41.997 128.49
41.997 128.515
41.996 128.52
41.997 128.546
41.995 128.565
41.998 128.573
42.014 128.592
42.031 128.618
42.035 128.629
42.033 128.638
42.031 128.644
42.017 128.658
42.015 128.659
42.01 128.668
42.011 128.691
42.012 128.696
42.031 128.716
42.043 128.744
42.042 128.753
42.033 128.771
42.033 128.794
42.036 128.802
42.036 128.804
42.036 128.813
42.027 128.826
42.023 128.831
42.023 128.851
42.018 128.862
42.018 128.879
42.018 128.885
42.016 128.889
42.013 128.905
42.015 128.927
42.017 128.945
42.024 128.95
42.039 128.96
42.053 128.957
42.064 128.958
42.076 128.955
42.084 128.978
42.09 128.994
42.095 129.018
42.096 129.019
42.096 129.021
42.102 129.034
42.104 129.037
42.11 129.043
42.116 129.034
42.119 129.037
42.123 129.044
42.131 129.049
42.132 129.056
42.136 129.064
42.147 129.068
42.149 129.072
42.148 129.079
42.139 129.087
42.136 129.092
42.137 129.101
42.142 129.112
42.142 129.131
42.138 129.141
42.143 129.141
42.151 129.135
42.155 129.137
42.16 129.153
42.165 129.16
42.173 129.166
42.178 129.161
42.182 129.169
42.185 129.18
42.187 129.186
42.197 129.195
42.199 129.203
42.2 129.215
42.205 129.219
42.212 129.214
42.217 129.199
42.223 129.194
42.227 129.198
42.233 129.206
42.236 129.197
42.234 129.189
42.235 129.182
42.238 129.178
42.245 129.179
42.251 129.182
42.253 129.183
42.257 129.189
42.26 129.203
42.267 129.214
42.271 129.218
42.276 129.218
42.277 129.213
42.276 129.198
42.278 129.197
42.283 129.201
42.288 129.211
42.294 129.228
42.3 129.233
42.304 129.23
42.304 129.227
42.304 129.217
42.3 129.203
42.302 129.2
42.307 129.199
42.311 129.202
42.315 129.209
42.316 129.213
42.313 129.221
42.313 129.235
42.315 129.244
42.318 129.25
42.322 129.252
42.326 129.25
42.333 129.239
42.343 129.228
42.348 129.227
42.354 129.229
42.362 129.236
42.363 129.236
42.374 129.235
42.378 129.264
42.386 129.269
42.386 129.274
42.379 129.285
42.379 129.291
42.386 129.296
42.384 129.311
42.386 129.314
42.388 129.314
42.394 129.305
42.4 129.303
42.423 129.313
42.424 129.316
42.426 129.328
42.424 129.334
42.411 129.338
42.41 129.343
42.418 129.344
42.421 129.351
42.431 129.343
42.441 129.337
42.444 129.338
42.448 129.342
42.453 129.358
42.452 129.361
42.449 129.364
42.444 129.363
42.432 129.357
42.429 129.358
42.428 129.362
42.428 129.373
42.43 129.38
42.435 129.384
42.437 129.385
42.441 129.386
42.446 129.393
42.448 129.399
42.446 129.406
42.438 129.418
42.437 129.427
42.442 129.441
42.441 129.446
42.423 129.464
42.418 129.479
42.413 129.488
42.392 129.51
42.39 129.521
42.386 129.526
42.369 129.534
42.362 129.545
42.36 129.551
42.363 129.553
42.371 129.554
42.374 129.557
42.375 129.566
42.379 129.57
42.386 129.562
42.392 129.563
42.403 129.572
42.408 129.581
42.41 129.594
42.414 129.598
42.423 129.6
42.435 129.608
42.439 129.607
42.443 129.602
42.439 129.595
42.439 129.592
42.444 129.589
42.45 129.593
42.45 129.594
42.452 129.598
42.453 129.608
42.462 129.62
42.462 129.625
42.458 129.628
42.447 129.633
42.442 129.635
42.431 129.638
42.428 129.644
42.429 129.675
42.425 129.696
42.427 129.714
42.443 129.721
42.455 129.735
42.464 129.741
42.478 129.738
42.494 129.739
42.507 129.741
42.519 129.747
42.549 129.746
42.562 129.743
42.572 129.744
42.589 129.757
42.604 129.776
42.605 129.776
42.609 129.772
42.611 129.766
42.614 129.755
42.617 129.751
42.627 129.758
42.631 129.758
42.64 129.749
42.646 129.747
42.654 129.753
42.654 129.758
42.644 129.771
42.644 129.774
42.645 129.777
42.649 129.777
42.654 129.772
42.667 129.77
42.673 129.773
42.674 129.776
42.674 129.793
42.677 129.799
42.678 129.801
42.681 129.799
42.683 129.784
42.692 129.773
42.711 129.762
42.717 129.763
42.743 129.777
42.764 129.784
42.773 129.789
42.782 129.799
42.784 129.798
42.81 129.807
42.827 129.807
42.841 129.812
42.852 129.819
42.859 129.829
42.864 129.833
42.888 129.839
42.906 129.836
42.911 129.839
42.915 129.848
42.915 129.859
42.916 129.862
42.919 129.863
42.939 129.85
42.95 129.849
42.958 129.849
42.963 129.851
42.969 129.862
42.97 129.87
42.966 129.883
42.966 129.89
42.972 129.913
42.974 129.914
42.978 129.91
42.976 129.899
42.976 129.889
42.978 129.885
42.984 129.877
42.987 129.876
42.993 129.881
43.002 129.897
43.005 129.908
43.006 129.932
43.006 129.933
43.005 129.95
43.001 129.954
42.996 129.954
42.988 129.949
42.981 129.953
42.976 129.958
42.97 129.978
42.967 130
42.966 130.012
42.968 130.024
42.968 130.037
42.966 130.049
segment North Korea
40 128.178
39.997 128.18
39.997 128.182
39.995 128.191
39.992 128.193
39.992 128.196
40 128.202
40.005 128.198
40.006 128.193
40.004 128.188
40 128.178
segment North Korea
40 128.209
39.998 128.21
39.989 128.21
39.989 128.213
39.998 128.22
40 128.22
40.006 128.216
40.006 128.212
40 128.209
segment North Korea
40 128.209
40.006 128.212
40.006 128.216
40 128.22
39.998 128.22
39.989 128.213
39.989 128.21
39.998 128.21
40 128.209
segment North Korea
40 128.178
40.004 128.188
40.006 128.193
40.005 128.198
40 128.202
39.992 128.196
39.992 128.193
39.995 128.191
39.997 128.182
39.997 128.18
40 128.178
segment North Korea
39.953 124.292
39.965 124.325
39.975 124.345
39.962 124.345
39.953 124.341
39.95 124.336
39.949 124.315
39.944 124.307
39.944 124.293
39.949 124.29
39.953 124.292
segment North Korea
39.933 124.348
39.937 124.352
39.952 124.357
39.952 124.36
39.947 124.365
39.94 124.361
39.932 124.351
39.933 124.348
segment North Korea
38.639 125
38.64 125
38.638 124.993
38.64 124.988
38.642 124.986
38.644 124.988
38.647 124.987
38.653 124.991
38.659 124.987
38.668 124.99
38.668 124.992
38.655 124.998
38.653 125
38.652 125.001
38.651 125.011
38.655 125.02
38.653 125.022
38.641 125.015
38.634 125.016
38.631 125.013
38.625 125.001
38.625 125
38.625 124.994
38.623 124.99
38.615 124.984
38.621 124.98
38.627 124.982
38.633 124.987
38.634 124.991
38.631 124.995
38.632 124.998
38.639 125
segment North Korea
38.592 125.069
38.593 125.065
38.595 125.065
38.599 125.069
38.601 125.076
38.598 125.077
38.593 125.074
38.592 125.069
segment North Korea
37.911 124.958
37.917 124.957
37.922 124.954
37.928 124.961
37.924 124.965
37.921 124.967
37.917 124.966
37.913 124.965
37.911 124.958
segment North Korea
37.797 125
37.8 124.999
37.801 124.995
37.799 124.991
37.809 124.991
37.812 124.997
37.816 125
37.821 125.005
37.818 125.008
37.818 125.014
37.818 125.015
37.814 125.023
37.814 125.026
37.822 125.031
37.825 125.03
37.828 125.021
37.831 125.02
37.833 125.024
37.833 125.034
37.835 125.048
37.83 125.05
37.82 125.043
37.813 125.042
37.813 125.034
37.81 125.032
37.804 125.032
37.797 125.021
37.797 125.018
37.801 125.012
37.801 125.009
37.795 125.001
37.797 125
