segment Sri Lanka
9.701 79.878
9.703 79.874
9.703 79.868
9.707 79.864
9.71 79.856
9.713 79.854
9.718 79.858
9.727 79.862
9.735 79.862
9.744 79.858
9.749 79.857
9.759 79.864
9.761 79.869
9.758 79.884
9.762 79.892
9.762 79.898
9.76 79.898
9.756 79.896
9.747 79.898
9.734 79.891
9.727 79.89
9.712 79.895
9.708 79.892
9.707 79.888
9.702 79.883
9.701 79.878
segment Sri Lanka
9.684 79.813
9.687 79.81
9.694 79.809
9.709 79.81
9.713 79.812
9.714 79.815
9.71 79.816
9.697 79.812
9.692 79.814
9.684 79.813
segment Sri Lanka
9.687 79.794
9.686 79.795
9.683 79.796
9.68 79.794
9.683 79.792
9.685 79.792
9.687 79.794
segment Sri Lanka
9.646 79.776
9.65 79.773
9.653 79.767
9.66 79.764
9.679 79.775
9.683 79.779
9.684 79.783
9.67 79.786
9.665 79.785
9.66 79.783
9.656 79.778
9.649 79.778
9.646 79.776
segment Sri Lanka
9.624 79.856
9.632 79.853
9.635 79.854
9.635 79.858
9.629 79.862
9.626 79.865
9.622 79.865
9.619 79.863
9.619 79.861
9.624 79.856
segment Sri Lanka
9.609 79.822
9.601 79.823
9.596 79.828
9.587 79.833
9.596 79.837
9.596 79.843
9.594 79.847
9.595 79.849
9.602 79.845
9.603 79.847
9.602 79.854
9.606 79.858
9.608 79.861
9.605 79.864
9.6 79.864
9.591 79.86
9.579 79.863
9.568 79.858
9.568 79.851
9.568 79.837
9.577 79.808
9.581 79.806
9.586 79.807
9.591 79.812
9.617 79.809
9.622 79.81
9.625 79.815
9.619 79.817
9.618 79.819
9.613 79.822
9.609 79.822
segment Sri Lanka
9.585 79.773
9.586 79.77
9.593 79.764
9.599 79.762
9.611 79.763
9.618 79.768
9.621 79.772
9.62 79.775
9.614 79.776
9.59 79.775
9.585 79.773
segment Sri Lanka
9.607 79.853
9.608 79.843
9.61 79.841
9.613 79.841
9.618 79.847
9.613 79.853
9.609 79.854
9.607 79.853
segment Sri Lanka
9.608 79.826
9.612 79.827
9.61 79.837
9.608 79.837
9.606 79.834
9.605 79.829
9.608 79.826
segment Sri Lanka
9.579 79.8
9.581 79.796
9.585 79.794
9.589 79.795
9.59 79.799
9.579 79.8
segment Sri Lanka
9.554 79.653
9.555 79.655
9.556 79.661
9.555 79.666
9.55 79.675
9.531 79.688
9.527 79.687
9.521 79.688
9.521 79.692
9.527 79.696
9.529 79.716
9.528 79.719
9.523 79.725
9.495 79.729
9.494 79.73
9.48 79.727
9.475 79.718
9.475 79.713
9.483 79.691
9.501 79.66
9.503 79.658
9.513 79.657
9.529 79.653
9.537 79.653
9.554 79.653
segment Sri Lanka
9.044 79.863
9.039 79.865
9.024 79.877
9.016 79.88
9.004 79.888
8.991 79.901
8.985 79.911
8.982 79.919
8.979 79.922
8.975 79.925
8.972 79.923
8.964 79.896
8.958 79.892
8.958 79.889
8.97 79.882
8.971 79.879
8.968 79.88
8.964 79.88
8.976 79.872
9.015 79.839
9.033 79.816
9.042 79.798
9.062 79.761
9.07 79.743
9.076 79.713
9.076 79.706
9.081 79.7
9.086 79.698
9.092 79.699
9.099 79.695
9.1 79.696
9.101 79.698
9.104 79.711
9.103 79.725
9.106 79.731
9.103 79.741
9.103 79.753
9.097 79.791
9.093 79.802
9.091 79.817
9.09 79.819
9.086 79.826
9.082 79.844
9.073 79.859
9.051 79.883
9.025 79.906
9.014 79.917
9.012 79.92
9.011 79.925
9.009 79.928
9.007 79.926
9.008 79.917
9.021 79.899
9.03 79.881
9.044 79.866
9.048 79.865
9.052 79.863
9.055 79.86
9.056 79.858
9.055 79.857
9.048 79.862
9.044 79.863
segment Sri Lanka
9.075 79.689
9.076 79.698
9.073 79.699
9.071 79.688
9.073 79.686
9.075 79.689
segment Sri Lanka
8.945 79.894
8.949 79.891
8.952 79.891
8.954 79.896
8.955 79.903
8.953 79.904
8.945 79.904
8.94 79.901
8.94 79.899
8.945 79.894
segment Sri Lanka
8.951 79.885
8.951 79.886
8.945 79.891
8.941 79.894
8.935 79.897
8.924 79.909
8.9 79.924
8.897 79.923
8.902 79.918
8.914 79.911
8.943 79.888
8.951 79.885
segment Sri Lanka
8.933 79.908
8.938 79.904
8.948 79.911
8.948 79.913
8.944 79.915
8.935 79.911
8.933 79.908
segment Sri Lanka
8.408 79.79
8.41 79.788
8.427 79.789
8.478 79.776
8.513 79.774
8.522 79.776
8.526 79.78
8.523 79.782
8.521 79.78
8.516 79.781
8.511 79.779
8.504 79.782
8.498 79.778
8.491 79.778
8.484 79.78
8.475 79.781
8.464 79.788
8.417 79.793
8.409 79.791
8.408 79.79
segment Sri Lanka
8.368 79.794
8.383 79.787
8.387 79.789
8.387 79.794
8.385 79.796
8.38 79.795
8.371 79.797
8.368 79.796
8.368 79.794
segment Sri Lanka
8.317 79.808
8.319 79.805
8.333 79.801
8.337 79.803
8.336 79.805
8.321 79.808
8.317 79.808
segment Sri Lanka
8.291 79.797
8.294 79.794
8.3 79.793
8.303 79.794
8.304 79.797
8.299 79.796
8.293 79.801
8.291 79.797
segment Sri Lanka
8.259 79.782
8.261 79.778
8.271 79.776
8.272 79.779
8.261 79.784
8.259 79.782
segment Sri Lanka
8.162 79.807
8.173 79.803
8.174 79.805
8.166 79.808
8.162 79.807
segment Sri Lanka
7.944 79.817
7.954 79.82
7.955 79.822
7.948 79.824
7.945 79.823
7.944 79.817
segment Sri Lanka
9.328 80.059
9.332 80.055
9.339 80.054
9.345 80.055
9.346 80.058
9.33 80.061
9.328 80.059
segment Sri Lanka
9.311 80.086
9.312 80.081
9.318 80.076
9.319 80.083
9.312 80.092
9.311 80.086
segment Sri Lanka
8.536 81.208
8.54 81.206
8.545 81.208
8.545 81.211
8.539 81.215
8.537 81.213
8.536 81.208
segment Sri Lanka
9.811 80.136
9.815 80.136
9.821 80.144
9.822 80.177
9.83 80.205
9.831 80.215
9.824 80.239
9.824 80.249
9.819 80.253
9.819 80.254
9.8 80.26
9.776 80.274
9.754 80.289
9.733 80.308
9.713 80.32
9.708 80.322
9.66 80.366
9.623 80.409
9.609 80.426
9.57 80.482
9.556 80.5
9.547 80.507
9.545 80.509
9.517 80.54
9.5 80.562
9.472 80.604
9.468 80.61
9.457 80.625
9.44 80.643
9.422 80.669
9.417 80.672
9.414 80.674
9.413 80.678
9.407 80.68
9.395 80.692
9.375 80.713
9.343 80.751
9.33 80.764
9.328 80.766
9.315 80.787
9.291 80.812
9.289 80.811
9.289 80.81
9.286 80.811
9.287 80.812
9.285 80.815
9.267 80.82
9.238 80.839
9.232 80.843
9.185 80.857
9.125 80.885
9.122 80.884
9.118 80.887
9.117 80.889
9.095 80.903
9.077 80.912
9.071 80.918
9.031 80.937
8.993 80.963
8.99 80.964
8.986 80.962
8.979 80.967
8.979 80.97
8.979 80.971
8.971 80.975
8.968 80.98
8.955 80.99
8.939 81
8.933 81.002
8.93 81.002
8.918 80.993
8.918 80.997
8.93 81.007
8.929 81.01
8.915 81.019
8.908 81.018
8.906 81.014
8.904 81.015
8.901 81.016
8.894 81.012
8.891 81.013
8.895 81.021
8.905 81.021
8.904 81.023
8.888 81.032
8.873 81.044
8.859 81.059
8.854 81.071
8.852 81.073
8.853 81.075
8.856 81.073
8.859 81.074
8.86 81.077
8.864 81.079
8.864 81.082
8.856 81.082
8.858 81.085
8.858 81.087
8.856 81.088
8.854 81.086
8.852 81.086
8.844 81.091
8.829 81.095
8.822 81.099
8.816 81.106
8.813 81.105
8.787 81.122
8.776 81.13
8.766 81.142
8.767 81.146
8.764 81.149
8.743 81.159
8.73 81.171
8.724 81.173
8.723 81.176
8.704 81.188
8.687 81.196
8.683 81.2
8.676 81.201
8.666 81.207
8.648 81.227
8.636 81.225
8.625 81.228
8.619 81.225
8.619 81.224
8.616 81.221
8.614 81.22
8.606 81.221
8.581 81.23
8.575 81.236
8.575 81.239
8.579 81.245
8.577 81.246
8.574 81.243
8.569 81.241
8.559 81.245
8.558 81.247
8.546 81.247
8.542 81.246
8.542 81.245
8.539 81.24
8.532 81.232
8.532 81.226
8.537 81.228
8.54 81.228
8.541 81.224
8.557 81.232
8.57 81.226
8.57 81.222
8.568 81.217
8.562 81.213
8.562 81.21
8.565 81.209
8.575 81.218
8.578 81.217
8.576 81.212
8.567 81.205
8.567 81.203
8.568 81.203
8.57 81.203
8.574 81.201
8.573 81.197
8.567 81.193
8.564 81.195
8.559 81.192
8.549 81.193
8.552 81.201
8.551 81.203
8.545 81.197
8.536 81.2
8.534 81.204
8.532 81.205
8.529 81.203
8.526 81.203
8.527 81.208
8.525 81.209
8.524 81.208
8.517 81.207
8.515 81.21
8.511 81.209
8.508 81.212
8.506 81.212
8.507 81.204
8.503 81.199
8.507 81.193
8.502 81.19
8.496 81.194
8.483 81.196
8.469 81.203
8.462 81.198
8.459 81.2
8.463 81.203
8.464 81.206
8.458 81.22
8.458 81.225
8.456 81.227
8.458 81.23
8.458 81.234
8.456 81.237
8.455 81.243
8.45 81.248
8.453 81.253
8.452 81.258
8.456 81.26
8.457 81.262
8.453 81.273
8.449 81.273
8.45 81.277
8.445 81.283
8.443 81.285
8.441 81.29
8.441 81.297
8.433 81.301
8.433 81.304
8.435 81.304
8.445 81.3
8.456 81.305
8.458 81.304
8.458 81.3
8.447 81.296
8.446 81.285
8.45 81.283
8.452 81.284
8.457 81.281
8.461 81.285
8.464 81.28
8.47 81.286
8.479 81.289
8.484 81.288
8.488 81.285
8.494 81.285
8.501 81.282
8.503 81.283
8.503 81.293
8.504 81.3
8.509 81.308
8.509 81.313
8.518 81.316
8.522 81.32
8.522 81.322
8.513 81.329
8.513 81.322
8.511 81.321
8.506 81.325
8.506 81.336
8.5 81.346
8.491 81.353
8.477 81.355
8.471 81.359
8.428 81.368
8.417 81.371
8.401 81.377
8.37 81.384
8.365 81.386
8.357 81.394
8.355 81.389
8.333 81.389
8.317 81.391
8.272 81.405
8.258 81.405
8.258 81.408
8.249 81.41
8.242 81.408
8.237 81.412
8.213 81.42
8.203 81.426
8.19 81.426
8.183 81.429
8.173 81.438
8.162 81.437
8.153 81.437
8.151 81.439
8.146 81.436
8.128 81.441
8.126 81.442
8.118 81.446
8.116 81.45
8.116 81.453
8.11 81.458
8.108 81.46
8.104 81.462
8.09 81.461
8.08 81.462
8.034 81.477
8.01 81.492
8 81.503
7.962 81.544
7.954 81.544
7.948 81.548
7.939 81.553
7.935 81.558
7.938 81.56
7.939 81.568
7.936 81.57
7.928 81.566
7.923 81.569
7.925 81.576
7.924 81.583
7.921 81.587
7.917 81.588
7.913 81.586
7.913 81.583
7.916 81.575
7.915 81.571
7.91 81.568
7.898 81.567
7.871 81.573
7.864 81.575
7.844 81.584
7.838 81.589
7.83 81.593
7.824 81.602
7.819 81.612
7.819 81.618
7.825 81.622
7.825 81.627
7.815 81.629
7.791 81.641
7.783 81.648
7.773 81.654
7.767 81.663
7.764 81.673
7.758 81.678
7.753 81.688
7.746 81.694
7.748 81.699
7.75 81.698
7.754 81.7
7.746 81.706
7.74 81.713
7.712 81.733
7.708 81.735
7.692 81.745
7.673 81.753
7.645 81.771
7.614 81.787
7.598 81.793
7.597 81.794
7.578 81.798
7.572 81.798
7.552 81.802
7.543 81.8
7.523 81.809
7.509 81.808
7.504 81.813
7.489 81.816
7.479 81.82
7.476 81.819
7.468 81.82
7.463 81.823
7.453 81.821
7.445 81.823
7.437 81.825
7.413 81.837
7.402 81.846
7.396 81.848
7.388 81.846
7.377 81.853
7.359 81.858
7.33 81.868
7.316 81.872
7.307 81.872
7.3 81.869
7.296 81.87
7.288 81.872
7.263 81.868
7.227 81.865
7.198 81.866
7.191 81.864
7.171 81.865
7.163 81.865
7.144 81.864
7.136 81.861
7.126 81.862
7.116 81.86
7.094 81.861
7.091 81.859
7.089 81.861
7.086 81.864
7.07 81.867
7.062 81.872
7.055 81.871
7.036 81.876
7.031 81.881
7.027 81.881
7.022 81.88
7.007 81.876
6.996 81.877
6.979 81.87
6.978 81.868
6.987 81.865
6.995 81.857
6.995 81.854
6.99 81.849
6.986 81.85
6.976 81.86
6.971 81.857
6.967 81.858
6.965 81.86
6.965 81.862
6.971 81.869
6.97 81.872
6.967 81.873
6.965 81.873
6.959 81.871
6.944 81.863
6.926 81.858
6.913 81.851
6.898 81.848
6.892 81.844
6.891 81.842
6.89 81.838
6.885 81.836
6.881 81.839
6.882 81.843
6.891 81.847
6.891 81.85
6.888 81.852
6.873 81.849
6.868 81.848
6.865 81.845
6.857 81.842
6.854 81.84
6.855 81.836
6.86 81.832
6.864 81.824
6.862 81.821
6.855 81.82
6.849 81.821
6.846 81.824
6.846 81.827
6.849 81.831
6.849 81.833
6.845 81.835
6.844 81.839
6.838 81.844
6.834 81.844
6.832 81.843
6.83 81.839
6.821 81.834
6.82 81.829
6.809 81.823
6.802 81.827
6.784 81.821
6.78 81.821
6.775 81.827
6.77 81.826
6.765 81.825
6.765 81.823
6.769 81.815
6.768 81.811
6.765 81.808
6.762 81.81
6.759 81.817
6.761 81.826
6.759 81.828
6.749 81.818
6.727 81.809
6.704 81.804
6.691 81.795
6.689 81.793
6.683 81.785
6.673 81.782
6.664 81.776
6.654 81.776
6.644 81.781
6.637 81.778
6.626 81.777
6.617 81.773
6.606 81.764
6.592 81.766
6.587 81.763
6.579 81.755
6.572 81.746
6.562 81.743
6.561 81.74
6.563 81.735
6.567 81.732
6.563 81.731
6.56 81.731
6.559 81.738
6.555 81.738
6.551 81.735
6.552 81.731
6.556 81.726
6.552 81.725
6.546 81.732
6.531 81.727
6.524 81.721
6.509 81.714
6.506 81.71
6.488 81.704
6.482 81.7
6.474 81.692
6.469 81.682
6.454 81.663
6.441 81.656
6.437 81.652
6.436 81.645
6.431 81.636
6.429 81.626
6.421 81.62
6.424 81.597
6.422 81.596
6.419 81.597
6.419 81.607
6.417 81.612
6.417 81.615
6.414 81.617
6.411 81.618
6.406 81.614
6.39 81.596
6.384 81.583
6.373 81.57
6.365 81.565
6.361 81.56
6.356 81.546
6.355 81.527
6.352 81.522
6.338 81.504
6.327 81.503
6.318 81.492
6.305 81.487
6.302 81.481
6.301 81.472
6.296 81.466
6.296 81.46
6.291 81.455
6.288 81.445
6.282 81.436
6.275 81.434
6.271 81.433
6.268 81.426
6.255 81.417
6.251 81.41
6.244 81.406
6.239 81.398
6.236 81.382
6.226 81.371
6.226 81.363
6.221 81.356
6.22 81.348
6.217 81.345
6.209 81.344
6.205 81.34
6.205 81.339
6.202 81.334
6.194 81.329
6.193 81.303
6.189 81.299
6.188 81.288
6.183 81.281
6.181 81.276
6.18 81.26
6.177 81.254
6.176 81.247
6.168 81.233
6.161 81.228
6.159 81.222
6.158 81.201
6.158 81.195
6.161 81.201
6.167 81.204
6.175 81.204
6.177 81.203
6.178 81.197
6.174 81.188
6.172 81.186
6.167 81.185
6.163 81.182
6.16 81.182
6.155 81.188
6.151 81.182
6.144 81.178
6.141 81.172
6.14 81.159
6.136 81.151
6.132 81.148
6.131 81.141
6.13 81.136
6.129 81.135
6.12 81.135
6.117 81.134
6.113 81.092
6.109 81.078
6.11 81.068
6.102 81.052
6.101 81.04
6.103 81.029
6.103 81.028
6.107 81.019
6.107 81.017
6.1 81.013
6.098 81.004
6.086 80.982
6.083 80.97
6.083 80.968
6.081 80.954
6.079 80.947
6.076 80.943
6.07 80.942
6.073 80.936
6.073 80.93
6.061 80.903
6.059 80.896
6.058 80.881
6.053 80.871
6.044 80.869
6.041 80.866
6.04 80.862
6.041 80.861
6.044 80.851
6.041 80.825
6.034 80.811
6.03 80.806
6.025 80.802
6.017 80.799
6.013 80.795
6.009 80.783
5.998 80.761
5.996 80.758
5.991 80.754
5.99 80.754
5.985 80.743
5.975 80.74
5.973 80.738
5.973 80.736
5.978 80.734
5.979 80.732
5.979 80.728
5.961 80.72
5.959 80.717
5.96 80.712
5.957 80.702
5.959 80.688
5.957 80.664
5.954 80.655
5.951 80.647
5.944 80.64
5.944 80.626
5.938 80.62
5.932 80.617
5.931 80.609
5.925 80.598
5.917 80.587
5.918 80.585
5.93 80.581
5.933 80.577
5.941 80.553
5.943 80.54
5.937 80.532
5.936 80.522
5.936 80.518
5.94 80.506
5.939 80.487
5.936 80.481
5.936 80.471
5.943 80.46
5.944 80.456
5.943 80.449
5.947 80.447
5.951 80.451
5.959 80.452
5.963 80.449
5.969 80.436
5.97 80.43
5.967 80.425
5.966 80.423
5.963 80.421
5.957 80.42
5.955 80.418
5.958 80.405
5.961 80.402
5.959 80.383
5.962 80.378
5.975 80.363
5.976 80.343
5.986 80.328
5.99 80.318
5.992 80.312
5.992 80.297
5.997 80.274
6.007 80.258
6.009 80.25
6.007 80.244
6.009 80.242
6.024 80.241
6.03 80.237
6.034 80.232
6.035 80.228
6.033 80.225
6.025 80.224
6.024 80.224
6.022 80.222
6.022 80.219
6.03 80.216
6.035 80.212
6.042 80.203
6.04 80.197
6.041 80.194
6.063 80.173
6.067 80.164
6.071 80.16
6.083 80.151
6.093 80.131
6.096 80.128
6.11 80.125
6.117 80.119
6.125 80.103
6.129 80.099
6.142 80.097
6.16 80.091
6.175 80.081
6.188 80.064
6.192 80.062
6.21 80.061
6.233 80.053
6.241 80.048
6.244 80.043
6.257 80.039
6.266 80.031
6.269 80.03
6.28 80.034
6.298 80.036
6.308 80.032
6.315 80.029
6.336 80.025
6.369 80.011
6.383 80.01
6.404 80.005
6.408 80
6.411 79.997
6.416 79.995
6.42 79.996
6.423 80
6.425 80
6.427 79.998
6.427 79.996
6.428 79.994
6.435 79.992
6.44 79.988
6.446 79.986
6.448 79.981
6.45 79.98
6.457 79.978
6.46 79.976
6.464 79.975
6.469 79.976
6.477 79.987
6.485 79.98
6.494 79.978
6.507 79.981
6.515 79.98
6.539 79.969
6.559 79.965
6.566 79.961
6.582 79.957
6.611 79.947
6.62 79.941
6.623 79.938
6.676 79.918
6.696 79.909
6.734 79.895
6.737 79.895
6.743 79.892
6.745 79.892
6.806 79.869
6.834 79.862
6.866 79.858
6.871 79.858
6.9 79.853
6.914 79.847
6.933 79.843
6.939 79.844
6.94 79.855
6.958 79.856
6.962 79.861
6.976 79.871
7.003 79.869
7.048 79.858
7.07 79.855
7.078 79.851
7.099 79.845
7.136 79.835
7.176 79.821
7.193 79.819
7.2 79.82
7.2 79.822
7.196 79.825
7.202 79.831
7.206 79.831
7.217 79.837
7.25 79.844
7.271 79.846
7.272 79.854
7.276 79.859
7.278 79.856
7.275 79.852
7.276 79.844
7.293 79.842
7.301 79.841
7.318 79.839
7.36 79.829
7.367 79.827
7.407 79.822
7.483 79.803
7.484 79.803
7.572 79.792
7.594 79.792
7.601 79.793
7.602 79.795
7.597 79.798
7.599 79.801
7.606 79.802
7.608 79.798
7.611 79.798
7.625 79.802
7.639 79.803
7.652 79.806
7.659 79.805
7.674 79.804
7.688 79.801
7.728 79.798
7.755 79.791
7.826 79.778
7.851 79.77
7.892 79.757
7.932 79.751
7.972 79.738
7.973 79.738
8 79.721
8.009 79.717
8.033 79.712
8.044 79.706
8.053 79.705
8.094 79.704
8.103 79.702
8.115 79.699
8.132 79.699
8.136 79.701
8.139 79.703
8.138 79.705
8.131 79.703
8.128 79.705
8.116 79.705
8.112 79.707
8.113 79.708
8.129 79.708
8.134 79.709
8.145 79.707
8.169 79.708
8.171 79.708
8.176 79.706
8.182 79.699
8.185 79.699
8.199 79.704
8.205 79.704
8.214 79.698
8.218 79.7
8.214 79.711
8.214 79.715
8.217 79.718
8.243 79.731
8.26 79.736
8.266 79.736
8.276 79.737
8.28 79.738
8.287 79.745
8.3 79.749
8.331 79.766
8.34 79.772
8.35 79.781
8.348 79.784
8.327 79.767
8.326 79.767
8.307 79.756
8.3 79.758
8.301 79.764
8.299 79.765
8.297 79.759
8.286 79.753
8.275 79.754
8.262 79.751
8.259 79.754
8.268 79.757
8.274 79.765
8.27 79.765
8.267 79.76
8.257 79.757
8.252 79.763
8.256 79.766
8.258 79.77
8.257 79.775
8.254 79.777
8.234 79.768
8.222 79.77
8.216 79.769
8.213 79.766
8.214 79.763
8.22 79.76
8.22 79.757
8.218 79.753
8.215 79.751
8.201 79.74
8.191 79.741
8.183 79.749
8.178 79.745
8.17 79.744
8.164 79.744
8.157 79.74
8.142 79.737
8.14 79.737
8.139 79.732
8.137 79.731
8.129 79.73
8.118 79.731
8.106 79.737
8.105 79.737
8.1 79.737
8.087 79.732
8.074 79.734
8.067 79.739
8.062 79.749
8.06 79.754
8.058 79.754
8.049 79.744
8.046 79.743
8.028 79.745
8.013 79.738
8 79.743
7.986 79.762
7.983 79.773
7.979 79.813
7.978 79.816
7.972 79.819
7.948 79.811
7.938 79.813
7.937 79.814
7.932 79.819
7.926 79.82
7.919 79.819
7.911 79.814
7.904 79.815
7.891 79.811
7.887 79.808
7.884 79.808
7.89 79.818
7.913 79.825
7.921 79.827
7.932 79.825
7.948 79.829
7.959 79.828
7.97 79.83
7.981 79.828
8 79.834
8.007 79.834
8.015 79.832
8.033 79.821
8.043 79.812
8.055 79.798
8.068 79.79
8.069 79.793
8.061 79.802
8.061 79.809
8.065 79.805
8.066 79.8
8.07 79.799
8.076 79.794
8.079 79.795
8.08 79.8
8.087 79.807
8.091 79.81
8.098 79.816
8.105 79.818
8.119 79.822
8.123 79.828
8.124 79.83
8.132 79.832
8.14 79.834
8.145 79.83
8.149 79.831
8.153 79.829
8.163 79.818
8.173 79.817
8.178 79.813
8.182 79.814
8.181 79.82
8.186 79.822
8.204 79.815
8.211 79.809
8.22 79.795
8.222 79.795
8.221 79.799
8.218 79.805
8.217 79.808
8.217 79.809
8.227 79.803
8.227 79.795
8.23 79.79
8.232 79.792
8.234 79.807
8.237 79.81
8.266 79.818
8.273 79.821
8.283 79.826
8.287 79.834
8.292 79.834
8.293 79.838
8.289 79.841
8.286 79.842
8.276 79.845
8.274 79.848
8.277 79.85
8.282 79.847
8.286 79.849
8.284 79.854
8.285 79.858
8.288 79.855
8.288 79.847
8.297 79.838
8.301 79.836
8.317 79.835
8.321 79.836
8.321 79.835
8.326 79.839
8.337 79.837
8.342 79.839
8.349 79.846
8.381 79.846
8.421 79.843
8.429 79.845
8.437 79.848
8.439 79.852
8.441 79.853
8.442 79.857
8.45 79.863
8.479 79.863
8.528 79.868
8.535 79.871
8.536 79.875
8.533 79.879
8.533 79.884
8.537 79.893
8.537 79.895
8.545 79.903
8.546 79.914
8.548 79.917
8.555 79.917
8.56 79.92
8.559 79.926
8.563 79.925
8.569 79.92
8.574 79.921
8.585 79.919
8.598 79.924
8.616 79.941
8.635 79.945
8.651 79.943
8.654 79.942
8.673 79.95
8.682 79.952
8.693 79.949
8.706 79.948
8.711 79.949
8.717 79.956
8.721 79.956
8.73 79.953
8.743 79.946
8.754 79.942
8.791 79.925
8.799 79.937
8.805 79.938
8.807 79.94
8.809 79.939
8.808 79.935
8.802 79.933
8.8 79.925
8.806 79.925
8.805 79.921
8.808 79.918
8.811 79.92
8.811 79.927
8.815 79.931
8.817 79.92
8.819 79.919
8.823 79.921
8.836 79.924
8.843 79.927
8.873 79.934
8.879 79.933
8.883 79.929
8.886 79.928
8.888 79.931
8.888 79.934
8.891 79.936
8.894 79.935
8.901 79.927
8.907 79.925
8.912 79.92
8.927 79.912
8.93 79.912
8.932 79.915
8.939 79.923
8.944 79.941
8.943 79.946
8.946 79.95
8.955 79.955
8.964 79.967
8.965 79.978
8.968 79.982
8.972 79.988
8.985 79.991
8.993 80
9.003 80.01
9.007 80.017
9.009 80.032
9.013 80.04
9.024 80.047
9.042 80.055
9.049 80.059
9.056 80.066
9.073 80.071
9.075 80.073
9.084 80.075
9.086 80.075
9.088 80.077
9.094 80.077
9.094 80.079
9.1 80.086
9.101 80.082
9.099 80.078
9.102 80.076
9.105 80.075
9.113 80.078
9.12 80.076
9.131 80.083
9.132 80.089
9.133 80.087
9.137 80.089
9.137 80.095
9.141 80.092
9.144 80.093
9.15 80.098
9.161 80.102
9.173 80.104
9.18 80.107
9.181 80.108
9.191 80.108
9.207 80.117
9.219 80.119
9.234 80.117
9.244 80.118
9.253 80.123
9.256 80.123
9.271 80.112
9.277 80.112
9.284 80.116
9.287 80.119
9.288 80.125
9.291 80.128
9.299 80.124
9.302 80.122
9.308 80.116
9.324 80.091
9.327 80.085
9.326 80.073
9.329 80.068
9.346 80.062
9.353 80.064
9.357 80.064
9.363 80.059
9.369 80.057
9.385 80.054
9.386 80.054
9.391 80.055
9.395 80.059
9.397 80.068
9.402 80.077
9.413 80.107
9.426 80.125
9.435 80.147
9.448 80.16
9.464 80.17
9.472 80.181
9.477 80.185
9.483 80.186
9.504 80.177
9.512 80.171
9.536 80.146
9.537 80.146
9.566 80.106
9.574 80.096
9.584 80.079
9.588 80.069
9.596 80.056
9.598 80.054
9.602 80.058
9.608 80.06
9.61 80.063
9.612 80.066
9.612 80.073
9.614 80.079
9.625 80.088
9.636 80.07
9.642 80.062
9.646 80.052
9.645 80.035
9.647 80.023
9.651 80.018
9.659 80.009
9.667 80.004
9.681 80.001
9.682 80
9.685 79.998
9.687 79.99
9.683 79.985
9.692 79.972
9.697 79.969
9.705 79.972
9.708 79.971
9.708 79.968
9.698 79.966
9.696 79.962
9.689 79.958
9.687 79.955
9.687 79.948
9.691 79.944
9.703 79.941
9.731 79.928
9.744 79.916
9.75 79.913
9.759 79.91
9.768 79.915
9.779 79.942
9.788 79.948
9.792 79.953
9.803 79.977
9.806 79.989
9.806 80
9.807 80.005
9.809 80.011
9.813 80.022
9.81 80.03
9.811 80.036
9.813 80.042
9.812 80.05
9.809 80.057
9.805 80.087
9.807 80.097
9.806 80.106
9.809 80.115
9.814 80.125
9.815 80.131
9.813 80.133
9.811 80.136
segment Sri Lanka
9.611 79.97
9.627 79.944
9.633 79.925
9.631 79.92
9.627 79.914
9.617 79.911
9.613 79.907
9.621 79.896
9.63 79.885
9.635 79.874
9.642 79.871
9.651 79.866
9.654 79.868
9.654 79.873
9.658 79.876
9.667 79.877
9.669 79.874
9.668 79.871
9.661 79.87
9.658 79.867
9.657 79.863
9.658 79.861
9.663 79.858
9.665 79.858
9.672 79.852
9.684 79.845
9.687 79.846
9.687 79.851
9.689 79.853
9.698 79.844
9.701 79.843
9.699 79.851
9.701 79.855
9.701 79.864
9.7 79.868
9.693 79.873
9.693 79.878
9.697 79.887
9.684 79.9
9.678 79.902
9.671 79.901
9.661 79.905
9.656 79.911
9.655 79.914
9.657 79.915
9.662 79.91
9.665 79.91
9.669 79.907
9.671 79.908
9.673 79.916
9.675 79.919
9.679 79.921
9.679 79.924
9.678 79.933
9.675 79.937
9.672 79.935
9.672 79.932
9.67 79.93
9.665 79.932
9.662 79.927
9.652 79.936
9.644 79.946
9.637 79.958
9.63 79.982
9.628 79.984
9.62 79.983
9.612 79.975
9.611 79.97
segment Sri Lanka
9.645 80.007
9.645 80.009
9.643 80.013
9.641 80.014
9.639 80.015
9.639 80.013
9.641 80.01
9.643 80.007
9.645 80.007
segment Sri Lanka
9.644 80
9.633 80.006
9.634 80
9.639 79.996
9.641 79.994
9.645 79.997
9.644 80
segment Sri Lanka
9.628 79.992
9.629 79.993
9.63 79.996
9.63 79.999
9.63 80
9.628 80.003
9.627 80.006
9.619 80.002
9.608 80.006
9.602 80
9.6 79.999
9.596 79.986
9.603 79.968
9.605 79.966
9.607 79.966
9.605 79.971
9.605 79.977
9.606 79.981
9.609 79.983
9.609 79.986
9.612 79.988
9.615 79.986
9.622 79.988
9.628 79.992
segment Sri Lanka
9.466 80.013
9.473 80.011
9.481 80.005
9.486 80.006
9.486 80.01
9.48 80.017
9.477 80.019
9.467 80.015
9.466 80.013
segment Sri Lanka
9.279 79.976
9.286 79.971
9.292 79.971
9.296 79.977
9.306 79.984
9.304 79.987
9.287 79.99
9.284 79.992
9.283 79.991
9.285 79.987
9.281 79.983
9.279 79.976
segment Sri Lanka
9.27 80
9.282 79.998
9.287 79.999
9.287 80
9.287 80.003
9.286 80.005
9.281 80.007
9.269 80.004
9.266 80.003
9.267 80.001
9.27 80
