segment United Arab Emirates
24.94 52.854
24.941 52.858
24.927 52.865
24.921 52.863
24.923 52.859
24.93 52.857
24.936 52.851
24.94 52.854
segment United Arab Emirates
24.862 53.074
24.864 53.068
24.883 53.053
24.898 53.052
24.902 53.054
24.9 53.07
24.885 53.078
24.862 53.074
segment United Arab Emirates
24.832 54.725
24.832 54.721
24.837 54.723
24.842 54.731
24.844 54.74
24.841 54.742
24.839 54.74
24.837 54.733
24.832 54.725
segment United Arab Emirates
24.799 54.748
24.8 54.739
24.802 54.737
24.812 54.733
24.822 54.737
24.83 54.737
24.835 54.74
24.832 54.747
24.833 54.755
24.831 54.756
24.826 54.753
24.82 54.752
24.815 54.747
24.807 54.748
24.802 54.756
24.799 54.748
segment United Arab Emirates
24.797 52.558
24.802 52.564
24.802 52.569
24.799 52.575
24.787 52.581
24.776 52.574
24.777 52.569
24.794 52.558
24.797 52.558
segment United Arab Emirates
24.73 54.656
24.722 54.649
24.722 54.646
24.731 54.653
24.73 54.656
segment United Arab Emirates
24.665 54.585
24.648 54.565
24.646 54.56
24.648 54.558
24.663 54.573
24.665 54.582
24.678 54.599
24.677 54.601
24.672 54.603
24.67 54.602
24.665 54.585
segment United Arab Emirates
24.588 54.595
24.592 54.586
24.591 54.579
24.593 54.576
24.595 54.574
24.604 54.572
24.612 54.57
24.625 54.563
24.628 54.565
24.63 54.576
24.631 54.579
24.639 54.582
24.64 54.584
24.639 54.587
24.632 54.588
24.628 54.594
24.627 54.604
24.624 54.597
24.619 54.591
24.612 54.589
24.607 54.59
24.601 54.596
24.594 54.599
24.591 54.599
24.588 54.595
segment United Arab Emirates
24.605 54.549
24.608 54.536
24.605 54.529
24.605 54.528
24.604 54.518
24.605 54.507
24.607 54.499
24.612 54.495
24.614 54.497
24.614 54.512
24.619 54.52
24.631 54.531
24.634 54.539
24.633 54.543
24.63 54.546
24.626 54.545
24.618 54.535
24.616 54.536
24.611 54.548
24.608 54.55
24.605 54.549
segment United Arab Emirates
24.579 51.726
24.585 51.722
24.596 51.719
24.603 51.729
24.601 51.734
24.596 51.735
24.595 51.741
24.593 51.746
24.578 51.746
24.57 51.74
24.563 51.739
24.56 51.736
24.569 51.731
24.577 51.734
24.582 51.737
24.589 51.73
24.589 51.727
24.587 51.726
24.579 51.726
segment United Arab Emirates
24.507 54.451
24.513 54.431
24.516 54.427
24.524 54.406
24.528 54.401
24.53 54.402
24.534 54.407
24.538 54.417
24.553 54.438
24.563 54.446
24.581 54.461
24.585 54.466
24.582 54.468
24.578 54.467
24.572 54.461
24.567 54.46
24.558 54.451
24.538 54.448
24.533 54.444
24.532 54.438
24.53 54.437
24.527 54.438
24.517 54.452
24.512 54.454
24.508 54.453
24.507 54.451
segment United Arab Emirates
24.559 54.563
24.559 54.56
24.563 54.549
24.561 54.529
24.563 54.523
24.565 54.52
24.568 54.52
24.574 54.511
24.577 54.511
24.576 54.521
24.571 54.536
24.572 54.546
24.569 54.551
24.568 54.558
24.567 54.562
24.561 54.565
24.559 54.563
segment United Arab Emirates
24.568 54.473
24.568 54.466
24.571 54.466
24.572 54.478
24.57 54.482
24.568 54.481
24.568 54.473
segment United Arab Emirates
24.534 52.302
24.536 52.308
24.544 52.313
24.544 52.317
24.532 52.331
24.525 52.334
24.52 52.34
24.503 52.341
24.491 52.336
24.48 52.328
24.465 52.321
24.471 52.318
24.477 52.313
24.482 52.309
24.486 52.303
24.486 52.296
24.492 52.291
24.499 52.289
24.51 52.283
24.522 52.294
24.533 52.3
24.534 52.302
segment United Arab Emirates
24.53 54.518
24.529 54.512
24.534 54.509
24.54 54.511
24.54 54.515
24.544 54.521
24.543 54.527
24.54 54.528
24.534 54.525
24.53 54.518
segment United Arab Emirates
24.529 54.477
24.532 54.471
24.538 54.467
24.541 54.468
24.543 54.471
24.543 54.476
24.54 54.482
24.533 54.492
24.53 54.491
24.529 54.477
segment United Arab Emirates
24.442 54.435
24.441 54.444
24.434 54.464
24.432 54.463
24.433 54.457
24.431 54.457
24.426 54.472
24.422 54.477
24.415 54.479
24.408 54.477
24.407 54.475
24.406 54.473
24.406 54.468
24.413 54.457
24.42 54.441
24.419 54.43
24.417 54.414
24.419 54.409
24.426 54.398
24.433 54.374
24.442 54.358
24.451 54.348
24.456 54.338
24.46 54.316
24.464 54.318
24.477 54.335
24.488 54.344
24.495 54.355
24.512 54.371
24.521 54.374
24.524 54.375
24.526 54.378
24.523 54.384
24.518 54.389
24.511 54.382
24.496 54.381
24.482 54.384
24.465 54.392
24.46 54.392
24.456 54.394
24.446 54.409
24.442 54.421
24.442 54.433
24.442 54.435
segment United Arab Emirates
24.489 54.508
24.505 54.496
24.511 54.495
24.521 54.49
24.524 54.492
24.514 54.503
24.507 54.506
24.496 54.509
24.489 54.508
segment United Arab Emirates
24.472 51.742
24.473 51.739
24.485 51.734
24.488 51.734
24.49 51.737
24.484 51.745
24.477 51.746
24.474 51.745
24.472 51.742
segment United Arab Emirates
24.466 53.36
24.466 53.358
24.468 53.357
24.477 53.354
24.481 53.355
24.478 53.364
24.475 53.366
24.466 53.36
segment United Arab Emirates
24.454 54.531
24.463 54.509
24.471 54.497
24.475 54.498
24.472 54.506
24.471 54.52
24.468 54.528
24.462 54.536
24.458 54.538
24.455 54.536
24.454 54.531
segment United Arab Emirates
24.454 54.463
24.462 54.458
24.465 54.458
24.467 54.463
24.472 54.464
24.473 54.466
24.47 54.47
24.465 54.472
24.463 54.47
24.461 54.466
24.454 54.463
segment United Arab Emirates
24.432 54.497
24.435 54.494
24.437 54.496
24.442 54.502
24.443 54.508
24.441 54.509
24.438 54.508
24.432 54.501
24.432 54.497
segment United Arab Emirates
24.414 54.348
24.414 54.342
24.417 54.335
24.423 54.33
24.425 54.331
24.427 54.333
24.427 54.339
24.422 54.346
24.417 54.35
24.414 54.348
segment United Arab Emirates
24.396 53.427
24.403 53.422
24.414 53.417
24.421 53.417
24.422 53.418
24.421 53.429
24.418 53.437
24.404 53.438
24.396 53.427
segment United Arab Emirates
24.414 51.553
24.417 51.555
24.413 51.565
24.411 51.566
24.406 51.562
24.4 51.566
24.397 51.571
24.395 51.572
24.394 51.57
24.396 51.565
24.402 51.558
24.402 51.552
24.397 51.546
24.399 51.544
24.402 51.543
24.407 51.545
24.414 51.553
segment United Arab Emirates
24.397 51.576
24.399 51.574
24.407 51.576
24.411 51.574
24.414 51.575
24.413 51.579
24.411 51.581
24.397 51.576
segment United Arab Emirates
24.407 54.371
24.407 54.367
24.411 54.362
24.414 54.362
24.413 54.37
24.409 54.373
24.407 54.371
segment United Arab Emirates
24.412 54.238
24.411 54.249
24.408 54.252
24.397 54.239
24.39 54.236
24.386 54.238
24.384 54.237
24.362 54.26
24.356 54.26
24.354 54.258
24.352 54.255
24.355 54.247
24.368 54.223
24.368 54.221
24.368 54.217
24.375 54.191
24.38 54.178
24.382 54.177
24.384 54.18
24.385 54.195
24.391 54.212
24.395 54.218
24.411 54.234
24.412 54.238
segment United Arab Emirates
24.379 54.294
24.382 54.288
24.385 54.285
24.396 54.287
24.398 54.29
24.394 54.304
24.386 54.31
24.381 54.318
24.369 54.331
24.361 54.343
24.357 54.344
24.353 54.339
24.352 54.334
24.343 54.325
24.325 54.319
24.323 54.317
24.322 54.305
24.326 54.3
24.334 54.295
24.335 54.3
24.33 54.308
24.333 54.313
24.334 54.314
24.34 54.317
24.361 54.312
24.372 54.305
24.376 54.299
24.379 54.294
segment United Arab Emirates
24.396 51.513
24.388 51.514
24.383 51.512
24.392 51.508
24.394 51.509
24.396 51.513
segment United Arab Emirates
24.363 54.28
24.364 54.276
24.372 54.268
24.374 54.269
24.371 54.28
24.366 54.282
24.363 54.28
segment United Arab Emirates
24.359 53.113
24.362 53.11
24.367 53.107
24.372 53.109
24.373 53.112
24.371 53.115
24.366 53.118
24.359 53.113
segment United Arab Emirates
24.259 54.231
24.259 54.225
24.261 54.218
24.268 54.211
24.282 54.203
24.294 54.193
24.301 54.184
24.304 54.168
24.307 54.164
24.309 54.163
24.318 54.16
24.324 54.161
24.326 54.164
24.34 54.192
24.346 54.2
24.358 54.208
24.357 54.212
24.318 54.248
24.309 54.259
24.302 54.265
24.28 54.288
24.274 54.291
24.27 54.289
24.267 54.282
24.267 54.272
24.268 54.264
24.274 54.252
24.275 54.247
24.274 54.244
24.259 54.231
segment United Arab Emirates
24.349 52.586
24.352 52.59
24.353 52.593
24.351 52.599
24.352 52.604
24.357 52.608
24.354 52.614
24.356 52.617
24.356 52.622
24.353 52.626
24.349 52.639
24.343 52.648
24.332 52.652
24.312 52.652
24.294 52.648
24.288 52.64
24.286 52.636
24.268 52.631
24.267 52.629
24.268 52.626
24.275 52.628
24.278 52.626
24.273 52.616
24.267 52.615
24.265 52.611
24.261 52.61
24.255 52.605
24.26 52.601
24.264 52.593
24.286 52.577
24.299 52.572
24.306 52.57
24.328 52.572
24.34 52.577
24.349 52.586
segment United Arab Emirates
24.33 53.8
24.331 53.797
24.333 53.794
24.336 53.794
24.345 53.804
24.345 53.811
24.338 53.811
24.334 53.807
24.33 53.8
segment United Arab Emirates
24.315 53.09
24.324 53.071
24.328 53.069
24.333 53.068
24.339 53.071
24.342 53.076
24.343 53.082
24.34 53.086
24.329 53.088
24.319 53.093
24.316 53.093
24.315 53.09
segment United Arab Emirates
24.295 53.594
24.296 53.591
24.304 53.59
24.31 53.591
24.316 53.597
24.322 53.607
24.319 53.615
24.311 53.622
24.305 53.625
24.302 53.625
24.295 53.594
segment United Arab Emirates
24.264 53.327
24.27 53.317
24.277 53.311
24.295 53.309
24.298 53.305
24.298 53.3
24.295 53.299
24.29 53.3
24.286 53.298
24.285 53.293
24.289 53.28
24.287 53.267
24.286 53.267
24.277 53.263
24.272 53.258
24.269 53.248
24.27 53.241
24.282 53.223
24.284 53.222
24.284 53.226
24.286 53.228
24.291 53.218
24.293 53.218
24.295 53.221
24.295 53.228
24.299 53.246
24.307 53.273
24.309 53.277
24.31 53.292
24.307 53.312
24.316 53.322
24.315 53.331
24.304 53.341
24.302 53.339
24.306 53.334
24.289 53.324
24.281 53.322
24.264 53.327
segment United Arab Emirates
24.309 51.66
24.315 51.662
24.311 51.666
24.303 51.669
24.295 51.67
24.287 51.68
24.285 51.678
24.277 51.68
24.275 51.676
24.287 51.666
24.295 51.667
24.3 51.66
24.305 51.659
24.309 51.66
segment United Arab Emirates
24.295 53.775
24.297 53.759
24.299 53.752
24.305 53.746
24.307 53.747
24.312 53.753
24.315 53.76
24.314 53.763
24.314 53.789
24.311 53.802
24.308 53.805
24.303 53.801
24.301 53.795
24.303 53.79
24.302 53.784
24.295 53.775
segment United Arab Emirates
24.285 53.202
24.286 53.195
24.29 53.188
24.297 53.181
24.304 53.178
24.308 53.179
24.311 53.181
24.313 53.186
24.297 53.207
24.293 53.208
24.29 53.207
24.285 53.202
segment United Arab Emirates
24.263 53.356
24.265 53.352
24.268 53.352
24.279 53.362
24.282 53.367
24.28 53.378
24.278 53.38
24.276 53.378
24.263 53.359
24.263 53.356
segment United Arab Emirates
24.14 53.873
24.149 53.851
24.153 53.847
24.159 53.853
24.174 53.847
24.178 53.844
24.181 53.838
24.183 53.832
24.181 53.83
24.162 53.825
24.156 53.825
24.135 53.821
24.132 53.818
24.129 53.81
24.128 53.799
24.129 53.783
24.125 53.776
24.124 53.771
24.128 53.761
24.128 53.751
24.128 53.745
24.13 53.737
24.132 53.724
24.135 53.716
24.149 53.695
24.16 53.672
24.16 53.669
24.155 53.662
24.15 53.635
24.153 53.63
24.156 53.627
24.162 53.619
24.166 53.616
24.169 53.617
24.187 53.645
24.204 53.68
24.228 53.715
24.236 53.726
24.237 53.734
24.232 53.759
24.232 53.768
24.249 53.797
24.25 53.802
24.25 53.807
24.246 53.816
24.248 53.821
24.247 53.826
24.259 53.829
24.26 53.831
24.271 53.842
24.272 53.847
24.267 53.865
24.265 53.869
24.262 53.871
24.259 53.87
24.259 53.865
24.262 53.857
24.261 53.852
24.259 53.85
24.254 53.849
24.245 53.853
24.227 53.865
24.223 53.869
24.22 53.883
24.218 53.886
24.211 53.9
24.212 53.926
24.21 53.933
24.206 53.939
24.195 53.951
24.18 53.962
24.177 53.963
24.172 53.96
24.164 53.954
24.151 53.955
24.144 53.952
24.14 53.946
24.136 53.931
24.131 53.92
24.131 53.908
24.132 53.898
24.14 53.873
segment United Arab Emirates
24.229 54.131
24.233 54.115
24.235 54.111
24.25 54.1
24.251 54.101
24.251 54.105
24.245 54.112
24.242 54.12
24.231 54.133
24.229 54.131
segment United Arab Emirates
24.203 52.018
24.203 52.016
24.208 52.013
24.21 52.01
24.208 52.009
24.207 52.005
24.21 52.004
24.224 52.009
24.236 52.008
24.245 52.013
24.25 52.022
24.25 52.026
24.248 52.03
24.244 52.031
24.24 52.034
24.234 52.032
24.225 52.034
24.214 52.029
24.21 52.022
24.203 52.018
segment United Arab Emirates
24.231 54.106
24.232 54.098
24.237 54.092
24.242 54.092
24.241 54.097
24.235 54.106
24.232 54.108
24.231 54.106
segment United Arab Emirates
24.192 54.113
24.193 54.106
24.218 54.07
24.225 54.066
24.23 54.068
24.229 54.09
24.22 54.098
24.214 54.109
24.2 54.12
24.194 54.118
24.192 54.113
segment United Arab Emirates
24.195 53.421
24.198 53.413
24.197 53.394
24.198 53.389
24.208 53.379
24.213 53.379
24.218 53.381
24.219 53.409
24.207 53.414
24.198 53.422
24.195 53.421
segment United Arab Emirates
24.181 54.079
24.183 54.076
24.193 54.074
24.197 54.072
24.208 54.059
24.211 54.061
24.208 54.075
24.196 54.095
24.192 54.097
24.187 54.095
24.182 54.084
24.181 54.079
segment United Arab Emirates
24.187 53.531
24.19 53.527
24.198 53.523
24.204 53.525
24.201 53.531
24.191 53.535
24.187 53.535
24.187 53.531
segment United Arab Emirates
24.164 54.061
24.164 54.054
24.174 54.045
24.177 54.039
24.176 54.032
24.175 54.023
24.178 54.018
24.186 54.013
24.191 54.012
24.193 54.018
24.199 54.023
24.197 54.039
24.203 54.04
24.197 54.053
24.197 54.065
24.189 54.066
24.175 54.074
24.172 54.072
24.168 54.068
24.164 54.061
segment United Arab Emirates
24.158 52.004
24.162 52.001
24.162 51.995
24.199 52.001
24.198 52.005
24.194 52.008
24.19 52.007
24.186 52.009
24.179 52.006
24.177 52.007
24.178 52.013
24.173 52.01
24.17 52.01
24.161 52.013
24.158 52.011
24.158 52.004
segment United Arab Emirates
24.155 53.03
24.157 53.026
24.159 53.027
24.163 53.05
24.161 53.052
24.158 53.05
24.155 53.03
segment United Arab Emirates
24.142 53.018
24.142 53.016
24.148 53.008
24.153 53.005
24.158 53.005
24.159 53.009
24.153 53.015
24.145 53.02
24.142 53.018
segment United Arab Emirates
24.148 54.049
24.151 54.031
24.156 54.026
24.158 54.028
24.153 54.05
24.151 54.053
24.148 54.049
segment United Arab Emirates
24.115 53.282
24.119 53.276
24.118 53.259
24.12 53.255
24.124 53.253
24.132 53.255
24.135 53.262
24.136 53.271
24.131 53.276
24.125 53.28
24.117 53.284
24.115 53.282
segment United Arab Emirates
24.108 52.438
24.115 52.449
24.114 52.456
24.112 52.457
24.101 52.454
24.094 52.455
24.093 52.451
24.098 52.444
24.103 52.443
24.108 52.438
segment United Arab Emirates
25.209 54.237
25.216 54.222
25.216 54.206
25.218 54.203
25.227 54.199
25.234 54.2
25.24 54.202
25.244 54.206
25.246 54.21
25.247 54.22
25.245 54.227
25.238 54.234
25.231 54.237
25.221 54.236
25.209 54.237
segment United Arab Emirates
25.153 52.876
25.154 52.882
25.15 52.889
25.137 52.889
25.134 52.886
25.137 52.878
25.149 52.874
25.153 52.876
segment United Arab Emirates
25.821 55.962
25.821 55.959
25.829 55.964
25.836 55.971
25.835 55.974
25.826 55.967
25.821 55.962
segment United Arab Emirates
25.72 55.816
25.724 55.83
25.738 55.864
25.738 55.87
25.733 55.868
25.73 55.863
25.717 55.832
25.714 55.805
25.716 55.804
25.717 55.807
25.718 55.809
25.72 55.816
segment United Arab Emirates
25.709 55.796
25.706 55.788
25.695 55.775
25.697 55.773
25.701 55.775
25.717 55.791
25.718 55.795
25.709 55.796
segment United Arab Emirates
25.618 55.621
25.627 55.659
25.633 55.672
25.643 55.683
25.643 55.685
25.64 55.685
25.632 55.679
25.623 55.67
25.622 55.667
25.621 55.653
25.612 55.647
25.616 55.64
25.613 55.638
25.608 55.633
25.605 55.638
25.598 55.635
25.599 55.629
25.594 55.631
25.593 55.629
25.597 55.621
25.605 55.624
25.606 55.62
25.603 55.613
25.603 55.603
25.597 55.601
25.593 55.598
25.59 55.592
25.589 55.588
25.591 55.587
25.609 55.599
25.613 55.604
25.61 55.607
25.611 55.612
25.614 55.626
25.615 55.626
25.618 55.621
segment United Arab Emirates
25.583 55.627
25.589 55.616
25.592 55.616
25.591 55.623
25.587 55.626
25.583 55.627
segment United Arab Emirates
25.573 55.603
25.576 55.602
25.584 55.606
25.587 55.61
25.584 55.612
25.58 55.611
25.574 55.606
25.573 55.603
segment United Arab Emirates
25.56 55.573
25.567 55.57
25.571 55.572
25.572 55.577
25.569 55.579
25.56 55.573
segment United Arab Emirates
25.552 55.606
25.554 55.601
25.558 55.601
25.561 55.603
25.561 55.608
25.557 55.61
25.552 55.606
segment United Arab Emirates
25.535 55.58
25.538 55.576
25.543 55.576
25.553 55.579
25.553 55.583
25.548 55.585
25.535 55.58
segment United Arab Emirates
25.427 55.447
25.428 55.444
25.475 55.484
25.472 55.485
25.463 55.481
25.443 55.467
25.432 55.456
25.427 55.447
segment United Arab Emirates
26.076 56.089
26.072 56.112
26.079 56.132
26.075 56.158
26.063 56.169
26.04 56.174
26.018 56.17
25.997 56.17
25.98 56.175
25.907 56.164
25.894 56.157
25.893 56.157
25.882 56.159
25.84 56.145
25.824 56.142
25.806 56.143
25.772 56.157
25.77 56.158
25.752 56.151
25.725 56.147
25.672 56.149
25.664 56.151
25.655 56.158
25.652 56.162
25.617 56.2
25.607 56.223
25.606 56.229
25.611 56.241
25.63 56.264
25.622 56.267
25.616 56.273
25.612 56.279
25.613 56.303
25.601 56.337
25.596 56.343
25.59 56.348
25.582 56.348
25.569 56.346
25.559 56.348
25.522 56.36
25.518 56.361
25.487 56.355
25.475 56.356
25.445 56.353
25.432 56.356
25.421 56.359
25.414 56.359
25.395 56.358
25.384 56.356
25.377 56.353
25.372 56.346
25.368 56.345
25.356 56.349
25.351 56.354
25.351 56.36
25.357 56.364
25.352 56.367
25.346 56.367
25.342 56.374
25.335 56.373
25.328 56.375
25.317 56.373
25.275 56.367
25.234 56.358
25.228 56.358
25.163 56.354
25.133 56.356
25.075 56.361
25.031 56.365
25.02 56.36
25.019 56.356
25.022 56.354
25.022 56.351
25.014 56.352
25.013 56.355
25.007 56.357
25 56.36
24.997 56.363
25 56.364
25.002 56.365
25.007 56.363
25.012 56.364
25.013 56.366
25 56.368
24.978 56.375
24.978 56.372
24.977 56.362
24.976 56.354
24.972 56.343
24.965 56.338
24.957 56.336
24.944 56.337
24.926 56.34
24.914 56.341
24.906 56.342
24.899 56.341
24.892 56.336
24.888 56.328
24.886 56.319
24.884 56.313
24.882 56.306
24.881 56.297
24.876 56.295
24.868 56.293
24.863 56.289
24.859 56.286
24.852 56.28
24.848 56.276
24.846 56.269
24.843 56.259
24.838 56.246
24.836 56.237
24.834 56.229
24.835 56.224
24.835 56.22
24.835 56.211
24.834 56.205
24.83 56.2
24.825 56.194
24.816 56.189
24.805 56.186
24.794 56.186
24.786 56.184
24.781 56.182
24.777 56.18
24.775 56.17
24.773 56.163
24.771 56.158
24.768 56.156
24.762 56.154
24.754 56.152
24.745 56.15
24.742 56.144
24.739 56.136
24.737 56.13
24.734 56.12
24.736 56.107
24.737 56.098
24.736 56.089
24.738 56.083
24.74 56.076
24.741 56.067
24.747 56.061
24.752 56.054
24.761 56.053
24.762 56.051
24.767 56.054
24.77 56.052
24.774 56.046
24.782 56.039
24.79 56.035
24.796 56.031
24.803 56.028
24.809 56.026
24.814 56.027
24.821 56.027
24.828 56.027
24.831 56.025
24.836 56.018
24.842 56.011
24.847 56.004
24.852 55.998
24.859 55.992
24.867 55.987
24.873 55.984
24.879 55.982
24.884 55.984
24.888 55.988
24.892 55.999
24.892 56.006
24.89 56.015
24.884 56.027
24.879 56.032
24.873 56.04
24.869 56.046
24.865 56.053
24.868 56.055
24.872 56.053
24.879 56.048
24.893 56.043
24.909 56.043
24.922 56.042
24.934 56.04
24.943 56.038
24.953 56.033
24.964 56.027
24.97 56.017
24.979 55.995
24.98 55.976
24.983 55.958
24.981 55.948
24.98 55.935
24.976 55.925
24.971 55.915
24.966 55.904
24.961 55.895
24.956 55.884
24.949 55.874
24.944 55.866
24.938 55.861
24.93 55.854
24.925 55.851
24.917 55.843
24.907 55.836
24.9 55.829
24.892 55.823
24.884 55.816
24.876 55.811
24.867 55.808
24.859 55.807
24.847 55.806
24.835 55.808
24.823 55.81
24.813 55.813
24.803 55.814
24.794 55.816
24.784 55.818
24.776 55.822
24.768 55.824
24.761 55.824
24.753 55.824
24.742 55.82
24.735 55.819
24.724 55.817
24.715 55.82
24.7 55.823
24.691 55.828
24.681 55.832
24.674 55.836
24.668 55.839
24.661 55.841
24.657 55.843
24.651 55.842
24.646 55.839
24.64 55.834
24.633 55.826
24.629 55.82
24.623 55.813
24.618 55.813
24.611 55.813
24.6 55.814
24.594 55.816
24.59 55.816
24.585 55.814
24.581 55.808
24.577 55.799
24.575 55.794
24.57 55.788
24.564 55.786
24.556 55.785
24.54 55.79
24.529 55.79
24.514 55.797
24.494 55.797
24.477 55.797
24.463 55.798
24.455 55.796
24.448 55.795
24.44 55.795
24.432 55.797
24.428 55.804
24.422 55.812
24.413 55.822
24.407 55.828
24.401 55.833
24.389 55.835
24.378 55.836
24.369 55.836
24.36 55.837
24.353 55.837
24.343 55.835
24.334 55.835
24.328 55.829
24.321 55.826
24.312 55.818
24.307 55.814
24.298 55.808
24.287 55.801
24.274 55.791
24.263 55.787
24.252 55.784
24.24 55.78
24.234 55.78
24.23 55.783
24.227 55.789
24.225 55.797
24.225 55.812
24.227 55.828
24.224 55.835
24.221 55.843
24.217 55.849
24.213 55.858
24.212 55.865
24.214 55.872
24.22 55.882
24.225 55.894
24.23 55.904
24.234 55.913
24.235 55.924
24.235 55.939
24.236 55.95
24.23 55.956
24.226 55.959
24.216 55.958
24.21 55.96
24.206 55.961
24.201 55.965
24.196 55.972
24.189 55.973
24.181 55.974
24.169 55.976
24.16 55.977
24.15 55.978
24.139 55.987
24.127 55.998
24.117 56.004
24.112 56.007
24.102 56.012
24.097 56.016
24.089 56.021
24.084 56.023
24.076 56.024
24.072 56.018
24.069 56.008
24.059 55.969
24.043 55.901
24.027 55.868
24.017 55.845
24.013 55.837
24.009 55.827
24.01 55.817
24.017 55.808
24.026 55.793
24.034 55.788
24.035 55.778
24.031 55.768
24.026 55.757
24.023 55.747
24.021 55.735
24.022 55.725
24.026 55.711
24.028 55.678
24.028 55.659
24.029 55.642
24.025 55.63
24.02 55.617
24.015 55.609
24.009 55.601
24.003 55.594
24 55.588
24 55.6
24 55.602
23.992 55.583
23.984 55.564
23.981 55.552
23.975 55.544
23.971 55.53
23.97 55.518
23.969 55.504
23.968 55.493
23.965 55.481
23.946 55.483
23.933 55.486
23.927 55.494
23.922 55.503
23.914 55.515
23.907 55.528
23.902 55.543
23.896 55.551
23.891 55.561
23.883 55.566
23.872 55.569
23.855 55.568
23.836 55.566
23.822 55.565
23.811 55.567
23.803 55.568
23.795 55.569
23.787 55.571
23.779 55.572
23.769 55.572
23.759 55.568
23.75 55.563
23.74 55.555
23.725 55.542
23.712 55.529
23.701 55.52
23.689 55.512
23.673 55.505
23.662 55.5
23.645 55.495
23.623 55.495
23.611 55.493
23.601 55.492
23.592 55.49
23.584 55.488
23.567 55.482
23.549 55.477
23.54 55.472
23.531 55.464
23.521 55.449
23.51 55.436
23.5 55.426
23.49 55.417
23.482 55.41
23.472 55.404
23.458 55.402
23.447 55.399
23.432 55.396
23.408 55.392
23.379 55.384
23.358 55.378
23.335 55.373
23.314 55.365
23.301 55.36
23.288 55.355
23.276 55.351
23.268 55.347
23.259 55.342
23.251 55.335
23.242 55.328
23.233 55.322
23.221 55.318
23.211 55.314
23.2 55.303
23.185 55.292
23.163 55.28
23.147 55.27
23.138 55.261
23.128 55.256
23.119 55.25
23.111 55.247
23.104 55.245
23.093 55.244
23.087 55.241
23.074 55.241
23.065 55.243
23.054 55.235
23.039 55.228
23.022 55.221
23.012 55.219
22.998 55.219
22.989 55.219
22.977 55.219
22.968 55.219
22.961 55.22
22.95 55.218
22.941 55.216
22.929 55.215
22.921 55.216
22.911 55.218
22.9 55.219
22.886 55.219
22.867 55.221
22.857 55.221
22.84 55.222
22.82 55.223
22.811 55.224
22.791 55.22
22.775 55.218
22.742 55.211
22.73 55.208
22.724 55.207
22.715 55.209
22.709 55.211
22.698 55.212
22.647 55.16
22.625 55.137
22.497 55.007
22.498 55
23.001 52.001
23.863 51.752
24 51.537
24.055 51.455
24.127 51.342
24.198 51.229
24.269 51.116
24.27 51.116
24.396 51.114
24.483 51.113
24.548 51.191
24.609 51.262
24.608 51.265
24.613 51.274
24.612 51.278
24.606 51.282
24.612 51.291
24.611 51.293
24.607 51.29
24.601 51.291
24.599 51.296
24.6 51.3
24.597 51.303
24.587 51.306
24.59 51.314
24.598 51.315
24.598 51.317
24.595 51.32
24.588 51.323
24.583 51.315
24.566 51.308
24.544 51.311
24.537 51.309
24.525 51.31
24.517 51.303
24.514 51.303
24.505 51.306
24.501 51.31
24.502 51.311
24.502 51.313
24.503 51.319
24.51 51.328
24.512 51.335
24.52 51.341
24.523 51.349
24.527 51.353
24.53 51.357
24.532 51.358
24.534 51.355
24.541 51.36
24.544 51.357
24.547 51.355
24.56 51.365
24.567 51.373
24.569 51.384
24.572 51.39
24.592 51.408
24.599 51.41
24.607 51.411
24.613 51.406
24.618 51.406
24.619 51.407
24.62 51.417
24.614 51.417
24.608 51.421
24.61 51.427
24.609 51.434
24.605 51.438
24.612 51.442
24.617 51.44
24.618 51.442
24.617 51.451
24.601 51.462
24.598 51.46
24.59 51.462
24.583 51.458
24.578 51.46
24.576 51.463
24.577 51.467
24.579 51.47
24.585 51.469
24.586 51.48
24.586 51.484
24.592 51.488
24.588 51.492
24.579 51.494
24.573 51.499
24.572 51.502
24.574 51.506
24.568 51.512
24.565 51.512
24.561 51.504
24.561 51.496
24.558 51.493
24.55 51.493
24.551 51.49
24.554 51.49
24.555 51.484
24.552 51.48
24.554 51.476
24.553 51.473
24.555 51.464
24.542 51.454
24.529 51.453
24.526 51.445
24.532 51.443
24.533 51.439
24.53 51.433
24.528 51.43
24.52 51.425
24.511 51.422
24.502 51.425
24.49 51.419
24.486 51.409
24.475 51.403
24.472 51.401
24.471 51.395
24.465 51.39
24.457 51.386
24.459 51.381
24.459 51.377
24.456 51.37
24.449 51.364
24.439 51.348
24.425 51.335
24.419 51.331
24.408 51.328
24.381 51.32
24.377 51.319
24.371 51.32
24.367 51.317
24.347 51.314
24.342 51.312
24.343 51.308
24.35 51.306
24.348 51.302
24.345 51.3
24.335 51.298
24.31 51.298
24.296 51.3
24.285 51.306
24.282 51.313
24.286 51.324
24.284 51.329
24.285 51.337
24.281 51.357
24.281 51.367
24.286 51.374
24.295 51.384
24.298 51.384
24.308 51.391
24.315 51.404
24.316 51.414
24.319 51.417
24.313 51.434
24.314 51.449
24.317 51.452
24.31 51.458
24.307 51.463
24.308 51.479
24.302 51.484
24.301 51.484
24.299 51.494
24.302 51.497
24.291 51.503
24.288 51.509
24.279 51.515
24.275 51.52
24.246 51.541
24.24 51.548
24.238 51.554
24.239 51.577
24.24 51.583
24.249 51.605
24.252 51.607
24.26 51.606
24.266 51.607
24.268 51.611
24.271 51.613
24.275 51.613
24.278 51.609
24.297 51.606
24.306 51.6
24.317 51.602
24.327 51.6
24.334 51.605
24.339 51.603
24.342 51.602
24.346 51.599
24.348 51.594
24.353 51.592
24.356 51.593
24.361 51.6
24.369 51.6
24.373 51.602
24.374 51.605
24.373 51.607
24.369 51.605
24.364 51.61
24.363 51.615
24.362 51.614
24.352 51.617
24.348 51.621
24.348 51.627
24.323 51.64
24.319 51.638
24.312 51.642
24.308 51.644
24.305 51.645
24.298 51.641
24.282 51.641
24.276 51.637
24.268 51.636
24.258 51.638
24.252 51.637
24.244 51.642
24.222 51.642
24.207 51.646
24.204 51.644
24.203 51.639
24.197 51.638
24.195 51.641
24.194 51.641
24.193 51.646
24.197 51.653
24.203 51.657
24.207 51.664
24.215 51.671
24.222 51.673
24.227 51.678
24.246 51.681
24.257 51.673
24.267 51.676
24.268 51.681
24.266 51.684
24.25 51.691
24.244 51.695
24.241 51.697
24.237 51.695
24.23 51.698
24.222 51.697
24.206 51.7
24.203 51.709
24.199 51.712
24.201 51.72
24.203 51.724
24.208 51.727
24.213 51.728
24.227 51.723
24.24 51.723
24.245 51.724
24.248 51.729
24.257 51.735
24.258 51.735
24.26 51.736
24.263 51.74
24.27 51.743
24.277 51.751
24.283 51.751
24.278 51.763
24.275 51.765
24.274 51.768
24.276 51.77
24.269 51.777
24.264 51.785
24.254 51.79
24.236 51.782
24.227 51.785
24.218 51.791
24.214 51.788
24.204 51.78
24.193 51.782
24.186 51.787
24.174 51.775
24.169 51.774
24.162 51.777
24.15 51.773
24.148 51.775
24.144 51.773
24.134 51.775
24.133 51.781
24.125 51.778
24.117 51.781
24.111 51.787
24.106 51.787
24.103 51.787
24.077 51.795
24.062 51.793
24.046 51.788
24.017 51.797
24.005 51.806
24.002 51.806
24 51.816
23.986 51.836
23.982 51.85
23.981 51.853
23.982 51.87
23.98 51.877
23.979 51.882
23.978 51.905
23.975 51.916
23.969 51.924
23.952 51.925
23.952 51.926
23.949 51.93
23.95 51.936
23.955 51.948
23.961 51.949
23.972 51.948
23.975 51.946
23.974 51.939
23.989 51.93
23.995 51.935
23.996 51.95
23.996 51.955
23.994 51.958
23.988 51.96
23.985 51.965
23.987 51.986
23.983 51.995
23.982 52.02
23.984 52.022
23.989 52.022
23.989 52.025
23.973 52.034
23.96 52.061
23.955 52.079
23.949 52.087
23.949 52.092
23.954 52.096
23.958 52.099
23.962 52.104
23.97 52.099
23.968 52.112
23.962 52.129
23.959 52.141
23.959 52.156
23.965 52.211
23.976 52.25
23.98 52.271
23.989 52.291
23.993 52.317
23.995 52.32
24 52.324
24.004 52.337
24.01 52.343
24.016 52.357
24.021 52.361
24.033 52.387
24.038 52.403
24.039 52.415
24.043 52.425
24.049 52.433
24.053 52.444
24.067 52.463
24.081 52.466
24.089 52.46
24.089 52.466
24.086 52.47
24.086 52.475
24.092 52.484
24.092 52.497
24.096 52.512
24.1 52.52
24.109 52.53
24.124 52.571
24.125 52.573
24.131 52.581
24.14 52.578
24.143 52.574
24.154 52.577
24.169 52.579
24.174 52.577
24.177 52.577
24.179 52.584
24.187 52.595
24.19 52.601
24.189 52.617
24.176 52.64
24.173 52.639
24.172 52.638
24.172 52.632
24.155 52.647
24.158 52.646
24.16 52.651
24.153 52.662
24.132 52.674
24.127 52.674
24.125 52.676
24.127 52.677
24.132 52.689
24.137 52.686
24.138 52.69
24.139 52.7
24.141 52.706
24.138 52.72
24.135 52.721
24.133 52.739
24.131 52.742
24.131 52.752
24.128 52.755
24.128 52.762
24.121 52.764
24.119 52.774
24.119 52.78
24.125 52.801
24.126 52.809
24.129 52.817
24.135 52.825
24.136 52.833
24.136 52.836
24.137 52.843
24.13 52.855
24.124 52.864
24.122 52.873
24.125 52.887
24.135 52.912
24.134 52.917
24.137 52.921
24.13 52.927
24.125 52.933
24.125 52.944
24.13 52.959
24.139 52.976
24.147 52.982
24.148 52.984
24.139 52.997
24.137 53
24.134 53.018
24.13 53.027
24.125 53.036
24.125 53.028
24.122 53.028
24.12 53.034
24.12 53.046
24.134 53.095
24.134 53.121
24.137 53.124
24.145 53.126
24.15 53.126
24.152 53.126
24.16 53.123
24.164 53.124
24.167 53.129
24.168 53.136
24.163 53.152
24.145 53.19
24.141 53.197
24.132 53.205
24.121 53.21
24.101 53.221
24.097 53.229
24.093 53.241
24.091 53.257
24.091 53.262
24.089 53.271
24.08 53.281
24.082 53.288
24.09 53.302
24.095 53.309
24.102 53.31
24.113 53.31
24.105 53.327
24.099 53.34
24.104 53.349
24.108 53.357
24.11 53.365
24.11 53.399
24.112 53.407
24.115 53.415
24.125 53.428
24.126 53.432
24.122 53.446
24.119 53.452
24.111 53.455
24.106 53.459
24.103 53.469
24.09 53.52
24.075 53.544
24.063 53.558
24.051 53.567
24.047 53.571
24.045 53.578
24.044 53.585
24.044 53.595
24.046 53.649
24.05 53.671
24.064 53.701
24.058 53.717
24.055 53.727
24.057 53.764
24.051 53.793
24.052 53.809
24.06 53.826
24.06 53.832
24.057 53.839
24.058 53.851
24.059 53.882
24.062 53.892
24.071 53.904
24.072 53.918
24.076 53.927
24.075 53.936
24.084 53.945
24.093 53.978
24.094 53.98
24.096 53.998
24.101 54.011
24.103 54.012
24.105 54.021
24.11 54.034
24.115 54.054
24.125 54.073
24.126 54.09
24.136 54.109
24.146 54.129
24.151 54.138
24.159 54.163
24.163 54.168
24.173 54.16
24.182 54.168
24.187 54.177
24.19 54.181
24.193 54.189
24.197 54.198
24.203 54.2
24.213 54.184
24.225 54.177
24.226 54.17
24.232 54.157
24.243 54.146
24.254 54.14
24.259 54.132
24.26 54.116
24.264 54.109
24.265 54.108
24.267 54.107
24.273 54.094
24.276 54.093
24.282 54.093
24.285 54.091
24.292 54.084
24.294 54.085
24.297 54.087
24.307 54.106
24.323 54.129
24.327 54.135
24.326 54.143
24.324 54.144
24.316 54.141
24.311 54.142
24.305 54.146
24.294 54.158
24.282 54.164
24.253 54.191
24.233 54.215
24.215 54.24
24.21 54.247
24.217 54.251
24.209 54.254
24.208 54.256
24.216 54.258
24.22 54.263
24.221 54.274
24.223 54.291
24.225 54.294
24.227 54.296
24.232 54.292
24.239 54.293
24.237 54.3
24.237 54.301
24.229 54.304
24.229 54.307
24.226 54.312
24.225 54.322
24.227 54.329
24.226 54.341
24.228 54.356
24.23 54.359
24.234 54.358
24.241 54.347
24.246 54.346
24.247 54.351
24.244 54.355
24.242 54.366
24.258 54.383
24.259 54.385
24.272 54.411
24.285 54.429
24.315 54.445
24.317 54.448
24.348 54.454
24.355 54.458
24.359 54.456
24.374 54.46
24.381 54.467
24.387 54.476
24.388 54.483
24.386 54.49
24.379 54.499
24.379 54.5
24.379 54.504
24.382 54.507
24.39 54.505
24.396 54.497
24.398 54.489
24.403 54.484
24.421 54.486
24.425 54.499
24.425 54.509
24.421 54.523
24.431 54.526
24.433 54.529
24.432 54.531
24.425 54.536
24.422 54.541
24.423 54.543
24.428 54.547
24.438 54.551
24.454 54.574
24.476 54.59
24.479 54.591
24.486 54.587
24.499 54.563
24.507 54.543
24.515 54.525
24.518 54.521
24.521 54.523
24.521 54.531
24.516 54.547
24.513 54.551
24.512 54.579
24.515 54.587
24.526 54.599
24.549 54.607
24.561 54.62
24.583 54.627
24.59 54.629
24.595 54.629
24.6 54.628
24.603 54.622
24.601 54.605
24.604 54.602
24.607 54.6
24.614 54.604
24.615 54.608
24.617 54.611
24.622 54.641
24.627 54.649
24.633 54.654
24.636 54.651
24.64 54.642
24.644 54.637
24.645 54.637
24.646 54.638
24.648 54.639
24.651 54.658
24.655 54.673
24.659 54.679
24.662 54.68
24.667 54.677
24.672 54.66
24.675 54.657
24.678 54.658
24.692 54.674
24.694 54.676
24.697 54.675
24.698 54.672
24.691 54.666
24.69 54.663
24.694 54.661
24.699 54.661
24.705 54.661
24.721 54.658
24.728 54.66
24.737 54.669
24.739 54.67
24.739 54.665
24.736 54.655
24.729 54.645
24.731 54.644
24.748 54.667
24.759 54.695
24.762 54.693
24.762 54.689
24.742 54.653
24.735 54.646
24.736 54.643
24.734 54.638
24.736 54.636
24.738 54.638
24.755 54.664
24.776 54.686
24.781 54.689
24.791 54.696
24.805 54.698
24.808 54.701
24.808 54.703
24.802 54.712
24.797 54.729
24.794 54.737
24.786 54.744
24.778 54.745
24.771 54.741
24.771 54.745
24.773 54.747
24.775 54.754
24.779 54.756
24.791 54.749
24.794 54.749
24.793 54.76
24.799 54.764
24.8 54.772
24.804 54.773
24.81 54.768
24.815 54.771
24.817 54.777
24.818 54.783
24.82 54.783
24.824 54.78
24.824 54.777
24.819 54.768
24.82 54.766
24.822 54.764
24.827 54.766
24.828 54.771
24.834 54.775
24.837 54.773
24.833 54.764
24.834 54.759
24.838 54.759
24.843 54.766
24.846 54.775
24.848 54.777
24.854 54.801
24.858 54.808
24.86 54.813
24.869 54.828
24.888 54.85
24.903 54.879
24.915 54.899
24.933 54.918
24.945 54.93
24.962 54.958
24.966 54.967
24.967 54.979
24.972 54.995
24.974 55
24.985 55.025
24.992 55.037
25 55.048
25.004 55.053
25.019 55.046
25.02 55.065
25.016 55.066
25.073 55.124
25.08 55.131
25.124 55.172
25.18 55.216
25.182 55.218
25.211 55.236
25.251 55.269
25.265 55.279
25.266 55.284
25.255 55.3
25.225 55.333
25.219 55.335
25.211 55.332
25.203 55.324
25.198 55.317
25.196 55.31
25.192 55.308
25.189 55.309
25.187 55.315
25.188 55.322
25.202 55.338
25.203 55.342
25.208 55.344
25.225 55.341
25.228 55.339
25.235 55.328
25.253 55.316
25.258 55.31
25.265 55.295
25.269 55.289
25.271 55.288
25.277 55.3
25.286 55.313
25.296 55.323
25.324 55.343
25.322 55.346
25.302 55.341
25.297 55.342
25.296 55.346
25.299 55.347
25.308 55.346
25.314 55.347
25.318 55.35
25.318 55.354
25.316 55.355
25.312 55.354
25.308 55.356
25.307 55.359
25.31 55.362
25.316 55.364
25.323 55.363
25.332 55.348
25.362 55.368
25.363 55.374
25.372 55.382
25.373 55.384
25.37 55.385
25.352 55.374
25.327 55.368
25.324 55.37
25.324 55.374
25.326 55.376
25.354 55.378
25.37 55.389
25.379 55.393
25.387 55.403
25.41 55.425
25.419 55.438
25.42 55.444
25.415 55.447
25.412 55.445
25.408 55.447
25.402 55.446
25.397 55.448
25.394 55.453
25.393 55.46
25.397 55.463
25.401 55.459
25.405 55.455
25.413 55.458
25.416 55.462
25.417 55.474
25.427 55.487
25.43 55.487
25.433 55.476
25.436 55.471
25.439 55.473
25.451 55.494
25.454 55.497
25.457 55.496
25.459 55.493
25.456 55.487
25.458 55.485
25.466 55.499
25.468 55.502
25.472 55.506
25.478 55.508
25.483 55.508
25.486 55.506
25.486 55.501
25.48 55.492
25.482 55.489
25.51 55.512
25.539 55.528
25.558 55.537
25.571 55.543
25.583 55.553
25.589 55.562
25.59 55.567
25.589 55.571
25.587 55.573
25.579 55.564
25.57 55.563
25.558 55.557
25.532 55.534
25.53 55.536
25.531 55.543
25.533 55.553
25.531 55.557
25.528 55.559
25.525 55.558
25.521 55.554
25.519 55.547
25.516 55.543
25.514 55.547
25.514 55.555
25.519 55.561
25.528 55.565
25.53 55.569
25.532 55.605
25.538 55.62
25.537 55.623
25.532 55.618
25.529 55.615
25.528 55.619
25.53 55.624
25.548 55.65
25.552 55.647
25.552 55.642
25.55 55.638
25.558 55.635
25.565 55.635
25.57 55.642
25.586 55.647
25.596 55.658
25.609 55.669
25.609 55.67
25.624 55.691
25.63 55.694
25.645 55.729
25.655 55.741
25.67 55.757
25.687 55.768
25.688 55.77
25.686 55.771
25.685 55.77
25.676 55.766
25.675 55.768
25.684 55.778
25.688 55.786
25.702 55.798
25.71 55.798
25.71 55.813
25.717 55.847
25.73 55.868
25.731 55.87
25.789 55.933
25.8 55.943
25.792 55.946
25.786 55.945
25.781 55.943
25.779 55.938
25.776 55.936
25.773 55.938
25.77 55.944
25.771 55.952
25.776 55.956
25.787 55.958
25.793 55.967
25.796 55.965
25.792 55.958
25.792 55.955
25.796 55.953
25.799 55.958
25.803 55.955
25.821 55.973
25.845 55.987
25.848 55.989
25.882 56.004
25.878 56.007
25.864 56.004
25.864 56.007
25.868 56.009
25.879 56.013
25.879 56.016
25.876 56.023
25.877 56.026
25.886 56.028
25.892 56.039
25.897 56.04
25.901 56.039
25.908 56.045
25.911 56.047
25.917 56.05
25.919 56.048
25.918 56.046
25.905 56.036
25.896 56.034
25.896 56.028
25.885 56.019
25.886 56.016
25.89 56.015
25.918 56.029
25.931 56.033
25.946 56.042
25.955 56.047
25.951 56.049
25.937 56.049
25.935 56.05
25.937 56.053
25.953 56.055
25.964 56.051
25.973 56.054
25.999 56.067
26.027 56.073
26.057 56.079
26.072 56.085
26.076 56.089
segment United Arab Emirates
25.857 55.027
25.863 55.023
25.864 55.02
25.864 55.019
25.862 55.01
25.871 55.008
25.877 55.001
25.88 55.001
25.884 55.004
25.884 55.01
25.886 55.014
25.897 55.031
25.896 55.035
25.894 55.037
25.882 55.043
25.871 55.047
25.861 55.048
25.858 55.046
25.861 55.037
25.857 55.027
