segment Uzbekistan
41.952 60.007
41.951 60.003
41.953 60
41.957 59.996
41.956 59.986
41.954 59.976
41.967 59.958
41.974 59.949
41.987 59.945
41.992 59.949
41.999 59.961
42 59.977
42 59.981
42.001 59.999
42.001 60
42.002 60.016
42.002 60.022
42.007 60.027
42.01 60.03
42.023 60.026
42.034 60.015
42.05 60.006
42.052 60.005
42.065 60.001
42.082 60
42.09 59.999
42.102 59.997
42.108 59.993
42.118 59.98
42.125 59.973
42.128 59.97
42.139 59.969
42.147 59.973
42.153 59.987
42.156 59.997
42.155 60
42.153 60.006
42.151 60.024
42.153 60.034
42.16 60.044
42.167 60.049
42.177 60.05
42.187 60.046
42.196 60.039
42.205 60.029
42.213 60.014
42.215 60.007
42.215 60
42.218 59.97
42.222 59.957
42.234 59.939
42.252 59.922
42.274 59.907
42.283 59.893
42.288 59.87
42.293 59.851
42.306 59.828
42.297 59.821
42.274 59.811
42.269 59.804
42.269 59.793
42.277 59.754
42.28 59.748
42.283 59.739
42.284 59.734
42.283 59.729
42.286 59.718
42.287 59.675
42.283 59.659
42.282 59.651
42.281 59.641
42.281 59.608
42.279 59.589
42.279 59.582
42.278 59.579
42.278 59.566
42.279 59.543
42.278 59.531
42.277 59.497
42.277 59.49
42.277 59.485
42.277 59.482
42.277 59.465
42.276 59.442
42.277 59.419
42.284 59.407
42.296 59.399
42.306 59.391
42.311 59.377
42.321 59.367
42.328 59.358
42.329 59.357
42.35 59.33
42.355 59.321
42.371 59.301
42.393 59.271
42.399 59.27
42.419 59.28
42.425 59.28
42.431 59.28
42.439 59.277
42.452 59.265
42.46 59.257
42.49 59.222
42.51 59.204
42.517 59.194
42.522 59.184
42.528 59.169
42.529 59.161
42.528 59.154
42.524 59.137
42.512 59.117
42.508 59.104
42.508 59.093
42.51 59.076
42.51 59.075
42.511 59.048
42.514 59.033
42.525 59.001
42.528 58.998
42.53 58.987
42.536 58.968
42.539 58.949
42.544 58.935
42.559 58.91
42.568 58.897
42.588 58.873
42.641 58.807
42.65 58.798
42.654 58.791
42.679 58.762
42.727 58.703
42.769 58.657
42.789 58.636
42.796 58.626
42.782 58.625
42.763 58.618
42.755 58.62
42.751 58.624
42.747 58.633
42.74 58.64
42.736 58.641
42.728 58.637
42.724 58.63
42.724 58.621
42.729 58.609
42.729 58.595
42.726 58.59
42.719 58.584
42.717 58.584
42.707 58.599
42.701 58.605
42.666 58.595
42.658 58.589
42.653 58.578
42.654 58.573
42.659 58.553
42.658 58.534
42.651 58.496
42.65 58.473
42.654 58.459
42.661 58.444
42.664 58.418
42.673 58.392
42.68 58.36
42.685 58.324
42.689 58.297
42.689 58.278
42.68 58.247
42.67 58.224
42.654 58.196
42.639 58.174
42.638 58.161
42.633 58.152
42.622 58.148
42.61 58.155
42.601 58.171
42.596 58.182
42.588 58.195
42.574 58.228
42.567 58.246
42.561 58.268
42.558 58.293
42.557 58.297
42.548 58.306
42.519 58.325
42.514 58.327
42.498 58.334
42.481 58.347
42.449 58.364
42.416 58.392
42.405 58.405
42.39 58.409
42.371 58.408
42.364 58.418
42.366 58.429
42.355 58.453
42.34 58.482
42.335 58.497
42.322 58.518
42.31 58.521
42.297 58.514
42.294 58.51
42.289 58.502
42.289 58.492
42.296 58.459
42.297 58.447
42.292 58.416
42.291 58.406
42.302 58.402
42.334 58.405
42.351 58.403
42.371 58.397
42.383 58.392
42.397 58.385
42.41 58.377
42.419 58.37
42.435 58.35
42.441 58.34
42.448 58.323
42.464 58.244
42.468 58.218
42.467 58.201
42.449 58.154
42.443 58.135
42.441 58.126
42.443 58.122
42.454 58.118
42.459 58.112
42.465 58.098
42.471 58.092
42.49 58.086
42.502 58.068
42.504 58.053
42.505 58.047
42.504 58.047
42.502 58.026
42.5 58.016
42.493 58.004
42.492 57.999
42.489 57.994
42.489 57.983
42.484 57.977
42.455 57.969
42.443 57.962
42.445 57.955
42.459 57.94
42.461 57.93
42.457 57.915
42.451 57.91
42.426 57.904
42.414 57.911
42.401 57.931
42.389 57.94
42.372 57.947
42.363 57.947
42.346 57.939
42.324 57.939
42.306 57.934
42.291 57.935
42.281 57.937
42.255 57.932
42.245 57.929
42.239 57.921
42.236 57.911
42.237 57.893
42.248 57.857
42.248 57.85
42.246 57.847
42.238 57.841
42.219 57.834
42.213 57.837
42.199 57.849
42.182 57.858
42.175 57.854
42.173 57.844
42.173 57.835
42.181 57.769
42.179 57.755
42.172 57.73
42.167 57.713
42.16 57.692
42.152 57.676
42.149 57.66
42.149 57.647
42.165 57.612
42.171 57.571
42.174 57.522
42.174 57.487
42.173 57.473
42.173 57.468
42.173 57.454
42.17 57.419
42.17 57.41
42.158 57.367
42.138 57.313
42.122 57.282
42.119 57.28
42.118 57.278
42.113 57.27
42.112 57.266
42.094 57.238
42.068 57.214
42.057 57.207
42.054 57.205
42.029 57.191
42.017 57.187
42.017 57.186
42.005 57.18
42 57.178
41.988 57.174
41.983 57.171
41.975 57.168
41.961 57.154
41.944 57.13
41.937 57.115
41.928 57.085
41.918 57.038
41.911 57.023
41.901 57.008
41.898 57.004
41.896 57.002
41.877 56.988
41.867 56.984
41.836 56.978
41.834 56.977
41.823 56.973
41.818 56.971
41.805 56.968
41.777 56.969
41.76 56.969
41.749 56.971
41.717 56.975
41.694 56.974
41.672 56.972
41.654 56.976
41.634 56.984
41.618 56.993
41.61 57.001
41.606 57.001
41.603 57.008
41.586 57.02
41.568 57.025
41.555 57.027
41.535 57.023
41.522 57.023
41.502 57.023
41.497 57.023
41.446 57.032
41.43 57.038
41.418 57.046
41.396 57.068
41.378 57.082
41.375 57.087
41.375 57.106
41.379 57.124
41.384 57.149
41.378 57.158
41.369 57.159
41.358 57.152
41.351 57.143
41.346 57.132
41.335 57.089
41.322 57.071
41.315 57.065
41.307 57.061
41.298 57.061
41.283 57.06
41.272 57.053
41.263 57.042
41.258 57.03
41.258 57.002
41.266 56.963
41.267 56.946
41.268 56.919
41.271 56.877
41.278 56.812
41.281 56.787
41.283 56.729
41.286 56.671
41.288 56.641
41.288 56.608
41.288 56.601
41.289 56.56
41.293 56.508
41.296 56.463
41.3 56.433
41.304 56.357
41.304 56.316
41.307 56.271
41.312 56.204
41.312 56.155
41.313 56.136
41.313 56.135
41.314 56.123
41.317 56.047
41.319 56.01
41.318 56.001
44.86 55.998
44.873 55.997
44.886 55.997
44.897 55.998
44.898 55.998
44.902 55.998
44.909 55.999
44.915 55.997
44.918 55.997
44.933 55.998
44.935 55.998
44.951 55.998
44.963 55.998
44.968 55.998
44.982 55.999
44.986 55.998
44.998 55.998
45 55.998
45.001 56.003
45.003 56.015
45.006 56.031
45.006 56.033
45.011 56.048
45.016 56.062
45.016 56.064
45.019 56.079
45.019 56.082
45.027 56.112
45.037 56.156
45.041 56.174
45.052 56.219
45.071 56.299
45.075 56.316
45.075 56.317
45.081 56.346
45.087 56.37
45.109 56.465
45.112 56.475
45.12 56.51
45.136 56.576
45.145 56.618
45.178 56.763
45.189 56.808
45.193 56.83
45.214 56.921
45.222 56.96
45.229 56.989
45.232 56.999
45.251 57.087
45.257 57.118
45.294 57.28
45.294 57.283
45.311 57.356
45.318 57.392
45.341 57.495
45.35 57.536
45.356 57.561
45.361 57.589
45.379 57.669
45.382 57.688
45.388 57.71
45.396 57.745
45.41 57.813
45.419 57.857
45.425 57.885
45.43 57.907
45.449 57.991
45.451 57.998
45.46 58.033
45.465 58.056
45.485 58.135
45.491 58.16
45.496 58.177
45.502 58.206
45.514 58.25
45.515 58.253
45.531 58.319
45.545 58.372
45.562 58.441
45.569 58.472
45.572 58.487
45.581 58.519
45.584 58.534
45.602 58.604
45.605 58.617
45.601 58.614
45.593 58.598
45.575 58.587
45.539 58.56
45.528 58.554
45.505 58.549
45.487 58.546
45.471 58.54
45.444 58.536
45.436 58.533
45.426 58.525
45.414 58.524
45.408 58.519
45.401 58.509
45.388 58.498
45.372 58.485
45.341 58.446
45.33 58.435
45.283 58.403
45.28 58.401
45.254 58.387
45.241 58.383
45.212 58.37
45.174 58.356
45.166 58.357
45.162 58.357
45.15 58.355
45.111 58.345
45.106 58.341
45.104 58.337
45.105 58.326
45.103 58.322
45.088 58.31
45.053 58.294
45 58.27
44.992 58.266
44.986 58.264
44.974 58.268
44.97 58.265
44.965 58.253
44.959 58.246
44.94 58.235
44.905 58.214
44.86 58.201
44.839 58.204
44.836 58.203
44.825 58.207
44.819 58.207
44.799 58.205
44.777 58.209
44.769 58.213
44.766 58.213
44.76 58.216
44.757 58.221
44.738 58.232
44.73 58.234
44.726 58.238
44.712 58.244
44.7 58.252
44.694 58.256
44.666 58.278
44.635 58.291
44.626 58.293
44.606 58.291
44.601 58.288
44.6 58.285
44.598 58.272
44.596 58.268
44.592 58.264
44.571 58.246
44.537 58.223
44.524 58.217
44.496 58.211
44.475 58.214
44.439 58.22
44.431 58.224
44.423 58.227
44.364 58.232
44.36 58.234
44.35 58.236
44.334 58.239
44.306 58.254
44.297 58.259
44.283 58.273
44.272 58.278
44.256 58.298
44.24 58.314
44.238 58.315
44.219 58.343
44.198 58.369
44.17 58.395
44.156 58.401
44.143 58.403
44.136 58.401
44.118 58.395
44.104 58.396
44.089 58.387
44.082 58.385
44.061 58.388
44.037 58.387
44.031 58.384
44.023 58.382
44.013 58.382
43.969 58.385
43.958 58.387
43.914 58.365
43.902 58.364
43.891 58.364
43.876 58.365
43.837 58.376
43.813 58.394
43.799 58.411
43.784 58.44
43.779 58.451
43.767 58.485
43.758 58.502
43.76 58.521
43.755 58.528
43.754 58.538
43.743 58.543
43.742 58.549
43.742 58.553
43.751 58.579
43.753 58.587
43.759 58.615
43.769 58.643
43.77 58.649
43.776 58.662
43.79 58.713
43.804 58.745
43.81 58.752
43.816 58.753
43.83 58.751
43.836 58.756
43.856 58.782
43.882 58.798
43.887 58.799
43.892 58.797
43.896 58.792
43.895 58.785
43.886 58.77
43.884 58.768
43.88 58.764
43.873 58.754
43.867 58.737
43.87 58.718
43.877 58.697
43.885 58.685
43.894 58.679
43.906 58.677
43.921 58.68
43.934 58.685
43.935 58.687
43.947 58.698
43.956 58.716
43.956 58.732
43.954 58.735
43.965 58.8
43.963 58.819
43.952 58.841
43.946 58.854
43.906 58.921
43.87 58.972
43.869 58.973
43.855 58.991
43.846 58.996
43.838 59.01
43.832 59.016
43.827 59.028
43.813 59.049
43.808 59.053
43.806 59.059
43.81 59.064
43.821 59.085
43.828 59.087
43.831 59.086
43.836 59.084
43.842 59.085
43.86 59.098
43.88 59.119
43.891 59.136
43.891 59.14
43.89 59.143
43.887 59.144
43.876 59.142
43.87 59.149
43.867 59.157
43.864 59.161
43.862 59.167
43.858 59.219
43.866 59.254
43.875 59.277
43.879 59.303
43.879 59.322
43.877 59.33
43.876 59.347
43.877 59.356
43.885 59.376
43.884 59.395
43.889 59.418
43.884 59.433
43.884 59.437
43.887 59.441
43.888 59.442
43.897 59.445
43.91 59.446
43.914 59.45
43.915 59.469
43.929 59.473
43.93 59.478
43.93 59.495
43.932 59.508
43.93 59.51
43.927 59.509
43.916 59.489
43.911 59.484
43.899 59.48
43.898 59.479
43.89 59.469
43.883 59.469
43.86 59.464
43.847 59.456
43.839 59.444
43.838 59.439
43.832 59.43
43.817 59.381
43.813 59.373
43.813 59.38
43.82 59.415
43.821 59.418
43.828 59.435
43.842 59.46
43.855 59.473
43.875 59.477
43.892 59.485
43.908 59.495
43.911 59.5
43.911 59.504
43.903 59.508
43.895 59.511
43.877 59.499
43.866 59.497
43.839 59.497
43.816 59.502
43.804 59.519
43.791 59.526
43.786 59.528
43.774 59.531
43.754 59.529
43.749 59.532
43.745 59.538
43.733 59.544
43.718 59.578
43.716 59.588
43.714 59.591
43.703 59.629
43.703 59.63
43.702 59.656
43.706 59.676
43.708 59.71
43.7 59.737
43.694 59.764
43.689 59.778
43.688 59.786
43.685 59.797
43.684 59.804
43.683 59.814
43.673 59.84
43.67 59.839
43.668 59.828
43.666 59.825
43.652 59.835
43.635 59.843
43.627 59.84
43.621 59.84
43.608 59.846
43.599 59.842
43.592 59.844
43.579 59.846
43.57 59.843
43.567 59.839
43.567 59.836
43.575 59.825
43.576 59.818
43.571 59.809
43.571 59.781
43.584 59.756
43.597 59.737
43.603 59.725
43.605 59.718
43.613 59.716
43.615 59.717
43.614 59.722
43.611 59.726
43.622 59.747
43.623 59.753
43.62 59.768
43.624 59.77
43.628 59.768
43.631 59.759
43.634 59.739
43.632 59.737
43.626 59.712
43.631 59.7
43.63 59.694
43.629 59.692
43.626 59.688
43.62 59.683
43.604 59.678
43.592 59.68
43.58 59.687
43.558 59.692
43.547 59.697
43.538 59.696
43.525 59.702
43.521 59.701
43.515 59.702
43.51 59.705
43.506 59.707
43.483 59.708
43.481 59.711
43.482 59.723
43.478 59.728
43.468 59.734
43.462 59.742
43.463 59.749
43.465 59.756
43.477 59.766
43.478 59.769
43.473 59.775
43.467 59.777
43.461 59.774
43.454 59.763
43.453 59.754
43.448 59.743
43.438 59.74
43.437 59.737
43.438 59.733
43.435 59.722
43.434 59.711
43.434 59.703
43.429 59.697
43.423 59.694
43.42 59.689
43.416 59.674
43.414 59.674
43.413 59.68
43.41 59.686
43.408 59.686
43.399 59.677
43.385 59.653
43.381 59.653
43.377 59.657
43.378 59.668
43.382 59.675
43.379 59.681
43.379 59.69
43.377 59.696
43.375 59.697
43.371 59.709
43.364 59.723
43.343 59.731
43.337 59.736
43.328 59.748
43.328 59.754
43.334 59.758
43.349 59.758
43.359 59.754
43.362 59.755
43.362 59.771
43.365 59.778
43.372 59.781
43.374 59.783
43.369 59.814
43.373 59.819
43.384 59.821
43.401 59.834
43.407 59.831
43.411 59.821
43.419 59.818
43.423 59.821
43.432 59.831
43.438 59.842
43.443 59.843
43.453 59.839
43.458 59.837
43.462 59.841
43.464 59.845
43.46 59.858
43.466 59.872
43.475 59.879
43.487 59.881
43.493 59.888
43.495 59.892
43.494 59.899
43.491 59.904
43.483 59.905
43.476 59.911
43.469 59.907
43.463 59.908
43.463 59.922
43.461 59.926
43.458 59.927
43.454 59.93
43.452 59.936
43.452 59.942
43.459 59.952
43.482 59.971
43.493 59.978
43.501 59.979
43.513 60
43.514 60.001
43.525 60.001
43.525 60
43.534 59.991
43.538 59.991
43.544 59.998
43.546 60
43.553 60.008
43.586 60.022
43.593 60.019
43.6 60.011
43.605 60.008
43.608 60.01
43.61 60.015
43.617 60.021
43.635 60.031
43.656 60.031
43.658 60.033
43.667 60.042
43.669 60.037
43.666 60.03
43.669 60.028
43.674 60.035
43.683 60.041
43.685 60.039
43.684 60.026
43.686 60.022
43.69 60.023
43.697 60.037
43.706 60.042
43.716 60.04
43.72 60.047
43.732 60.052
43.74 60.059
43.744 60.06
43.747 60.06
43.748 60.063
43.751 60.082
43.751 60.104
43.75 60.11
43.747 60.117
43.748 60.124
43.755 60.135
43.758 60.143
43.762 60.147
43.765 60.146
43.765 60.139
43.762 60.129
43.762 60.124
43.764 60.123
43.775 60.128
43.778 60.127
43.792 60.135
43.795 60.135
43.8 60.135
43.811 60.141
43.82 60.149
43.82 60.153
43.817 60.156
43.81 60.156
43.809 60.163
43.807 60.166
43.796 60.161
43.791 60.162
43.784 60.158
43.78 60.159
43.781 60.164
43.793 60.177
43.809 60.186
43.815 60.188
43.819 60.181
43.824 60.191
43.831 60.195
43.833 60.203
43.837 60.207
43.841 60.207
43.842 60.198
43.839 60.191
43.839 60.185
43.84 60.182
43.843 60.181
43.852 60.185
43.861 60.186
43.881 60.197
43.887 60.197
43.89 60.187
43.894 60.191
43.897 60.201
43.903 60.198
43.905 60.199
43.906 60.205
43.922 60.215
43.927 60.223
43.928 60.229
43.927 60.238
43.924 60.24
43.9 60.226
43.892 60.223
43.883 60.228
43.877 60.228
43.867 60.226
43.855 60.218
43.853 60.219
43.853 60.223
43.857 60.228
43.868 60.233
43.871 60.239
43.87 60.243
43.862 60.252
43.855 60.254
43.852 60.258
43.854 60.268
43.85 60.273
43.84 60.275
43.837 60.277
43.837 60.28
43.841 60.282
43.85 60.282
43.853 60.284
43.857 60.294
43.863 60.3
43.866 60.298
43.873 60.284
43.876 60.284
43.885 60.292
43.887 60.293
43.891 60.288
43.891 60.286
43.897 60.282
43.903 60.288
43.901 60.309
43.902 60.323
43.901 60.328
43.889 60.342
43.887 60.349
43.879 60.361
43.85 60.365
43.843 60.364
43.84 60.366
43.839 60.372
43.842 60.372
43.855 60.373
43.867 60.371
43.88 60.374
43.886 60.368
43.887 60.362
43.89 60.359
43.893 60.358
43.902 60.363
43.913 60.359
43.917 60.361
43.917 60.369
43.918 60.373
43.924 60.367
43.927 60.37
43.928 60.375
43.932 60.378
43.936 60.376
43.936 60.372
43.935 60.366
43.933 60.361
43.928 60.353
43.929 60.35
43.95 60.346
43.957 60.348
43.961 60.354
43.96 60.358
43.947 60.361
43.946 60.364
43.952 60.374
43.965 60.379
43.968 60.383
43.962 60.391
43.938 60.398
43.935 60.4
43.925 60.405
43.91 60.4
43.909 60.401
43.908 60.405
43.911 60.41
43.924 60.416
43.925 60.419
43.935 60.427
43.941 60.419
43.946 60.416
43.949 60.417
43.952 60.422
43.954 60.431
43.953 60.445
43.956 60.452
43.953 60.457
43.954 60.462
43.963 60.457
43.964 60.456
43.969 60.45
43.976 60.434
43.997 60.428
44.003 60.43
44.007 60.435
44.004 60.451
44.001 60.455
43.991 60.458
43.988 60.461
43.991 60.464
44.011 60.468
44.028 60.475
44.031 60.479
44.03 60.483
44.022 60.486
44.007 60.485
44 60.489
43.996 60.487
43.986 60.491
43.984 60.49
43.983 60.487
43.985 60.477
43.982 60.475
43.979 60.477
43.976 60.488
43.973 60.491
43.966 60.488
43.96 60.495
43.959 60.502
43.956 60.505
43.955 60.512
43.948 60.519
43.944 60.52
43.94 60.521
43.927 60.53
43.924 60.526
43.925 60.515
43.923 60.513
43.911 60.525
43.905 60.521
43.895 60.524
43.889 60.521
43.881 60.525
43.87 60.544
43.865 60.546
43.852 60.539
43.843 60.541
43.848 60.548
43.854 60.553
43.87 60.555
43.878 60.55
43.883 60.543
43.883 60.54
43.885 60.537
43.89 60.531
43.903 60.533
43.907 60.541
43.913 60.543
43.923 60.541
43.928 60.542
43.933 60.541
43.944 60.53
43.951 60.526
43.952 60.525
43.958 60.525
43.969 60.529
43.982 60.519
43.988 60.502
43.998 60.501
44.021 60.508
44.026 60.518
44.028 60.525
44.037 60.54
44.043 60.544
44.05 60.554
44.052 60.562
44.049 60.573
44.05 60.579
44.058 60.592
44.063 60.61
44.071 60.625
44.075 60.642
44.075 60.655
44.073 60.657
44.073 60.663
44.062 60.677
44.04 60.69
44.038 60.691
44.039 60.695
44.049 60.703
44.056 60.705
44.058 60.707
44.057 60.71
44.054 60.711
44.036 60.704
44.032 60.705
44.022 60.713
44.016 60.714
44 60.706
43.993 60.71
43.987 60.708
43.976 60.713
43.981 60.717
43.987 60.718
43.991 60.719
44.004 60.717
44.006 60.72
44.018 60.723
44.024 60.729
44.026 60.72
44.035 60.716
44.038 60.717
44.038 60.722
44.034 60.727
44.035 60.729
44.04 60.728
44.047 60.73
44.048 60.725
44.044 60.723
44.043 60.72
44.046 60.717
44.054 60.722
44.063 60.72
44.067 60.725
44.073 60.727
44.077 60.728
44.094 60.729
44.099 60.731
44.098 60.733
44.082 60.737
44.078 60.74
44.083 60.743
44.092 60.738
44.1 60.75
44.102 60.748
44.107 60.748
44.112 60.738
44.103 60.721
44.104 60.716
44.1 60.711
44.104 60.698
44.111 60.701
44.111 60.714
44.114 60.724
44.116 60.728
44.12 60.728
44.123 60.722
44.127 60.724
44.134 60.716
44.139 60.72
44.138 60.722
44.144 60.73
44.144 60.745
44.134 60.75
44.134 60.757
44.129 60.753
44.125 60.755
44.133 60.764
44.132 60.771
44.128 60.776
44.127 60.779
44.124 60.79
44.126 60.796
44.127 60.796
44.129 60.792
44.133 60.79
44.135 60.786
44.138 60.785
44.137 60.792
44.141 60.8
44.143 60.802
44.146 60.801
44.15 60.804
44.149 60.807
44.146 60.814
44.141 60.819
44.129 60.824
44.119 60.82
44.111 60.812
44.107 60.812
44.104 60.817
44.11 60.828
44.106 60.832
44.107 60.835
44.114 60.835
44.116 60.839
44.124 60.835
44.126 60.834
44.134 60.833
44.137 60.837
44.142 60.839
44.157 60.838
44.161 60.845
44.16 60.849
44.162 60.857
44.168 60.862
44.172 60.859
44.189 60.86
44.204 60.853
44.211 60.86
44.224 60.859
44.231 60.868
44.234 60.872
44.24 60.872
44.244 60.869
44.248 60.863
44.257 60.862
44.259 60.864
44.255 60.874
44.253 60.884
44.247 60.886
44.243 60.897
44.246 60.899
44.248 60.908
44.245 60.917
44.246 60.926
44.243 60.933
44.238 60.937
44.251 60.94
44.255 60.945
44.254 60.955
44.253 60.957
44.256 60.96
44.237 60.969
44.228 60.969
44.216 60.966
44.195 60.972
44.187 60.969
44.172 60.971
44.156 60.969
44.15 60.97
44.143 60.976
44.144 60.982
44.154 60.985
44.17 60.985
44.186 60.979
44.191 60.98
44.204 60.976
44.21 60.979
44.219 60.979
44.223 60.983
44.223 60.987
44.226 60.991
44.228 60.996
44.229 60.995
44.231 60.984
44.244 60.982
44.246 60.973
44.248 60.97
44.249 60.969
44.252 60.976
44.26 60.981
44.266 60.982
44.286 60.976
44.287 60.987
44.289 60.989
44.297 60.981
44.293 60.977
44.293 60.973
44.301 60.972
44.309 60.967
44.314 60.962
44.32 60.95
44.326 60.965
44.328 60.965
44.331 60.968
44.332 60.973
44.327 60.976
44.327 60.979
44.325 60.983
44.316 60.987
44.312 60.995
44.307 61.001
44.308 61.009
44.297 61.017
44.276 61.019
44.27 61.027
44.268 61.034
44.266 61.035
44.261 61.032
44.252 61.038
44.245 61.038
44.241 61.041
44.235 61.04
44.232 61.037
44.229 61.034
44.227 61.031
44.224 61.029
44.222 61.03
44.225 61.038
44.22 61.055
44.221 61.06
44.224 61.067
44.226 61.068
44.227 61.065
44.225 61.054
44.232 61.044
44.246 61.048
44.255 61.045
44.261 61.041
44.268 61.04
44.273 61.041
44.278 61.053
44.278 61.06
44.28 61.061
44.282 61.061
44.292 61.057
44.299 61.057
44.306 61.052
44.322 61.053
44.334 61.048
44.344 61.046
44.347 61.048
44.361 61.046
44.373 61.048
44.381 61.053
44.381 61.06
44.379 61.06
44.368 61.056
44.363 61.056
44.348 61.056
44.343 61.061
44.338 61.071
44.338 61.078
44.35 61.07
44.355 61.071
44.351 61.081
44.352 61.083
44.367 61.082
44.373 61.084
44.367 61.094
44.343 61.103
44.338 61.1
44.335 61.098
44.33 61.102
44.32 61.104
44.306 61.101
44.283 61.103
44.278 61.102
44.273 61.103
44.266 61.111
44.259 61.123
44.255 61.125
44.251 61.121
44.248 61.121
44.233 61.131
44.223 61.133
44.216 61.134
44.211 61.139
44.214 61.142
44.222 61.138
44.246 61.138
44.249 61.134
44.26 61.131
44.254 61.138
44.219 61.179
44.195 61.208
44.137 61.275
44.094 61.323
44.016 61.414
44.007 61.42
44.006 61.42
44.003 61.425
43.997 61.434
43.962 61.474
43.957 61.479
43.95 61.488
43.948 61.489
43.914 61.527
43.86 61.588
43.84 61.612
43.832 61.62
43.782 61.676
43.755 61.705
43.68 61.79
43.642 61.832
43.512 61.976
43.502 61.989
43.494 62
43.488 62.011
43.487 62.029
43.502 62.135
43.509 62.184
43.515 62.224
43.524 62.288
43.529 62.322
43.531 62.339
43.542 62.41
43.542 62.414
43.544 62.43
43.551 62.477
43.553 62.489
43.566 62.585
43.57 62.605
43.575 62.645
43.588 62.736
43.597 62.802
43.611 62.9
43.617 62.939
43.622 62.983
43.624 62.999
43.637 63.091
43.64 63.113
43.652 63.208
43.657 63.248
43.672 63.368
43.672 63.372
43.673 63.381
43.673 63.389
43.663 63.457
43.657 63.522
43.652 63.583
43.651 63.606
43.641 63.732
43.635 63.86
43.628 63.912
43.624 63.994
43.624 63.998
43.621 64.04
43.62 64.054
43.615 64.148
43.615 64.159
43.613 64.172
43.613 64.203
43.611 64.219
43.608 64.308
43.608 64.313
43.607 64.317
43.607 64.324
43.607 64.345
43.606 64.362
43.606 64.373
43.602 64.467
43.602 64.481
43.6 64.514
43.603 64.518
43.603 64.519
43.602 64.525
43.603 64.527
43.603 64.537
43.619 64.582
43.633 64.622
43.638 64.634
43.642 64.646
43.648 64.664
43.652 64.673
43.685 64.764
43.689 64.779
43.729 64.905
43.733 64.916
43.744 64.947
43.746 64.95
43.748 64.956
43.751 64.965
43.763 65
43.767 65.01
43.775 65.055
43.777 65.078
43.776 65.114
43.77 65.132
43.762 65.149
43.744 65.17
43.724 65.183
43.723 65.185
43.713 65.189
43.695 65.2
43.682 65.208
43.623 65.246
43.617 65.251
43.61 65.255
43.608 65.255
43.589 65.267
43.578 65.275
43.574 65.276
43.545 65.294
43.533 65.31
43.515 65.338
43.456 65.416
43.438 65.446
43.409 65.49
43.364 65.56
43.304 65.651
43.208 65.684
43.18 65.696
43.148 65.71
43.117 65.722
43.075 65.74
43.02 65.763
43.003 65.769
43 65.77
42.95 65.792
42.916 65.807
42.896 65.814
42.868 65.827
42.879 65.859
42.899 65.916
42.928 66
42.934 66.017
42.962 66.099
42.935 66.101
42.88 66.101
42.782 66.102
42.688 66.104
42.67 66.103
42.611 66.104
42.59 66.104
42.548 66.105
42.463 66.107
42.421 66.106
42.366 66.107
42.347 66.106
42.35 66.093
42.356 66.079
42.378 66.016
42.369 66.015
42.356 66.014
42.352 66.014
42.343 66.015
42.336 66.014
42.332 66.014
42.318 66.014
42.302 66.014
42.285 66.014
42.276 66.014
42.268 66.014
42.252 66.013
42.24 66.014
42.234 66.014
42.233 66.014
42.218 66.013
42.205 66.012
42.201 66.012
42.192 66.013
42.184 66.012
42.178 66.012
42.167 66.012
42.151 66.011
42.149 66.011
42.133 66.011
42.117 66.011
42.101 66.011
42.093 66.011
42.084 66.011
42.077 66.01
42.067 66.01
42.051 66.009
42.034 66.009
42.016 66.009
41.999 66.009
41.988 66.008
41.984 66.008
41.978 66.007
41.967 66.008
41.943 66.009
41.94 66.05
41.938 66.066
41.935 66.096
41.934 66.114
41.925 66.218
41.922 66.243
41.917 66.306
41.907 66.415
41.902 66.478
41.896 66.531
41.894 66.531
41.762 66.548
41.686 66.557
41.643 66.562
41.576 66.569
41.565 66.571
41.478 66.58
41.355 66.593
41.309 66.6
41.278 66.602
41.251 66.606
41.25 66.623
41.248 66.655
41.24 66.813
41.234 66.931
41.228 67
41.222 67.113
41.221 67.152
41.212 67.252
41.212 67.279
41.212 67.311
41.203 67.329
41.201 67.348
41.207 67.375
41.211 67.403
41.21 67.44
41.206 67.606
41.202 67.743
41.202 67.773
41.202 67.779
41.193 67.803
41.16 67.846
41.165 67.874
41.185 67.896
41.188 67.904
41.195 67.924
41.198 67.949
41.195 67.986
41.197 68.029
41.19 68.042
41.179 68.053
41.175 68.054
41.173 68.055
41.162 68.071
41.154 68.107
41.157 68.181
41.15 68.21
41.148 68.217
41.132 68.268
41.119 68.297
41.115 68.322
41.114 68.357
41.113 68.366
41.11 68.388
41.11 68.437
41.106 68.443
41.092 68.45
41.079 68.463
41.079 68.47
41.076 68.495
41.067 68.5
41.031 68.519
41.023 68.522
41.018 68.526
41.013 68.535
41.008 68.545
41.008 68.56
41.011 68.572
41.021 68.583
41.027 68.595
41.027 68.607
41.025 68.608
41.022 68.609
41.011 68.608
40.996 68.61
40.991 68.612
40.987 68.627
40.993 68.644
40.989 68.665
40.983 68.672
40.978 68.669
40.969 68.638
40.963 68.634
40.96 68.634
40.954 68.634
40.936 68.645
40.938 68.648
40.956 68.676
40.958 68.688
40.967 68.71
40.968 68.716
40.987 68.745
40.993 68.748
40.994 68.749
41.018 68.752
41.045 68.767
41.077 68.799
41.079 68.803
41.097 68.814
41.105 68.819
41.106 68.82
41.112 68.828
41.116 68.83
41.149 68.863
41.157 68.871
41.172 68.893
41.177 68.897
41.186 68.907
41.193 68.922
41.192 68.93
41.191 68.94
41.193 68.945
41.197 68.947
41.217 68.949
41.223 68.951
41.228 68.958
41.242 68.981
41.248 68.986
41.253 68.988
41.277 68.988
41.292 68.99
41.294 68.992
41.302 69.001
41.308 69.004
41.342 69.033
41.344 69.037
41.345 69.044
41.343 69.051
41.334 69.063
41.333 69.074
41.34 69.089
41.344 69.089
41.358 69.098
41.366 69.104
41.373 69.105
41.386 69.113
41.4 69.149
41.407 69.161
41.415 69.171
41.429 69.176
41.446 69.185
41.452 69.195
41.452 69.196
41.457 69.21
41.462 69.231
41.462 69.242
41.46 69.25
41.463 69.274
41.46 69.286
41.451 69.307
41.45 69.318
41.453 69.322
41.454 69.341
41.456 69.346
41.456 69.353
41.457 69.364
41.46 69.369
41.461 69.375
41.46 69.392
41.455 69.423
41.458 69.432
41.471 69.439
41.475 69.439
41.479 69.432
41.487 69.414
41.496 69.407
41.502 69.405
41.504 69.406
41.509 69.41
41.522 69.421
41.546 69.457
41.548 69.464
41.547 69.473
41.552 69.499
41.558 69.515
41.563 69.52
41.584 69.529
41.588 69.531
41.597 69.539
41.611 69.558
41.62 69.568
41.631 69.588
41.639 69.595
41.658 69.621
41.662 69.632
41.664 69.651
41.665 69.659
41.672 69.692
41.678 69.706
41.686 69.718
41.693 69.722
41.697 69.729
41.699 69.747
41.697 69.752
41.702 69.797
41.704 69.801
41.712 69.815
41.719 69.833
41.719 69.844
41.714 69.86
41.708 69.869
41.698 69.881
41.697 69.885
41.697 69.896
41.706 69.926
41.713 69.945
41.715 69.947
41.719 69.952
41.781 69.985
41.786 69.99
41.788 70
41.789 70.005
41.788 70.013
41.777 70.022
41.768 70.021
41.763 70.024
41.763 70.027
41.761 70.032
41.763 70.039
41.768 70.046
41.788 70.053
41.803 70.062
41.809 70.072
41.815 70.086
41.818 70.091
41.838 70.146
41.838 70.147
41.844 70.16
41.861 70.173
41.875 70.181
41.893 70.189
41.906 70.198
41.912 70.206
41.92 70.221
41.939 70.239
41.941 70.24
41.95 70.265
41.95 70.277
41.959 70.288
41.964 70.308
41.969 70.322
41.976 70.331
41.98 70.333
41.993 70.333
42.005 70.33
42.015 70.325
42.02 70.325
42.027 70.325
42.034 70.323
42.042 70.329
42.058 70.364
42.069 70.37
42.078 70.382
42.083 70.391
42.089 70.396
42.116 70.4
42.12 70.401
42.123 70.402
42.13 70.41
42.133 70.417
42.133 70.425
42.13 70.433
42.092 70.492
42.083 70.51
42.081 70.52
42.078 70.522
42.074 70.534
42.07 70.546
42.063 70.553
42.055 70.558
42.029 70.556
42.023 70.556
42.019 70.559
42.015 70.575
41.997 70.602
41.997 70.611
41.999 70.623
42.001 70.627
42.004 70.629
42.009 70.632
42.012 70.631
42.06 70.654
42.089 70.674
42.099 70.674
42.109 70.677
42.12 70.687
42.127 70.694
42.132 70.704
42.139 70.715
42.154 70.727
42.164 70.744
42.187 70.763
42.198 70.777
42.202 70.785
42.207 70.79
42.21 70.796
42.21 70.799
42.21 70.801
42.207 70.808
42.199 70.815
42.194 70.824
42.194 70.839
42.208 70.865
42.213 70.875
42.215 70.885
42.221 70.899
42.226 70.907
42.249 70.93
42.259 70.94
42.262 70.946
42.263 70.955
42.258 70.975
42.258 70.99
42.267 71.003
42.277 71.017
42.281 71.035
42.285 71.042
42.288 71.06
42.288 71.07
42.277 71.097
42.274 71.114
42.273 71.134
42.265 71.155
42.263 71.156
42.216 71.227
42.21 71.244
42.202 71.258
42.196 71.261
42.186 71.253
42.179 71.252
42.176 71.253
42.173 71.254
42.161 71.251
42.156 71.247
42.153 71.237
42.151 71.236
42.145 71.222
42.137 71.217
42.135 71.214
42.14 71.186
42.139 71.168
42.137 71.156
42.133 71.145
42.121 71.128
42.092 71.087
42.087 71.07
42.057 71.032
42.052 71.017
42.044 71.001
42.042 70.999
42.035 70.989
42.033 70.981
42.026 70.966
42.026 70.95
42.03 70.932
42.034 70.919
42.045 70.898
42.046 70.892
42.046 70.875
42.042 70.862
42.037 70.858
42.03 70.856
42.025 70.855
42.021 70.852
42.015 70.841
42 70.834
41.996 70.836
41.983 70.849
41.975 70.854
41.945 70.85
41.937 70.844
41.922 70.825
41.922 70.823
41.92 70.815
41.92 70.796
41.926 70.774
41.933 70.759
41.93 70.754
41.917 70.751
41.914 70.747
41.914 70.738
41.919 70.719
41.918 70.705
41.91 70.681
41.909 70.679
41.891 70.657
41.867 70.641
41.86 70.633
41.853 70.617
41.847 70.608
41.828 70.601
41.816 70.579
41.803 70.554
41.799 70.539
41.794 70.527
41.784 70.514
41.776 70.509
41.763 70.508
41.754 70.509
41.741 70.507
41.72 70.493
41.719 70.492
41.709 70.476
41.7 70.456
41.698 70.445
41.68 70.4
41.676 70.394
41.661 70.381
41.647 70.361
41.638 70.348
41.631 70.33
41.631 70.316
41.633 70.308
41.632 70.302
41.607 70.266
41.607 70.26
41.609 70.252
41.609 70.238
41.607 70.223
41.604 70.215
41.598 70.196
41.589 70.187
41.577 70.181
41.552 70.181
41.545 70.179
41.525 70.183
41.519 70.186
41.513 70.2
41.514 70.219
41.514 70.227
41.51 70.247
41.511 70.253
41.51 70.257
41.512 70.265
41.514 70.267
41.516 70.276
41.517 70.297
41.514 70.32
41.505 70.349
41.501 70.357
41.495 70.362
41.486 70.366
41.477 70.371
41.469 70.382
41.469 70.394
41.467 70.407
41.463 70.413
41.452 70.422
41.443 70.433
41.44 70.441
41.434 70.452
41.427 70.458
41.425 70.462
41.417 70.466
41.403 70.477
41.4 70.483
41.399 70.519
41.4 70.528
41.41 70.548
41.422 70.565
41.434 70.574
41.443 70.584
41.448 70.595
41.453 70.615
41.456 70.628
41.455 70.637
41.456 70.639
41.454 70.644
41.455 70.654
41.469 70.679
41.469 70.686
41.464 70.712
41.461 70.716
41.442 70.725
41.424 70.741
41.392 70.769
41.375 70.78
41.342 70.791
41.323 70.785
41.309 70.777
41.308 70.776
41.279 70.778
41.267 70.783
41.252 70.797
41.246 70.799
41.236 70.795
41.221 70.779
41.203 70.778
41.192 70.782
41.188 70.783
41.178 70.794
41.172 70.812
41.175 70.82
41.182 70.826
41.197 70.833
41.216 70.844
41.227 70.854
41.23 70.861
41.232 70.87
41.231 70.875
41.223 70.887
41.209 70.899
41.201 70.918
41.187 70.938
41.176 70.944
41.166 70.949
41.163 70.962
41.193 71.019
41.193 71.032
41.185 71.046
41.18 71.059
41.177 71.076
41.171 71.079
41.16 71.089
41.154 71.098
41.147 71.124
41.148 71.133
41.149 71.135
41.153 71.144
41.167 71.162
41.169 71.167
41.169 71.178
41.181 71.188
41.186 71.195
41.186 71.202
41.168 71.212
41.167 71.218
41.171 71.225
41.18 71.224
41.186 71.227
41.189 71.232
41.191 71.24
41.191 71.242
41.191 71.246
41.186 71.257
41.18 71.267
41.173 71.273
41.15 71.278
41.111 71.273
41.106 71.276
41.104 71.285
41.106 71.296
41.115 71.308
41.119 71.313
41.131 71.322
41.154 71.327
41.161 71.334
41.166 71.345
41.166 71.357
41.163 71.365
41.149 71.382
41.141 71.387
41.121 71.391
41.112 71.392
41.107 71.396
41.105 71.401
41.105 71.413
41.116 71.427
41.124 71.435
41.13 71.436
41.156 71.451
41.188 71.458
41.193 71.461
41.221 71.477
41.226 71.476
41.233 71.471
41.236 71.464
41.239 71.452
41.245 71.448
41.254 71.448
41.268 71.454
41.28 71.449
41.287 71.45
41.295 71.457
41.3 71.464
41.305 71.472
41.315 71.481
41.316 71.488
41.308 71.505
41.31 71.52
41.316 71.529
41.317 71.536
41.316 71.548
41.312 71.557
41.301 71.57
41.298 71.576
41.298 71.583
41.3 71.588
41.303 71.591
41.312 71.594
41.319 71.597
41.319 71.6
41.324 71.6
41.329 71.604
41.337 71.617
41.349 71.624
41.353 71.629
41.349 71.637
41.349 71.642
41.365 71.648
41.376 71.656
41.388 71.67
41.399 71.676
41.405 71.671
41.419 71.659
41.425 71.66
41.438 71.669
41.458 71.677
41.469 71.674
41.476 71.67
41.482 71.663
41.486 71.651
41.488 71.626
41.492 71.619
41.496 71.619
41.498 71.618
41.501 71.62
41.504 71.623
41.506 71.63
41.509 71.645
41.511 71.651
41.519 71.66
41.541 71.677
41.553 71.693
41.555 71.701
41.555 71.719
41.554 71.726
41.55 71.731
41.544 71.734
41.539 71.731
41.529 71.724
41.517 71.726
41.512 71.723
41.497 71.725
41.489 71.728
41.482 71.727
41.468 71.717
41.45 71.699
41.443 71.696
41.436 71.699
41.424 71.708
41.42 71.717
41.423 71.723
41.432 71.724
41.443 71.715
41.45 71.718
41.454 71.723
41.457 71.731
41.456 71.74
41.452 71.746
41.441 71.748
41.434 71.753
41.435 71.76
41.44 71.763
41.467 71.766
41.468 71.767
41.469 71.769
41.467 71.777
41.431 71.799
41.421 71.817
41.409 71.83
41.392 71.843
41.371 71.837
41.368 71.839
41.367 71.84
41.365 71.844
41.368 71.862
41.377 71.869
41.381 71.878
41.376 71.886
41.37 71.889
41.357 71.886
41.349 71.886
41.339 71.892
41.322 71.911
41.314 71.927
41.314 71.933
41.312 71.934
41.308 71.935
41.286 71.923
41.273 71.913
41.26 71.896
41.247 71.888
41.234 71.876
41.221 71.869
41.201 71.862
41.197 71.864
41.194 71.872
41.193 71.884
41.191 71.885
41.179 71.883
41.172 71.89
41.162 71.925
41.161 71.938
41.157 71.947
41.159 71.953
41.17 71.973
41.17 71.981
41.169 71.99
41.168 71.999
41.163 72.024
41.144 72.061
41.14 72.076
41.141 72.084
41.153 72.103
41.163 72.124
41.163 72.138
41.163 72.141
41.157 72.163
41.161 72.173
41.16 72.183
41.155 72.193
41.149 72.199
41.141 72.204
41.117 72.207
41.105 72.212
41.089 72.212
41.078 72.216
41.066 72.219
41.052 72.228
41.045 72.226
41.036 72.218
41.031 72.212
41.029 72.207
41.024 72.18
41.019 72.176
41.015 72.178
41.009 72.186
41.003 72.2
41.003 72.215
41.005 72.222
41.005 72.223
41.01 72.233
41.025 72.276
41.028 72.293
41.043 72.319
41.057 72.335
41.063 72.344
41.065 72.352
41.064 72.359
41.062 72.361
41.061 72.362
41.061 72.367
41.056 72.39
41.046 72.407
41.045 72.412
41.045 72.421
41.044 72.431
41.041 72.433
41.037 72.448
41.039 72.466
41.036 72.483
41.031 72.498
41.025 72.501
41.017 72.502
41.011 72.503
41.001 72.501
40.976 72.483
40.972 72.483
40.969 72.487
40.969 72.491
40.981 72.501
40.982 72.505
40.982 72.511
40.978 72.521
40.972 72.53
40.957 72.54
40.946 72.55
40.94 72.556
40.935 72.559
40.923 72.571
40.918 72.573
40.903 72.573
40.89 72.575
40.886 72.582
40.881 72.592
40.876 72.618
40.873 72.622
40.865 72.647
40.864 72.652
40.856 72.681
40.859 72.693
40.858 72.708
40.854 72.732
40.861 72.752
40.864 72.772
40.86 72.787
40.865 72.81
40.869 72.835
40.869 72.85
40.866 72.86
40.862 72.868
40.848 72.882
40.834 72.901
40.817 72.909
40.815 72.913
40.812 72.927
40.813 72.938
40.814 72.939
40.817 72.952
40.822 72.956
40.827 72.97
40.835 72.979
40.835 72.991
40.839 72.999
40.845 72.998
40.848 72.996
40.854 72.983
40.862 72.976
40.886 72.985
40.889 72.99
40.889 72.999
40.887 73
40.885 73.001
40.865 73.021
40.863 73.028
40.862 73.04
40.851 73.059
40.849 73.065
40.851 73.07
40.858 73.085
40.858 73.11
40.857 73.118
40.851 73.127
40.844 73.131
40.843 73.131
40.835 73.132
40.816 73.128
40.806 73.123
40.796 73.114
40.791 73.104
40.789 73.095
40.779 73.068
40.777 73.059
40.771 73.042
40.769 73.022
40.767 73.006
40.753 72.992
40.74 72.967
40.727 72.937
40.724 72.928
40.724 72.919
40.72 72.918
40.717 72.899
40.711 72.888
40.71 72.884
40.705 72.87
40.7 72.866
40.689 72.849
40.683 72.83
40.681 72.815
40.681 72.799
40.683 72.791
40.681 72.774
40.676 72.767
40.67 72.766
40.663 72.769
40.655 72.777
40.653 72.777
40.65 72.778
40.64 72.762
40.633 72.76
40.588 72.764
40.57 72.762
40.567 72.757
40.566 72.748
40.571 72.737
40.582 72.725
40.583 72.724
40.587 72.716
40.593 72.684
40.587 72.677
40.574 72.676
40.564 72.657
40.56 72.654
40.537 72.649
40.519 72.637
40.518 72.629
40.517 72.622
40.517 72.613
40.536 72.583
40.538 72.571
40.537 72.551
40.543 72.536
40.558 72.516
40.561 72.506
40.556 72.491
40.557 72.486
40.557 72.485
40.564 72.476
40.584 72.457
40.601 72.445
40.62 72.415
40.623 72.406
40.619 72.391
40.616 72.385
40.615 72.369
40.616 72.362
40.616 72.361
40.612 72.356
40.607 72.352
40.602 72.356
40.596 72.38
40.591 72.387
40.577 72.393
40.574 72.397
40.569 72.419
40.565 72.424
40.559 72.428
40.554 72.429
40.55 72.427
40.544 72.42
40.542 72.414
40.542 72.401
40.542 72.398
40.539 72.392
40.531 72.388
40.523 72.391
40.523 72.402
40.525 72.409
40.525 72.414
40.519 72.42
40.503 72.422
40.494 72.425
40.49 72.428
40.486 72.436
40.473 72.441
40.45 72.426
40.429 72.416
40.415 72.422
40.405 72.421
40.402 72.417
40.401 72.411
40.404 72.399
40.405 72.386
40.408 72.379
40.412 72.369
40.419 72.362
40.437 72.337
40.438 72.335
40.446 72.321
40.448 72.315
40.443 72.298
40.446 72.291
40.458 72.28
40.461 72.274
40.461 72.254
40.463 72.248
40.467 72.245
40.47 72.244
40.488 72.252
40.492 72.25
40.497 72.24
40.497 72.234
40.495 72.215
40.5 72.192
40.498 72.184
40.475 72.173
40.467 72.166
40.457 72.152
40.453 72.142
40.452 72.134
40.456 72.122
40.463 72.107
40.465 72.102
40.448 72.092
40.435 72.098
40.42 72.102
40.414 72.099
40.402 72.085
40.393 72.084
40.386 72.078
40.383 72.071
40.38 72.048
40.377 72.044
40.372 72.04
40.368 72.038
40.357 72.025
40.351 72.014
40.332 71.997
40.324 71.971
40.317 71.96
40.31 71.951
40.305 71.949
40.302 71.949
40.297 71.953
40.293 71.974
40.293 71.975
40.284 71.99
40.278 71.996
40.27 71.994
40.253 71.97
40.235 71.96
40.23 71.954
40.225 71.939
40.225 71.926
40.228 71.918
40.237 71.903
40.24 71.899
40.242 71.891
40.244 71.873
40.248 71.863
40.248 71.855
40.245 71.85
40.241 71.845
40.234 71.842
40.229 71.843
40.21 71.859
40.206 71.861
40.201 71.859
40.196 71.852
40.193 71.843
40.194 71.831
40.186 71.818
40.183 71.812
40.167 71.778
40.164 71.761
40.16 71.749
40.149 71.729
40.148 71.721
40.151 71.716
40.165 71.706
40.173 71.697
40.174 71.692
40.181 71.684
40.183 71.683
40.187 71.681
40.219 71.684
40.232 71.68
40.247 71.665
40.253 71.654
40.254 71.637
40.252 71.611
40.246 71.609
40.239 71.609
40.215 71.614
40.199 71.609
40.19 71.611
40.186 71.608
40.187 71.602
40.203 71.585
40.203 71.563
40.2 71.551
40.201 71.545
40.209 71.531
40.21 71.529
40.222 71.493
40.231 71.488
40.254 71.492
40.258 71.491
40.262 71.487
40.263 71.459
40.266 71.446
40.266 71.439
40.269 71.426
40.272 71.421
40.278 71.412
40.298 71.388
40.303 71.379
40.305 71.369
40.301 71.358
40.301 71.345
40.306 71.341
40.312 71.343
40.316 71.336
40.315 71.329
40.306 71.303
40.305 71.294
40.304 71.287
40.306 71.281
40.31 71.278
40.327 71.277
40.328 71.271
40.325 71.254
40.325 71.244
40.33 71.222
40.332 71.2
40.33 71.183
40.324 71.158
40.322 71.153
40.323 71.131
40.319 71.118
40.298 71.08
40.29 71.063
40.287 71.032
40.284 71.021
40.28 71.009
40.269 70.976
40.264 70.966
40.26 70.963
40.245 70.97
40.238 70.97
40.229 70.968
40.227 70.916
40.226 70.898
40.222 70.874
40.223 70.868
40.202 70.831
40.197 70.815
40.184 70.778
40.184 70.77
40.178 70.744
40.177 70.713
40.175 70.71
40.171 70.678
40.167 70.658
40.165 70.646
40.166 70.637
40.171 70.628
40.183 70.618
40.199 70.61
40.206 70.602
40.221 70.595
40.227 70.58
40.243 70.568
40.245 70.571
40.255 70.572
40.266 70.572
40.282 70.581
40.296 70.577
40.311 70.569
40.326 70.572
40.335 70.567
40.346 70.551
40.356 70.52
40.367 70.488
40.373 70.452
40.376 70.446
40.38 70.431
40.38 70.424
40.373 70.404
40.373 70.395
40.377 70.385
40.383 70.378
40.39 70.374
40.401 70.368
40.406 70.362
40.408 70.356
40.42 70.352
40.43 70.345
40.439 70.339
40.449 70.333
40.459 70.332
40.463 70.334
40.466 70.352
40.48 70.373
40.483 70.399
40.488 70.414
40.493 70.423
40.501 70.456
40.505 70.467
40.505 70.485
40.511 70.495
40.525 70.497
40.532 70.507
40.547 70.51
40.553 70.514
40.557 70.523
40.558 70.536
40.557 70.552
40.563 70.563
40.563 70.578
40.566 70.587
40.584 70.606
40.621 70.63
40.627 70.638
40.63 70.652
40.642 70.667
40.645 70.678
40.65 70.681
40.651 70.69
40.659 70.699
40.663 70.72
40.658 70.728
40.658 70.736
40.669 70.736
40.684 70.733
40.685 70.732
40.689 70.739
40.684 70.745
40.685 70.76
40.695 70.769
40.711 70.776
40.72 70.788
40.725 70.79
40.732 70.785
40.737 70.779
40.746 70.763
40.75 70.754
40.753 70.683
40.758 70.663
40.759 70.659
40.762 70.655
40.769 70.651
40.774 70.651
40.79 70.658
40.807 70.662
40.811 70.666
40.809 70.674
40.781 70.688
40.777 70.7
40.779 70.708
40.784 70.712
40.792 70.71
40.811 70.692
40.829 70.684
40.848 70.674
40.855 70.665
40.866 70.645
40.888 70.635
40.897 70.626
40.936 70.591
40.962 70.566
40.972 70.553
40.975 70.552
40.992 70.535
40.996 70.527
41.002 70.517
41.033 70.484
41.036 70.477
41.04 70.464
41.042 70.449
41.041 70.441
41.034 70.421
41.029 70.413
41.024 70.409
41.013 70.405
40.992 70.412
40.987 70.409
40.975 70.395
40.967 70.389
40.954 70.388
40.944 70.38
40.941 70.374
40.929 70.37
40.914 70.377
40.908 70.377
40.9 70.371
40.891 70.365
40.885 70.357
40.881 70.343
40.882 70.331
40.881 70.317
40.873 70.302
40.872 70.297
40.866 70.287
40.865 70.281
40.852 70.271
40.848 70.266
40.842 70.247
40.837 70.238
40.826 70.215
40.829 70.19
40.835 70.176
40.836 70.168
40.834 70.155
40.83 70.149
40.825 70.144
40.81 70.138
40.803 70.132
40.788 70.112
40.765 70.08
40.756 70.049
40.741 70.027
40.739 70.015
40.735 70.009
40.734 70
40.731 69.97
40.73 69.965
40.722 69.948
40.704 69.923
40.704 69.918
40.72 69.884
40.72 69.874
40.717 69.865
40.709 69.85
40.697 69.835
40.693 69.83
40.692 69.824
40.699 69.793
40.698 69.784
40.695 69.777
40.689 69.768
40.655 69.749
40.639 69.737
40.632 69.723
40.629 69.717
40.629 69.701
40.627 69.682
40.629 69.673
40.63 69.668
40.637 69.661
40.643 69.659
40.658 69.65
40.662 69.641
40.663 69.627
40.668 69.619
40.678 69.611
40.693 69.584
40.706 69.572
40.725 69.566
40.753 69.548
40.756 69.545
40.758 69.544
40.766 69.532
40.768 69.523
40.768 69.506
40.78 69.451
40.785 69.437
40.784 69.408
40.782 69.401
40.775 69.395
40.765 69.387
40.739 69.361
40.729 69.357
40.724 69.357
40.717 69.35
40.712 69.348
40.66 69.344
40.654 69.344
40.636 69.351
40.616 69.363
40.595 69.358
40.591 69.347
40.578 69.339
40.576 69.339
40.571 69.334
40.57 69.327
40.573 69.308
40.572 69.302
40.569 69.269
40.561 69.253
40.551 69.235
40.547 69.231
40.541 69.229
40.535 69.231
40.505 69.26
40.495 69.274
40.483 69.273
40.476 69.266
40.462 69.265
40.454 69.274
40.441 69.281
40.426 69.284
40.42 69.288
40.417 69.298
40.414 69.297
40.403 69.293
40.397 69.301
40.384 69.308
40.37 69.307
40.362 69.316
40.348 69.339
40.328 69.339
40.319 69.332
40.305 69.332
40.304 69.332
40.286 69.308
40.285 69.29
40.286 69.27
40.289 69.26
40.289 69.252
40.287 69.251
40.279 69.248
40.269 69.255
40.255 69.25
40.248 69.259
40.244 69.289
40.237 69.298
40.214 69.308
40.202 69.316
40.195 69.306
40.199 69.294
40.205 69.282
40.206 69.239
40.211 69.211
40.207 69.194
40.205 69.171
40.212 69.148
40.211 69.142
40.211 69.134
40.213 69.109
40.213 69.086
40.22 69.055
40.221 68.999
40.219 68.979
40.215 68.927
40.207 68.884
40.201 68.876
40.192 68.855
40.187 68.827
40.187 68.824
40.189 68.811
40.198 68.775
40.19 68.754
40.169 68.669
40.167 68.66
40.158 68.622
40.157 68.603
40.155 68.601
40.141 68.538
40.131 68.533
40.125 68.54
40.124 68.543
40.117 68.552
40.092 68.608
40.092 68.635
40.1 68.682
40.103 68.692
40.109 68.71
40.122 68.772
40.132 68.799
40.141 68.848
40.146 68.873
40.15 68.909
40.152 68.977
40.148 68.985
40.141 68.996
40.134 68.999
40.12 69.004
40.091 69.013
40.08 69.014
40.069 69.007
40.068 68.991
40.074 68.958
40.074 68.938
40.074 68.932
40.074 68.922
40.068 68.889
40.061 68.875
40.053 68.864
40.046 68.863
40.036 68.859
40.034 68.856
40.038 68.846
40.06 68.84
40.073 68.828
40.078 68.824
40.08 68.81
40.077 68.797
40.072 68.792
40.063 68.791
40.054 68.799
40.045 68.812
40.038 68.819
40.027 68.821
40.005 68.812
40 68.812
39.977 68.845
39.94 68.883
39.923 68.901
39.904 68.913
39.892 68.914
39.88 68.91
39.868 68.894
39.867 68.877
39.872 68.863
39.888 68.85
39.917 68.849
39.94 68.838
39.971 68.82
39.985 68.804
39.986 68.795
39.983 68.785
39.976 68.782
39.958 68.784
39.925 68.807
39.893 68.824
39.881 68.825
39.868 68.817
39.864 68.809
39.86 68.789
39.854 68.783
39.836 68.78
39.83 68.777
39.826 68.772
39.824 68.762
39.831 68.75
39.852 68.743
39.867 68.726
39.869 68.716
39.86 68.7
39.853 68.69
39.849 68.684
39.854 68.673
39.856 68.661
39.856 68.647
39.851 68.646
39.837 68.645
39.819 68.649
39.809 68.652
39.796 68.648
39.787 68.645
39.773 68.635
39.758 68.629
39.749 68.623
39.744 68.609
39.743 68.595
39.738 68.59
39.735 68.586
39.724 68.592
39.679 68.633
39.665 68.63
39.651 68.627
39.635 68.607
39.606 68.575
39.595 68.558
39.589 68.544
39.577 68.541
39.563 68.539
39.546 68.533
39.541 68.524
39.534 68.515
39.54 68.492
39.536 68.467
39.544 68.402
39.535 68.377
39.53 68.362
39.532 68.354
39.535 68.349
39.545 68.337
39.549 68.326
39.554 68.295
39.558 68.257
39.556 68.229
39.551 68.209
39.553 68.193
39.559 68.184
39.563 68.171
39.562 68.155
39.563 68.14
39.564 68.107
39.572 68.086
39.576 68.07
39.574 68.045
39.576 68.034
39.583 68.023
39.591 68.01
39.597 67.99
39.598 67.96
39.597 67.94
39.611 67.9
39.618 67.889
39.625 67.879
39.626 67.861
39.627 67.849
39.639 67.827
39.65 67.807
39.654 67.797
39.648 67.782
39.642 67.761
39.642 67.756
39.648 67.736
39.656 67.714
39.657 67.705
39.652 67.697
39.64 67.686
39.636 67.674
39.633 67.662
39.626 67.649
39.6 67.628
39.597 67.616
39.597 67.585
39.576 67.514
39.572 67.499
39.56 67.496
39.542 67.499
39.534 67.5
39.525 67.492
39.525 67.485
39.531 67.458
39.534 67.444
39.532 67.434
39.519 67.426
39.497 67.425
39.482 67.438
39.41 67.481
39.372 67.499
39.358 67.507
39.339 67.519
39.325 67.524
39.318 67.52
39.319 67.509
39.321 67.494
39.323 67.485
39.319 67.464
39.31 67.431
39.305 67.416
39.3 67.392
39.295 67.387
39.287 67.387
39.265 67.395
39.225 67.425
39.212 67.441
39.203 67.462
39.197 67.5
39.19 67.514
39.185 67.532
39.185 67.549
39.188 67.572
39.185 67.595
39.177 67.617
39.149 67.631
39.145 67.643
39.144 67.678
39.139 67.684
39.13 67.684
39.121 67.676
39.099 67.674
39.079 67.672
39.058 67.681
39.023 67.684
39.017 67.689
39.005 67.701
39 67.715
39.001 67.725
39.004 67.731
39.005 67.735
39.001 67.749
39.003 67.754
39.007 67.76
39.013 67.771
39.017 67.815
39.003 67.845
39 67.864
39 67.876
39.01 67.887
39.023 67.899
39.023 67.929
39.024 67.943
39.033 67.966
39.033 67.976
39.022 67.988
39.014 68
39.01 68.022
39.017 68.037
39.026 68.062
39.024 68.089
39.01 68.115
38.979 68.134
38.962 68.141
38.96 68.146
38.934 68.185
38.926 68.199
38.913 68.201
38.892 68.198
38.888 68.191
38.865 68.195
38.851 68.197
38.848 68.185
38.84 68.17
38.825 68.157
38.82 68.135
38.816 68.113
38.815 68.095
38.813 68.081
38.803 68.073
38.794 68.08
38.741 68.128
38.73 68.12
38.728 68.11
38.727 68.086
38.715 68.068
38.706 68.058
38.681 68.067
38.648 68.086
38.64 68.086
38.631 68.076
38.621 68.075
38.61 68.073
38.587 68.072
38.556 68.069
38.541 68.068
38.513 68.095
38.486 68.121
38.472 68.142
38.465 68.14
38.453 68.135
38.442 68.127
38.429 68.114
38.411 68.109
38.411 68.119
38.415 68.131
38.422 68.151
38.422 68.161
38.406 68.197
38.389 68.211
38.365 68.227
38.352 68.232
38.338 68.231
38.329 68.234
38.325 68.238
38.317 68.267
38.304 68.299
38.293 68.32
38.271 68.342
38.249 68.363
38.248 68.363
38.243 68.363
38.22 68.379
38.195 68.403
38.182 68.402
38.157 68.394
38.1 68.373
38.078 68.37
38.071 68.362
38.06 68.345
38.037 68.32
37.984 68.285
37.957 68.286
37.938 68.276
37.925 68.278
37.909 68.27
37.898 68.243
37.889 68.216
37.881 68.158
37.877 68.129
37.853 68.111
37.737 68.043
37.708 68.018
37.701 68.006
37.691 67.988
37.64 67.939
37.598 67.916
37.557 67.888
37.547 67.879
37.53 67.854
37.463 67.828
37.419 67.827
37.35 67.833
37.271 67.826
37.235 67.821
37.193 67.805
37.185 67.79
37.195 67.783
37.206 67.77
37.218 67.752
37.221 67.733
37.222 67.732
37.227 67.698
37.237 67.661
37.246 67.64
37.248 67.633
37.246 67.628
37.241 67.614
37.239 67.596
37.229 67.59
37.225 67.58
37.226 67.567
37.231 67.559
37.249 67.551
37.26 67.539
37.272 67.51
37.272 67.496
37.263 67.484
37.247 67.461
37.233 67.44
37.227 67.419
37.219 67.4
37.218 67.387
37.214 67.354
37.209 67.331
37.196 67.312
37.188 67.299
37.184 67.279
37.188 67.264
37.207 67.24
37.218 67.224
37.224 67.218
37.241 67.211
37.255 67.204
37.259 67.193
37.267 67.173
37.265 67.149
37.273 67.124
37.286 67.108
37.303 67.101
37.32 67.099
37.33 67.098
37.343 67.083
37.356 67.062
37.371 67.037
37.384 66.986
37.387 66.971
37.385 66.949
37.381 66.937
37.373 66.914
37.363 66.876
37.359 66.853
37.352 66.831
37.352 66.819
37.357 66.793
37.358 66.763
37.357 66.736
37.355 66.729
37.349 66.715
37.342 66.697
37.337 66.683
37.336 66.663
37.337 66.646
37.342 66.637
37.342 66.635
37.351 66.628
37.357 66.615
37.361 66.594
37.36 66.569
37.354 66.547
37.348 66.526
37.369 66.521
37.381 66.518
37.392 66.521
37.403 66.531
37.414 66.549
37.424 66.574
37.432 66.615
37.44 66.64
37.452 66.646
37.465 66.646
37.484 66.637
37.571 66.545
37.579 66.538
37.605 66.533
37.662 66.539
37.681 66.542
37.702 66.545
37.728 66.538
37.738 66.539
37.75 66.539
37.792 66.548
37.8 66.553
37.822 66.564
37.842 66.58
37.855 66.597
37.881 66.611
37.892 66.624
37.912 66.67
37.919 66.679
37.933 66.684
37.948 66.684
37.962 66.677
37.991 66.644
38.005 66.63
38.014 66.62
38.024 66.602
38.027 66.594
38.03 66.581
38.036 66.566
38.038 66.551
38.042 66.497
38.038 66.481
38.028 66.44
38.027 66.427
38.029 66.417
38.032 66.4
38.047 66.38
38.051 66.373
38.059 66.357
38.064 66.347
38.069 66.337
38.073 66.325
38.079 66.313
38.088 66.302
38.102 66.287
38.114 66.274
38.136 66.258
38.154 66.246
38.159 66.235
38.16 66.219
38.161 66.194
38.172 66.144
38.179 66.119
38.185 66.105
38.195 66.1
38.202 66.094
38.204 66.084
38.207 66.075
38.209 66.069
38.211 66.059
38.211 66.05
38.214 66.045
38.225 66.034
38.228 66.023
38.227 66.001
38.226 65.994
38.231 65.976
38.241 65.956
38.259 65.937
38.275 65.915
38.279 65.896
38.279 65.872
38.274 65.851
38.263 65.842
38.25 65.836
38.251 65.831
38.251 65.823
38.25 65.82
38.239 65.817
38.236 65.809
38.236 65.797
38.241 65.756
38.252 65.696
38.261 65.665
38.271 65.637
38.291 65.565
38.304 65.526
38.319 65.481
38.338 65.439
38.376 65.362
38.408 65.301
38.434 65.26
38.477 65.202
38.567 65.089
38.606 65.037
38.612 65.025
38.621 65
38.621 64.998
38.634 64.966
38.641 64.94
38.656 64.89
38.669 64.851
38.679 64.827
38.696 64.797
38.701 64.789
38.712 64.776
38.73 64.738
38.759 64.675
38.773 64.653
38.806 64.582
38.822 64.552
38.838 64.523
38.877 64.47
38.901 64.437
38.925 64.403
38.953 64.37
38.986 64.331
38.986 64.322
38.981 64.297
38.961 64.251
38.957 64.23
38.956 64.207
38.959 64.177
38.966 64.159
38.987 64.126
39.007 64.095
39.03 64.056
39.041 64.033
39.07 63.984
39.102 63.932
39.129 63.886
39.149 63.847
39.176 63.799
39.182 63.787
39.189 63.777
39.207 63.745
39.228 63.717
39.252 63.692
39.262 63.686
39.269 63.677
39.289 63.66
39.347 63.583
39.384 63.539
39.388 63.529
39.401 63.508
39.431 63.453
39.445 63.42
39.475 63.358
39.504 63.304
39.528 63.262
39.574 63.17
39.696 62.949
39.776 62.798
39.951 62.488
39.97 62.462
39.991 62.443
40 62.439
40.015 62.435
40.024 62.436
40.036 62.43
40.065 62.427
40.083 62.411
40.093 62.401
40.099 62.396
40.11 62.397
40.13 62.412
40.152 62.414
40.174 62.414
40.19 62.405
40.211 62.402
40.238 62.392
40.245 62.39
40.263 62.388
40.276 62.383
40.286 62.384
40.301 62.392
40.311 62.393
40.318 62.391
40.327 62.386
40.34 62.375
40.348 62.366
40.358 62.35
40.375 62.335
40.383 62.333
40.409 62.344
40.433 62.35
40.438 62.349
40.446 62.329
40.448 62.314
40.456 62.297
40.478 62.272
40.485 62.264
40.494 62.236
40.509 62.208
40.521 62.196
40.531 62.189
40.556 62.144
40.565 62.135
40.574 62.128
40.579 62.126
40.596 62.113
40.602 62.11
40.612 62.107
40.629 62.105
40.641 62.099
40.643 62.098
40.657 62.091
40.672 62.081
40.676 62.078
40.689 62.067
40.691 62.062
40.699 62.052
40.712 62.045
40.758 62.042
40.77 62.032
40.787 62.026
40.802 62.014
40.811 62.007
40.818 62.002
40.82 62
40.825 62.001
40.834 61.999
40.841 61.998
40.848 62
40.851 62
40.86 62.001
40.868 62.001
40.872 62.001
40.892 62
40.9 61.997
40.917 61.996
40.923 61.996
40.924 61.995
40.931 61.993
40.947 61.991
40.966 61.995
40.974 61.996
40.977 61.994
40.98 61.992
40.984 61.981
40.995 61.977
41 61.977
41.006 61.977
41.019 61.971
41.027 61.964
41.034 61.955
41.037 61.947
41.047 61.923
41.049 61.911
41.053 61.901
41.058 61.897
41.063 61.894
41.07 61.898
41.075 61.898
41.078 61.899
41.095 61.891
41.109 61.88
41.121 61.854
41.154 61.813
41.159 61.789
41.163 61.781
41.176 61.757
41.184 61.746
41.194 61.737
41.215 61.713
41.22 61.702
41.222 61.675
41.226 61.661
41.231 61.65
41.238 61.641
41.253 61.635
41.265 61.627
41.27 61.62
41.275 61.609
41.276 61.598
41.266 61.57
41.269 61.532
41.272 61.516
41.282 61.494
41.287 61.481
41.292 61.443
41.291 61.432
41.286 61.422
41.274 61.411
41.262 61.404
41.251 61.403
41.228 61.406
41.219 61.405
41.21 61.398
41.205 61.395
41.191 61.393
41.18 61.389
41.171 61.384
41.165 61.38
41.159 61.372
41.153 61.362
41.15 61.345
41.15 61.339
41.148 61.336
41.147 61.317
41.145 61.3
41.147 61.293
41.145 61.287
41.146 61.264
41.148 61.26
41.146 61.254
41.149 61.239
41.162 61.205
41.167 61.185
41.17 61.178
41.173 61.171
41.181 61.161
41.183 61.158
41.198 61.141
41.199 61.14
41.2 61.138
41.205 61.132
41.21 61.125
41.212 61.118
41.212 61.105
41.212 61.102
41.209 61.088
41.209 61.075
41.219 61.062
41.223 61.058
41.224 61.057
41.229 61.052
41.235 61.046
41.234 61.035
41.234 61.025
41.237 61
41.238 60.993
41.236 60.972
41.238 60.948
41.238 60.94
41.237 60.937
41.235 60.931
41.236 60.908
41.232 60.877
41.231 60.861
41.233 60.805
41.229 60.769
41.228 60.769
41.228 60.716
41.228 60.684
41.225 60.623
41.223 60.581
41.223 60.562
41.216 60.506
41.217 60.485
41.221 60.469
41.228 60.453
41.239 60.429
41.241 60.424
41.246 60.414
41.253 60.399
41.295 60.336
41.312 60.306
41.317 60.295
41.324 60.283
41.326 60.277
41.33 60.27
41.363 60.204
41.381 60.16
41.395 60.131
41.409 60.11
41.412 60.106
41.432 60.094
41.443 60.093
41.456 60.097
41.473 60.096
41.505 60.098
41.535 60.104
41.548 60.112
41.559 60.126
41.576 60.152
41.581 60.158
41.591 60.164
41.61 60.164
41.624 60.158
41.642 60.143
41.657 60.133
41.673 60.118
41.679 60.113
41.682 60.109
41.708 60.085
41.728 60.069
41.74 60.066
41.747 60.063
41.753 60.06
41.766 60.067
41.773 60.072
41.79 60.078
41.801 60.081
41.804 60.082
41.809 60.084
41.812 60.089
41.811 60.096
41.803 60.115
41.803 60.13
41.804 60.137
41.801 60.146
41.798 60.152
41.797 60.157
41.795 60.165
41.791 60.18
41.792 60.18
41.787 60.191
41.783 60.204
41.766 60.231
41.766 60.239
41.767 60.257
41.757 60.274
41.752 60.291
41.759 60.297
41.759 60.313
41.761 60.319
41.768 60.319
41.78 60.308
41.794 60.284
41.813 60.263
41.815 60.258
41.825 60.231
41.831 60.196
41.835 60.184
41.845 60.166
41.85 60.158
41.858 60.149
41.879 60.138
41.888 60.127
41.895 60.115
41.898 60.105
41.908 60.063
41.916 60.045
41.952 60.007
segment Uzbekistan
40.038 71.113
40.017 71.12
40.014 71.126
40.014 71.135
40.028 71.17
40.028 71.179
40.027 71.182
40.019 71.186
40.015 71.185
40.007 71.175
40.005 71.171
40.006 71.167
40 71.168
39.981 71.169
39.964 71.167
39.96 71.171
39.958 71.185
39.958 71.211
39.957 71.221
39.953 71.222
39.947 71.216
39.941 71.217
39.929 71.227
39.92 71.229
39.914 71.226
39.907 71.217
39.897 71.21
39.884 71.195
39.876 71.18
39.875 71.155
39.879 71.141
39.893 71.133
39.915 71.113
39.916 71.108
39.915 71.101
39.907 71.096
39.894 71.089
39.889 71.075
39.89 71.062
39.895 71.056
39.906 71.057
39.917 71.068
39.926 71.074
39.938 71.08
39.956 71.087
39.965 71.092
39.971 71.095
39.975 71.096
39.983 71.098
39.993 71.097
40 71.087
40.01 71.085
40.015 71.066
40.017 71.034
40.02 71.024
40.028 71.014
40.04 71.008
40.051 71.004
40.058 71.006
40.06 71.005
40.075 71.002
40.086 71.002
40.095 71.006
40.112 71.005
40.12 71.001
40.135 71
40.141 70.997
40.143 71
40.164 71.001
40.168 71
40.168 70.995
40.175 71.004
40.176 71.013
40.173 71.02
40.175 71.03
40.182 71.036
40.184 71.041
40.182 71.052
40.169 71.064
40.161 71.068
40.151 71.081
40.131 71.084
40.123 71.087
40.106 71.096
40.093 71.09
40.085 71.092
40.077 71.09
40.065 71.093
40.064 71.096
40.038 71.113
