segment West Bank
32 35.531
31.969 35.548
31.933 35.541
31.918 35.523
31.876 35.533
31.867 35.551
31.85 35.541
31.836 35.551
31.817 35.543
31.762 35.555
31.758 35.556
31.72 35.53
31.636 35.499
31.574 35.478
31.53 35.476
31.488 35.476
31.489 35.41
31.484 35.394
31.458 35.358
31.437 35.325
31.424 35.293
31.4 35.268
31.375 35.239
31.367 35.224
31.363 35.2
31.362 35.181
31.359 35.16
31.361 35.146
31.352 35.125
31.355 35.067
31.358 35.026
31.353 35
31.349 34.984
31.344 34.939
31.35 34.914
31.361 34.898
31.377 34.887
31.397 34.884
31.43 34.903
31.455 34.926
31.487 34.946
31.505 34.949
31.545 34.945
31.583 34.954
31.596 34.965
31.616 34.978
31.636 35
31.644 35.009
31.656 35.025
31.665 35.046
31.676 35.072
31.72 35.125
31.735 35.167
31.736 35.218
31.752 35.229
31.788 35.232
31.804 35.214
31.804 35.168
31.819 35.125
31.827 35.105
31.844 35.083
31.835 35.063
31.817 35.045
31.81 35.019
31.812 35
31.813 34.992
31.82 34.972
31.847 34.964
31.862 34.976
31.866 35
31.87 35.026
31.893 35.035
31.909 35.03
31.925 35.007
31.933 35
31.943 34.992
31.965 34.99
31.984 35
31.99 35.003
31.997 35
32 34.999
32.001 35
32.003 35.003
32.008 35.001
32.015 35.001
32.03 35.009
32.045 35.011
32.056 35.008
32.07 35
32.075 34.997
32.084 34.986
32.091 34.983
32.099 34.984
32.112 34.992
32.118 34.994
32.123 34.996
32.135 34.994
32.164 34.987
32.174 34.981
32.191 34.968
32.203 34.967
32.214 34.969
32.237 34.981
32.249 34.987
32.265 35
32.266 35.001
32.271 35.009
32.278 35.013
32.307 35.008
32.334 35.009
32.351 35.02
32.358 35.026
32.368 35.052
32.371 35.056
32.374 35.059
32.399 35.063
32.42 35.072
32.445 35.077
32.459 35.081
32.474 35.09
32.479 35.098
32.482 35.108
32.492 35.138
32.502 35.163
32.515 35.183
32.524 35.195
32.53 35.198
32.548 35.217
32.55 35.222
32.551 35.228
32.552 35.232
32.545 35.246
32.53 35.263
32.52 35.279
32.513 35.294
32.512 35.302
32.512 35.314
32.519 35.36
32.519 35.363
32.519 35.382
32.517 35.391
32.507 35.407
32.484 35.423
32.462 35.426
32.442 35.425
32.429 35.43
32.428 35.431
32.42 35.438
32.415 35.438
32.41 35.444
32.408 35.457
32.412 35.472
32.411 35.494
32.408 35.507
32.396 35.537
32.39 35.56
32.373 35.558
32.365 35.565
32.359 35.568
32.344 35.565
32.337 35.562
32.329 35.561
32.311 35.569
32.299 35.564
32.292 35.564
32.278 35.57
32.271 35.569
32.256 35.567
32.241 35.571
32.225 35.572
32.217 35.574
32.206 35.575
32.196 35.573
32.183 35.564
32.158 35.558
32.149 35.557
32.131 35.555
32.12 35.551
32.104 35.537
32.086 35.534
32.072 35.526
32.029 35.528
32.018 35.539
32.012 35.54
32 35.531
