segment Chad
22.991 15
22.999 15
23.005 15
23.006 15.001
23.008 15.009
23.043 15.087
23.046 15.09
23.056 15.116
23.058 15.117
23.06 15.12
23.07 15.142
23.073 15.151
23.114 15.239
23.116 15.244
23.118 15.252
23.169 15.361
23.169 15.362
23.174 15.373
23.187 15.401
23.203 15.438
23.206 15.441
23.225 15.484
23.23 15.495
23.233 15.506
23.251 15.543
23.279 15.607
23.296 15.645
23.301 15.654
23.303 15.665
23.315 15.689
23.317 15.696
23.33 15.728
23.331 15.73
23.386 15.853
23.388 15.857
23.393 15.861
23.399 15.881
23.43 15.95
23.437 15.967
23.437 15.971
23.44 15.975
23.444 15.981
23.445 15.986
23.45 15.998
23.405 16.097
23.37 16.172
23.349 16.22
23.346 16.226
23.345 16.233
23.328 16.263
23.314 16.299
23.306 16.314
23.294 16.342
23.278 16.378
23.269 16.394
23.245 16.449
23.24 16.457
23.237 16.463
23.199 16.547
23.191 16.56
23.19 16.567
23.184 16.579
23.181 16.58
23.18 16.584
23.173 16.603
23.125 16.706
23.119 16.717
23.118 16.722
23.109 16.739
23.075 16.816
23.068 16.827
23.068 16.828
23.068 16.83
23.059 16.847
23.042 16.883
23.016 16.938
23.011 16.949
23 16.971
22.997 16.982
22.98 17.01
22.971 17.033
22.953 17.07
22.941 17.095
22.897 17.191
22.88 17.228
22.875 17.237
22.859 17.269
22.839 17.312
22.814 17.366
22.811 17.37
22.798 17.4
22.782 17.433
22.724 17.554
22.723 17.557
22.668 17.675
22.639 17.736
22.636 17.739
22.609 17.796
22.552 17.917
22.518 17.99
22.494 18.037
22.469 18.088
22.457 18.117
22.437 18.159
22.408 18.219
22.407 18.226
22.396 18.244
22.379 18.279
22.324 18.395
22.323 18.4
22.323 18.402
22.311 18.423
22.271 18.507
22.27 18.513
22.266 18.521
22.233 18.586
22.208 18.641
22.194 18.671
22.184 18.687
22.168 18.726
22.15 18.761
22.111 18.84
21.545 20
21.374 20.351
21.302 20.486
21.268 20.555
21.21 20.669
21.152 20.788
21.139 20.813
21.093 20.907
21.087 20.922
21.034 21.026
21.013 21.069
21.007 21.082
20.996 21.102
20.974 21.145
20.939 21.216
20.934 21.221
20.915 21.263
20.865 21.361
20.855 21.381
20.807 21.48
20.794 21.499
20.793 21.505
20.77 21.549
20.768 21.554
20.734 21.623
20.726 21.639
20.717 21.652
20.715 21.659
20.705 21.681
20.674 21.74
20.673 21.741
20.668 21.754
20.659 21.767
20.654 21.783
20.642 21.802
20.633 21.825
20.628 21.83
20.614 21.858
20.603 21.878
20.599 21.89
20.587 21.908
20.585 21.914
20.584 21.919
20.572 21.939
20.563 21.959
20.554 21.975
20.514 22.051
20.511 22.058
20.494 22.088
20.492 22.092
20.457 22.161
20.456 22.168
20.44 22.194
20.438 22.2
20.433 22.209
20.422 22.228
20.419 22.237
20.385 22.301
20.384 22.305
20.375 22.318
20.372 22.326
20.366 22.342
20.358 22.353
20.314 22.439
20.312 22.444
20.31 22.449
20.296 22.472
20.296 22.476
20.271 22.518
20.269 22.525
20.251 22.56
20.238 22.584
20.237 22.59
20.218 22.623
20.207 22.648
20.207 22.649
20.199 22.661
20.169 22.722
20.145 22.766
20.132 22.795
20.126 22.803
20.084 22.883
20.024 23.001
20 23.047
19.996 23.055
19.993 23.057
19.977 23.091
19.963 23.117
19.958 23.127
19.954 23.133
19.947 23.146
19.946 23.152
19.903 23.235
19.881 23.277
19.877 23.286
19.866 23.303
19.863 23.313
19.843 23.352
19.816 23.403
19.813 23.406
19.798 23.439
19.782 23.468
19.74 23.547
19.722 23.586
19.721 23.586
19.667 23.691
19.66 23.702
19.658 23.705
19.633 23.757
19.62 23.778
19.599 23.819
19.538 23.935
19.508 24
19.5 24
19.4 24
19.3 24
19.2 24
19.1 24
19 24
18.9 24
18.8 24
18.7 24
18.6 24
18.5 24
18.4 24
18.3 24
18.2 24
18.1 24
18 24
17.9 24
17.8 24
17.7 24
17.6 24
17.5 24
17.4 24
17.3 24
17.2 24
17.1 24
17 24
16.9 24
16.8 24
16.7 24
16.6 24
16.5 24
16.4 24
16.3 24
16.2 24
16.1 24
16 24
15.885 24.002
15.794 24.003
15.759 24.002
15.705 24.002
15.703 23.989
15.704 23.964
15.706 23.961
15.71 23.942
15.712 23.928
15.717 23.903
15.732 23.856
15.743 23.806
15.743 23.802
15.742 23.791
15.745 23.777
15.744 23.741
15.745 23.725
15.749 23.713
15.756 23.674
15.758 23.662
15.754 23.578
15.745 23.545
15.737 23.515
15.728 23.492
15.702 23.444
15.696 23.425
15.693 23.416
15.69 23.378
15.686 23.353
15.686 23.333
15.691 23.296
15.693 23.274
15.701 23.241
15.701 23.227
15.707 23.219
15.709 23.215
15.704 23.198
15.705 23.171
15.705 23.17
15.712 23.154
15.71 23.122
15.705 23.115
15.691 23.106
15.668 23.085
15.663 23.077
15.659 23.064
15.657 23.058
15.653 23.054
15.627 23.043
15.618 23.036
15.612 23.026
15.609 23.025
15.609 23.023
15.589 23.005
15.584 22.997
15.581 22.989
15.58 22.986
15.58 22.975
15.581 22.969
15.581 22.962
15.579 22.954
15.572 22.947
15.551 22.931
15.54 22.926
15.525 22.924
15.514 22.928
15.494 22.923
15.489 22.922
15.477 22.925
15.465 22.93
15.464 22.933
15.447 22.95
15.438 22.964
15.427 22.978
15.424 22.98
15.416 22.989
15.416 22.99
15.398 22.997
15.391 22.996
15.374 22.991
15.371 22.99
15.341 22.991
15.33 22.993
15.322 22.999
15.309 23.004
15.296 22.999
15.286 22.991
15.263 22.987
15.259 22.987
15.256 22.99
15.237 23
15.231 22.997
15.228 22.992
15.221 22.987
15.208 22.982
15.201 22.979
15.196 22.975
15.192 22.969
15.191 22.965
15.181 22.947
15.172 22.936
15.166 22.932
15.158 22.931
15.125 22.94
15.111 22.939
15.108 22.94
15.093 22.921
15.093 22.916
15.095 22.907
15.095 22.899
15.094 22.893
15.089 22.88
15.083 22.871
15.071 22.862
15.058 22.856
15.055 22.852
15.045 22.838
15.044 22.835
15.029 22.814
15.006 22.792
15 22.784
14.994 22.777
14.985 22.767
14.972 22.757
14.965 22.753
14.955 22.751
14.95 22.75
14.945 22.75
14.937 22.75
14.936 22.753
14.919 22.759
14.917 22.759
14.91 22.76
14.903 22.757
14.899 22.752
14.897 22.744
14.895 22.741
14.897 22.726
14.896 22.72
14.891 22.704
14.875 22.685
14.859 22.675
14.849 22.671
14.826 22.68
14.815 22.684
14.761 22.701
14.738 22.711
14.706 22.718
14.691 22.721
14.686 22.717
14.65 22.617
14.65 22.616
14.635 22.532
14.635 22.523
14.63 22.503
14.626 22.492
14.625 22.489
14.624 22.482
14.616 22.467
14.607 22.456
14.597 22.452
14.605 22.447
14.605 22.443
14.597 22.431
14.596 22.426
14.597 22.415
14.596 22.411
14.566 22.403
14.566 22.402
14.562 22.403
14.553 22.397
14.507 22.384
14.504 22.387
14.508 22.401
14.505 22.41
14.501 22.418
14.497 22.429
14.487 22.442
14.483 22.448
14.472 22.45
14.431 22.443
14.426 22.443
14.419 22.441
14.365 22.444
14.364 22.445
14.359 22.45
14.357 22.455
14.329 22.462
14.324 22.46
14.32 22.446
14.312 22.435
14.303 22.429
14.292 22.428
14.284 22.432
14.276 22.438
14.267 22.446
14.232 22.479
14.235 22.49
14.242 22.501
14.244 22.509
14.244 22.517
14.231 22.555
14.23 22.558
14.209 22.553
14.184 22.579
14.176 22.576
14.128 22.543
14.119 22.536
14.11 22.504
14.066 22.453
14.057 22.44
14.051 22.431
14.05 22.426
14.05 22.393
14.023 22.367
14.018 22.358
14.017 22.352
14.011 22.328
14.01 22.327
14.005 22.32
13.975 22.292
13.964 22.263
13.947 22.232
13.938 22.225
13.916 22.21
13.856 22.149
13.844 22.139
13.835 22.132
13.824 22.126
13.822 22.122
13.776 22.092
13.766 22.091
13.753 22.1
13.743 22.11
13.742 22.114
13.733 22.124
13.728 22.125
13.722 22.124
13.716 22.129
13.7 22.125
13.693 22.119
13.689 22.118
13.685 22.116
13.668 22.12
13.664 22.123
13.653 22.135
13.629 22.143
13.622 22.146
13.616 22.152
13.616 22.157
13.617 22.161
13.603 22.168
13.599 22.167
13.596 22.17
13.592 22.179
13.588 22.181
13.582 22.196
13.566 22.214
13.561 22.215
13.549 22.222
13.538 22.222
13.508 22.217
13.488 22.222
13.487 22.221
13.471 22.216
13.469 22.218
13.452 22.221
13.447 22.224
13.445 22.232
13.443 22.234
13.436 22.238
13.423 22.239
13.417 22.241
13.408 22.248
13.407 22.26
13.404 22.264
13.391 22.279
13.387 22.279
13.382 22.283
13.374 22.283
13.35 22.284
13.342 22.275
13.328 22.261
13.317 22.254
13.305 22.244
13.303 22.244
13.299 22.236
13.293 22.23
13.285 22.227
13.275 22.221
13.271 22.21
13.252 22.195
13.245 22.184
13.215 22.172
13.21 22.168
13.196 22.154
13.193 22.146
13.172 22.138
13.168 22.135
13.164 22.128
13.16 22.109
13.159 22.093
13.161 22.088
13.16 22.083
13.157 22.079
13.146 22.075
13.143 22.072
13.143 22.064
13.138 22.051
13.138 22.046
13.139 22.02
13.136 22.014
13.131 22.01
13.109 22.007
13.103 22.003
13.099 21.994
13.091 21.982
13.073 21.965
13.07 21.956
13.068 21.947
13.055 21.939
13.05 21.933
13.047 21.926
13.042 21.927
13.036 21.933
13.03 21.931
13.018 21.931
13.009 21.926
13.002 21.911
12.982 21.899
12.966 21.891
12.927 21.879
12.924 21.879
12.89 21.86
12.882 21.853
12.872 21.851
12.85 21.85
12.837 21.848
12.809 21.84
12.808 21.84
12.798 21.839
12.786 21.843
12.772 21.853
12.755 21.86
12.734 21.858
12.72 21.866
12.709 21.88
12.701 21.885
12.698 21.886
12.686 21.888
12.665 21.915
12.639 21.934
12.636 21.941
12.639 21.96
12.639 21.982
12.637 22.033
12.658 22.108
12.666 22.136
12.679 22.165
12.693 22.184
12.707 22.195
12.733 22.197
12.75 22.198
12.719 22.254
12.703 22.277
12.7 22.286
12.697 22.287
12.694 22.292
12.661 22.359
12.648 22.39
12.641 22.409
12.638 22.417
12.631 22.451
12.624 22.458
12.62 22.459
12.565 22.441
12.554 22.437
12.509 22.42
12.495 22.413
12.492 22.407
12.478 22.395
12.445 22.375
12.442 22.372
12.434 22.372
12.429 22.374
12.426 22.375
12.424 22.378
12.423 22.388
12.42 22.394
12.402 22.409
12.388 22.422
12.379 22.424
12.361 22.419
12.356 22.42
12.348 22.426
12.339 22.426
12.33 22.429
12.318 22.432
12.31 22.434
12.289 22.443
12.272 22.444
12.229 22.466
12.22 22.476
12.203 22.477
12.192 22.483
12.182 22.486
12.148 22.492
12.116 22.491
12.112 22.491
12.092 22.487
12.08 22.489
12.07 22.483
12.059 22.482
12.03 22.471
12.026 22.457
12.019 22.471
12.019 22.478
12.02 22.492
12.032 22.513
12.037 22.518
12.039 22.524
12.045 22.531
12.053 22.551
12.054 22.558
12.051 22.564
12.052 22.577
12.056 22.586
12.054 22.596
12.051 22.611
12.058 22.635
12.056 22.638
12.048 22.639
12.027 22.635
11.975 22.622
11.878 22.598
11.852 22.592
11.787 22.577
11.729 22.562
11.696 22.556
11.694 22.555
11.687 22.554
11.621 22.566
11.608 22.576
11.591 22.591
11.589 22.594
11.581 22.6
11.576 22.603
11.54 22.636
11.536 22.642
11.516 22.662
11.515 22.662
11.494 22.709
11.493 22.713
11.479 22.742
11.475 22.754
11.456 22.773
11.451 22.778
11.438 22.788
11.403 22.789
11.413 22.858
11.415 22.871
11.415 22.899
11.418 22.939
11.417 22.945
11.378 22.948
11.323 22.951
11.312 22.953
11.31 22.964
11.306 22.965
11.296 22.982
11.269 22.984
11.268 22.984
11.2 22.986
11.188 22.982
11.181 22.978
11.146 22.967
11.142 22.966
11.137 22.963
11.091 22.945
11.088 22.938
11.032 22.918
11.01 22.91
11.006 22.907
10.993 22.904
10.955 22.889
10.947 22.888
10.931 22.881
10.932 22.866
10.931 22.853
10.934 22.847
10.934 22.817
10.945 22.776
10.944 22.769
10.95 22.761
10.953 22.76
10.962 22.756
10.971 22.745
10.974 22.734
10.972 22.711
10.972 22.703
10.975 22.697
10.975 22.695
10.98 22.683
10.98 22.682
10.979 22.656
10.99 22.632
10.997 22.612
10.997 22.604
10.99 22.584
10.988 22.577
10.984 22.573
10.984 22.569
10.988 22.561
10.994 22.553
11.008 22.521
11.007 22.509
11.003 22.497
10.997 22.494
10.999 22.487
11.001 22.477
10.999 22.469
10.991 22.461
10.988 22.457
10.988 22.443
10.981 22.433
10.974 22.431
10.971 22.424
10.972 22.414
10.971 22.402
10.962 22.384
10.969 22.377
10.958 22.37
10.956 22.356
10.956 22.327
10.954 22.324
10.944 22.313
10.936 22.298
10.931 22.29
10.931 22.282
10.923 22.266
10.926 22.251
10.925 22.245
10.918 22.236
10.913 22.222
10.911 22.205
10.909 22.196
10.9 22.183
10.884 22.175
10.881 22.159
10.879 22.156
10.876 22.152
10.878 22.144
10.881 22.121
10.883 22.117
10.88 22.112
10.881 22.105
10.883 22.099
10.891 22.088
10.895 22.082
10.896 22.074
10.889 22.06
10.889 22.049
10.884 22.042
10.883 22.036
10.886 22.029
10.886 22.026
10.886 22.021
10.885 22.017
10.873 22.002
10.874 21.989
10.864 21.983
10.863 21.978
10.868 21.971
10.871 21.962
10.86 21.963
10.858 21.96
10.857 21.953
10.86 21.949
10.869 21.945
10.869 21.942
10.858 21.943
10.856 21.943
10.852 21.94
10.853 21.934
10.86 21.927
10.872 21.921
10.873 21.913
10.866 21.909
10.863 21.904
10.863 21.899
10.87 21.887
10.87 21.881
10.868 21.878
10.854 21.872
10.847 21.865
10.845 21.857
10.846 21.849
10.848 21.844
10.838 21.842
10.839 21.833
10.824 21.819
10.821 21.818
10.81 21.814
10.809 21.81
10.802 21.803
10.798 21.791
10.795 21.788
10.787 21.788
10.777 21.791
10.763 21.786
10.752 21.784
10.74 21.788
10.732 21.79
10.722 21.786
10.713 21.788
10.708 21.787
10.706 21.783
10.703 21.783
10.695 21.789
10.688 21.789
10.678 21.787
10.669 21.789
10.665 21.782
10.659 21.781
10.654 21.77
10.647 21.765
10.642 21.759
10.643 21.753
10.646 21.749
10.656 21.741
10.656 21.736
10.654 21.734
10.648 21.733
10.629 21.732
10.612 21.733
10.597 21.727
10.576 21.729
10.561 21.733
10.554 21.733
10.539 21.73
10.529 21.721
10.527 21.721
10.508 21.718
10.501 21.72
10.478 21.733
10.47 21.744
10.464 21.751
10.458 21.753
10.453 21.751
10.444 21.759
10.439 21.758
10.427 21.754
10.42 21.758
10.418 21.77
10.412 21.771
10.404 21.767
10.382 21.743
10.372 21.741
10.367 21.74
10.354 21.741
10.357 21.728
10.347 21.723
10.343 21.723
10.341 21.724
10.33 21.73
10.32 21.737
10.313 21.734
10.308 21.73
10.302 21.728
10.298 21.725
10.296 21.719
10.279 21.71
10.276 21.706
10.276 21.694
10.279 21.682
10.278 21.676
10.274 21.675
10.271 21.676
10.265 21.682
10.264 21.683
10.262 21.68
10.259 21.675
10.257 21.664
10.253 21.661
10.249 21.663
10.248 21.669
10.242 21.674
10.238 21.676
10.234 21.673
10.232 21.668
10.234 21.649
10.227 21.641
10.227 21.637
10.227 21.633
10.231 21.628
10.231 21.622
10.218 21.611
10.218 21.61
10.213 21.597
10.212 21.589
10.211 21.589
10.215 21.585
10.215 21.579
10.21 21.561
10.214 21.554
10.225 21.548
10.228 21.544
10.227 21.537
10.216 21.523
10.195 21.512
10.19 21.51
10.187 21.505
10.187 21.494
10.171 21.491
10.165 21.488
10.163 21.481
10.159 21.476
10.152 21.468
10.149 21.471
10.144 21.472
10.136 21.469
10.128 21.462
10.127 21.455
10.124 21.45
10.119 21.448
10.112 21.451
10.111 21.454
10.107 21.455
10.1 21.453
10.087 21.455
10.083 21.453
10.083 21.445
10.081 21.441
10.073 21.438
10.063 21.438
10.059 21.437
10.054 21.433
10.049 21.432
10.047 21.43
10.05 21.42
10.048 21.416
10.041 21.408
10.034 21.404
10.03 21.403
10.021 21.404
10.017 21.402
10.013 21.396
10.001 21.394
10 21.393
9.992 21.385
9.985 21.377
9.984 21.373
9.984 21.369
9.988 21.364
9.989 21.362
9.985 21.359
9.97 21.355
9.966 21.348
9.964 21.341
9.965 21.336
9.972 21.33
9.971 21.324
9.972 21.321
9.974 21.319
9.985 21.317
9.99 21.309
9.973 21.305
9.969 21.302
9.968 21.298
9.971 21.294
9.975 21.293
9.977 21.288
9.979 21.287
9.986 21.283
9.994 21.263
9.99 21.254
9.986 21.251
9.975 21.249
9.969 21.243
9.965 21.242
9.96 21.237
9.958 21.234
9.951 21.215
9.948 21.213
9.941 21.213
9.936 21.212
9.931 21.203
9.93 21.203
9.926 21.201
9.909 21.204
9.901 21.203
9.895 21.199
9.891 21.193
9.89 21.19
9.892 21.184
9.884 21.177
9.866 21.152
9.848 21.133
9.832 21.122
9.819 21.117
9.812 21.116
9.802 21.118
9.801 21.118
9.792 21.115
9.785 21.108
9.777 21.093
9.776 21.085
9.779 21.079
9.779 21.074
9.765 21.063
9.766 21.058
9.773 21.049
9.777 21.039
9.774 21.03
9.769 21.025
9.765 21.024
9.762 21.024
9.759 21.025
9.741 21.038
9.738 21.039
9.732 21.036
9.728 21.031
9.729 21.021
9.732 21.01
9.747 20.995
9.735 20.992
9.727 20.993
9.716 21.001
9.706 21.004
9.702 21.002
9.701 20.981
9.705 20.974
9.706 20.972
9.706 20.969
9.702 20.968
9.698 20.97
9.695 20.974
9.694 20.988
9.691 20.994
9.685 20.999
9.679 20.995
9.665 20.981
9.661 20.981
9.657 20.986
9.655 20.994
9.65 20.996
9.646 20.994
9.644 20.989
9.645 20.982
9.648 20.975
9.647 20.97
9.646 20.97
9.643 20.967
9.639 20.969
9.636 20.972
9.634 20.987
9.627 20.991
9.621 20.988
9.617 20.978
9.619 20.961
9.619 20.954
9.616 20.951
9.614 20.95
9.587 20.955
9.576 20.954
9.573 20.953
9.568 20.952
9.563 20.944
9.571 20.937
9.572 20.931
9.571 20.927
9.564 20.924
9.554 20.924
9.545 20.919
9.541 20.919
9.533 20.922
9.528 20.919
9.525 20.915
9.528 20.906
9.528 20.899
9.526 20.895
9.525 20.877
9.523 20.875
9.52 20.874
9.515 20.877
9.511 20.874
9.507 20.869
9.499 20.864
9.487 20.866
9.484 20.863
9.482 20.855
9.486 20.85
9.484 20.845
9.48 20.839
9.463 20.827
9.451 20.825
9.441 20.828
9.43 20.827
9.429 20.82
9.428 20.817
9.443 20.804
9.443 20.798
9.442 20.793
9.429 20.78
9.428 20.768
9.425 20.767
9.415 20.77
9.408 20.768
9.401 20.761
9.399 20.754
9.399 20.748
9.402 20.745
9.402 20.74
9.397 20.734
9.397 20.732
9.397 20.729
9.402 20.719
9.402 20.713
9.395 20.705
9.396 20.701
9.399 20.692
9.398 20.667
9.395 20.663
9.367 20.652
9.347 20.65
9.346 20.65
9.342 20.648
9.34 20.641
9.341 20.63
9.339 20.626
9.335 20.624
9.331 20.625
9.328 20.628
9.326 20.638
9.323 20.641
9.318 20.638
9.316 20.604
9.32 20.6
9.329 20.594
9.333 20.588
9.34 20.584
9.341 20.583
9.343 20.581
9.343 20.578
9.341 20.576
9.333 20.571
9.33 20.567
9.33 20.561
9.337 20.549
9.334 20.543
9.333 20.541
9.337 20.535
9.337 20.529
9.332 20.525
9.319 20.527
9.313 20.527
9.308 20.524
9.305 20.518
9.303 20.508
9.307 20.496
9.305 20.496
9.297 20.491
9.292 20.492
9.279 20.498
9.272 20.498
9.241 20.483
9.221 20.47
9.214 20.468
9.173 20.456
9.166 20.45
9.16 20.444
9.154 20.434
9.153 20.41
9.151 20.393
9.148 20.388
9.143 20.382
9.14 20.378
9.128 20.353
9.128 20.346
9.133 20.337
9.132 20.332
9.126 20.325
9.124 20.318
9.122 20.303
9.122 20.281
9.122 20.274
9.124 20.265
9.124 20.262
9.132 20.248
9.146 20.239
9.147 20.229
9.152 20.221
9.151 20.207
9.139 20.191
9.138 20.18
9.139 20.153
9.141 20.147
9.138 20.139
9.138 20.131
9.143 20.117
9.146 20.113
9.153 20.109
9.156 20.105
9.157 20.101
9.15 20.093
9.139 20.088
9.133 20.081
9.132 20.071
9.142 20.058
9.143 20.053
9.141 20.048
9.14 20.047
9.128 20.036
9.127 20.03
9.128 20.018
9.126 20.012
9.124 20.011
9.119 20.01
9.112 20.011
9.105 20.009
9.103 20.007
9.113 20
9.116 19.998
9.096 19.987
9.092 19.98
9.089 19.957
9.088 19.942
9.087 19.939
9.084 19.935
9.079 19.933
9.068 19.931
9.061 19.927
9.063 19.919
9.068 19.905
9.062 19.894
9.061 19.886
9.064 19.883
9.063 19.878
9.066 19.872
9.065 19.865
9.06 19.857
9.054 19.849
9.044 19.842
9.043 19.836
9.045 19.833
9.05 19.829
9.064 19.822
9.059 19.812
9.057 19.804
9.056 19.798
9.059 19.789
9.059 19.78
9.059 19.779
9.057 19.773
9.05 19.763
9.049 19.76
9.049 19.744
9.044 19.735
9.044 19.721
9.041 19.72
9.029 19.704
9.028 19.702
9.029 19.684
9.021 19.672
9.02 19.667
9.024 19.659
9.024 19.647
9.018 19.631
9.021 19.614
9.019 19.602
9.031 19.586
9.037 19.582
9.04 19.578
9.039 19.573
9.036 19.569
9.037 19.559
9.035 19.554
9.023 19.543
9.019 19.535
9.016 19.523
9.017 19.517
9.02 19.515
9.032 19.512
9.034 19.507
9.034 19.501
9.032 19.499
9.021 19.497
9.018 19.494
9.018 19.493
9.018 19.491
9.021 19.488
9.015 19.483
9.014 19.479
9.018 19.474
9.018 19.459
9.026 19.458
9.025 19.451
9.029 19.441
9.031 19.439
9.026 19.432
9.026 19.428
9.028 19.421
9.025 19.414
9.026 19.401
9.019 19.396
9.018 19.396
9.017 19.389
9.018 19.379
9.013 19.366
9.013 19.358
9.016 19.355
9.02 19.338
9.011 19.322
9.008 19.309
9.008 19.302
9.012 19.29
9.012 19.275
9.013 19.27
9.018 19.264
9.021 19.262
9.026 19.253
9.026 19.241
9.029 19.236
9.027 19.225
9.028 19.222
9.031 19.218
9.022 19.192
9.022 19.188
9.025 19.18
9.024 19.175
9.017 19.17
9.015 19.162
9.014 19.157
9.009 19.151
9.007 19.141
9.004 19.135
9.007 19.127
9.005 19.125
9.007 19.121
9.009 19.105
9.01 19.101
9.02 19.096
9.02 19.092
9.015 19.078
9.004 19.076
9.005 19.07
9.005 19.067
8.996 19.059
8.998 19.051
8.994 19.043
8.997 19.028
8.995 19.023
8.991 19.019
8.982 19.014
8.978 19.01
8.977 19.004
8.979 19
8.98 18.999
8.979 18.993
8.975 18.988
8.968 18.984
8.954 18.981
8.948 18.977
8.942 18.976
8.94 18.969
8.936 18.966
8.934 18.962
8.928 18.96
8.927 18.957
8.928 18.953
8.931 18.948
8.931 18.943
8.926 18.933
8.926 18.923
8.923 18.919
8.913 18.912
8.898 18.905
8.901 18.896
8.901 18.889
8.898 18.887
8.896 18.889
8.894 18.892
8.892 18.893
8.89 18.893
8.881 18.882
8.881 18.88
8.876 18.868
8.871 18.866
8.866 18.866
8.862 18.867
8.853 18.862
8.851 18.864
8.85 18.866
8.849 18.869
8.843 18.871
8.841 18.874
8.841 18.879
8.84 18.881
8.844 18.881
8.848 18.884
8.851 18.889
8.852 18.894
8.851 18.901
8.847 18.906
8.842 18.907
8.821 18.907
8.815 18.907
8.807 18.91
8.803 18.917
8.8 18.923
8.81 18.936
8.813 18.943
8.813 18.947
8.809 18.952
8.793 18.957
8.788 18.96
8.786 18.963
8.781 18.97
8.774 18.985
8.769 18.997
8.77 19
8.766 19.014
8.761 19.02
8.736 19.033
8.727 19.042
8.716 19.06
8.713 19.071
8.711 19.081
8.71 19.082
8.7 19.1
8.699 19.105
8.694 19.105
8.686 19.109
8.678 19.116
8.675 19.121
8.671 19.122
8.669 19.121
8.665 19.113
8.661 19.1
8.658 19.097
8.652 19.094
8.65 19.091
8.649 19.084
8.641 19.078
8.64 19.07
8.637 19.066
8.617 19.063
8.611 19.058
8.603 19.049
8.602 19.049
8.597 19.046
8.575 19.046
8.562 19.042
8.554 19.042
8.549 19.033
8.538 19.032
8.532 19.029
8.527 19.023
8.528 19.016
8.523 19.014
8.524 19.008
8.517 19.002
8.516 19
8.515 18.992
8.513 18.99
8.511 18.989
8.508 18.991
8.5 18.997
8.489 18.989
8.487 18.981
8.483 18.977
8.482 18.973
8.477 18.971
8.468 18.973
8.464 18.97
8.46 18.957
8.447 18.944
8.442 18.937
8.437 18.932
8.433 18.931
8.428 18.932
8.426 18.93
8.427 18.924
8.424 18.922
8.421 18.921
8.413 18.923
8.409 18.921
8.406 18.917
8.403 18.92
8.401 18.927
8.4 18.927
8.396 18.924
8.393 18.924
8.39 18.924
8.388 18.919
8.387 18.911
8.384 18.908
8.377 18.91
8.374 18.903
8.371 18.9
8.366 18.901
8.364 18.9
8.366 18.892
8.367 18.887
8.366 18.885
8.364 18.884
8.357 18.888
8.355 18.886
8.356 18.88
8.354 18.877
8.348 18.873
8.345 18.874
8.341 18.876
8.342 18.868
8.347 18.857
8.348 18.853
8.347 18.851
8.342 18.854
8.336 18.855
8.335 18.856
8.324 18.857
8.315 18.855
8.305 18.851
8.298 18.843
8.296 18.84
8.289 18.837
8.284 18.83
8.281 18.824
8.276 18.82
8.268 18.81
8.261 18.804
8.26 18.797
8.255 18.786
8.249 18.78
8.247 18.774
8.245 18.764
8.241 18.748
8.24 18.748
8.24 18.74
8.237 18.735
8.232 18.711
8.222 18.69
8.214 18.681
8.212 18.674
8.206 18.667
8.195 18.658
8.186 18.658
8.177 18.653
8.164 18.641
8.146 18.63
8.141 18.628
8.131 18.629
8.121 18.631
8.091 18.637
8.083 18.635
8.078 18.628
8.074 18.624
8.064 18.623
8.06 18.625
8.052 18.618
8.05 18.613
8.049 18.605
8.047 18.602
8.046 18.57
8.044 18.55
8.041 18.502
8.039 18.488
8.038 18.482
8.038 18.457
8.036 18.454
8.037 18.45
8.036 18.424
8.034 18.421
8.033 18.413
8.034 18.402
8.028 18.342
8.029 18.33
8.027 18.316
8.026 18.305
8.024 18.274
8.021 18.27
8.022 18.254
8.018 18.192
8.015 18.164
8.015 18.156
8.013 18.122
8.011 18.047
8.009 18.032
8.004 18.024
8 18.018
7.986 18
7.993 17.996
7.963 17.945
7.959 17.931
7.959 17.922
7.965 17.847
7.972 17.798
7.972 17.796
7.973 17.772
7.977 17.741
7.978 17.733
7.979 17.716
7.977 17.713
7.97 17.707
7.969 17.703
7.979 17.698
7.982 17.694
7.984 17.683
7.983 17.672
7.981 17.668
7.979 17.664
7.974 17.658
7.97 17.657
7.962 17.659
7.946 17.649
7.943 17.645
7.945 17.633
7.943 17.63
7.937 17.627
7.927 17.617
7.926 17.61
7.929 17.606
7.933 17.601
7.933 17.597
7.924 17.585
7.912 17.579
7.909 17.574
7.908 17.569
7.909 17.567
7.913 17.565
7.92 17.564
7.923 17.562
7.923 17.551
7.921 17.547
7.915 17.542
7.904 17.539
7.891 17.539
7.887 17.537
7.887 17.531
7.889 17.529
7.891 17.527
7.891 17.523
7.869 17.515
7.868 17.511
7.874 17.506
7.886 17.485
7.893 17.477
7.895 17.473
7.894 17.468
7.884 17.46
7.882 17.455
7.883 17.449
7.878 17.447
7.872 17.45
7.869 17.449
7.868 17.449
7.866 17.446
7.866 17.441
7.868 17.439
7.876 17.436
7.877 17.433
7.876 17.421
7.871 17.418
7.868 17.419
7.863 17.424
7.859 17.424
7.861 17.415
7.867 17.412
7.866 17.409
7.858 17.404
7.852 17.404
7.847 17.405
7.843 17.403
7.844 17.398
7.851 17.394
7.848 17.38
7.847 17.376
7.85 17.369
7.849 17.365
7.84 17.359
7.841 17.345
7.837 17.341
7.822 17.336
7.82 17.333
7.821 17.328
7.828 17.315
7.828 17.309
7.824 17.305
7.817 17.303
7.809 17.304
7.806 17.301
7.804 17.291
7.804 17.284
7.801 17.282
7.794 17.284
7.791 17.282
7.791 17.274
7.785 17.271
7.786 17.267
7.784 17.265
7.78 17.264
7.767 17.269
7.762 17.269
7.755 17.267
7.747 17.263
7.745 17.26
7.746 17.255
7.759 17.244
7.764 17.238
7.763 17.233
7.759 17.228
7.75 17.225
7.747 17.22
7.742 17.217
7.73 17.22
7.727 17.219
7.726 17.214
7.721 17.209
7.72 17.198
7.707 17.169
7.703 17.166
7.7 17.166
7.688 17.174
7.681 17.163
7.676 17.162
7.67 17.163
7.667 17.16
7.662 17.144
7.662 17.139
7.663 17.132
7.667 17.126
7.669 17.125
7.688 17.116
7.689 17.111
7.688 17.102
7.692 17.097
7.692 17.091
7.69 17.088
7.686 17.087
7.681 17.088
7.668 17.092
7.66 17.091
7.658 17.086
7.658 17.079
7.651 17.067
7.651 17.063
7.655 17.049
7.654 17.048
7.654 17.046
7.65 17.044
7.638 17.042
7.635 17.04
7.635 17.005
7.632 16.994
7.636 16.987
7.634 16.982
7.628 16.978
7.628 16.975
7.635 16.963
7.636 16.957
7.631 16.944
7.629 16.937
7.623 16.928
7.618 16.925
7.608 16.928
7.606 16.927
7.606 16.923
7.616 16.905
7.617 16.901
7.614 16.899
7.61 16.898
7.605 16.9
7.597 16.906
7.592 16.904
7.579 16.896
7.575 16.896
7.571 16.899
7.569 16.907
7.566 16.91
7.562 16.91
7.558 16.908
7.553 16.902
7.55 16.896
7.551 16.892
7.558 16.884
7.558 16.878
7.556 16.874
7.551 16.87
7.541 16.87
7.539 16.868
7.536 16.863
7.535 16.851
7.533 16.846
7.53 16.844
7.533 16.835
7.532 16.823
7.536 16.815
7.541 16.811
7.55 16.81
7.553 16.807
7.556 16.801
7.562 16.796
7.577 16.798
7.585 16.794
7.607 16.775
7.617 16.762
7.62 16.755
7.622 16.752
7.624 16.75
7.629 16.748
7.633 16.739
7.637 16.736
7.643 16.734
7.65 16.727
7.65 16.719
7.651 16.711
7.651 16.707
7.651 16.698
7.651 16.69
7.653 16.685
7.663 16.679
7.665 16.673
7.669 16.667
7.676 16.666
7.686 16.666
7.694 16.667
7.697 16.666
7.709 16.665
7.73 16.67
7.738 16.668
7.748 16.65
7.758 16.638
7.762 16.631
7.763 16.627
7.759 16.618
7.758 16.612
7.769 16.594
7.775 16.597
7.793 16.595
7.798 16.598
7.805 16.598
7.812 16.591
7.825 16.591
7.834 16.584
7.838 16.586
7.852 16.587
7.862 16.594
7.87 16.598
7.876 16.598
7.88 16.596
7.878 16.595
7.87 16.577
7.868 16.564
7.865 16.561
7.859 16.563
7.855 16.561
7.854 16.553
7.857 16.547
7.856 16.542
7.848 16.535
7.846 16.53
7.846 16.521
7.846 16.519
7.843 16.516
7.827 16.514
7.819 16.509
7.809 16.496
7.803 16.494
7.797 16.495
7.792 16.493
7.79 16.489
7.785 16.46
7.788 16.456
7.793 16.454
7.799 16.457
7.802 16.455
7.803 16.449
7.803 16.447
7.806 16.442
7.805 16.439
7.779 16.424
7.774 16.415
7.768 16.413
7.764 16.414
7.76 16.42
7.747 16.426
7.743 16.424
7.742 16.419
7.741 16.417
7.734 16.416
7.728 16.417
7.721 16.425
7.721 16.428
7.719 16.431
7.709 16.426
7.704 16.419
7.694 16.41
7.691 16.409
7.686 16.407
7.683 16.404
7.678 16.395
7.671 16.393
7.671 16.385
7.666 16.375
7.667 16.372
7.664 16.361
7.667 16.357
7.667 16.354
7.661 16.348
7.662 16.342
7.662 16.341
7.651 16.312
7.652 16.302
7.648 16.297
7.637 16.292
7.633 16.286
7.628 16.278
7.624 16.262
7.613 16.251
7.607 16.235
7.607 16.234
7.608 16.233
7.611 16.211
7.615 16.204
7.616 16.196
7.614 16.186
7.612 16.181
7.602 16.173
7.595 16.164
7.596 16.149
7.595 16.14
7.591 16.131
7.591 16.119
7.592 16.105
7.589 16.088
7.582 16.066
7.578 16.057
7.571 16.049
7.56 16.043
7.543 16.039
7.534 16.039
7.531 16.036
7.53 16.027
7.523 16.023
7.52 16.018
7.506 16.01
7.499 15.998
7.49 15.99
7.489 15.981
7.483 15.975
7.484 15.951
7.479 15.931
7.474 15.924
7.471 15.919
7.467 15.909
7.46 15.884
7.453 15.864
7.452 15.846
7.451 15.84
7.446 15.834
7.445 15.83
7.446 15.825
7.445 15.817
7.442 15.813
7.441 15.81
7.445 15.807
7.455 15.8
7.462 15.785
7.463 15.774
7.458 15.769
7.458 15.766
7.464 15.759
7.471 15.758
7.475 15.755
7.476 15.746
7.479 15.743
7.501 15.732
7.505 15.728
7.516 15.73
7.519 15.728
7.518 15.66
7.517 15.657
7.516 15.648
7.517 15.64
7.513 15.622
7.514 15.622
7.511 15.56
7.511 15.547
7.517 15.533
7.527 15.507
7.532 15.517
7.545 15.523
7.546 15.528
7.557 15.541
7.563 15.546
7.569 15.55
7.575 15.559
7.584 15.566
7.586 15.569
7.587 15.571
7.591 15.574
7.595 15.575
7.599 15.57
7.605 15.568
7.611 15.57
7.624 15.582
7.642 15.587
7.65 15.587
7.655 15.582
7.658 15.583
7.666 15.588
7.675 15.595
7.69 15.598
7.695 15.596
7.713 15.595
7.721 15.596
7.73 15.593
7.738 15.595
7.744 15.591
7.75 15.591
7.758 15.596
7.763 15.598
7.767 15.597
7.776 15.591
7.778 15.578
7.786 15.544
7.791 15.522
7.796 15.511
7.804 15.505
7.815 15.501
7.828 15.493
7.831 15.489
7.857 15.474
7.864 15.469
7.873 15.464
7.895 15.453
7.978 15.424
7.987 15.423
7.991 15.42
8 15.417
8.016 15.399
8.029 15.395
8.041 15.391
8.055 15.393
8.084 15.398
8.088 15.398
8.112 15.387
8.136 15.374
8.165 15.36
8.171 15.356
8.229 15.327
8.245 15.319
8.256 15.312
8.271 15.305
8.281 15.302
8.298 15.292
8.309 15.286
8.377 15.271
8.391 15.267
8.411 15.262
8.422 15.259
8.444 15.254
8.452 15.251
8.483 15.242
8.517 15.231
8.524 15.231
8.536 15.227
8.544 15.221
8.556 15.219
8.565 15.217
8.573 15.212
8.587 15.209
8.602 15.209
8.608 15.209
8.611 15.208
8.614 15.19
8.633 15.174
8.647 15.157
8.653 15.147
8.662 15.128
8.663 15.127
8.673 15.107
8.673 15.097
8.671 15.087
8.67 15.079
8.673 15.07
8.673 15.06
8.673 15.055
8.67 15.046
8.671 15.035
8.679 15.007
8.679 15
8.679 14.999
8.677 14.988
8.681 14.985
8.688 14.983
8.708 14.986
8.718 14.989
8.723 14.987
8.734 14.977
8.734 14.972
8.74 14.956
8.748 14.951
8.749 14.944
8.747 14.934
8.747 14.925
8.756 14.911
8.761 14.915
8.769 14.925
8.777 14.915
8.782 14.91
8.783 14.907
8.787 14.906
8.792 14.907
8.807 14.9
8.809 14.898
8.81 14.891
8.813 14.884
8.812 14.882
8.81 14.88
8.816 14.874
8.809 14.868
8.811 14.862
8.811 14.86
8.81 14.859
8.809 14.855
8.803 14.85
8.804 14.836
8.802 14.83
8.801 14.823
8.811 14.809
8.811 14.801
8.813 14.791
8.814 14.771
8.813 14.767
8.82 14.754
8.841 14.739
8.848 14.729
8.863 14.718
8.876 14.698
8.889 14.682
8.912 14.661
8.921 14.654
8.927 14.649
8.926 14.648
8.929 14.645
8.938 14.636
8.951 14.626
8.953 14.62
8.983 14.591
8.995 14.578
9.012 14.56
9.017 14.549
9.026 14.537
9.029 14.527
9.031 14.514
9.032 14.51
9.039 14.504
9.071 14.484
9.076 14.484
9.087 14.493
9.092 14.493
9.1 14.487
9.109 14.475
9.112 14.473
9.116 14.464
9.121 14.455
9.123 14.45
9.126 14.446
9.14 14.439
9.145 14.436
9.152 14.43
9.16 14.42
9.165 14.418
9.167 14.413
9.177 14.404
9.186 14.391
9.197 14.381
9.207 14.377
9.222 14.378
9.229 14.38
9.248 14.39
9.255 14.39
9.268 14.393
9.274 14.392
9.289 14.386
9.296 14.377
9.308 14.355
9.319 14.345
9.33 14.337
9.338 14.334
9.342 14.331
9.351 14.327
9.367 14.317
9.367 14.299
9.37 14.289
9.373 14.277
9.383 14.265
9.392 14.25
9.4 14.245
9.419 14.236
9.435 14.225
9.445 14.212
9.447 14.201
9.45 14.197
9.462 14.195
9.478 14.191
9.48 14.187
9.481 14.177
9.485 14.167
9.493 14.157
9.499 14.149
9.508 14.136
9.538 14.108
9.552 14.1
9.562 14.086
9.568 14.081
9.575 14.078
9.576 14.076
9.589 14.062
9.625 14.047
9.631 14.041
9.647 14.022
9.653 14.021
9.671 14.019
9.689 14.023
9.706 14.025
9.737 14.039
9.752 14.05
9.764 14.068
9.767 14.075
9.771 14.079
9.783 14.084
9.802 14.104
9.807 14.107
9.819 14.118
9.829 14.125
9.879 14.162
9.884 14.167
9.9 14.178
9.914 14.182
9.936 14.185
9.942 14.189
9.951 14.191
9.965 14.193
9.965 14.192
9.981 14.2
9.99 14.21
9.994 14.229
9.997 14.236
9.999 14.25
9.999 14.273
10 14.279
10.001 14.288
10.003 14.299
10.003 14.304
10.004 14.308
10 14.327
9.999 14.332
9.997 14.347
9.999 14.353
10 14.356
10.002 14.36
10.004 14.382
10.004 14.406
10.003 14.417
10.005 14.433
10.005 14.464
10.008 14.471
10.01 14.485
10.009 14.5
10.006 14.517
10 14.542
9.999 14.544
9.989 14.571
9.982 14.594
9.981 14.604
9.977 14.61
9.973 14.633
9.966 14.644
9.96 14.675
9.95 14.705
9.95 14.713
9.952 14.72
9.951 14.728
9.95 14.747
9.949 14.756
9.944 14.762
9.941 14.771
9.934 14.782
9.932 14.791
9.928 14.799
9.925 14.816
9.924 14.836
9.928 14.847
9.937 14.863
9.941 14.867
9.941 14.87
9.95 14.876
9.962 14.891
9.968 14.903
9.98 14.919
9.982 14.928
9.982 14.934
9.986 14.949
10 14.983
10.001 14.985
10.001 14.994
10.001 15
10.001 15.003
10 15.006
9.996 15.018
9.989 15.029
9.98 15.037
9.972 15.051
9.972 15.058
9.967 15.067
9.967 15.072
9.965 15.084
9.964 15.101
9.967 15.107
9.977 15.107
9.983 15.111
9.986 15.118
9.995 15.133
9.995 15.143
9.989 15.16
9.975 15.184
9.971 15.189
9.966 15.204
9.965 15.213
9.996 15.236
9.991 15.251
9.986 15.264
9.981 15.282
9.977 15.305
9.974 15.31
9.973 15.317
9.973 15.329
9.974 15.329
9.971 15.338
9.966 15.346
9.966 15.351
9.959 15.371
9.942 15.409
9.939 15.42
9.934 15.43
9.933 15.435
9.935 15.449
9.936 15.47
9.938 15.488
9.941 15.494
9.943 15.5
9.95 15.522
9.95 15.547
9.956 15.575
9.958 15.59
9.96 15.601
9.97 15.624
9.971 15.629
9.972 15.643
9.976 15.658
9.985 15.684
9.987 15.683
10 15.68
10.001 15.679
10.001 15.68
10.007 15.675
10.026 15.649
10.028 15.644
10.033 15.629
10.042 15.619
10.041 15.607
10.054 15.591
10.059 15.581
10.06 15.572
10.069 15.564
10.077 15.554
10.092 15.534
10.095 15.53
10.093 15.521
10.088 15.519
10.091 15.514
10.1 15.511
10.11 15.505
10.117 15.493
10.119 15.486
10.139 15.48
10.148 15.47
10.16 15.462
10.179 15.457
10.188 15.452
10.197 15.438
10.209 15.425
10.21 15.421
10.214 15.417
10.23 15.41
10.251 15.393
10.259 15.378
10.272 15.367
10.279 15.363
10.284 15.36
10.291 15.356
10.294 15.345
10.299 15.339
10.303 15.33
10.307 15.31
10.311 15.309
10.317 15.312
10.327 15.307
10.335 15.296
10.339 15.294
10.347 15.297
10.355 15.293
10.36 15.286
10.365 15.283
10.383 15.283
10.401 15.283
10.406 15.281
10.421 15.267
10.427 15.263
10.437 15.251
10.447 15.248
10.465 15.244
10.471 15.241
10.494 15.22
10.502 15.209
10.504 15.203
10.51 15.183
10.516 15.171
10.523 15.159
10.53 15.152
10.538 15.146
10.551 15.144
10.566 15.143
10.589 15.144
10.595 15.149
10.608 15.155
10.623 15.157
10.646 15.155
10.654 15.149
10.668 15.143
10.681 15.139
10.696 15.134
10.7 15.13
10.711 15.127
10.727 15.117
10.737 15.106
10.743 15.101
10.763 15.094
10.777 15.083
10.785 15.079
10.791 15.078
10.799 15.075
10.805 15.069
10.811 15.068
10.831 15.068
10.839 15.07
10.846 15.075
10.851 15.081
10.854 15.082
10.859 15.089
10.866 15.093
10.893 15.092
10.913 15.087
10.935 15.085
10.948 15.083
10.959 15.074
10.966 15.063
10.98 15.061
10.986 15.058
10.989 15.055
10.991 15.053
10.993 15.052
10.995 15.05
10.998 15.05
11 15.05
11.006 15.052
11.009 15.052
11.014 15.048
11.02 15.05
11.021 15.052
11.028 15.052
11.03 15.051
11.039 15.052
11.042 15.052
11.054 15.047
11.056 15.043
11.062 15.045
11.067 15.043
11.068 15.038
11.071 15.037
11.078 15.043
11.082 15.045
11.086 15.043
11.087 15.035
11.088 15.034
11.092 15.034
11.101 15.036
11.106 15.039
11.114 15.039
11.13 15.035
11.132 15.027
11.134 15.025
11.138 15.026
11.148 15.037
11.151 15.038
11.156 15.034
11.161 15.036
11.163 15.034
11.167 15.039
11.171 15.04
11.177 15.035
11.179 15.033
11.184 15.035
11.19 15.034
11.194 15.029
11.198 15.028
11.203 15.032
11.208 15.036
11.212 15.036
11.215 15.034
11.22 15.027
11.224 15.03
11.229 15.041
11.232 15.042
11.236 15.04
11.242 15.033
11.243 15.031
11.248 15.029
11.262 15.031
11.27 15.033
11.273 15.032
11.278 15.027
11.283 15.027
11.286 15.03
11.288 15.036
11.292 15.037
11.302 15.032
11.305 15.034
11.308 15.039
11.31 15.049
11.314 15.052
11.317 15.052
11.326 15.047
11.333 15.051
11.342 15.052
11.343 15.051
11.352 15.054
11.358 15.059
11.365 15.069
11.366 15.069
11.368 15.07
11.378 15.067
11.391 15.061
11.397 15.058
11.41 15.059
11.423 15.07
11.43 15.071
11.435 15.077
11.443 15.074
11.448 15.081
11.449 15.083
11.465 15.088
11.47 15.099
11.481 15.097
11.485 15.104
11.495 15.107
11.507 15.13
11.51 15.133
11.517 15.132
11.533 15.14
11.537 15.142
11.545 15.142
11.558 15.142
11.565 15.137
11.571 15.128
11.579 15.104
11.582 15.101
11.589 15.098
11.597 15.103
11.603 15.103
11.611 15.103
11.614 15.1
11.617 15.093
11.62 15.09
11.63 15.088
11.639 15.082
11.645 15.08
11.65 15.082
11.658 15.086
11.665 15.078
11.671 15.077
11.677 15.078
11.683 15.077
11.686 15.08
11.694 15.074
11.695 15.069
11.701 15.067
11.705 15.068
11.705 15.067
11.711 15.066
11.716 15.066
11.726 15.07
11.73 15.074
11.732 15.078
11.732 15.084
11.728 15.093
11.727 15.098
11.729 15.102
11.733 15.104
11.747 15.099
11.75 15.096
11.754 15.087
11.758 15.082
11.761 15.08
11.766 15.082
11.772 15.088
11.774 15.093
11.775 15.104
11.779 15.111
11.779 15.112
11.783 15.115
11.788 15.118
11.794 15.119
11.798 15.116
11.804 15.109
11.813 15.1
11.823 15.096
11.832 15.095
11.842 15.096
11.846 15.095
11.851 15.087
11.861 15.078
11.859 15.076
11.852 15.077
11.845 15.075
11.842 15.073
11.841 15.068
11.844 15.062
11.852 15.055
11.859 15.052
11.876 15.05
11.88 15.049
11.891 15.044
11.899 15.042
11.904 15.043
11.91 15.045
11.914 15.049
11.918 15.057
11.922 15.061
11.928 15.064
11.934 15.065
11.943 15.063
11.96 15.054
11.966 15.052
11.97 15.053
11.973 15.057
11.973 15.063
11.97 15.071
11.97 15.075
11.974 15.08
11.978 15.083
11.989 15.087
11.994 15.087
11.999 15.083
12.002 15.078
12.002 15.071
12.004 15.058
12.007 15.054
12.012 15.052
12.016 15.049
12.02 15.042
12.024 15.04
12.027 15.041
12.029 15.043
12.027 15.053
12.03 15.056
12.035 15.058
12.042 15.061
12.059 15.054
12.065 15.05
12.069 15.035
12.079 15.035
12.092 15.039
12.096 15.038
12.105 15.027
12.109 15.017
12.111 15.011
12.112 15.009
12.111 15
12.107 14.995
12.101 14.991
12.095 14.989
12.093 14.983
12.09 14.981
12.092 14.967
12.098 14.957
12.101 14.952
12.108 14.946
12.113 14.938
12.114 14.934
12.151 14.903
12.152 14.896
12.161 14.891
12.168 14.892
12.176 14.905
12.178 14.907
12.182 14.91
12.2 14.901
12.206 14.9
12.217 14.905
12.225 14.906
12.239 14.904
12.261 14.907
12.273 14.909
12.302 14.9
12.31 14.902
12.321 14.908
12.331 14.91
12.341 14.908
12.367 14.91
12.379 14.91
12.39 14.908
12.399 14.903
12.414 14.893
12.427 14.886
12.44 14.883
12.458 14.882
12.464 14.878
12.463 14.872
12.458 14.868
12.45 14.863
12.448 14.857
12.456 14.849
12.463 14.848
12.472 14.85
12.484 14.859
12.503 14.852
12.515 14.857
12.53 14.853
12.545 14.854
12.55 14.855
12.564 14.852
12.576 14.846
12.586 14.84
12.599 14.837
12.611 14.835
12.623 14.834
12.628 14.832
12.634 14.819
12.634 14.816
12.631 14.792
12.631 14.772
12.635 14.765
12.64 14.762
12.661 14.761
12.668 14.759
12.674 14.758
12.683 14.753
12.686 14.748
12.686 14.744
12.682 14.736
12.665 14.73
12.657 14.724
12.657 14.719
12.661 14.713
12.671 14.706
12.679 14.706
12.686 14.71
12.697 14.72
12.706 14.724
12.718 14.717
12.725 14.706
12.724 14.699
12.721 14.689
12.72 14.672
12.72 14.663
12.725 14.654
12.74 14.637
12.74 14.628
12.738 14.622
12.746 14.62
12.759 14.625
12.768 14.625
12.77 14.622
12.768 14.618
12.748 14.601
12.745 14.594
12.747 14.586
12.758 14.58
12.774 14.577
12.777 14.573
12.777 14.562
12.781 14.555
12.786 14.552
12.797 14.551
12.812 14.556
12.826 14.563
12.827 14.564
12.829 14.566
12.836 14.568
12.852 14.565
12.856 14.565
12.863 14.564
12.869 14.561
12.878 14.558
12.885 14.561
12.889 14.567
12.892 14.569
12.901 14.567
12.913 14.562
12.915 14.561
12.919 14.555
12.931 14.551
12.942 14.554
12.951 14.552
12.957 14.544
12.96 14.54
12.969 14.533
12.998 14.513
13.027 14.491
13.034 14.488
13.054 14.474
13.075 14.46
13.074 14.454
13.075 14.442
13.075 14.37
13.076 14.364
13.076 14.358
13.075 14.325
13.076 14.318
13.076 14.299
13.076 14.289
13.078 14.223
13.078 14.213
13.078 14.187
13.077 14.179
13.077 14.168
13.078 14.134
13.078 14.089
13.078 14.085
13.079 14.083
13.094 14.072
13.097 14.068
13.102 14.066
13.122 14.052
13.124 14.048
13.128 14.046
13.151 14.03
13.16 14.025
13.172 14.015
13.19 14.003
13.221 13.98
13.228 13.977
13.229 13.974
13.239 13.967
13.247 13.961
13.283 13.935
13.287 13.932
13.346 13.889
13.357 13.884
13.357 13.883
13.373 13.87
13.383 13.866
13.386 13.861
13.394 13.857
13.403 13.85
13.415 13.842
13.47 13.803
13.479 13.799
13.487 13.794
13.497 13.785
13.506 13.781
13.512 13.774
13.528 13.763
13.533 13.761
13.538 13.755
13.545 13.752
13.596 13.716
13.606 13.712
13.609 13.708
13.614 13.703
13.626 13.693
13.641 13.683
13.656 13.671
13.661 13.667
13.667 13.662
13.669 13.662
13.701 13.639
13.701 13.638
13.711 13.635
13.714 13.634
13.737 13.628
13.746 13.626
13.756 13.623
13.771 13.621
13.778 13.618
13.796 13.615
13.852 13.602
13.88 13.595
13.902 13.591
13.921 13.586
13.953 13.578
13.999 13.568
14.014 13.564
14.032 13.561
14.048 13.557
14.073 13.551
14.142 13.535
14.157 13.533
14.173 13.529
14.216 13.519
14.293 13.501
14.305 13.499
14.322 13.494
14.345 13.488
14.358 13.486
14.375 13.481
14.38 13.48
14.408 13.476
14.443 13.473
14.452 13.475
14.46 13.479
14.475 13.493
14.478 13.5
14.486 13.52
14.495 13.545
14.506 13.572
14.504 13.586
14.503 13.593
14.502 13.601
14.51 13.633
14.514 13.641
14.525 13.659
14.529 13.663
14.53 13.666
14.535 13.673
14.551 13.696
14.583 13.691
14.607 13.692
14.613 13.693
14.626 13.679
14.632 13.677
14.637 13.677
14.651 13.694
14.657 13.702
14.663 13.706
14.698 13.746
14.697 13.752
14.692 13.769
14.696 13.77
14.702 13.781
14.704 13.789
14.707 13.789
14.709 13.795
14.713 13.797
14.722 13.81
14.727 13.812
14.746 13.809
14.78 13.799
14.797 13.794
14.802 13.792
14.821 13.791
14.83 13.791
14.847 13.79
14.854 13.791
14.863 13.79
14.869 13.792
14.878 13.796
14.884 13.797
14.946 13.824
14.957 13.83
14.981 13.839
14.992 13.844
14.996 13.848
15 13.849
15.009 13.851
15.028 13.862
15.031 13.862
15.043 13.87
15.087 13.909
15.096 13.919
15.096 13.918
15.113 13.931
15.116 13.933
15.126 13.944
15.14 13.955
15.157 13.97
15.21 14.007
15.212 14.008
15.218 14.013
15.24 14.028
15.249 14.036
15.254 14.038
15.267 14.047
15.27 14.048
15.272 14.051
15.33 14.092
15.336 14.096
15.343 14.103
15.35 14.106
15.362 14.114
15.369 14.12
15.375 14.123
15.377 14.126
15.426 14.16
15.463 14.186
15.504 14.216
15.524 14.229
15.535 14.236
15.541 14.241
15.588 14.276
15.59 14.278
15.592 14.279
15.619 14.3
15.622 14.306
15.625 14.306
15.626 14.309
15.634 14.312
15.644 14.318
15.651 14.324
15.657 14.328
15.694 14.357
15.732 14.385
15.738 14.393
15.763 14.416
15.786 14.439
15.8 14.453
15.851 14.504
15.862 14.515
15.87 14.525
15.89 14.543
15.904 14.555
15.942 14.594
15.956 14.61
15.969 14.621
15.973 14.622
15.984 14.635
15.991 14.638
16 14.647
16.044 14.694
16.1 14.746
16.156 14.799
16.166 14.811
16.176 14.817
16.193 14.834
16.277 14.914
16.286 14.922
16.325 14.957
16.37 15
16.38 15.009
16.473 15.098
16.565 15.187
16.598 15.219
16.639 15.258
16.643 15.26
16.658 15.276
16.711 15.329
16.715 15.33
16.75 15.364
16.843 15.453
16.898 15.506
16.95 15.508
16.967 15.509
16.974 15.508
16.987 15.511
17.009 15.51
17.043 15.513
17.075 15.514
17.102 15.514
17.161 15.518
17.17 15.521
17.174 15.518
17.201 15.52
17.234 15.522
17.241 15.52
17.292 15.525
17.31 15.525
17.327 15.526
17.453 15.532
17.579 15.538
17.6 15.539
17.61 15.538
17.705 15.545
17.708 15.545
17.719 15.544
17.827 15.55
17.831 15.551
17.842 15.553
17.856 15.551
17.884 15.553
17.915 15.553
17.926 15.555
17.956 15.557
18.006 15.559
18.083 15.562
18.146 15.565
18.209 15.569
18.214 15.57
18.319 15.574
18.335 15.574
18.461 15.581
18.513 15.584
18.587 15.587
18.596 15.588
18.612 15.588
18.617 15.586
18.639 15.59
18.713 15.593
18.732 15.594
18.742 15.596
18.766 15.598
18.774 15.601
18.798 15.602
18.838 15.608
18.869 15.612
18.879 15.612
18.891 15.615
18.963 15.624
18.97 15.625
19.032 15.631
19.041 15.634
19.071 15.639
19.089 15.64
19.094 15.64
19.163 15.65
19.182 15.656
19.191 15.654
19.212 15.654
19.213 15.655
19.224 15.658
19.338 15.673
19.359 15.676
19.371 15.676
19.385 15.679
19.464 15.688
19.479 15.69
19.518 15.697
19.539 15.698
19.548 15.701
19.589 15.705
19.618 15.708
19.649 15.713
19.652 15.711
19.668 15.716
19.677 15.717
19.685 15.715
19.693 15.719
19.712 15.722
19.758 15.728
19.764 15.725
19.772 15.729
19.784 15.731
19.836 15.739
19.844 15.74
19.902 15.747
19.911 15.746
19.923 15.75
19.948 15.754
19.959 15.76
20 15.786
20.068 15.828
20.082 15.837
20.178 15.894
20.207 15.911
20.214 15.916
20.325 15.981
20.348 15.996
20.414 15.924
20.417 15.92
20.442 15.888
20.462 15.865
20.504 15.836
20.51 15.832
20.53 15.816
20.535 15.814
20.568 15.791
20.615 15.757
20.63 15.746
20.65 15.727
20.68 15.697
20.705 15.664
20.723 15.64
20.743 15.618
20.774 15.59
20.8 15.578
20.847 15.556
20.867 15.549
20.88 15.546
20.896 15.552
20.91 15.561
20.915 15.566
20.925 15.576
20.958 15.62
20.963 15.626
21.007 15.594
21.111 15.518
21.136 15.499
21.159 15.484
21.17 15.474
21.174 15.473
21.199 15.455
21.215 15.443
21.32 15.367
21.371 15.33
21.385 15.322
21.412 15.301
21.425 15.293
21.432 15.289
21.491 15.198
21.506 15.198
21.514 15.198
21.528 15.195
21.532 15.197
21.632 15.196
21.758 15.195
21.769 15.194
21.781 15.193
21.845 15.194
21.884 15.193
21.979 15.191
21.99 15.192
22.01 15.188
22.134 15.165
22.214 15.15
22.238 15.148
22.249 15.144
22.258 15.142
22.288 15.138
22.358 15.124
22.372 15.122
22.383 15.12
22.405 15.114
22.507 15.094
22.631 15.07
22.729 15.05
22.755 15.045
22.841 15.029
22.845 15.03
22.879 15.022
22.961 15.005
22.966 15.006
22.991 15
