segment Djibouti
12.707 43.135
12.676 43.143
12.668 43.147
12.632 43.165
12.607 43.19
12.576 43.207
12.564 43.218
12.539 43.239
12.522 43.252
12.497 43.269
12.475 43.287
12.464 43.291
12.462 43.292
12.461 43.293
12.46 43.303
12.461 43.308
12.465 43.313
12.469 43.314
12.477 43.312
12.481 43.313
12.481 43.316
12.479 43.321
12.474 43.324
12.456 43.32
12.443 43.321
12.404 43.336
12.403 43.338
12.395 43.346
12.389 43.352
12.383 43.356
12.327 43.368
12.296 43.37
12.288 43.37
12.287 43.37
12.277 43.372
12.275 43.372
12.253 43.389
12.24 43.399
12.227 43.405
12.2 43.409
12.176 43.407
12.162 43.413
12.15 43.416
12.133 43.415
12.118 43.415
12.109 43.417
12.091 43.416
12.049 43.404
12.007 43.385
11.998 43.38
11.985 43.373
11.979 43.367
11.975 43.347
11.978 43.323
11.977 43.309
11.975 43.304
11.96 43.291
11.958 43.285
11.96 43.27
11.962 43.254
11.958 43.231
11.954 43.224
11.956 43.21
11.954 43.199
11.951 43.19
11.947 43.182
11.929 43.167
11.922 43.16
11.921 43.157
11.915 43.147
11.904 43.14
11.895 43.129
11.875 43.113
11.859 43.102
11.841 43.084
11.834 43.073
11.831 43.07
11.824 43.066
11.811 43.052
11.81 43.046
11.81 43.037
11.809 43.032
11.809 43.023
11.801 43.002
11.801 43
11.801 42.987
11.799 42.977
11.799 42.976
11.795 42.971
11.79 42.966
11.782 42.961
11.776 42.956
11.767 42.946
11.767 42.942
11.775 42.937
11.774 42.935
11.77 42.934
11.771 42.929
11.777 42.923
11.776 42.901
11.778 42.897
11.777 42.891
11.78 42.882
11.78 42.876
11.771 42.857
11.768 42.846
11.767 42.839
11.757 42.828
11.749 42.814
11.744 42.786
11.741 42.78
11.734 42.772
11.71 42.762
11.701 42.751
11.697 42.75
11.686 42.751
11.677 42.746
11.67 42.738
11.657 42.718
11.65 42.716
11.648 42.713
11.642 42.709
11.637 42.703
11.628 42.701
11.603 42.692
11.591 42.693
11.575 42.688
11.568 42.682
11.561 42.679
11.552 42.68
11.549 42.677
11.556 42.66
11.552 42.658
11.554 42.653
11.563 42.645
11.563 42.642
11.566 42.634
11.563 42.633
11.561 42.64
11.554 42.647
11.551 42.644
11.553 42.632
11.567 42.611
11.568 42.606
11.558 42.587
11.558 42.582
11.564 42.578
11.564 42.572
11.574 42.564
11.575 42.563
11.579 42.558
11.585 42.534
11.58 42.536
11.578 42.535
11.585 42.53
11.586 42.526
11.584 42.525
11.582 42.527
11.577 42.515
11.575 42.514
11.572 42.516
11.565 42.516
11.564 42.518
11.568 42.519
11.569 42.521
11.566 42.524
11.568 42.528
11.567 42.53
11.56 42.529
11.556 42.532
11.553 42.531
11.547 42.533
11.546 42.536
11.544 42.535
11.544 42.528
11.541 42.527
11.536 42.529
11.531 42.522
11.526 42.521
11.522 42.522
11.501 42.552
11.497 42.554
11.496 42.558
11.49 42.561
11.489 42.567
11.484 42.572
11.482 42.58
11.476 42.584
11.469 42.592
11.468 42.594
11.464 42.601
11.462 42.607
11.461 42.631
11.467 42.632
11.47 42.636
11.478 42.639
11.476 42.646
11.477 42.655
11.473 42.672
11.474 42.68
11.471 42.684
11.476 42.686
11.479 42.69
11.482 42.69
11.483 42.687
11.488 42.689
11.491 42.69
11.501 42.688
11.505 42.682
11.507 42.669
11.51 42.665
11.513 42.667
11.519 42.66
11.523 42.66
11.528 42.664
11.529 42.673
11.538 42.683
11.542 42.685
11.541 42.689
11.539 42.692
11.538 42.697
11.546 42.711
11.547 42.719
11.549 42.721
11.553 42.729
11.556 42.745
11.562 42.752
11.561 42.773
11.566 42.786
11.569 42.79
11.577 42.794
11.584 42.804
11.584 42.809
11.582 42.813
11.583 42.821
11.582 42.825
11.583 42.829
11.587 42.834
11.587 42.836
11.583 42.841
11.583 42.848
11.585 42.851
11.592 42.849
11.594 42.85
11.593 42.853
11.589 42.856
11.588 42.859
11.584 42.861
11.587 42.865
11.587 42.867
11.582 42.869
11.581 42.872
11.583 42.878
11.582 42.887
11.587 42.905
11.588 42.912
11.587 42.92
11.59 42.929
11.591 42.936
11.593 42.959
11.591 42.964
11.586 42.969
11.59 42.976
11.586 42.991
11.591 43
11.595 43.007
11.595 43.013
11.598 43.033
11.596 43.042
11.591 43.05
11.59 43.055
11.592 43.059
11.599 43.064
11.599 43.072
11.594 43.086
11.59 43.094
11.581 43.099
11.581 43.105
11.586 43.118
11.591 43.134
11.598 43.147
11.601 43.149
11.602 43.149
11.605 43.149
11.607 43.146
11.607 43.134
11.61 43.133
11.612 43.136
11.613 43.137
11.616 43.147
11.612 43.154
11.609 43.158
11.604 43.159
11.598 43.156
11.593 43.157
11.582 43.163
11.572 43.173
11.541 43.184
11.535 43.186
11.52 43.198
11.518 43.201
11.518 43.215
11.505 43.233
11.5 43.237
11.484 43.241
11.473 43.249
11.47 43.255
11.055 43
11.043 42.997
11.022 42.986
10.984 42.962
10.985 42.952
10.978 42.911
10.978 42.868
10.977 42.858
10.975 42.853
10.976 42.841
10.978 42.835
10.98 42.829
10.986 42.796
10.988 42.791
10.995 42.789
11.017 42.788
11.029 42.785
11.064 42.765
11.071 42.757
11.072 42.746
11.065 42.736
11.061 42.728
11.059 42.718
11.06 42.711
11.053 42.698
11.054 42.693
11.063 42.683
11.071 42.678
11.071 42.663
11.077 42.656
11.078 42.656
11.08 42.654
11.088 42.641
11.089 42.632
11.085 42.625
11.07 42.611
11.063 42.599
11.064 42.592
11.051 42.56
11.047 42.544
11.038 42.512
11.033 42.499
11.001 42.459
10.996 42.449
10.986 42.435
10.98 42.424
10.983 42.405
10.989 42.395
10.996 42.373
10.997 42.356
10.997 42.35
10.991 42.338
10.989 42.325
10.99 42.313
10.991 42.309
10.985 42.289
10.969 42.271
10.966 42.233
10.96 42.207
10.964 42.2
10.97 42.197
10.974 42.196
10.977 42.189
10.977 42.176
10.974 42.163
10.976 42.155
10.977 42.143
10.971 42.127
10.968 42.122
10.966 42.113
10.959 42.099
10.958 42.081
10.956 42.079
10.951 42.076
10.927 42.07
10.923 42.067
10.924 42.031
10.922 42.027
10.921 42.017
10.916 42.003
10.92 41.992
10.926 41.982
10.927 41.979
10.928 41.975
10.917 41.968
10.911 41.958
10.91 41.949
10.913 41.945
10.928 41.94
10.935 41.943
10.939 41.942
10.942 41.927
10.943 41.901
10.947 41.886
10.959 41.841
10.959 41.816
10.962 41.811
10.968 41.811
10.969 41.798
10.973 41.791
10.982 41.789
10.988 41.79
10.996 41.793
10.999 41.797
11.009 41.8
11.063 41.804
11.1 41.802
11.12 41.803
11.204 41.809
11.246 41.81
11.248 41.81
11.261 41.809
11.318 41.808
11.362 41.802
11.372 41.8
11.397 41.795
11.473 41.775
11.487 41.773
11.495 41.775
11.505 41.776
11.532 41.784
11.544 41.791
11.553 41.791
11.596 41.804
11.617 41.807
11.62 41.807
11.63 41.805
11.691 41.826
11.707 41.829
11.728 41.837
11.733 41.845
11.734 41.847
11.748 41.877
11.75 41.887
11.755 41.892
11.782 41.897
11.787 41.901
11.803 41.935
11.805 41.938
11.82 41.961
11.834 41.978
11.866 42
11.879 42.004
11.892 42.013
11.9 42.018
11.912 42.024
11.934 42.041
11.976 42.067
12.002 42.093
12.005 42.096
12.034 42.113
12.039 42.118
12.068 42.134
12.073 42.14
12.073 42.149
12.077 42.152
12.095 42.156
12.104 42.159
12.114 42.163
12.128 42.17
12.143 42.185
12.177 42.206
12.209 42.223
12.211 42.225
12.234 42.24
12.255 42.258
12.292 42.304
12.295 42.309
12.301 42.314
12.305 42.317
12.343 42.33
12.352 42.33
12.372 42.337
12.413 42.367
12.422 42.374
12.433 42.385
12.439 42.386
12.45 42.394
12.51 42.449
12.517 42.455
12.524 42.464
12.525 42.475
12.523 42.483
12.517 42.491
12.501 42.53
12.498 42.535
12.492 42.54
12.49 42.548
12.481 42.56
12.476 42.567
12.452 42.591
12.443 42.604
12.436 42.61
12.433 42.61
12.415 42.632
12.403 42.642
12.396 42.652
12.39 42.66
12.387 42.665
12.377 42.67
12.362 42.688
12.36 42.696
12.371 42.7
12.384 42.72
12.385 42.739
12.392 42.748
12.395 42.749
12.408 42.757
12.415 42.77
12.417 42.792
12.426 42.811
12.433 42.818
12.443 42.822
12.454 42.822
12.456 42.819
12.468 42.813
12.47 42.809
12.474 42.8
12.478 42.797
12.503 42.796
12.511 42.805
12.525 42.816
12.534 42.819
12.537 42.823
12.538 42.837
12.541 42.841
12.55 42.846
12.549 42.856
12.55 42.858
12.574 42.857
12.582 42.862
12.588 42.861
12.591 42.872
12.596 42.874
12.6 42.873
12.608 42.87
12.624 42.888
12.624 42.894
12.617 42.908
12.617 42.919
12.618 42.92
12.654 42.986
12.652 42.997
12.658 43
12.662 43.01
12.705 43.114
12.707 43.135
