segment Egypt
27.769 33.693
27.77 33.69
27.781 33.681
27.789 33.676
27.793 33.677
27.789 33.682
27.771 33.694
27.769 33.693
segment Egypt
27.753 33.609
27.755 33.603
27.761 33.599
27.771 33.588
27.773 33.588
27.784 33.593
27.784 33.602
27.78 33.607
27.776 33.61
27.767 33.614
27.762 33.609
27.753 33.609
segment Egypt
27.751 33.709
27.759 33.703
27.766 33.701
27.773 33.701
27.776 33.704
27.77 33.708
27.751 33.709
segment Egypt
27.682 33.694
27.693 33.685
27.697 33.677
27.703 33.674
27.712 33.67
27.718 33.672
27.72 33.675
27.715 33.683
27.714 33.691
27.702 33.693
27.687 33.699
27.682 33.697
27.682 33.694
segment Egypt
27.645 33.705
27.662 33.706
27.673 33.699
27.68 33.702
27.681 33.707
27.68 33.707
27.678 33.713
27.681 33.723
27.683 33.725
27.702 33.729
27.707 33.732
27.706 33.735
27.7 33.741
27.68 33.743
27.675 33.741
27.674 33.736
27.667 33.73
27.667 33.724
27.665 33.721
27.656 33.718
27.646 33.709
27.645 33.705
segment Egypt
27.667 33.795
27.669 33.787
27.67 33.785
27.672 33.786
27.675 33.793
27.682 33.797
27.683 33.807
27.681 33.81
27.667 33.795
segment Egypt
27.653 33.642
27.659 33.631
27.665 33.627
27.673 33.624
27.68 33.626
27.682 33.629
27.68 33.634
27.666 33.637
27.656 33.643
27.653 33.642
segment Egypt
27.621 33.806
27.632 33.794
27.653 33.785
27.658 33.787
27.662 33.794
27.663 33.799
27.653 33.815
27.65 33.817
27.637 33.819
27.63 33.817
27.622 33.81
27.621 33.806
segment Egypt
27.628 33.682
27.629 33.677
27.642 33.666
27.646 33.668
27.647 33.673
27.641 33.678
27.632 33.682
27.628 33.682
segment Egypt
27.617 33.79
27.617 33.784
27.63 33.783
27.631 33.785
27.627 33.79
27.622 33.792
27.617 33.79
segment Egypt
27.551 33.779
27.557 33.769
27.564 33.764
27.566 33.765
27.569 33.768
27.567 33.777
27.569 33.779
27.572 33.776
27.572 33.768
27.574 33.767
27.58 33.768
27.583 33.764
27.579 33.758
27.583 33.744
27.586 33.741
27.596 33.75
27.607 33.754
27.609 33.754
27.622 33.762
27.624 33.765
27.622 33.772
27.617 33.778
27.611 33.78
27.594 33.78
27.591 33.782
27.589 33.791
27.583 33.802
27.578 33.805
27.575 33.804
27.572 33.798
27.564 33.792
27.565 33.783
27.562 33.781
27.551 33.779
segment Egypt
27.574 33.888
27.575 33.885
27.583 33.878
27.586 33.881
27.589 33.879
27.59 33.872
27.592 33.87
27.595 33.871
27.597 33.878
27.594 33.883
27.588 33.888
27.58 33.89
27.574 33.888
segment Egypt
27.565 33.756
27.563 33.759
27.556 33.766
27.551 33.769
27.548 33.768
27.556 33.758
27.561 33.755
27.565 33.756
segment Egypt
27.556 33.872
27.559 33.87
27.562 33.873
27.563 33.879
27.559 33.882
27.556 33.88
27.556 33.872
segment Egypt
27.544 33.855
27.55 33.85
27.549 33.845
27.553 33.842
27.557 33.844
27.558 33.849
27.552 33.858
27.548 33.861
27.544 33.859
27.544 33.855
segment Egypt
27.543 33.78
27.545 33.778
27.548 33.778
27.549 33.782
27.555 33.785
27.557 33.789
27.547 33.79
27.546 33.791
27.543 33.79
27.543 33.78
segment Egypt
27.446 34.03
27.449 34.026
27.468 34.013
27.477 33.998
27.492 33.987
27.494 33.975
27.495 33.969
27.504 33.955
27.504 33.949
27.5 33.939
27.499 33.933
27.501 33.931
27.509 33.928
27.523 33.916
27.526 33.917
27.526 33.924
27.531 33.924
27.537 33.927
27.538 33.93
27.535 33.95
27.536 33.954
27.536 33.961
27.533 33.964
27.528 33.97
27.524 33.98
27.508 34.005
27.5 34.022
27.495 34.027
27.455 34.042
27.452 34.041
27.447 34.036
27.446 34.03
segment Egypt
27.509 33.728
27.509 33.724
27.511 33.723
27.521 33.728
27.523 33.731
27.524 33.736
27.52 33.74
27.518 33.739
27.509 33.728
segment Egypt
27.514 33.749
27.516 33.743
27.519 33.744
27.523 33.751
27.522 33.756
27.517 33.761
27.514 33.758
27.514 33.749
segment Egypt
27.184 33.956
27.184 33.953
27.187 33.948
27.194 33.947
27.206 33.946
27.209 33.943
27.215 33.926
27.223 33.921
27.228 33.916
27.236 33.904
27.247 33.897
27.25 33.899
27.25 33.906
27.253 33.907
27.255 33.908
27.264 33.904
27.268 33.906
27.266 33.917
27.26 33.926
27.254 33.932
27.247 33.934
27.238 33.932
27.233 33.933
27.215 33.949
27.21 33.952
27.196 33.957
27.189 33.962
27.187 33.961
27.184 33.956
segment Egypt
27.21 33.871
27.223 33.875
27.224 33.878
27.223 33.884
27.219 33.886
27.217 33.881
27.21 33.871
segment Egypt
27.189 33.984
27.189 33.972
27.209 33.972
27.215 33.975
27.215 33.978
27.212 33.983
27.205 33.986
27.196 33.988
27.191 33.986
27.189 33.984
segment Egypt
27.166 33.98
27.168 33.978
27.173 33.979
27.178 33.983
27.178 33.986
27.174 33.988
27.169 33.986
27.167 33.985
27.166 33.98
segment Egypt
27.159 33.868
27.161 33.867
27.169 33.867
27.173 33.871
27.173 33.874
27.169 33.875
27.165 33.874
27.159 33.871
27.159 33.868
segment Egypt
26.816 33.98
26.817 33.977
26.826 33.98
26.834 33.976
26.837 33.977
26.84 33.982
26.839 33.986
26.829 33.988
26.821 33.985
26.816 33.98
segment Egypt
26.703 33.998
26.706 33.995
26.715 33.993
26.743 33.979
26.753 33.967
26.775 33.956
26.786 33.952
26.788 33.954
26.79 33.957
26.788 33.959
26.778 33.964
26.777 33.967
26.786 33.972
26.785 33.974
26.776 33.977
26.77 33.982
26.766 33.993
26.76 33.994
26.746 33.993
26.733 34.003
26.728 34.004
26.722 33.999
26.703 33.998
segment Egypt
26.653 33.965
26.661 33.958
26.663 33.952
26.669 33.95
26.677 33.951
26.682 33.964
26.689 33.969
26.69 33.974
26.687 33.975
26.668 33.974
26.663 33.969
26.656 33.968
26.653 33.965
segment Egypt
24.69 35.145
24.692 35.143
24.708 35.138
24.711 35.139
24.709 35.144
24.694 35.148
24.69 35.145
segment Egypt
24.642 35.183
24.645 35.177
24.659 35.161
24.661 35.155
24.669 35.153
24.675 35.148
24.678 35.149
24.677 35.158
24.661 35.177
24.655 35.181
24.647 35.184
24.642 35.183
segment Egypt
24.376 35.384
24.383 35.373
24.387 35.371
24.392 35.371
24.403 35.378
24.408 35.379
24.421 35.372
24.423 35.374
24.423 35.379
24.42 35.385
24.415 35.389
24.408 35.391
24.397 35.39
24.38 35.391
24.377 35.389
24.376 35.384
segment Egypt
24.343 35.404
24.343 35.401
24.349 35.391
24.358 35.388
24.364 35.381
24.364 35.39
24.362 35.395
24.357 35.401
24.345 35.405
24.343 35.404
segment Egypt
24.319 35.397
24.324 35.395
24.336 35.403
24.336 35.405
24.333 35.411
24.33 35.411
24.326 35.406
24.319 35.401
24.319 35.397
segment Egypt
24.322 35.382
24.325 35.38
24.327 35.38
24.331 35.387
24.33 35.39
24.328 35.391
24.325 35.39
24.322 35.382
segment Egypt
24.296 35.383
24.299 35.375
24.311 35.366
24.328 35.346
24.33 35.346
24.33 35.351
24.325 35.359
24.323 35.37
24.319 35.367
24.316 35.368
24.315 35.372
24.308 35.373
24.304 35.38
24.296 35.383
segment Egypt
23.832 35.809
23.835 35.806
23.837 35.807
23.839 35.811
23.844 35.814
23.843 35.816
23.835 35.818
23.831 35.816
23.832 35.809
segment Egypt
23.813 35.602
23.814 35.599
23.817 35.602
23.823 35.601
23.831 35.603
23.83 35.606
23.825 35.607
23.813 35.602
segment Egypt
23.799 35.504
23.808 35.505
23.816 35.51
23.817 35.512
23.815 35.513
23.81 35.511
23.805 35.513
23.803 35.509
23.799 35.504
segment Egypt
23.191 35.721
23.201 35.711
23.202 35.708
23.199 35.706
23.201 35.699
23.203 35.698
23.205 35.698
23.21 35.695
23.211 35.69
23.222 35.682
23.224 35.676
23.225 35.665
23.222 35.663
23.222 35.661
23.227 35.656
23.226 35.635
23.224 35.623
23.218 35.613
23.212 35.613
23.215 35.604
23.215 35.6
23.211 35.603
23.21 35.61
23.208 35.616
23.204 35.62
23.202 35.617
23.202 35.612
23.207 35.604
23.208 35.595
23.212 35.592
23.216 35.593
23.218 35.589
23.222 35.589
23.223 35.584
23.226 35.584
23.227 35.587
23.223 35.596
23.226 35.601
23.233 35.643
23.235 35.65
23.235 35.652
23.234 35.655
23.231 35.659
23.23 35.671
23.231 35.682
23.236 35.687
23.236 35.691
23.24 35.692
23.238 35.696
23.229 35.697
23.228 35.7
23.225 35.701
23.223 35.705
23.221 35.706
23.22 35.703
23.224 35.697
23.223 35.695
23.217 35.7
23.212 35.702
23.211 35.705
23.193 35.723
23.191 35.721
segment Egypt
22.888 35.725
22.891 35.721
22.905 35.715
22.905 35.717
22.89 35.726
22.888 35.725
segment Egypt
22.892 35.732
22.893 35.729
22.899 35.726
22.903 35.726
22.901 35.732
22.892 35.732
segment Egypt
31.529 30.985
31.532 30.975
31.531 30.969
31.532 30.967
31.537 30.971
31.539 30.978
31.541 30.982
31.539 30.985
31.535 30.98
31.532 30.986
31.529 30.985
segment Egypt
31.522 31.9
31.52 31.898
31.521 31.894
31.527 31.896
31.53 31.895
31.531 31.897
31.529 31.902
31.522 31.9
segment Egypt
31.523 31.889
31.522 31.884
31.525 31.879
31.529 31.88
31.531 31.884
31.53 31.887
31.526 31.89
31.523 31.889
segment Egypt
31.517 30.924
31.521 30.92
31.525 30.924
31.526 30.926
31.525 30.93
31.523 30.93
31.523 30.926
31.517 30.924
segment Egypt
31.511 31.912
31.505 31.918
31.497 31.92
31.488 31.927
31.475 31.935
31.466 31.945
31.459 31.949
31.455 31.949
31.456 31.945
31.461 31.939
31.481 31.922
31.484 31.917
31.483 31.913
31.485 31.911
31.492 31.909
31.498 31.906
31.504 31.903
31.511 31.892
31.514 31.89
31.518 31.891
31.519 31.896
31.502 31.906
31.498 31.912
31.499 31.913
31.507 31.907
31.52 31.904
31.523 31.906
31.521 31.911
31.511 31.912
segment Egypt
31.504 31.888
31.51 31.881
31.513 31.879
31.515 31.881
31.509 31.889
31.506 31.89
31.504 31.888
segment Egypt
31.498 30.855
31.503 30.851
31.509 30.855
31.51 30.86
31.507 30.862
31.502 30.859
31.498 30.859
31.498 30.855
segment Egypt
31.487 31.894
31.473 31.898
31.475 31.894
31.479 31.892
31.485 31.892
31.487 31.894
segment Egypt
31.461 30.795
31.465 30.793
31.473 30.796
31.477 30.8
31.472 30.804
31.464 30.803
31.461 30.795
segment Egypt
31.441 30.827
31.449 30.824
31.465 30.859
31.46 30.86
31.454 30.856
31.452 30.846
31.448 30.838
31.441 30.831
31.441 30.827
segment Egypt
31.383 31.968
31.377 31.972
31.374 31.972
31.38 31.958
31.386 31.955
31.393 31.943
31.399 31.939
31.404 31.931
31.414 31.92
31.417 31.918
31.428 31.91
31.436 31.91
31.439 31.909
31.443 31.902
31.448 31.905
31.442 31.911
31.44 31.915
31.439 31.921
31.429 31.924
31.421 31.935
31.409 31.939
31.402 31.945
31.383 31.968
segment Egypt
31.387 31.936
31.392 31.928
31.39 31.924
31.391 31.92
31.391 31.918
31.385 31.918
31.39 31.91
31.391 31.9
31.399 31.895
31.409 31.899
31.422 31.895
31.423 31.896
31.422 31.898
31.42 31.9
31.417 31.904
31.41 31.906
31.401 31.915
31.397 31.929
31.391 31.938
31.381 31.954
31.379 31.954
31.38 31.949
31.387 31.936
segment Egypt
31.4 31.886
31.404 31.884
31.415 31.887
31.416 31.888
31.407 31.894
31.4 31.89
31.4 31.886
segment Egypt
31.379 31.984
31.374 31.999
31.372 32.002
31.369 32.002
31.366 31.995
31.37 31.987
31.369 31.983
31.37 31.979
31.381 31.973
31.39 31.962
31.392 31.962
31.393 31.964
31.391 31.968
31.379 31.984
segment Egypt
31.359 32.037
31.357 32.035
31.358 32.031
31.36 32.026
31.361 32.018
31.364 32.014
31.367 32.015
31.367 32.022
31.359 32.037
segment Egypt
31.327 32.089
31.346 32.054
31.35 32.052
31.339 32.077
31.333 32.086
31.324 32.105
31.318 32.107
31.316 32.107
31.316 32.105
31.322 32.098
31.327 32.089
segment Egypt
31.338 31.901
31.338 31.9
31.342 31.898
31.345 31.895
31.346 31.894
31.346 31.896
31.345 31.897
31.343 31.898
31.342 31.899
31.342 31.907
31.34 31.908
31.338 31.907
31.338 31.901
segment Egypt
31.339 31.921
31.342 31.919
31.344 31.919
31.344 31.922
31.341 31.929
31.339 31.941
31.336 31.941
31.331 31.939
31.331 31.936
31.339 31.921
segment Egypt
31.338 31.959
31.336 31.962
31.338 31.969
31.337 31.97
31.329 31.966
31.334 31.952
31.337 31.954
31.338 31.959
segment Egypt
31.333 32.015
31.326 32.027
31.301 32.042
31.298 32.042
31.301 32.036
31.299 32.033
31.294 32.038
31.274 32.041
31.271 32.04
31.274 32.03
31.277 32.029
31.286 32.03
31.299 32.027
31.302 32.025
31.307 32.025
31.31 32.025
31.319 32.023
31.322 32.02
31.33 32.009
31.333 32.006
31.335 32.009
31.333 32.015
segment Egypt
31.31 31.938
31.314 31.936
31.321 31.94
31.325 31.936
31.33 31.941
31.331 31.948
31.327 31.951
31.325 31.962
31.32 31.968
31.319 31.972
31.309 31.974
31.306 31.977
31.301 31.988
31.299 31.986
31.297 31.983
31.296 31.969
31.298 31.963
31.291 31.953
31.29 31.943
31.288 31.924
31.29 31.917
31.283 31.916
31.275 31.913
31.269 31.915
31.266 31.914
31.267 31.904
31.282 31.91
31.293 31.906
31.298 31.906
31.3 31.909
31.295 31.913
31.295 31.918
31.301 31.93
31.31 31.938
segment Egypt
31.316 31.829
31.316 31.834
31.31 31.838
31.305 31.835
31.301 31.829
31.31 31.826
31.313 31.826
31.316 31.829
segment Egypt
31.309 32.078
31.313 32.083
31.311 32.089
31.305 32.092
31.302 32.09
31.293 32.093
31.289 32.09
31.291 32.087
31.303 32.08
31.308 32.08
31.309 32.078
segment Egypt
31.298 31.819
31.291 31.821
31.286 31.82
31.286 31.817
31.292 31.811
31.297 31.811
31.299 31.814
31.299 31.817
31.298 31.819
segment Egypt
31.26 31.981
31.262 31.978
31.273 31.983
31.288 31.982
31.29 31.985
31.285 31.989
31.287 31.994
31.276 31.994
31.276 31.987
31.268 31.987
31.26 31.981
segment Egypt
31.27 32.083
31.277 32.078
31.281 32.071
31.287 32.076
31.288 32.08
31.284 32.083
31.28 32.082
31.275 32.084
31.27 32.083
segment Egypt
31.279 32.111
31.281 32.101
31.284 32.099
31.286 32.099
31.284 32.107
31.286 32.123
31.282 32.123
31.281 32.121
31.279 32.111
segment Egypt
31.282 32.052
31.286 32.051
31.286 32.056
31.283 32.061
31.281 32.057
31.282 32.052
segment Egypt
31.27 32.131
31.275 32.125
31.281 32.126
31.283 32.13
31.283 32.131
31.277 32.129
31.269 32.139
31.267 32.136
31.27 32.131
segment Egypt
31.273 32.147
31.279 32.145
31.283 32.148
31.274 32.153
31.271 32.153
31.271 32.15
31.271 32.147
31.273 32.147
segment Egypt
31.27 31.928
31.278 31.925
31.282 31.926
31.282 31.929
31.263 31.939
31.26 31.945
31.258 31.96
31.256 31.961
31.254 31.959
31.252 31.953
31.255 31.942
31.27 31.928
segment Egypt
31.269 32.023
31.271 32.027
31.27 32.032
31.265 32.028
31.265 32.025
31.267 32.022
31.269 32.023
segment Egypt
31.26 32.085
31.267 32.084
31.268 32.086
31.264 32.089
31.266 32.094
31.263 32.097
31.261 32.095
31.259 32.096
31.258 32.094
31.26 32.085
segment Egypt
31.266 32.164
31.26 32.173
31.256 32.175
31.252 32.175
31.26 32.165
31.262 32.154
31.266 32.156
31.266 32.164
segment Egypt
31.255 32.269
31.244 32.257
31.246 32.254
31.251 32.255
31.257 32.25
31.26 32.251
31.263 32.256
31.263 32.261
31.256 32.262
31.255 32.269
segment Egypt
31.259 32.103
31.261 32.105
31.263 32.11
31.256 32.115
31.255 32.113
31.259 32.103
segment Egypt
31.258 32.025
31.263 32.024
31.261 32.029
31.256 32.028
31.256 32.026
31.258 32.025
segment Egypt
31.251 31.926
31.255 31.919
31.258 31.918
31.26 31.92
31.26 31.927
31.259 31.931
31.253 31.928
31.251 31.926
segment Egypt
31.241 32.345
31.234 32.343
31.225 32.339
31.214 32.331
31.213 32.328
31.217 32.32
31.225 32.314
31.228 32.316
31.246 32.313
31.256 32.325
31.241 32.345
segment Egypt
31.233 32.096
31.233 32.084
31.234 32.082
31.239 32.085
31.245 32.081
31.249 32.081
31.249 32.085
31.248 32.089
31.248 32.1
31.242 32.099
31.239 32.104
31.235 32.101
31.233 32.096
segment Egypt
31.237 32.145
31.241 32.139
31.243 32.14
31.244 32.143
31.243 32.162
31.241 32.164
31.234 32.164
31.233 32.167
31.233 32.171
31.237 32.176
31.237 32.178
31.234 32.18
31.217 32.183
31.216 32.179
31.219 32.174
31.236 32.156
31.231 32.152
31.23 32.147
31.237 32.145
segment Egypt
31.24 32.035
31.244 32.044
31.242 32.046
31.24 32.045
31.237 32.038
31.238 32.035
31.24 32.035
segment Egypt
31.209 33.095
31.205 33.082
31.2 33.057
31.197 33.05
31.176 33.021
31.175 33.012
31.17 33.001
31.156 32.959
31.151 32.946
31.144 32.934
31.143 32.929
31.144 32.928
31.153 32.936
31.16 32.96
31.164 32.964
31.168 32.974
31.174 32.996
31.186 33.023
31.199 33.045
31.205 33.052
31.209 33.056
31.217 33.069
31.227 33.095
31.23 33.107
31.233 33.133
31.232 33.163
31.23 33.173
31.23 33.183
31.227 33.195
31.227 33.196
31.227 33.206
31.221 33.231
31.217 33.255
31.215 33.263
31.211 33.265
31.21 33.262
31.21 33.258
31.215 33.246
31.217 33.224
31.222 33.208
31.223 33.197
31.223 33.194
31.226 33.182
31.228 33.156
31.228 33.129
31.228 33.115
31.218 33.091
31.214 33.088
31.212 33.09
31.211 33.095
31.209 33.095
segment Egypt
31.213 32.114
31.215 32.111
31.225 32.11
31.231 32.114
31.231 32.118
31.219 32.113
31.214 32.122
31.212 32.118
31.213 32.114
segment Egypt
31.205 32.173
31.211 32.16
31.219 32.15
31.227 32.15
31.226 32.156
31.215 32.165
31.21 32.17
31.209 32.177
31.208 32.2
31.207 32.204
31.204 32.201
31.203 32.177
31.205 32.173
segment Egypt
31.198 32.283
31.193 32.281
31.191 32.278
31.191 32.275
31.197 32.271
31.196 32.267
31.192 32.267
31.18 32.272
31.189 32.26
31.194 32.262
31.197 32.26
31.199 32.242
31.195 32.24
31.181 32.251
31.175 32.249
31.177 32.246
31.184 32.245
31.189 32.242
31.193 32.234
31.196 32.227
31.204 32.215
31.21 32.206
31.215 32.211
31.212 32.225
31.215 32.227
31.203 32.236
31.201 32.242
31.2 32.253
31.201 32.265
31.204 32.275
31.202 32.28
31.198 32.283
segment Egypt
31.197 33.343
31.189 33.375
31.176 33.406
31.172 33.419
31.141 33.468
31.139 33.471
31.138 33.472
31.134 33.472
31.134 33.469
31.147 33.45
31.148 33.445
31.157 33.435
31.167 33.418
31.169 33.408
31.164 33.408
31.172 33.392
31.173 33.385
31.18 33.372
31.186 33.357
31.196 33.328
31.203 33.295
31.206 33.287
31.207 33.274
31.209 33.269
31.212 33.267
31.213 33.27
31.213 33.276
31.205 33.316
31.203 33.327
31.197 33.343
segment Egypt
31.205 32.059
31.208 32.064
31.207 32.066
31.196 32.074
31.195 32.072
31.195 32.068
31.203 32.063
31.203 32.059
31.205 32.059
segment Egypt
31.169 32.087
31.169 32.084
31.175 32.077
31.178 32.077
31.18 32.083
31.178 32.085
31.169 32.087
segment Egypt
31.171 32.23
31.176 32.222
31.177 32.215
31.179 32.221
31.176 32.231
31.169 32.235
31.171 32.23
segment Egypt
31.171 32.203
31.174 32.202
31.178 32.207
31.176 32.212
31.171 32.208
31.171 32.203
segment Egypt
31.141 32.231
31.143 32.226
31.145 32.226
31.146 32.231
31.145 32.232
31.128 32.246
31.125 32.247
31.124 32.246
31.129 32.239
31.132 32.239
31.141 32.231
segment Egypt
31.139 32.063
31.14 32.066
31.136 32.071
31.129 32.071
31.133 32.062
31.139 32.063
segment Egypt
31.125 32.087
31.128 32.08
31.131 32.078
31.133 32.08
31.13 32.089
31.127 32.091
31.125 32.087
segment Egypt
31.111 33.137
31.114 33.137
31.113 33.143
31.109 33.143
31.107 33.142
31.111 33.137
segment Egypt
31.112 33.334
31.113 33.338
31.112 33.343
31.109 33.34
31.107 33.334
31.105 33.308
31.107 33.306
31.11 33.308
31.113 33.315
31.112 33.334
segment Egypt
31.104 33.364
31.106 33.36
31.109 33.361
31.109 33.372
31.107 33.373
31.103 33.371
31.104 33.364
segment Egypt
31.095 32.88
31.102 32.876
31.105 32.877
31.107 32.88
31.105 32.884
31.098 32.889
31.095 32.888
31.095 32.88
segment Egypt
31.097 33.288
31.102 33.291
31.106 33.303
31.105 33.305
31.098 33.301
31.097 33.296
31.097 33.288
segment Egypt
31.102 33.383
31.101 33.387
31.099 33.388
31.096 33.385
31.1 33.38
31.101 33.38
31.102 33.383
segment Egypt
31.098 33.374
31.098 33.377
31.092 33.382
31.09 33.38
31.093 33.373
31.098 33.372
31.098 33.374
segment Egypt
31.649 25.148
31.639 25.145
31.628 25.154
31.623 25.153
31.616 25.154
31.601 25.164
31.58 25.171
31.569 25.179
31.562 25.169
31.555 25.164
31.545 25.162
31.54 25.167
31.537 25.169
31.524 25.19
31.521 25.205
31.514 25.227
31.508 25.264
31.504 25.276
31.505 25.304
31.505 25.306
31.502 25.32
31.504 25.354
31.5 25.385
31.5 25.399
31.504 25.428
31.512 25.448
31.514 25.454
31.512 25.472
31.516 25.506
31.53 25.555
31.54 25.579
31.541 25.588
31.541 25.592
31.546 25.603
31.546 25.616
31.557 25.637
31.568 25.681
31.583 25.725
31.584 25.727
31.592 25.762
31.612 25.824
31.616 25.837
31.616 25.848
31.62 25.866
31.623 25.878
31.625 25.896
31.624 25.916
31.616 25.964
31.609 25.988
31.609 25.998
31.607 26.01
31.605 26.019
31.604 26.041
31.594 26.071
31.594 26.089
31.577 26.147
31.575 26.151
31.568 26.171
31.566 26.188
31.558 26.207
31.558 26.212
31.551 26.24
31.55 26.25
31.545 26.261
31.544 26.278
31.54 26.29
31.539 26.293
31.535 26.3
31.533 26.317
31.524 26.338
31.521 26.364
31.514 26.398
31.514 26.413
31.512 26.431
31.512 26.433
31.508 26.445
31.507 26.455
31.493 26.49
31.491 26.499
31.491 26.516
31.497 26.543
31.502 26.553
31.502 26.559
31.496 26.569
31.489 26.581
31.485 26.607
31.485 26.613
31.489 26.625
31.49 26.633
31.488 26.665
31.484 26.674
31.481 26.697
31.477 26.71
31.476 26.711
31.476 26.719
31.48 26.733
31.48 26.74
31.476 26.751
31.473 26.765
31.465 26.781
31.458 26.786
31.456 26.79
31.452 26.813
31.446 26.82
31.441 26.832
31.44 26.842
31.438 26.879
31.441 26.902
31.438 26.909
31.437 26.919
31.439 26.926
31.438 26.94
31.441 26.973
31.441 26.978
31.436 26.985
31.427 26.998
31.426 27.006
31.418 27.009
31.413 27.015
31.407 27.029
31.406 27.059
31.403 27.066
31.395 27.067
31.387 27.072
31.382 27.084
31.381 27.102
31.379 27.123
31.374 27.161
31.373 27.179
31.374 27.195
31.372 27.211
31.368 27.224
31.361 27.225
31.359 27.229
31.358 27.239
31.357 27.249
31.355 27.259
31.355 27.279
31.357 27.281
31.359 27.278
31.361 27.269
31.361 27.254
31.363 27.252
31.368 27.258
31.366 27.273
31.367 27.279
31.367 27.3
31.372 27.312
31.37 27.317
31.37 27.321
31.37 27.345
31.366 27.346
31.362 27.353
31.358 27.355
31.34 27.348
31.331 27.355
31.285 27.384
31.277 27.385
31.272 27.385
31.256 27.392
31.242 27.404
31.23 27.42
31.222 27.432
31.216 27.443
31.211 27.466
31.207 27.491
31.208 27.541
31.207 27.55
31.205 27.555
31.202 27.557
31.194 27.564
31.193 27.567
31.195 27.634
31.192 27.639
31.183 27.644
31.179 27.653
31.18 27.665
31.178 27.691
31.184 27.707
31.183 27.715
31.186 27.73
31.197 27.764
31.205 27.782
31.219 27.828
31.219 27.83
31.222 27.836
31.234 27.848
31.246 27.857
31.246 27.862
31.243 27.868
31.233 27.87
31.224 27.867
31.215 27.869
31.199 27.867
31.189 27.87
31.182 27.876
31.173 27.889
31.172 27.889
31.166 27.891
31.141 27.89
31.122 27.895
31.112 27.901
31.107 27.908
31.101 27.918
31.094 27.937
31.092 27.951
31.092 27.969
31.091 28.001
31.087 28.025
31.087 28.034
31.09 28.04
31.09 28.087
31.091 28.114
31.092 28.128
31.094 28.14
31.094 28.157
31.081 28.182
31.075 28.21
31.075 28.255
31.076 28.263
31.075 28.277
31.067 28.32
31.068 28.334
31.072 28.347
31.077 28.36
31.077 28.364
31.083 28.379
31.085 28.397
31.085 28.399
31.089 28.416
31.089 28.424
31.084 28.435
31.077 28.463
31.064 28.479
31.058 28.491
31.057 28.499
31.057 28.505
31.05 28.529
31.051 28.53
31.053 28.551
31.052 28.558
31.04 28.572
31.039 28.583
31.035 28.591
31.016 28.611
31.01 28.63
31.004 28.658
31.003 28.662
31.003 28.688
31.005 28.705
31.003 28.71
30.996 28.715
30.991 28.719
30.985 28.732
30.984 28.757
30.982 28.759
30.975 28.757
30.97 28.761
30.962 28.777
30.956 28.789
30.955 28.794
30.954 28.796
30.952 28.825
30.942 28.832
30.935 28.832
30.926 28.836
30.918 28.843
30.91 28.853
30.895 28.88
30.891 28.888
30.885 28.895
30.878 28.905
30.874 28.911
30.861 28.948
30.848 28.974
30.841 28.982
30.837 28.979
30.833 28.98
30.831 28.989
30.836 28.992
30.837 28.995
30.832 29
30.831 29.003
30.828 29.011
30.829 29.014
30.823 29.034
30.823 29.047
30.819 29.059
30.818 29.069
30.819 29.081
30.817 29.093
30.82 29.143
30.822 29.154
30.837 29.222
30.843 29.24
30.849 29.253
30.861 29.293
30.877 29.348
30.883 29.358
30.887 29.373
30.895 29.388
30.898 29.398
30.902 29.403
30.912 29.425
30.925 29.454
30.93 29.464
30.943 29.495
30.961 29.529
30.965 29.538
30.973 29.552
30.975 29.557
30.99 29.575
31.036 29.649
31.045 29.66
31.048 29.669
31.057 29.678
31.061 29.686
31.081 29.707
31.093 29.733
31.098 29.742
31.105 29.753
31.129 29.78
31.142 29.788
31.133 29.802
31.133 29.817
31.137 29.826
31.148 29.84
31.152 29.842
31.155 29.844
31.157 29.848
31.157 29.852
31.167 29.86
31.185 29.882
31.19 29.881
31.191 29.878
31.198 29.881
31.198 29.874
31.192 29.863
31.194 29.862
31.202 29.871
31.202 29.876
31.206 29.88
31.211 29.879
31.21 29.884
31.201 29.89
31.2 29.899
31.203 29.905
31.209 29.91
31.21 29.915
31.218 29.929
31.226 29.94
31.24 29.956
31.24 29.96
31.253 29.973
31.255 29.979
31.263 29.986
31.264 29.986
31.27 29.988
31.271 29.997
31.275 29.998
31.276 30
31.283 30.008
31.286 30.006
31.289 30.01
31.29 30.014
31.288 30.017
31.289 30.024
31.294 30.034
31.307 30.046
31.314 30.044
31.318 30.048
31.321 30.056
31.329 30.066
31.331 30.073
31.329 30.075
31.328 30.075
31.327 30.071
31.323 30.069
31.317 30.067
31.313 30.07
31.31 30.069
31.307 30.072
31.299 30.075
31.292 30.083
31.282 30.086
31.278 30.09
31.276 30.102
31.276 30.116
31.271 30.124
31.272 30.142
31.268 30.162
31.27 30.174
31.28 30.211
31.299 30.252
31.324 30.288
31.334 30.297
31.351 30.313
31.395 30.338
31.431 30.351
31.444 30.354
31.448 30.354
31.469 30.355
31.477 30.353
31.489 30.346
31.492 30.347
31.49 30.35
31.486 30.353
31.477 30.356
31.465 30.362
31.448 30.377
31.441 30.388
31.441 30.396
31.444 30.397
31.445 30.388
31.448 30.383
31.459 30.374
31.46 30.373
31.485 30.362
31.499 30.35
31.505 30.351
31.509 30.356
31.51 30.36
31.506 30.372
31.493 30.39
31.484 30.4
31.475 30.413
31.471 30.422
31.468 30.428
31.464 30.44
31.461 30.447
31.455 30.469
31.453 30.483
31.456 30.514
31.46 30.533
31.479 30.612
31.497 30.673
31.526 30.769
31.54 30.811
31.549 30.834
31.551 30.848
31.556 30.861
31.559 30.887
31.565 30.911
31.578 30.951
31.583 30.967
31.582 30.97
31.58 30.972
31.571 30.942
31.565 30.938
31.568 30.932
31.551 30.883
31.548 30.864
31.545 30.86
31.541 30.853
31.54 30.842
31.53 30.836
31.527 30.832
31.519 30.813
31.516 30.81
31.513 30.805
31.513 30.796
31.511 30.793
31.506 30.789
31.5 30.778
31.49 30.747
31.486 30.737
31.485 30.735
31.484 30.722
31.478 30.713
31.458 30.693
31.454 30.686
31.454 30.672
31.452 30.667
31.445 30.661
31.438 30.651
31.436 30.644
31.436 30.634
31.432 30.619
31.428 30.614
31.426 30.612
31.422 30.591
31.421 30.585
31.426 30.573
31.423 30.568
31.424 30.558
31.422 30.554
31.391 30.546
31.387 30.549
31.391 30.554
31.391 30.559
31.387 30.568
31.389 30.581
31.387 30.583
31.387 30.585
31.38 30.589
31.378 30.593
31.385 30.605
31.386 30.619
31.386 30.623
31.38 30.629
31.387 30.631
31.391 30.646
31.391 30.653
31.397 30.658
31.399 30.663
31.406 30.662
31.421 30.669
31.421 30.674
31.417 30.684
31.416 30.687
31.416 30.697
31.41 30.7
31.404 30.713
31.387 30.723
31.385 30.727
31.386 30.729
31.398 30.738
31.404 30.744
31.404 30.755
31.406 30.756
31.413 30.763
31.412 30.769
31.417 30.772
31.419 30.77
31.425 30.772
31.428 30.77
31.432 30.772
31.446 30.792
31.446 30.796
31.445 30.8
31.44 30.81
31.434 30.811
31.427 30.818
31.428 30.822
31.427 30.831
31.433 30.842
31.432 30.845
31.427 30.848
31.426 30.857
31.43 30.871
31.428 30.876
31.42 30.883
31.412 30.896
31.413 30.9
31.422 30.909
31.423 30.911
31.426 30.919
31.43 30.922
31.438 30.932
31.449 30.936
31.451 30.939
31.452 30.944
31.448 30.955
31.449 30.972
31.445 30.98
31.45 30.985
31.451 30.989
31.455 30.996
31.466 31.005
31.471 31.005
31.474 31.001
31.478 31.003
31.479 31.007
31.48 31.009
31.482 31.01
31.501 31.022
31.507 31.024
31.513 31.021
31.517 31.022
31.515 31.025
31.518 31.046
31.518 31.066
31.514 31.08
31.51 31.084
31.514 31.089
31.515 31.092
31.512 31.093
31.497 31.092
31.496 31.09
31.488 31.098
31.489 31.103
31.492 31.106
31.503 31.108
31.52 31.117
31.523 31.117
31.528 31.114
31.546 31.104
31.55 31.1
31.553 31.084
31.562 31.071
31.573 31.045
31.573 31.036
31.576 31.028
31.582 31.002
31.584 30.994
31.584 30.977
31.587 30.977
31.6 31.027
31.601 31.052
31.603 31.073
31.602 31.092
31.601 31.113
31.584 31.184
31.585 31.187
31.58 31.205
31.578 31.22
31.574 31.232
31.569 31.242
31.563 31.27
31.555 31.287
31.552 31.3
31.546 31.311
31.542 31.321
31.526 31.358
31.517 31.371
31.516 31.377
31.51 31.386
31.508 31.396
31.499 31.41
31.481 31.448
31.458 31.498
31.455 31.501
31.449 31.521
31.442 31.552
31.439 31.555
31.442 31.56
31.441 31.563
31.441 31.564
31.443 31.586
31.448 31.62
31.456 31.66
31.461 31.676
31.466 31.706
31.466 31.714
31.473 31.739
31.486 31.774
31.489 31.776
31.499 31.799
31.521 31.836
31.518 31.84
31.53 31.848
31.537 31.861
31.538 31.885
31.536 31.907
31.53 31.919
31.517 31.942
31.504 31.958
31.498 31.961
31.496 31.959
31.497 31.953
31.495 31.952
31.46 31.972
31.442 31.987
31.436 31.988
31.433 31.988
31.429 31.996
31.426 32.001
31.382 32.037
31.372 32.049
31.369 32.055
31.365 32.071
31.357 32.087
31.346 32.108
31.333 32.124
31.322 32.135
31.311 32.149
31.295 32.185
31.292 32.196
31.289 32.202
31.284 32.204
31.282 32.202
31.283 32.199
31.291 32.186
31.296 32.171
31.307 32.144
31.315 32.134
31.315 32.129
31.32 32.119
31.328 32.111
31.329 32.104
31.334 32.097
31.334 32.092
31.34 32.088
31.343 32.081
31.345 32.076
31.353 32.073
31.355 32.07
31.351 32.061
31.357 32.056
31.358 32.051
31.368 32.039
31.368 32.035
31.379 32.025
31.38 32.019
31.376 32.015
31.384 32.012
31.384 32.01
31.388 32.007
31.393 32.004
31.395 32
31.401 31.997
31.397 31.991
31.402 31.987
31.415 31.985
31.417 31.989
31.42 31.984
31.418 31.981
31.424 31.976
31.427 31.97
31.423 31.967
31.43 31.959
31.432 31.958
31.432 31.96
31.43 31.964
31.432 31.966
31.439 31.964
31.44 31.967
31.432 31.972
31.429 31.979
31.436 31.984
31.444 31.978
31.449 31.975
31.453 31.969
31.46 31.966
31.463 31.96
31.479 31.954
31.482 31.945
31.489 31.941
31.494 31.94
31.496 31.942
31.511 31.925
31.513 31.921
31.521 31.916
31.523 31.913
31.529 31.909
31.532 31.904
31.533 31.902
31.536 31.886
31.532 31.882
31.531 31.875
31.522 31.874
31.52 31.863
31.511 31.852
31.497 31.848
31.496 31.854
31.5 31.86
31.496 31.86
31.484 31.853
31.476 31.86
31.47 31.861
31.465 31.867
31.461 31.872
31.44 31.871
31.433 31.876
31.427 31.877
31.427 31.873
31.438 31.868
31.457 31.849
31.456 31.841
31.465 31.841
31.468 31.842
31.47 31.84
31.467 31.835
31.458 31.827
31.451 31.826
31.442 31.825
31.439 31.826
31.448 31.845
31.447 31.848
31.445 31.848
31.442 31.846
31.441 31.855
31.435 31.858
31.427 31.853
31.422 31.859
31.414 31.863
31.413 31.868
31.415 31.871
31.414 31.882
31.408 31.875
31.404 31.87
31.405 31.861
31.409 31.845
31.405 31.842
31.401 31.84
31.393 31.844
31.386 31.841
31.386 31.845
31.388 31.85
31.385 31.852
31.38 31.847
31.378 31.832
31.375 31.827
31.37 31.839
31.371 31.848
31.363 31.85
31.359 31.862
31.356 31.867
31.355 31.875
31.359 31.881
31.353 31.885
31.35 31.881
31.351 31.87
31.348 31.846
31.352 31.833
31.351 31.823
31.351 31.819
31.328 31.81
31.323 31.812
31.315 31.805
31.304 31.801
31.291 31.791
31.284 31.785
31.279 31.783
31.274 31.785
31.273 31.788
31.274 31.791
31.286 31.79
31.287 31.791
31.288 31.795
31.286 31.809
31.283 31.818
31.284 31.822
31.29 31.827
31.291 31.832
31.3 31.839
31.302 31.842
31.3 31.848
31.304 31.861
31.312 31.869
31.311 31.872
31.309 31.871
31.299 31.862
31.287 31.857
31.286 31.853
31.29 31.843
31.283 31.84
31.275 31.842
31.269 31.84
31.268 31.837
31.274 31.828
31.268 31.828
31.261 31.836
31.26 31.846
31.257 31.848
31.256 31.845
31.255 31.834
31.25 31.832
31.246 31.833
31.24 31.847
31.235 31.869
31.235 31.876
31.236 31.879
31.237 31.885
31.24 31.89
31.253 31.896
31.263 31.897
31.264 31.9
31.262 31.909
31.26 31.911
31.256 31.907
31.25 31.906
31.239 31.899
31.233 31.9
31.232 31.903
31.235 31.923
31.234 31.935
31.235 31.954
31.236 31.963
31.245 31.967
31.245 31.969
31.233 31.977
31.229 31.982
31.227 32
31.224 32.007
31.221 32.029
31.215 32.035
31.22 32.043
31.215 32.053
31.212 32.052
31.21 32.047
31.211 32.038
31.204 32.039
31.193 32.038
31.185 32.036
31.183 32.036
31.178 32.034
31.173 32.036
31.169 32.028
31.163 32.028
31.159 32.032
31.157 32.039
31.153 32.043
31.131 32.05
31.125 32.05
31.124 32.05
31.11 32.051
31.105 32.055
31.106 32.063
31.104 32.066
31.102 32.063
31.101 32.056
31.093 32.051
31.084 32.032
31.082 32.035
31.082 32.04
31.078 32.049
31.079 32.056
31.087 32.06
31.082 32.068
31.082 32.074
31.079 32.08
31.073 32.085
31.071 32.085
31.055 32.091
31.055 32.096
31.069 32.101
31.082 32.093
31.09 32.096
31.09 32.1
31.087 32.108
31.088 32.113
31.082 32.118
31.078 32.124
31.073 32.138
31.073 32.14
31.075 32.141
31.084 32.136
31.093 32.129
31.098 32.127
31.099 32.13
31.093 32.136
31.095 32.138
31.1 32.139
31.108 32.159
31.111 32.16
31.123 32.154
31.131 32.157
31.13 32.161
31.127 32.166
31.13 32.173
31.128 32.177
31.129 32.182
31.132 32.184
31.141 32.183
31.147 32.182
31.146 32.173
31.138 32.153
31.139 32.142
31.144 32.13
31.155 32.112
31.156 32.105
31.162 32.103
31.162 32.098
31.165 32.09
31.173 32.098
31.178 32.112
31.183 32.121
31.174 32.134
31.172 32.139
31.173 32.142
31.182 32.147
31.188 32.132
31.185 32.114
31.189 32.106
31.194 32.1
31.198 32.102
31.205 32.103
31.205 32.106
31.205 32.122
31.203 32.123
31.199 32.122
31.196 32.124
31.196 32.128
31.192 32.136
31.193 32.148
31.189 32.151
31.182 32.15
31.173 32.16
31.168 32.171
31.17 32.196
31.166 32.216
31.162 32.22
31.161 32.216
31.162 32.208
31.16 32.207
31.152 32.209
31.144 32.216
31.142 32.215
31.136 32.205
31.135 32.207
31.135 32.212
31.131 32.218
31.123 32.221
31.117 32.219
31.11 32.209
31.105 32.206
31.101 32.21
31.1 32.214
31.101 32.228
31.103 32.243
31.11 32.255
31.112 32.261
31.113 32.264
31.122 32.276
31.131 32.281
31.138 32.279
31.145 32.275
31.154 32.272
31.159 32.262
31.164 32.258
31.165 32.265
31.16 32.273
31.16 32.275
31.168 32.279
31.169 32.282
31.176 32.283
31.179 32.285
31.191 32.286
31.198 32.283
31.205 32.285
31.22 32.284
31.223 32.278
31.229 32.282
31.229 32.286
31.246 32.267
31.257 32.278
31.261 32.273
31.263 32.274
31.27 32.266
31.272 32.26
31.269 32.248
31.27 32.244
31.275 32.238
31.276 32.231
31.279 32.227
31.279 32.212
31.282 32.207
31.286 32.208
31.287 32.211
31.272 32.29
31.27 32.312
31.272 32.318
31.26 32.313
31.243 32.301
31.24 32.304
31.232 32.303
31.232 32.293
31.23 32.293
31.23 32.298
31.227 32.3
31.221 32.3
31.219 32.309
31.219 32.313
31.217 32.318
31.211 32.323
31.196 32.316
31.154 32.319
31.13 32.317
31.099 32.317
31.125 32.345
31.133 32.347
31.133 32.348
31.137 32.356
31.144 32.357
31.149 32.363
31.163 32.369
31.166 32.372
31.177 32.376
31.189 32.383
31.196 32.381
31.202 32.381
31.207 32.384
31.213 32.378
31.214 32.375
31.218 32.369
31.221 32.355
31.226 32.353
31.23 32.349
31.237 32.349
31.228 32.363
31.225 32.364
31.206 32.406
31.189 32.427
31.184 32.432
31.148 32.468
31.129 32.484
31.116 32.493
31.088 32.526
31.066 32.553
31.062 32.564
31.054 32.593
31.052 32.615
31.054 32.66
31.055 32.677
31.057 32.696
31.063 32.723
31.064 32.738
31.074 32.769
31.086 32.8
31.096 32.824
31.14 32.91
31.143 32.92
31.14 32.924
31.139 32.921
31.137 32.914
31.128 32.9
31.124 32.891
31.116 32.88
31.113 32.865
31.083 32.809
31.082 32.802
31.077 32.796
31.071 32.775
31.061 32.752
31.056 32.711
31.048 32.668
31.045 32.665
31.043 32.667
31.042 32.672
31.041 32.677
31.046 32.679
31.045 32.686
31.047 32.708
31.036 32.71
31.033 32.699
31.029 32.696
31.025 32.704
31.024 32.708
31.029 32.728
31.042 32.743
31.042 32.747
31.038 32.761
31.038 32.762
31.037 32.773
31.038 32.781
31.065 32.818
31.067 32.829
31.073 32.836
31.073 32.842
31.078 32.855
31.085 32.863
31.087 32.868
31.084 32.87
31.084 32.88
31.085 32.886
31.086 32.889
31.084 32.907
31.087 32.91
31.086 32.913
31.087 32.917
31.086 32.92
31.081 32.92
31.075 32.907
31.074 32.903
31.071 32.903
31.068 32.907
31.068 32.91
31.086 32.932
31.089 32.933
31.091 32.931
31.092 32.918
31.093 32.916
31.096 32.916
31.101 32.925
31.098 32.931
31.094 32.936
31.091 32.952
31.078 32.968
31.082 32.979
31.079 32.982
31.075 32.981
31.07 32.982
31.075 32.974
31.075 32.97
31.073 32.968
31.069 32.966
31.06 32.973
31.058 32.971
31.055 32.964
31.053 32.964
31.05 32.975
31.045 32.98
31.045 32.986
31.046 32.988
31.049 33
31.046 33.009
31.047 33.013
31.053 33.019
31.061 33.023
31.069 33.012
31.072 33.011
31.077 33.013
31.078 33.021
31.084 33.031
31.085 33.049
31.088 33.054
31.094 33.054
31.095 33.05
31.1 33.05
31.108 33.054
31.111 33.059
31.112 33.066
31.115 33.068
31.123 33.064
31.12 33.058
31.114 33.049
31.109 33.036
31.104 33.03
31.099 33.028
31.093 33.031
31.088 33.029
31.087 33.021
31.089 33.012
31.09 33.002
31.089 32.976
31.085 32.972
31.085 32.967
31.094 32.957
31.094 32.954
31.095 32.951
31.098 32.951
31.099 32.953
31.097 32.972
31.099 32.98
31.11 33.003
31.118 33.011
31.14 33.022
31.15 33.034
31.163 33.057
31.169 33.069
31.183 33.094
31.19 33.109
31.189 33.121
31.187 33.121
31.185 33.117
31.186 33.112
31.183 33.109
31.183 33.102
31.18 33.099
31.174 33.108
31.164 33.112
31.139 33.133
31.138 33.133
31.132 33.145
31.116 33.158
31.113 33.157
31.114 33.154
31.127 33.142
31.13 33.127
31.133 33.123
31.141 33.12
31.142 33.116
31.14 33.112
31.127 33.101
31.123 33.105
31.119 33.112
31.116 33.113
31.111 33.108
31.11 33.112
31.109 33.116
31.106 33.118
31.099 33.116
31.093 33.117
31.09 33.12
31.081 33.143
31.081 33.153
31.08 33.154
31.077 33.152
31.075 33.145
31.073 33.141
31.069 33.141
31.062 33.146
31.044 33.134
31.038 33.142
31.041 33.157
31.041 33.159
31.047 33.168
31.05 33.18
31.058 33.193
31.055 33.201
31.054 33.215
31.054 33.22
31.057 33.222
31.063 33.223
31.068 33.218
31.064 33.198
31.066 33.196
31.069 33.2
31.073 33.228
31.074 33.232
31.079 33.238
31.086 33.243
31.083 33.245
31.073 33.24
31.069 33.243
31.07 33.247
31.076 33.249
31.075 33.257
31.077 33.259
31.082 33.261
31.084 33.273
31.091 33.284
31.092 33.29
31.083 33.291
31.08 33.295
31.079 33.301
31.074 33.308
31.074 33.313
31.07 33.314
31.069 33.314
31.064 33.311
31.063 33.305
31.061 33.303
31.059 33.307
31.058 33.326
31.06 33.328
31.068 33.33
31.07 33.333
31.068 33.346
31.063 33.346
31.062 33.348
31.061 33.361
31.065 33.365
31.073 33.361
31.082 33.362
31.086 33.36
31.079 33.353
31.08 33.349
31.085 33.346
31.085 33.345
31.084 33.327
31.081 33.319
31.081 33.311
31.083 33.307
31.093 33.303
31.097 33.305
31.098 33.31
31.094 33.314
31.094 33.318
31.099 33.319
31.101 33.352
31.09 33.356
31.088 33.366
31.089 33.371
31.084 33.374
31.082 33.375
31.081 33.39
31.085 33.392
31.09 33.39
31.092 33.391
31.093 33.4
31.088 33.402
31.088 33.405
31.091 33.41
31.095 33.411
31.098 33.408
31.103 33.388
31.105 33.386
31.113 33.39
31.113 33.394
31.106 33.406
31.105 33.414
31.103 33.419
31.102 33.433
31.102 33.435
31.103 33.439
31.107 33.452
31.104 33.46
31.109 33.463
31.111 33.463
31.117 33.458
31.121 33.458
31.121 33.452
31.136 33.441
31.142 33.443
31.142 33.449
31.134 33.456
31.131 33.462
31.129 33.48
31.125 33.489
31.124 33.503
31.115 33.53
31.113 33.545
31.112 33.606
31.113 33.648
31.114 33.654
31.126 33.742
31.136 33.782
31.139 33.79
31.14 33.791
31.148 33.829
31.159 33.871
31.171 33.913
31.178 33.93
31.186 33.953
31.195 33.972
31.197 33.989
31.207 34.016
31.214 34.029
31.225 34.06
31.226 34.064
31.244 34.102
31.256 34.124
31.28 34.159
31.292 34.18
31.296 34.186
31.317 34.214
31.33 34.23
31.24 34.262
31.224 34.268
30.988 34.351
30.844 34.408
30.684 34.496
30.58 34.525
30.525 34.522
30.481 34.565
30.431 34.544
30.4 34.547
30.36 34.617
30.294 34.637
30.082 34.723
30.005 34.756
30 34.755
29.989 34.754
29.739 34.856
29.691 34.855
29.664 34.873
29.645 34.878
29.618 34.873
29.59 34.864
29.561 34.868
29.544 34.872
29.523 34.885
29.497 34.911
29.489 34.899
29.49 34.893
29.489 34.885
29.482 34.87
29.475 34.866
29.472 34.86
29.456 34.856
29.448 34.853
29.434 34.842
29.433 34.839
29.428 34.831
29.424 34.833
29.42 34.828
29.419 34.824
29.417 34.821
29.41 34.816
29.401 34.817
29.402 34.81
29.395 34.81
29.384 34.81
29.377 34.802
29.376 34.799
29.379 34.797
29.372 34.787
29.368 34.784
29.364 34.784
29.358 34.782
29.354 34.783
29.34 34.777
29.34 34.772
29.339 34.768
29.337 34.763
29.326 34.755
29.314 34.753
29.309 34.745
29.305 34.742
29.299 34.745
29.292 34.747
29.28 34.742
29.269 34.744
29.262 34.742
29.254 34.736
29.25 34.734
29.238 34.736
29.226 34.741
29.218 34.741
29.206 34.737
29.202 34.737
29.188 34.731
29.187 34.725
29.182 34.721
29.181 34.721
29.171 34.719
29.169 34.718
29.167 34.701
29.166 34.698
29.16 34.692
29.155 34.69
29.146 34.692
29.138 34.691
29.126 34.685
29.122 34.686
29.119 34.681
29.115 34.682
29.103 34.676
29.096 34.68
29.092 34.68
29.082 34.674
29.07 34.67
29.058 34.674
29.053 34.673
29.042 34.664
29.038 34.666
29.031 34.673
29.026 34.675
29.02 34.674
29.012 34.683
29.007 34.685
28.984 34.687
28.975 34.682
28.97 34.66
28.969 34.654
28.963 34.652
28.957 34.645
28.943 34.642
28.936 34.644
28.931 34.65
28.926 34.651
28.921 34.647
28.914 34.646
28.902 34.651
28.89 34.652
28.878 34.649
28.862 34.65
28.856 34.649
28.853 34.646
28.852 34.638
28.852 34.636
28.84 34.626
28.827 34.624
28.822 34.625
28.821 34.627
28.811 34.628
28.761 34.629
28.748 34.623
28.73 34.629
28.691 34.608
28.674 34.592
28.671 34.593
28.659 34.589
28.653 34.58
28.649 34.578
28.645 34.578
28.639 34.584
28.633 34.58
28.623 34.575
28.62 34.569
28.613 34.559
28.611 34.555
28.59 34.547
28.577 34.546
28.551 34.522
28.519 34.515
28.504 34.523
28.5 34.522
28.499 34.521
28.498 34.52
28.478 34.514
28.472 34.509
28.472 34.505
28.479 34.5
28.478 34.492
28.475 34.487
28.463 34.479
28.462 34.476
28.459 34.475
28.443 34.472
28.44 34.47
28.435 34.461
28.434 34.459
28.426 34.458
28.416 34.46
28.41 34.456
28.391 34.449
28.381 34.45
28.378 34.45
28.357 34.441
28.342 34.425
28.323 34.414
28.309 34.412
28.301 34.412
28.292 34.41
28.265 34.413
28.256 34.415
28.247 34.42
28.238 34.417
28.232 34.415
28.221 34.418
28.208 34.424
28.206 34.427
28.202 34.428
28.198 34.431
28.196 34.436
28.196 34.438
28.197 34.441
28.192 34.445
28.186 34.444
28.18 34.449
28.168 34.452
28.158 34.452
28.139 34.444
28.124 34.446
28.103 34.442
28.092 34.438
28.081 34.431
28.075 34.431
28.069 34.434
28.065 34.44
28.056 34.442
28.041 34.438
28.026 34.443
28.003 34.437
27.994 34.437
27.987 34.435
27.982 34.429
27.977 34.431
27.966 34.422
27.965 34.421
27.963 34.418
27.961 34.407
27.962 34.401
27.955 34.397
27.953 34.388
27.942 34.39
27.935 34.382
27.933 34.376
27.93 34.373
27.919 34.372
27.915 34.368
27.914 34.362
27.916 34.357
27.915 34.354
27.909 34.351
27.908 34.344
27.913 34.342
27.912 34.334
27.909 34.333
27.903 34.335
27.893 34.33
27.887 34.333
27.885 34.333
27.884 34.332
27.883 34.326
27.879 34.324
27.871 34.326
27.865 34.326
27.859 34.322
27.851 34.32
27.848 34.317
27.849 34.304
27.852 34.3
27.86 34.299
27.861 34.295
27.859 34.294
27.853 34.296
27.851 34.294
27.849 34.289
27.854 34.288
27.856 34.286
27.855 34.28
27.853 34.277
27.841 34.283
27.834 34.279
27.826 34.276
27.826 34.271
27.824 34.268
27.818 34.272
27.796 34.266
27.789 34.261
27.786 34.254
27.787 34.241
27.792 34.238
27.793 34.235
27.786 34.224
27.788 34.221
27.796 34.218
27.787 34.209
27.778 34.213
27.772 34.216
27.766 34.223
27.764 34.231
27.763 34.239
27.766 34.251
27.764 34.256
27.762 34.258
27.756 34.255
27.75 34.256
27.735 34.263
27.73 34.261
27.729 34.256
27.732 34.253
27.731 34.251
27.724 34.249
27.724 34.246
27.736 34.241
27.737 34.234
27.74 34.232
27.753 34.224
27.766 34.212
27.782 34.194
27.786 34.173
27.783 34.164
27.783 34.16
27.794 34.146
27.796 34.137
27.797 34.118
27.797 34.111
27.789 34.098
27.795 34.095
27.798 34.09
27.81 34.06
27.816 34.052
27.819 34.053
27.82 34.05
27.822 34.048
27.841 34.029
27.85 34.016
27.86 34.01
27.872 33.997
27.884 33.989
27.888 33.974
27.894 33.967
27.894 33.963
27.891 33.957
27.891 33.952
27.894 33.95
27.898 33.952
27.899 33.952
27.902 33.951
27.905 33.945
27.924 33.925
27.934 33.921
27.939 33.916
27.941 33.911
27.936 33.901
27.938 33.893
27.937 33.887
27.932 33.884
27.931 33.882
27.933 33.88
27.954 33.865
27.96 33.857
27.971 33.834
27.983 33.822
27.988 33.814
27.995 33.804
28.01 33.788
28.01 33.781
28.015 33.777
28.02 33.764
28.025 33.762
28.03 33.767
28.036 33.769
28.042 33.766
28.047 33.759
28.049 33.746
28.056 33.737
28.067 33.726
28.066 33.714
28.072 33.709
28.084 33.712
28.088 33.709
28.097 33.698
28.12 33.684
28.129 33.681
28.132 33.672
28.134 33.67
28.161 33.668
28.164 33.666
28.166 33.654
28.164 33.65
28.169 33.645
28.175 33.631
28.18 33.627
28.194 33.624
28.214 33.624
28.224 33.622
28.237 33.611
28.238 33.607
28.236 33.606
28.23 33.608
28.228 33.606
28.235 33.599
28.239 33.595
28.242 33.594
28.257 33.586
28.264 33.584
28.278 33.572
28.292 33.564
28.294 33.56
28.295 33.55
28.309 33.532
28.31 33.527
28.309 33.52
28.314 33.514
28.316 33.504
28.32 33.5
28.325 33.499
28.331 33.492
28.337 33.488
28.342 33.478
28.348 33.471
28.351 33.461
28.365 33.433
28.37 33.43
28.379 33.419
28.387 33.413
28.387 33.412
28.39 33.405
28.4 33.402
28.425 33.376
28.436 33.37
28.447 33.369
28.453 33.366
28.464 33.354
28.468 33.337
28.474 33.328
28.478 33.324
28.481 33.322
28.489 33.307
28.501 33.297
28.509 33.288
28.516 33.283
28.529 33.278
28.537 33.263
28.545 33.255
28.548 33.247
28.552 33.241
28.563 33.237
28.567 33.235
28.581 33.224
28.586 33.222
28.605 33.222
28.61 33.219
28.615 33.218
28.625 33.221
28.63 33.219
28.648 33.205
28.669 33.197
28.679 33.201
28.699 33.208
28.713 33.208
28.719 33.215
28.726 33.217
28.729 33.216
28.733 33.218
28.749 33.226
28.764 33.23
28.77 33.226
28.779 33.217
28.802 33.208
28.811 33.196
28.818 33.191
28.82 33.186
28.838 33.178
28.842 33.179
28.845 33.175
28.852 33.173
28.857 33.172
28.872 33.174
28.884 33.18
28.889 33.178
28.893 33.173
28.907 33.183
28.917 33.188
28.92 33.187
28.933 33.177
28.937 33.171
28.942 33.168
28.958 33.168
28.965 33.171
28.969 33.168
28.976 33.172
28.983 33.179
28.991 33.181
29.001 33.179
29.005 33.173
29.005 33.166
29.007 33.162
29.011 33.158
29.021 33.154
29.023 33.152
29.024 33.143
29.028 33.139
29.028 33.135
29.031 33.132
29.032 33.128
29.042 33.122
29.044 33.115
29.042 33.11
29.044 33.102
29.045 33.099
29.051 33.097
29.055 33.097
29.057 33.094
29.058 33.087
29.062 33.082
29.071 33.079
29.076 33.077
29.085 33.076
29.092 33.069
29.093 33.066
29.099 33.063
29.101 33.059
29.113 33.047
29.115 33.042
29.122 33.035
29.13 33.03
29.136 33.025
29.136 33.019
29.141 33.015
29.146 33.009
29.158 33.002
29.162 32.997
29.165 32.99
29.166 32.978
29.167 32.976
29.174 32.972
29.177 32.968
29.191 32.961
29.204 32.95
29.207 32.942
29.207 32.933
29.204 32.927
29.206 32.924
29.216 32.915
29.223 32.906
29.224 32.899
29.233 32.885
29.236 32.884
29.239 32.885
29.247 32.88
29.254 32.875
29.265 32.881
29.272 32.879
29.284 32.87
29.291 32.868
29.297 32.861
29.3 32.856
29.299 32.85
29.301 32.847
29.306 32.845
29.311 32.84
29.312 32.836
29.316 32.827
29.322 32.825
29.329 32.825
29.341 32.829
29.345 32.829
29.352 32.822
29.352 32.819
29.356 32.815
29.359 32.816
29.365 32.815
29.377 32.82
29.382 32.824
29.396 32.818
29.406 32.809
29.408 32.807
29.409 32.801
29.427 32.785
29.435 32.779
29.436 32.772
29.447 32.747
29.452 32.753
29.458 32.746
29.467 32.741
29.476 32.738
29.479 32.733
29.482 32.735
29.487 32.734
29.492 32.736
29.498 32.733
29.507 32.723
29.508 32.719
29.515 32.723
29.521 32.721
29.527 32.722
29.532 32.72
29.544 32.726
29.548 32.726
29.551 32.721
29.558 32.72
29.559 32.717
29.569 32.714
29.581 32.712
29.584 32.709
29.585 32.701
29.589 32.696
29.593 32.681
29.595 32.678
29.608 32.689
29.613 32.691
29.626 32.683
29.642 32.683
29.658 32.678
29.663 32.683
29.671 32.686
29.678 32.691
29.685 32.691
29.689 32.687
29.695 32.692
29.71 32.698
29.729 32.697
29.737 32.689
29.751 32.681
29.751 32.68
29.754 32.671
29.759 32.665
29.768 32.663
29.778 32.655
29.784 32.647
29.802 32.635
29.815 32.621
29.817 32.613
29.818 32.61
29.83 32.619
29.833 32.624
29.838 32.627
29.84 32.63
29.842 32.631
29.846 32.632
29.852 32.631
29.855 32.634
29.862 32.635
29.869 32.633
29.874 32.624
29.891 32.609
29.903 32.591
29.908 32.589
29.916 32.579
29.918 32.572
29.929 32.576
29.932 32.582
29.934 32.584
29.938 32.581
29.94 32.582
29.944 32.579
29.95 32.579
29.968 32.584
29.978 32.584
29.98 32.582
29.979 32.578
29.971 32.576
29.969 32.573
29.97 32.565
29.975 32.562
29.998 32.581
30 32.575
30.002 32.57
30 32.569
29.998 32.566
29.986 32.561
29.978 32.553
29.976 32.556
29.968 32.556
29.965 32.563
29.96 32.567
29.958 32.558
29.96 32.555
29.959 32.548
29.956 32.541
29.957 32.535
29.958 32.523
29.953 32.504
29.946 32.498
29.941 32.485
29.936 32.478
29.926 32.474
29.923 32.475
29.91 32.467
29.905 32.467
29.889 32.459
29.875 32.471
29.872 32.476
29.869 32.476
29.865 32.473
29.859 32.479
29.86 32.489
29.858 32.491
29.859 32.506
29.855 32.508
29.84 32.498
29.827 32.486
29.825 32.486
29.82 32.485
29.808 32.47
29.797 32.456
29.794 32.45
29.783 32.436
29.759 32.416
29.733 32.398
29.732 32.396
29.728 32.396
29.707 32.385
29.703 32.383
29.699 32.377
29.68 32.361
29.653 32.36
29.642 32.363
29.636 32.366
29.629 32.362
29.623 32.359
29.619 32.358
29.611 32.35
29.596 32.342
29.588 32.341
29.581 32.35
29.57 32.357
29.563 32.361
29.554 32.362
29.544 32.369
29.541 32.37
29.534 32.374
29.529 32.38
29.523 32.384
29.52 32.393
29.512 32.397
29.507 32.406
29.5 32.421
29.492 32.432
29.487 32.444
29.474 32.452
29.459 32.473
29.457 32.476
29.447 32.48
29.445 32.483
29.441 32.493
29.44 32.498
29.437 32.5
29.429 32.501
29.424 32.505
29.421 32.513
29.417 32.517
29.416 32.521
29.415 32.523
29.405 32.537
29.4 32.541
29.398 32.548
29.387 32.56
29.384 32.565
29.379 32.568
29.374 32.573
29.369 32.572
29.362 32.58
29.358 32.58
29.352 32.584
29.348 32.591
29.342 32.594
29.338 32.593
29.319 32.6
29.306 32.603
29.302 32.601
29.298 32.603
29.291 32.609
29.287 32.606
29.282 32.604
29.278 32.606
29.272 32.611
29.267 32.616
29.263 32.615
29.254 32.618
29.249 32.625
29.24 32.629
29.236 32.63
29.234 32.627
29.222 32.625
29.209 32.626
29.206 32.626
29.203 32.627
29.198 32.635
29.179 32.641
29.174 32.648
29.167 32.644
29.16 32.648
29.141 32.648
29.136 32.651
29.128 32.651
29.126 32.654
29.124 32.656
29.117 32.659
29.112 32.665
29.097 32.667
29.086 32.662
29.074 32.654
29.066 32.641
29.063 32.643
29.057 32.648
29.052 32.649
29.054 32.644
29.062 32.638
29.06 32.63
29.054 32.624
29.047 32.624
29.04 32.63
29.029 32.632
29.02 32.627
29.016 32.631
29.006 32.624
28.992 32.62
28.981 32.62
28.977 32.623
28.964 32.63
28.96 32.636
28.96 32.637
28.938 32.659
28.922 32.669
28.902 32.676
28.893 32.679
28.883 32.678
28.853 32.706
28.85 32.709
28.847 32.719
28.84 32.725
28.827 32.733
28.815 32.736
28.802 32.753
28.799 32.76
28.797 32.778
28.784 32.8
28.774 32.806
28.763 32.813
28.736 32.825
28.729 32.833
28.721 32.828
28.716 32.828
28.704 32.831
28.697 32.837
28.69 32.838
28.677 32.844
28.673 32.842
28.665 32.843
28.659 32.846
28.655 32.848
28.65 32.854
28.619 32.863
28.594 32.868
28.584 32.868
28.577 32.865
28.571 32.866
28.567 32.873
28.566 32.881
28.561 32.89
28.557 32.911
28.552 32.927
28.546 32.934
28.543 32.935
28.539 32.94
28.523 32.952
28.513 32.965
28.503 32.967
28.497 32.974
28.491 32.983
28.489 33.001
28.485 33.005
28.477 33.007
28.476 33.008
28.471 33.011
28.466 33.023
28.463 33.026
28.441 33.035
28.435 33.041
28.404 33.053
28.371 33.08
28.369 33.083
28.366 33.091
28.362 33.104
28.358 33.111
28.352 33.113
28.323 33.114
28.317 33.117
28.309 33.125
28.303 33.127
28.299 33.126
28.292 33.128
28.291 33.133
28.282 33.145
28.279 33.151
28.271 33.158
28.261 33.161
28.254 33.165
28.25 33.163
28.24 33.172
28.235 33.18
28.231 33.183
28.222 33.186
28.219 33.191
28.213 33.199
28.213 33.202
28.194 33.215
28.187 33.226
28.175 33.238
28.172 33.243
28.165 33.244
28.159 33.242
28.149 33.243
28.145 33.245
28.142 33.251
28.14 33.274
28.137 33.278
28.135 33.279
28.13 33.282
28.123 33.291
28.112 33.299
28.108 33.306
28.095 33.318
28.094 33.323
28.087 33.334
28.083 33.337
28.077 33.337
28.072 33.335
28.058 33.338
28.053 33.342
28.052 33.352
28.05 33.353
28.048 33.358
28.047 33.359
28.047 33.365
28.039 33.369
28.037 33.372
28.033 33.373
28.03 33.378
28.035 33.408
28.033 33.413
28.027 33.417
28.022 33.423
28.019 33.433
28.006 33.447
27.993 33.475
27.991 33.478
27.985 33.488
27.948 33.514
27.939 33.523
27.933 33.526
27.925 33.535
27.909 33.542
27.893 33.557
27.888 33.562
27.883 33.565
27.869 33.565
27.86 33.568
27.853 33.575
27.85 33.581
27.842 33.588
27.837 33.59
27.825 33.585
27.819 33.587
27.807 33.584
27.792 33.595
27.788 33.592
27.79 33.586
27.79 33.581
27.786 33.576
27.787 33.571
27.796 33.57
27.804 33.568
27.812 33.562
27.814 33.557
27.807 33.551
27.808 33.546
27.81 33.54
27.822 33.528
27.826 33.52
27.83 33.502
27.835 33.493
27.836 33.488
27.832 33.483
27.823 33.477
27.813 33.473
27.798 33.481
27.797 33.492
27.792 33.495
27.785 33.502
27.781 33.504
27.773 33.505
27.768 33.507
27.766 33.511
27.761 33.518
27.753 33.521
27.75 33.525
27.748 33.531
27.749 33.539
27.752 33.549
27.759 33.552
27.762 33.555
27.76 33.56
27.755 33.563
27.75 33.563
27.74 33.557
27.728 33.555
27.724 33.552
27.721 33.546
27.714 33.544
27.711 33.541
27.715 33.536
27.716 33.532
27.709 33.528
27.702 33.533
27.705 33.54
27.705 33.544
27.702 33.547
27.699 33.548
27.69 33.551
27.684 33.555
27.68 33.562
27.68 33.577
27.678 33.58
27.675 33.581
27.67 33.58
27.665 33.586
27.655 33.589
27.65 33.598
27.642 33.597
27.64 33.593
27.642 33.59
27.665 33.574
27.67 33.568
27.673 33.566
27.675 33.561
27.669 33.561
27.663 33.563
27.654 33.571
27.656 33.564
27.66 33.556
27.679 33.541
27.682 33.536
27.682 33.531
27.66 33.502
27.657 33.5
27.649 33.497
27.648 33.498
27.643 33.501
27.638 33.516
27.632 33.523
27.602 33.552
27.594 33.556
27.585 33.564
27.561 33.569
27.549 33.561
27.548 33.562
27.531 33.561
27.526 33.564
27.524 33.568
27.524 33.57
27.525 33.586
27.522 33.595
27.519 33.597
27.514 33.595
27.51 33.6
27.503 33.605
27.499 33.609
27.497 33.623
27.494 33.626
27.483 33.629
27.476 33.634
27.466 33.633
27.46 33.635
27.452 33.647
27.445 33.654
27.431 33.666
27.422 33.679
27.417 33.682
27.409 33.683
27.398 33.691
27.392 33.693
27.385 33.691
27.386 33.684
27.376 33.678
27.374 33.679
27.373 33.684
27.371 33.686
27.359 33.689
27.355 33.695
27.349 33.695
27.34 33.697
27.333 33.707
27.323 33.715
27.32 33.72
27.311 33.728
27.307 33.739
27.307 33.746
27.304 33.752
27.296 33.76
27.294 33.765
27.294 33.766
27.289 33.772
27.285 33.78
27.276 33.792
27.272 33.807
27.265 33.819
27.263 33.83
27.259 33.838
27.256 33.842
27.249 33.847
27.241 33.851
27.235 33.85
27.232 33.846
27.226 33.843
27.217 33.842
27.214 33.844
27.208 33.852
27.205 33.853
27.2 33.845
27.185 33.831
27.18 33.827
27.173 33.828
27.162 33.833
27.151 33.836
27.142 33.832
27.134 33.834
27.129 33.832
27.124 33.831
27.122 33.829
27.111 33.833
27.104 33.841
27.097 33.853
27.089 33.861
27.084 33.883
27.079 33.889
27.077 33.89
27.069 33.896
27.052 33.907
27.049 33.906
27.048 33.903
27.052 33.892
27.05 33.888
27.037 33.885
27.029 33.888
27.013 33.907
27.011 33.913
27.007 33.915
27.003 33.912
27.002 33.906
26.997 33.903
26.993 33.906
26.992 33.911
26.981 33.924
26.978 33.926
26.972 33.919
26.969 33.921
26.968 33.925
26.964 33.93
26.943 33.936
26.931 33.944
26.919 33.961
26.911 33.965
26.896 33.968
26.895 33.969
26.894 33.97
26.895 33.974
26.9 33.98
26.901 33.988
26.901 33.993
26.899 33.995
26.893 33.995
26.879 33.99
26.873 33.992
26.863 34.001
26.855 34.004
26.839 34
26.837 33.999
26.849 33.989
26.855 33.98
26.86 33.975
26.863 33.972
26.862 33.966
26.854 33.96
26.847 33.951
26.837 33.949
26.827 33.945
26.82 33.95
26.812 33.952
26.802 33.951
26.796 33.947
26.792 33.94
26.788 33.938
26.762 33.949
26.752 33.96
26.75 33.96
26.747 33.949
26.743 33.943
26.739 33.942
26.731 33.944
26.725 33.939
26.718 33.937
26.702 33.939
26.676 33.935
26.668 33.936
26.664 33.939
26.651 33.953
26.649 33.957
26.647 33.969
26.638 33.984
26.637 33.989
26.632 33.994
26.621 34.003
26.613 34.018
26.606 34.022
26.589 34.027
26.574 34.035
26.572 34.035
26.557 34.04
26.537 34.059
26.528 34.062
26.517 34.071
26.507 34.074
26.489 34.08
26.48 34.08
26.476 34.082
26.474 34.085
26.46 34.084
26.455 34.086
26.438 34.1
26.429 34.105
26.413 34.108
26.405 34.113
26.388 34.135
26.384 34.138
26.374 34.137
26.36 34.153
26.347 34.158
26.342 34.168
26.33 34.181
26.316 34.188
26.302 34.192
26.292 34.189
26.274 34.194
26.266 34.199
26.258 34.208
26.255 34.21
26.25 34.209
26.228 34.217
26.205 34.224
26.2 34.23
26.191 34.232
26.181 34.243
26.172 34.248
26.16 34.251
26.144 34.269
26.129 34.275
26.121 34.283
26.117 34.287
26.112 34.291
26.109 34.291
26.1 34.282
26.099 34.286
26.097 34.29
26.09 34.296
26.09 34.302
26.088 34.307
26.078 34.308
26.066 34.317
26.052 34.318
26.029 34.328
26.022 34.327
26.019 34.329
26.003 34.339
25.994 34.342
25.985 34.346
25.973 34.364
25.97 34.374
25.966 34.379
25.947 34.386
25.941 34.397
25.934 34.4
25.921 34.405
25.911 34.413
25.903 34.417
25.884 34.417
25.878 34.421
25.874 34.419
25.87 34.419
25.865 34.421
25.863 34.424
25.852 34.429
25.846 34.436
25.844 34.436
25.838 34.431
25.836 34.435
25.835 34.452
25.827 34.471
25.819 34.473
25.81 34.481
25.8 34.485
25.788 34.492
25.773 34.507
25.767 34.52
25.757 34.526
25.749 34.538
25.747 34.54
25.736 34.541
25.725 34.548
25.718 34.554
25.711 34.561
25.704 34.563
25.698 34.571
25.693 34.573
25.679 34.569
25.673 34.571
25.658 34.585
25.65 34.585
25.645 34.586
25.63 34.591
25.599 34.611
25.595 34.62
25.586 34.626
25.579 34.639
25.566 34.638
25.553 34.647
25.542 34.643
25.534 34.646
25.526 34.645
25.516 34.653
25.511 34.654
25.503 34.655
25.501 34.657
25.482 34.679
25.471 34.681
25.46 34.678
25.455 34.68
25.45 34.685
25.447 34.691
25.443 34.693
25.413 34.697
25.398 34.701
25.392 34.705
25.383 34.714
25.377 34.718
25.372 34.727
25.363 34.735
25.354 34.741
25.342 34.742
25.334 34.74
25.329 34.746
25.323 34.749
25.315 34.75
25.296 34.756
25.267 34.788
25.257 34.795
25.25 34.797
25.241 34.796
25.217 34.808
25.207 34.815
25.202 34.812
25.2 34.813
25.195 34.827
25.19 34.83
25.185 34.836
25.183 34.842
25.178 34.846
25.175 34.846
25.17 34.844
25.17 34.852
25.169 34.855
25.165 34.856
25.154 34.856
25.147 34.861
25.137 34.87
25.122 34.879
25.112 34.878
25.104 34.884
25.088 34.884
25.086 34.89
25.083 34.894
25.076 34.897
25.075 34.9
25.075 34.902
25.071 34.906
25.069 34.906
25.058 34.908
25.045 34.916
25.026 34.92
25.022 34.927
25.014 34.931
25.011 34.935
25.006 34.944
25.002 34.948
25 34.948
24.987 34.951
24.982 34.95
24.976 34.944
24.961 34.938
24.95 34.944
24.946 34.949
24.94 34.959
24.94 34.96
24.933 34.967
24.929 34.969
24.923 34.968
24.919 34.969
24.907 34.98
24.896 34.987
24.891 34.988
24.875 34.988
24.862 34.996
24.856 34.998
24.836 34.995
24.826 34.998
24.821 35
24.816 35.003
24.811 35.009
24.794 35.034
24.784 35.043
24.771 35.051
24.767 35.055
24.766 35.062
24.762 35.066
24.757 35.069
24.755 35.067
24.752 35.072
24.746 35.077
24.715 35.092
24.698 35.094
24.694 35.092
24.688 35.088
24.672 35.095
24.669 35.098
24.664 35.11
24.661 35.111
24.641 35.103
24.637 35.103
24.63 35.107
24.617 35.119
24.614 35.119
24.609 35.115
24.607 35.116
24.605 35.119
24.614 35.127
24.611 35.134
24.605 35.139
24.586 35.145
24.584 35.145
24.58 35.149
24.568 35.166
24.564 35.168
24.559 35.169
24.557 35.167
24.555 35.156
24.552 35.152
24.549 35.15
24.537 35.154
24.533 35.153
24.519 35.138
24.513 35.141
24.501 35.157
24.498 35.163
24.483 35.174
24.48 35.178
24.477 35.188
24.472 35.196
24.46 35.201
24.457 35.207
24.448 35.209
24.446 35.209
24.424 35.226
24.415 35.226
24.409 35.229
24.401 35.24
24.393 35.251
24.39 35.261
24.386 35.266
24.375 35.272
24.371 35.278
24.366 35.297
24.358 35.303
24.359 35.307
24.363 35.309
24.362 35.314
24.359 35.32
24.356 35.322
24.346 35.325
24.343 35.332
24.335 35.332
24.334 35.334
24.331 35.337
24.321 35.344
24.32 35.35
24.316 35.356
24.294 35.373
24.286 35.382
24.282 35.39
24.275 35.396
24.272 35.396
24.268 35.393
24.249 35.412
24.239 35.419
24.226 35.422
24.222 35.425
24.219 35.434
24.216 35.436
24.211 35.431
24.208 35.431
24.189 35.431
24.169 35.447
24.155 35.461
24.153 35.467
24.146 35.472
24.143 35.481
24.137 35.483
24.135 35.486
24.125 35.493
24.115 35.492
24.104 35.499
24.103 35.502
24.105 35.51
24.108 35.512
24.112 35.512
24.124 35.504
24.129 35.499
24.129 35.497
24.13 35.493
24.134 35.491
24.139 35.495
24.139 35.499
24.132 35.516
24.124 35.525
24.113 35.533
24.113 35.551
24.112 35.555
24.1 35.568
24.094 35.579
24.088 35.585
24.08 35.588
24.066 35.594
24.045 35.608
24.04 35.611
24.035 35.612
24.024 35.608
24.021 35.608
24.013 35.618
24.007 35.629
24.002 35.637
24.001 35.643
24.003 35.645
24.009 35.646
24.005 35.657
24.004 35.664
24.007 35.671
24.004 35.68
24.003 35.694
24 35.694
23.996 35.71
23.994 35.719
23.993 35.722
23.985 35.73
23.981 35.738
23.959 35.762
23.944 35.768
23.925 35.772
23.916 35.78
23.913 35.788
23.907 35.794
23.904 35.795
23.9 35.794
23.897 35.792
23.891 35.788
23.912 35.774
23.919 35.766
23.931 35.762
23.937 35.745
23.937 35.74
23.933 35.739
23.929 35.72
23.924 35.716
23.923 35.709
23.914 35.7
23.912 35.696
23.912 35.694
23.912 35.689
23.913 35.677
23.922 35.66
23.923 35.653
23.927 35.647
23.93 35.638
23.928 35.621
23.928 35.605
23.929 35.597
23.936 35.586
23.946 35.574
23.949 35.573
23.955 35.569
23.957 35.565
23.956 35.559
23.951 35.546
23.926 35.514
23.928 35.512
23.93 35.513
23.944 35.531
23.945 35.531
23.941 35.522
23.943 35.52
23.948 35.527
23.949 35.536
23.949 35.537
23.961 35.558
23.963 35.556
23.966 35.547
23.972 35.54
23.972 35.537
23.97 35.534
23.976 35.524
23.978 35.516
23.979 35.51
23.974 35.504
23.971 35.502
23.967 35.503
23.961 35.497
23.956 35.503
23.951 35.497
23.946 35.496
23.943 35.491
23.942 35.487
23.934 35.486
23.928 35.483
23.933 35.477
23.93 35.475
23.926 35.478
23.92 35.476
23.918 35.477
23.918 35.482
23.916 35.483
23.909 35.479
23.906 35.479
23.905 35.483
23.908 35.485
23.905 35.486
23.894 35.484
23.881 35.486
23.861 35.492
23.852 35.489
23.846 35.49
23.843 35.487
23.842 35.484
23.845 35.481
23.844 35.479
23.841 35.479
23.836 35.484
23.83 35.482
23.822 35.486
23.818 35.485
23.816 35.484
23.813 35.48
23.809 35.48
23.804 35.475
23.795 35.476
23.79 35.479
23.785 35.477
23.779 35.479
23.779 35.483
23.786 35.489
23.798 35.494
23.798 35.497
23.795 35.497
23.775 35.487
23.771 35.486
23.769 35.489
23.774 35.495
23.782 35.498
23.785 35.503
23.791 35.506
23.79 35.51
23.779 35.514
23.761 35.517
23.742 35.516
23.739 35.513
23.74 35.511
23.746 35.509
23.751 35.505
23.755 35.505
23.761 35.507
23.763 35.505
23.763 35.501
23.758 35.497
23.76 35.492
23.755 35.486
23.753 35.488
23.751 35.492
23.745 35.496
23.745 35.498
23.743 35.503
23.731 35.502
23.725 35.503
23.708 35.508
23.702 35.51
23.698 35.509
23.692 35.509
23.687 35.513
23.679 35.513
23.67 35.514
23.649 35.511
23.634 35.513
23.63 35.51
23.631 35.503
23.635 35.5
23.647 35.495
23.648 35.491
23.637 35.491
23.633 35.487
23.629 35.491
23.622 35.492
23.624 35.495
23.627 35.495
23.627 35.497
23.619 35.501
23.617 35.501
23.592 35.505
23.593 35.508
23.598 35.509
23.609 35.509
23.608 35.511
23.605 35.512
23.589 35.51
23.574 35.507
23.566 35.509
23.554 35.506
23.546 35.507
23.536 35.506
23.532 35.504
23.531 35.502
23.527 35.497
23.506 35.493
23.501 35.489
23.493 35.487
23.485 35.492
23.48 35.491
23.473 35.494
23.464 35.496
23.46 35.504
23.449 35.51
23.443 35.52
23.429 35.527
23.425 35.533
23.424 35.535
23.41 35.539
23.405 35.544
23.397 35.542
23.39 35.546
23.385 35.546
23.382 35.548
23.381 35.556
23.376 35.558
23.347 35.561
23.341 35.556
23.337 35.555
23.326 35.558
23.317 35.555
23.312 35.556
23.281 35.563
23.255 35.576
23.246 35.572
23.234 35.576
23.231 35.577
23.222 35.573
23.214 35.576
23.2 35.591
23.179 35.601
23.169 35.606
23.164 35.614
23.148 35.622
23.147 35.623
23.09 35.558
23.003 35.459
22.917 35.36
22.83 35.261
22.787 35.212
22.806 35.146
22.842 35.015
22.846 35
22.852 34.978
22.858 34.951
22.798 34.924
22.682 34.87
22.566 34.816
22.451 34.762
22.335 34.709
22.298 34.692
22.282 34.601
22.277 34.569
22.275 34.547
22.273 34.544
22.268 34.514
22.266 34.496
22.264 34.489
22.26 34.468
22.248 34.397
22.245 34.376
22.244 34.37
22.237 34.335
22.214 34.201
22.207 34.161
22.124 34.13
22.004 34.087
21.895 34.049
21.776 34.006
21.772 34.005
21.759 33.875
21.744 33.74
21.73 33.606
21.725 33.564
21.727 33.559
21.777 33.489
21.853 33.382
21.93 33.274
22.006 33.167
22.006 33.053
22.006 32.918
22.005 32.782
22.005 32.647
22.004 32.542
22.004 32.511
22.004 32.376
22.004 32.241
22.004 32.107
22.004 32.105
22.005 32.087
22.003 32.023
22.006 31.97
22.007 31.943
22.006 31.884
22.007 31.873
22.007 31.835
22.008 31.699
22.008 31.564
22.008 31.429
22.008 31.412
22.013 31.411
22.028 31.413
22.063 31.426
22.081 31.436
22.109 31.455
22.125 31.465
22.135 31.475
22.146 31.489
22.156 31.495
22.169 31.507
22.181 31.513
22.186 31.512
22.192 31.509
22.197 31.497
22.207 31.491
22.219 31.484
22.225 31.474
22.223 31.469
22.207 31.449
22.195 31.428
22.181 31.41
22.164 31.4
22.159 31.394
22.154 31.388
22.115 31.357
22.096 31.348
22.079 31.346
22.048 31.335
22.006 31.319
22.008 31.26
22.008 31.231
22.007 31.096
22.007 31.036
22.009 30.978
22.008 30.96
22.007 30.836
22.008 30.826
22.008 30.825
22.007 30.69
22.007 30.64
22.007 30.554
22.006 30.419
22.006 30.283
22.006 30.148
22.005 30.013
22.005 30
21.999 30
22.005 29.877
22.005 29.866
22.005 29.742
22.006 29.666
22.005 29.607
22.005 29.471
22.004 29.336
22.004 29.317
22.006 29.312
22.005 29.248
22.006 29.201
22.006 29.065
22.007 28.93
22.008 28.795
22.008 28.767
22.007 28.676
22.007 28.659
22.007 28.524
22.007 28.388
22.007 28.253
22.008 28.125
22.007 28.118
22.006 28.107
22.006 28.061
22.007 28.02
22.007 27.982
22.007 27.847
22.007 27.798
22.008 27.764
22.007 27.712
22.006 27.675
22.008 27.634
22.008 27.576
22.007 27.441
22.007 27.305
22.006 27.17
22.006 27.035
22.005 26.947
22.005 26.899
22.006 26.764
22.007 26.628
22.007 26.534
22.006 26.496
22.006 26.493
22.007 26.476
22.006 26.376
22.006 26.358
22.006 26.222
22.006 26.087
22.006 26.054
22.006 25.952
22.006 25.816
22.006 25.681
22.006 25.545
22.005 25.41
22.005 25.275
22.004 25.139
21.999 25
22.13 25
22.249 25
22.382 25
22.499 25
22.635 25
22.749 25
22.887 25
23.013 25
23.139 25
23.165 25
23.249 25
23.265 25
23.391 25
23.517 25
23.536 25
23.643 25
23.769 25
23.895 25
23.998 25
24.11 25
24.165 25
24.248 25
24.362 25
24.473 25
24.498 25
24.581 25
24.614 25
24.665 25
24.7 25
24.748 25
24.831 25
24.915 25
25 25
25.083 25
25.119 25
25.167 25
25.25 25
25.333 25
25.371 25
25.416 25
25.5 25
25.583 25
25.666 25
25.75 25
25.833 25
25.916 25
26 25
26.083 25
26.166 25
26.25 25
26.333 25
26.416 25
26.499 25
26.583 25
26.666 25
26.749 25
26.833 25
26.916 25
26.974 25
26.999 25
27.082 25
27.166 25
27.249 25
27.332 25
27.39 25
27.416 25
27.455 25
27.499 25
27.516 25
27.582 25
27.642 25
27.666 25
27.749 25
27.832 25
27.894 25
27.916 25
27.999 25
28.082 25
28.147 25
28.165 25
28.249 25
28.273 25
28.332 25
28.415 25
28.499 25
28.582 25
28.665 25
28.748 25
28.778 25
28.832 25
28.915 25
28.998 25
29.018 25
29.03 25
29.082 25
29.165 25
29.2 25
29.25 24.999
29.268 24.989
29.279 24.984
29.346 24.957
29.396 24.929
29.431 24.91
29.46 24.9
29.481 24.883
29.51 24.871
29.534 24.86
29.548 24.858
29.587 24.875
29.609 24.895
29.623 24.898
29.625 24.897
29.631 24.896
29.715 24.857
29.742 24.843
29.789 24.819
29.815 24.817
29.864 24.819
29.886 24.82
29.919 24.813
29.986 24.79
30 24.786
30.096 24.753
30.105 24.744
30.149 24.698
30.182 24.709
30.211 24.726
30.226 24.735
30.265 24.76
30.288 24.77
30.326 24.782
30.331 24.783
30.369 24.834
30.395 24.858
30.422 24.872
30.428 24.875
30.448 24.89
30.481 24.927
30.529 24.942
30.545 24.948
30.561 24.95
30.577 24.949
30.599 24.955
30.644 24.979
30.69 24.989
30.713 24.992
30.73 25
30.765 25.016
30.778 25.018
30.833 25
30.862 24.99
30.882 24.99
30.888 24.989
30.913 24.981
30.937 24.963
30.965 24.951
30.999 24.945
31.006 24.942
31.066 24.919
31.091 24.904
31.123 24.889
31.134 24.883
31.167 24.878
31.193 24.879
31.247 24.886
31.262 24.888
31.304 24.887
31.324 24.881
31.343 24.867
31.369 24.862
31.372 24.861
31.396 24.859
31.406 24.861
31.459 24.939
31.461 24.941
31.48 24.964
31.503 25
31.539 25.057
31.542 25.063
31.557 25.071
31.583 25.076
31.596 25.079
31.61 25.084
31.62 25.09
31.632 25.102
31.644 25.118
31.667 25.132
31.667 25.143
31.656 25.142
31.649 25.148
segment Egypt
24.979 35
24.971 35.005
24.97 35.005
24.97 35
24.97 34.998
24.972 34.994
24.975 34.993
24.979 34.994
24.979 35
