segment Ivory Coast
9.914 -8.146
9.909 -8.153
9.909 -8.156
9.912 -8.161
9.927 -8.165
9.931 -8.163
9.934 -8.155
9.937 -8.152
9.939 -8.153
9.945 -8.166
9.947 -8.167
9.951 -8.164
9.949 -8.148
9.956 -8.13
9.954 -8.124
9.954 -8.121
9.958 -8.118
9.971 -8.117
9.976 -8.121
9.976 -8.127
9.969 -8.139
9.97 -8.144
9.975 -8.15
9.98 -8.152
9.983 -8.151
9.986 -8.148
9.992 -8.137
10 -8.136
10.008 -8.135
10.01 -8.131
10.014 -8.131
10.039 -8.113
10.047 -8.107
10.053 -8.099
10.059 -8.079
10.073 -8.045
10.089 -8.024
10.097 -8.017
10.108 -8.011
10.122 -8.006
10.156 -7.988
10.164 -7.986
10.175 -7.981
10.175 -7.979
10.176 -7.966
10.168 -7.948
10.168 -7.937
10.171 -7.926
10.18 -7.911
10.197 -7.895
10.2 -7.887
10.204 -7.864
10.205 -7.856
10.215 -7.846
10.223 -7.84
10.233 -7.827
10.236 -7.816
10.243 -7.81
10.268 -7.801
10.27 -7.797
10.278 -7.792
10.28 -7.786
10.283 -7.782
10.285 -7.777
10.29 -7.771
10.293 -7.765
10.299 -7.762
10.303 -7.757
10.307 -7.759
10.309 -7.774
10.313 -7.776
10.319 -7.774
10.321 -7.771
10.321 -7.761
10.322 -7.759
10.327 -7.757
10.338 -7.759
10.342 -7.757
10.345 -7.752
10.345 -7.737
10.347 -7.732
10.351 -7.729
10.356 -7.727
10.368 -7.73
10.369 -7.733
10.372 -7.738
10.376 -7.739
10.379 -7.73
10.383 -7.729
10.389 -7.729
10.394 -7.732
10.394 -7.741
10.396 -7.743
10.4 -7.743
10.418 -7.736
10.42 -7.731
10.423 -7.729
10.426 -7.728
10.429 -7.719
10.434 -7.697
10.436 -7.686
10.441 -7.676
10.453 -7.664
10.468 -7.655
10.48 -7.651
10.487 -7.646
10.488 -7.642
10.483 -7.632
10.48 -7.627
10.474 -7.622
10.454 -7.62
10.453 -7.62
10.449 -7.616
10.449 -7.607
10.454 -7.59
10.453 -7.584
10.442 -7.565
10.442 -7.558
10.444 -7.551
10.466 -7.534
10.472 -7.527
10.478 -7.513
10.479 -7.508
10.478 -7.486
10.475 -7.48
10.473 -7.466
10.47 -7.458
10.466 -7.453
10.464 -7.449
10.455 -7.447
10.409 -7.437
10.398 -7.432
10.389 -7.425
10.388 -7.42
10.377 -7.402
10.376 -7.393
10.372 -7.385
10.368 -7.374
10.362 -7.365
10.338 -7.363
10.307 -7.371
10.283 -7.384
10.275 -7.379
10.274 -7.376
10.276 -7.367
10.276 -7.357
10.271 -7.345
10.269 -7.333
10.281 -7.319
10.288 -7.296
10.287 -7.294
10.266 -7.285
10.264 -7.282
10.269 -7.26
10.269 -7.252
10.269 -7.245
10.265 -7.233
10.26 -7.227
10.257 -7.217
10.255 -7.202
10.257 -7.178
10.253 -7.169
10.242 -7.162
10.241 -7.154
10.241 -7.137
10.24 -7.135
10.23 -7.119
10.225 -7.09
10.218 -7.082
10.209 -7.077
10.19 -7.07
10.18 -7.064
10.162 -7.047
10.161 -7.046
10.16 -7.04
10.161 -7.03
10.169 -7.016
10.195 -6.976
10.198 -6.974
10.201 -6.97
10.211 -6.966
10.222 -6.965
10.236 -6.967
10.239 -6.967
10.25 -6.971
10.262 -6.978
10.273 -6.987
10.282 -6.99
10.288 -6.995
10.303 -6.997
10.311 -6.995
10.338 -6.978
10.347 -6.968
10.349 -6.967
10.366 -6.952
10.37 -6.947
10.368 -6.941
10.365 -6.934
10.369 -6.911
10.37 -6.899
10.362 -6.865
10.362 -6.854
10.375 -6.839
10.379 -6.821
10.382 -6.797
10.389 -6.774
10.39 -6.765
10.392 -6.764
10.374 -6.723
10.36 -6.709
10.358 -6.706
10.356 -6.699
10.356 -6.69
10.361 -6.678
10.365 -6.672
10.382 -6.665
10.394 -6.654
10.396 -6.655
10.4 -6.653
10.404 -6.646
10.414 -6.638
10.426 -6.632
10.439 -6.63
10.442 -6.631
10.443 -6.635
10.441 -6.638
10.442 -6.645
10.445 -6.646
10.451 -6.643
10.452 -6.644
10.454 -6.644
10.456 -6.649
10.457 -6.653
10.454 -6.659
10.457 -6.666
10.468 -6.675
10.467 -6.679
10.47 -6.681
10.483 -6.676
10.485 -6.677
10.487 -6.683
10.489 -6.685
10.508 -6.678
10.52 -6.681
10.533 -6.679
10.532 -6.674
10.534 -6.665
10.537 -6.664
10.55 -6.67
10.555 -6.669
10.572 -6.671
10.586 -6.668
10.592 -6.667
10.596 -6.669
10.597 -6.675
10.599 -6.677
10.602 -6.677
10.615 -6.672
10.622 -6.673
10.626 -6.672
10.63 -6.668
10.633 -6.654
10.635 -6.649
10.639 -6.647
10.642 -6.65
10.641 -6.657
10.644 -6.659
10.659 -6.652
10.666 -6.645
10.672 -6.642
10.668 -6.624
10.66 -6.616
10.64 -6.611
10.622 -6.596
10.617 -6.573
10.613 -6.565
10.606 -6.559
10.603 -6.553
10.594 -6.549
10.59 -6.545
10.587 -6.54
10.577 -6.513
10.575 -6.504
10.577 -6.501
10.578 -6.5
10.578 -6.491
10.565 -6.462
10.565 -6.444
10.573 -6.432
10.59 -6.415
10.598 -6.401
10.607 -6.396
10.609 -6.397
10.614 -6.397
10.62 -6.4
10.625 -6.408
10.626 -6.42
10.678 -6.422
10.695 -6.42
10.701 -6.416
10.709 -6.401
10.711 -6.397
10.71 -6.391
10.713 -6.382
10.71 -6.376
10.709 -6.361
10.706 -6.354
10.695 -6.35
10.706 -6.325
10.707 -6.319
10.714 -6.311
10.723 -6.291
10.723 -6.29
10.724 -6.283
10.73 -6.275
10.737 -6.256
10.736 -6.248
10.734 -6.246
10.733 -6.242
10.726 -6.218
10.722 -6.215
10.712 -6.22
10.704 -6.227
10.7 -6.233
10.685 -6.226
10.67 -6.235
10.665 -6.235
10.657 -6.231
10.658 -6.222
10.654 -6.216
10.651 -6.216
10.646 -6.213
10.643 -6.205
10.639 -6.201
10.64 -6.192
10.638 -6.19
10.634 -6.189
10.63 -6.191
10.622 -6.198
10.62 -6.203
10.621 -6.215
10.62 -6.219
10.615 -6.223
10.609 -6.225
10.599 -6.222
10.597 -6.219
10.601 -6.213
10.6 -6.21
10.596 -6.21
10.588 -6.215
10.582 -6.216
10.583 -6.21
10.576 -6.211
10.57 -6.212
10.555 -6.226
10.55 -6.24
10.545 -6.244
10.543 -6.246
10.527 -6.251
10.522 -6.25
10.516 -6.246
10.515 -6.242
10.514 -6.238
10.514 -6.232
10.523 -6.225
10.525 -6.22
10.519 -6.215
10.519 -6.213
10.513 -6.21
10.513 -6.208
10.508 -6.206
10.502 -6.209
10.497 -6.205
10.496 -6.199
10.498 -6.195
10.498 -6.178
10.495 -6.17
10.491 -6.167
10.486 -6.165
10.481 -6.168
10.473 -6.182
10.472 -6.183
10.466 -6.189
10.461 -6.191
10.445 -6.19
10.443 -6.187
10.437 -6.185
10.428 -6.168
10.424 -6.164
10.419 -6.162
10.412 -6.164
10.409 -6.168
10.408 -6.171
10.413 -6.178
10.409 -6.185
10.392 -6.189
10.387 -6.192
10.384 -6.19
10.381 -6.187
10.372 -6.184
10.368 -6.174
10.366 -6.167
10.363 -6.166
10.362 -6.167
10.361 -6.175
10.35 -6.186
10.349 -6.192
10.345 -6.195
10.337 -6.198
10.333 -6.198
10.325 -6.193
10.323 -6.187
10.319 -6.185
10.312 -6.192
10.303 -6.195
10.303 -6.2
10.309 -6.202
10.314 -6.205
10.315 -6.214
10.313 -6.219
10.309 -6.225
10.305 -6.233
10.298 -6.239
10.29 -6.231
10.282 -6.226
10.263 -6.224
10.259 -6.223
10.256 -6.217
10.258 -6.202
10.257 -6.2
10.253 -6.198
10.252 -6.194
10.239 -6.195
10.229 -6.184
10.223 -6.173
10.223 -6.162
10.224 -6.158
10.221 -6.15
10.21 -6.133
10.205 -6.121
10.199 -6.101
10.199 -6.08
10.204 -6.061
10.204 -6.051
10.201 -6.046
10.201 -6.041
10.199 -6.023
10.204 -6.011
10.221 -5.991
10.227 -5.987
10.239 -5.984
10.253 -5.976
10.263 -5.975
10.278 -5.976
10.28 -5.971
10.279 -5.968
10.278 -5.964
10.278 -5.957
10.284 -5.941
10.276 -5.925
10.277 -5.912
10.28 -5.909
10.284 -5.906
10.301 -5.911
10.311 -5.91
10.32 -5.906
10.326 -5.895
10.336 -5.896
10.348 -5.893
10.358 -5.888
10.368 -5.889
10.373 -5.884
10.377 -5.876
10.381 -5.871
10.379 -5.865
10.379 -5.859
10.383 -5.848
10.398 -5.829
10.403 -5.83
10.405 -5.829
10.413 -5.825
10.419 -5.82
10.423 -5.814
10.423 -5.81
10.425 -5.804
10.434 -5.791
10.44 -5.777
10.44 -5.773
10.431 -5.758
10.431 -5.746
10.437 -5.735
10.441 -5.708
10.445 -5.701
10.461 -5.68
10.463 -5.676
10.463 -5.673
10.456 -5.653
10.458 -5.641
10.453 -5.626
10.454 -5.612
10.453 -5.597
10.454 -5.59
10.461 -5.579
10.465 -5.57
10.464 -5.563
10.454 -5.554
10.447 -5.544
10.438 -5.534
10.437 -5.53
10.433 -5.525
10.433 -5.519
10.428 -5.516
10.423 -5.518
10.423 -5.514
10.425 -5.509
10.417 -5.51
10.409 -5.503
10.408 -5.5
10.385 -5.487
10.38 -5.489
10.378 -5.488
10.374 -5.483
10.376 -5.479
10.377 -5.473
10.373 -5.469
10.37 -5.47
10.361 -5.465
10.358 -5.468
10.356 -5.467
10.352 -5.473
10.346 -5.468
10.342 -5.461
10.341 -5.451
10.338 -5.447
10.333 -5.445
10.325 -5.444
10.32 -5.441
10.319 -5.438
10.323 -5.433
10.323 -5.428
10.318 -5.424
10.308 -5.423
10.306 -5.417
10.296 -5.407
10.295 -5.397
10.292 -5.392
10.295 -5.382
10.286 -5.374
10.285 -5.368
10.287 -5.365
10.304 -5.359
10.307 -5.355
10.306 -5.351
10.304 -5.353
10.302 -5.352
10.3 -5.346
10.293 -5.335
10.293 -5.33
10.301 -5.321
10.302 -5.314
10.308 -5.309
10.306 -5.307
10.305 -5.304
10.308 -5.301
10.312 -5.302
10.315 -5.308
10.318 -5.305
10.32 -5.3
10.319 -5.295
10.309 -5.286
10.309 -5.281
10.314 -5.281
10.316 -5.279
10.315 -5.27
10.31 -5.266
10.313 -5.259
10.314 -5.25
10.316 -5.232
10.309 -5.222
10.322 -5.21
10.322 -5.207
10.316 -5.206
10.311 -5.208
10.309 -5.206
10.305 -5.196
10.302 -5.192
10.308 -5.184
10.319 -5.173
10.325 -5.162
10.325 -5.157
10.322 -5.153
10.314 -5.145
10.306 -5.145
10.292 -5.144
10.284 -5.146
10.266 -5.158
10.251 -5.164
10.244 -5.165
10.231 -5.164
10.22 -5.159
10.216 -5.151
10.216 -5.139
10.227 -5.126
10.209 -5.132
10.206 -5.13
10.207 -5.129
10.218 -5.102
10.227 -5.095
10.219 -5.089
10.21 -5.088
10.201 -5.091
10.188 -5.099
10.185 -5.112
10.181 -5.115
10.179 -5.114
10.176 -5.11
10.176 -5.105
10.18 -5.095
10.183 -5.075
10.182 -5.074
10.164 -5.077
10.158 -5.081
10.157 -5.081
10.153 -5.08
10.148 -5.082
10.142 -5.08
10.135 -5.068
10.132 -5.049
10.124 -5.044
10.119 -5.048
10.119 -5.054
10.117 -5.057
10.119 -5.06
10.123 -5.063
10.124 -5.066
10.121 -5.074
10.124 -5.079
10.116 -5.082
10.109 -5.08
10.107 -5.077
10.107 -5.07
10.108 -5.066
10.105 -5.059
10.107 -5.052
10.106 -5.048
10.104 -5.047
10.09 -5.063
10.085 -5.065
10.081 -5.063
10.084 -5.052
10.082 -5.05
10.081 -5.045
10.089 -5.041
10.093 -5.037
10.094 -5.033
10.099 -5.027
10.1 -5.023
10.101 -5.017
10.105 -5.01
10.104 -5.004
10.097 -5.009
10.083 -5.015
10.078 -5.02
10.074 -5.022
10.07 -5.021
10.065 -5.018
10.063 -5.012
10.064 -5.01
10.066 -5.004
10.064 -5
10.061 -4.994
10.052 -4.99
10.045 -4.982
10.042 -4.972
10.041 -4.97
10.035 -4.971
10.03 -4.97
10.024 -4.961
10.021 -4.962
10.014 -4.968
10.008 -4.964
10.004 -4.964
10.012 -4.986
10.011 -4.988
10.007 -4.99
10 -4.989
9.984 -4.988
9.981 -4.983
9.974 -4.967
9.97 -4.963
9.962 -4.963
9.959 -4.959
9.955 -4.949
9.953 -4.947
9.947 -4.95
9.946 -4.958
9.943 -4.961
9.938 -4.965
9.93 -4.96
9.922 -4.961
9.914 -4.965
9.91 -4.972
9.908 -4.973
9.904 -4.972
9.892 -4.968
9.883 -4.956
9.88 -4.941
9.876 -4.939
9.874 -4.937
9.874 -4.934
9.876 -4.931
9.883 -4.931
9.886 -4.928
9.892 -4.92
9.894 -4.914
9.888 -4.907
9.878 -4.894
9.879 -4.886
9.876 -4.883
9.871 -4.88
9.872 -4.865
9.865 -4.857
9.865 -4.852
9.868 -4.846
9.864 -4.831
9.862 -4.829
9.852 -4.83
9.842 -4.82
9.842 -4.813
9.845 -4.808
9.845 -4.804
9.836 -4.796
9.834 -4.79
9.833 -4.789
9.83 -4.787
9.823 -4.794
9.818 -4.794
9.812 -4.793
9.801 -4.796
9.793 -4.793
9.788 -4.789
9.785 -4.789
9.783 -4.791
9.784 -4.797
9.785 -4.809
9.787 -4.816
9.785 -4.818
9.768 -4.81
9.768 -4.806
9.77 -4.804
9.769 -4.801
9.765 -4.799
9.757 -4.801
9.755 -4.8
9.757 -4.79
9.755 -4.786
9.742 -4.785
9.738 -4.781
9.736 -4.777
9.737 -4.771
9.738 -4.771
9.749 -4.773
9.754 -4.771
9.753 -4.749
9.75 -4.741
9.747 -4.738
9.74 -4.739
9.736 -4.737
9.73 -4.728
9.722 -4.725
9.716 -4.72
9.694 -4.712
9.688 -4.708
9.688 -4.702
9.686 -4.696
9.678 -4.695
9.677 -4.692
9.678 -4.686
9.679 -4.682
9.684 -4.678
9.691 -4.675
9.688 -4.669
9.689 -4.666
9.698 -4.659
9.706 -4.66
9.711 -4.657
9.714 -4.653
9.714 -4.649
9.707 -4.644
9.706 -4.636
9.702 -4.631
9.702 -4.628
9.704 -4.626
9.71 -4.623
9.713 -4.619
9.72 -4.62
9.723 -4.618
9.722 -4.615
9.718 -4.613
9.716 -4.609
9.715 -4.603
9.709 -4.599
9.705 -4.594
9.702 -4.592
9.694 -4.59
9.69 -4.585
9.688 -4.581
9.687 -4.571
9.691 -4.565
9.7 -4.556
9.714 -4.548
9.72 -4.545
9.723 -4.547
9.725 -4.555
9.738 -4.561
9.74 -4.559
9.745 -4.552
9.746 -4.526
9.746 -4.519
9.742 -4.51
9.74 -4.507
9.733 -4.505
9.72 -4.507
9.715 -4.51
9.705 -4.522
9.688 -4.523
9.681 -4.521
9.674 -4.522
9.669 -4.519
9.659 -4.519
9.656 -4.514
9.649 -4.511
9.647 -4.508
9.647 -4.507
9.648 -4.5
9.651 -4.493
9.652 -4.476
9.653 -4.466
9.657 -4.451
9.662 -4.438
9.662 -4.433
9.659 -4.428
9.656 -4.425
9.652 -4.42
9.646 -4.417
9.62 -4.411
9.606 -4.404
9.597 -4.394
9.595 -4.389
9.594 -4.38
9.596 -4.375
9.603 -4.371
9.604 -4.372
9.612 -4.373
9.619 -4.371
9.623 -4.367
9.626 -4.361
9.626 -4.351
9.625 -4.349
9.6 -4.319
9.622 -4.3
9.638 -4.291
9.65 -4.289
9.655 -4.29
9.663 -4.287
9.669 -4.289
9.676 -4.284
9.684 -4.28
9.691 -4.284
9.699 -4.28
9.701 -4.275
9.708 -4.276
9.709 -4.276
9.714 -4.271
9.72 -4.27
9.725 -4.271
9.734 -4.266
9.736 -4.266
9.737 -4.267
9.737 -4.277
9.74 -4.278
9.757 -4.271
9.758 -4.269
9.755 -4.264
9.756 -4.259
9.753 -4.252
9.753 -4.246
9.754 -4.235
9.759 -4.232
9.762 -4.228
9.762 -4.22
9.762 -4.209
9.775 -4.18
9.783 -4.173
9.797 -4.167
9.812 -4.145
9.823 -4.141
9.83 -4.135
9.832 -4.13
9.832 -4.123
9.821 -4.109
9.814 -4.092
9.804 -4.079
9.802 -4.066
9.799 -4.063
9.8 -4.054
9.802 -4.043
9.818 -4.045
9.831 -4.036
9.834 -4.031
9.834 -4.017
9.837 -4.009
9.831 -4
9.829 -3.993
9.83 -3.988
9.833 -3.981
9.839 -3.975
9.841 -3.974
9.843 -3.973
9.848 -3.977
9.852 -3.978
9.863 -3.974
9.865 -3.974
9.867 -3.974
9.869 -3.973
9.87 -3.969
9.873 -3.964
9.873 -3.962
9.87 -3.958
9.87 -3.953
9.872 -3.945
9.871 -3.937
9.879 -3.928
9.879 -3.919
9.893 -3.905
9.901 -3.9
9.899 -3.882
9.897 -3.873
9.894 -3.856
9.892 -3.835
9.888 -3.814
9.888 -3.809
9.912 -3.789
9.918 -3.778
9.923 -3.772
9.932 -3.752
9.939 -3.727
9.939 -3.72
9.94 -3.712
9.943 -3.709
9.941 -3.691
9.939 -3.681
9.94 -3.674
9.952 -3.654
9.956 -3.649
9.957 -3.642
9.953 -3.632
9.942 -3.62
9.928 -3.608
9.92 -3.599
9.92 -3.593
9.922 -3.58
9.925 -3.569
9.926 -3.549
9.924 -3.523
9.925 -3.504
9.923 -3.492
9.924 -3.479
9.925 -3.47
9.923 -3.46
9.914 -3.434
9.911 -3.421
9.916 -3.405
9.917 -3.397
9.904 -3.367
9.899 -3.357
9.891 -3.35
9.891 -3.343
9.895 -3.335
9.902 -3.32
9.902 -3.315
9.895 -3.311
9.888 -3.31
9.881 -3.312
9.865 -3.32
9.859 -3.319
9.856 -3.315
9.853 -3.312
9.854 -3.311
9.853 -3.296
9.857 -3.289
9.852 -3.281
9.853 -3.279
9.863 -3.27
9.872 -3.263
9.876 -3.253
9.884 -3.248
9.894 -3.241
9.895 -3.24
9.898 -3.236
9.899 -3.227
9.899 -3.225
9.909 -3.216
9.921 -3.214
9.924 -3.209
9.925 -3.204
9.927 -3.201
9.927 -3.195
9.915 -3.192
9.896 -3.194
9.886 -3.193
9.868 -3.194
9.857 -3.194
9.853 -3.193
9.845 -3.187
9.843 -3.184
9.842 -3.165
9.847 -3.146
9.848 -3.137
9.845 -3.126
9.84 -3.121
9.823 -3.115
9.809 -3.108
9.801 -3.101
9.791 -3.095
9.771 -3.094
9.761 -3.092
9.758 -3.088
9.745 -3.08
9.723 -3.066
9.719 -3.06
9.719 -3.048
9.723 -3.043
9.743 -3.017
9.743 -3.013
9.737 -3.007
9.72 -2.995
9.695 -2.985
9.672 -2.978
9.647 -2.966
9.621 -2.951
9.609 -2.943
9.609 -2.942
9.574 -2.925
9.546 -2.911
9.531 -2.901
9.49 -2.869
9.471 -2.847
9.461 -2.839
9.433 -2.813
9.419 -2.799
9.41 -2.787
9.402 -2.771
9.401 -2.763
9.41 -2.753
9.437 -2.736
9.44 -2.731
9.451 -2.725
9.475 -2.707
9.484 -2.698
9.489 -2.69
9.478 -2.689
9.468 -2.69
9.442 -2.692
9.427 -2.691
9.402 -2.683
9.394 -2.68
9.379 -2.679
9.372 -2.68
9.362 -2.684
9.349 -2.695
9.337 -2.704
9.33 -2.719
9.324 -2.721
9.309 -2.722
9.299 -2.721
9.292 -2.719
9.285 -2.712
9.278 -2.694
9.276 -2.683
9.274 -2.676
9.27 -2.674
9.264 -2.669
9.256 -2.665
9.248 -2.664
9.239 -2.666
9.233 -2.67
9.229 -2.675
9.221 -2.69
9.214 -2.702
9.201 -2.715
9.195 -2.719
9.165 -2.731
9.154 -2.74
9.146 -2.748
9.14 -2.769
9.133 -2.776
9.123 -2.77
9.107 -2.766
9.098 -2.765
9.08 -2.769
9.062 -2.78
9.055 -2.78
9.046 -2.777
9.037 -2.77
9.028 -2.761
9.024 -2.753
9.024 -2.752
9.022 -2.745
9.019 -2.707
9.017 -2.704
9.015 -2.697
9.015 -2.683
9.012 -2.672
9.005 -2.662
9.003 -2.658
8.999 -2.656
8.996 -2.657
8.982 -2.664
8.977 -2.664
8.948 -2.664
8.936 -2.66
8.93 -2.656
8.915 -2.632
8.91 -2.628
8.902 -2.627
8.867 -2.628
8.864 -2.628
8.858 -2.624
8.851 -2.622
8.844 -2.618
8.837 -2.61
8.827 -2.603
8.818 -2.6
8.811 -2.602
8.801 -2.61
8.798 -2.616
8.797 -2.622
8.789 -2.629
8.784 -2.63
8.778 -2.626
8.776 -2.619
8.785 -2.603
8.786 -2.597
8.785 -2.591
8.779 -2.587
8.709 -2.576
8.701 -2.573
8.691 -2.574
8.66 -2.567
8.642 -2.565
8.629 -2.563
8.615 -2.562
8.542 -2.549
8.529 -2.546
8.515 -2.542
8.501 -2.54
8.481 -2.533
8.441 -2.524
8.402 -2.517
8.392 -2.516
8.383 -2.516
8.369 -2.513
8.334 -2.504
8.307 -2.501
8.272 -2.5
8.257 -2.5
8.245 -2.498
8.213 -2.496
8.205 -2.495
8.203 -2.497
8.193 -2.509
8.191 -2.518
8.173 -2.549
8.17 -2.556
8.17 -2.576
8.173 -2.588
8.175 -2.594
8.169 -2.602
8.154 -2.609
8.149 -2.619
8.142 -2.621
8.131 -2.618
8.107 -2.603
8.087 -2.592
8.075 -2.588
8.065 -2.589
8.053 -2.592
8.042 -2.6
8.04 -2.605
8.04 -2.631
8.032 -2.661
8.027 -2.673
8.019 -2.682
8 -2.69
7.992 -2.699
7.949 -2.733
7.918 -2.745
7.928 -2.754
7.94 -2.76
7.945 -2.767
7.95 -2.781
7.93 -2.782
7.921 -2.786
7.865 -2.792
7.861 -2.793
7.851 -2.798
7.841 -2.809
7.836 -2.817
7.82 -2.83
7.807 -2.83
7.801 -2.832
7.794 -2.835
7.78 -2.849
7.762 -2.851
7.758 -2.853
7.732 -2.869
7.719 -2.873
7.7 -2.883
7.684 -2.889
7.644 -2.907
7.609 -2.923
7.522 -2.931
7.487 -2.935
7.47 -2.941
7.464 -2.945
7.45 -2.949
7.42 -2.95
7.4 -2.957
7.395 -2.959
7.355 -2.969
7.277 -2.978
7.275 -2.977
7.27 -2.977
7.261 -2.972
7.235 -2.954
7.211 -2.969
7.17 -3
7.168 -3.002
7.138 -3.027
7.072 -3.036
7.069 -3.04
7.065 -3.052
7.059 -3.077
7.053 -3.09
6.978 -3.132
6.975 -3.134
6.963 -3.143
6.957 -3.144
6.94 -3.155
6.87 -3.198
6.818 -3.229
6.77 -3.232
6.761 -3.228
6.757 -3.222
6.748 -3.21
6.733 -3.208
6.728 -3.202
6.718 -3.197
6.714 -3.197
6.713 -3.201
6.705 -3.204
6.704 -3.207
6.692 -3.219
6.662 -3.23
6.66 -3.236
6.657 -3.237
6.653 -3.24
6.644 -3.248
6.622 -3.253
6.619 -3.255
6.61 -3.255
6.601 -3.244
6.597 -3.234
6.548 -3.236
6.539 -3.237
6.425 -3.209
6.36 -3.194
6.349 -3.19
6.343 -3.187
6.326 -3.186
6.316 -3.181
6.313 -3.177
6.305 -3.176
6.295 -3.175
6.255 -3.173
6.243 -3.177
6.245 -3.168
6.245 -3.154
6.231 -3.144
6.222 -3.142
6.209 -3.135
6.191 -3.126
6.149 -3.104
6.091 -3.094
6.078 -3.092
6.063 -3.091
6.052 -3.087
6.004 -3.079
5.969 -3.065
5.966 -3.063
5.957 -3.061
5.93 -3.046
5.923 -3.046
5.862 -3.018
5.852 -3.018
5.821 -3.018
5.8 -3.021
5.791 -3.02
5.754 -3.023
5.746 -3.025
5.727 -3.025
5.708 -3.026
5.708 -3.015
5.706 -3.011
5.707 -2.999
5.709 -2.991
5.708 -2.981
5.709 -2.957
5.672 -2.962
5.637 -2.968
5.631 -2.961
5.628 -2.947
5.617 -2.939
5.612 -2.933
5.612 -2.928
5.62 -2.921
5.621 -2.908
5.624 -2.904
5.624 -2.897
5.632 -2.892
5.642 -2.879
5.643 -2.873
5.649 -2.871
5.651 -2.865
5.656 -2.862
5.647 -2.857
5.64 -2.841
5.629 -2.824
5.629 -2.823
5.628 -2.812
5.624 -2.808
5.619 -2.802
5.62 -2.796
5.624 -2.789
5.612 -2.786
5.613 -2.776
5.611 -2.774
5.601 -2.775
5.6 -2.769
5.594 -2.763
5.553 -2.771
5.542 -2.77
5.541 -2.77
5.497 -2.761
5.435 -2.751
5.418 -2.744
5.412 -2.741
5.396 -2.732
5.383 -2.729
5.379 -2.726
5.345 -2.726
5.338 -2.728
5.341 -2.743
5.337 -2.755
5.347 -2.765
5.348 -2.766
5.348 -2.77
5.338 -2.778
5.331 -2.772
5.327 -2.778
5.316 -2.772
5.315 -2.772
5.295 -2.773
5.291 -2.776
5.288 -2.785
5.284 -2.787
5.276 -2.785
5.272 -2.783
5.263 -2.769
5.261 -2.771
5.262 -2.779
5.25 -2.772
5.255 -2.756
5.243 -2.754
5.243 -2.759
5.235 -2.755
5.236 -2.763
5.232 -2.765
5.23 -2.765
5.229 -2.764
5.229 -2.757
5.225 -2.757
5.224 -2.761
5.212 -2.759
5.212 -2.764
5.209 -2.765
5.204 -2.759
5.196 -2.758
5.198 -2.757
5.2 -2.753
5.199 -2.751
5.186 -2.747
5.183 -2.747
5.18 -2.744
5.174 -2.743
5.164 -2.746
5.16 -2.744
5.159 -2.738
5.154 -2.741
5.152 -2.738
5.153 -2.735
5.15 -2.733
5.138 -2.728
5.135 -2.729
5.132 -2.731
5.132 -2.735
5.125 -2.74
5.116 -2.741
5.114 -2.742
5.114 -2.754
5.112 -2.756
5.101 -2.758
5.102 -2.762
5.11 -2.77
5.111 -2.78
5.11 -2.784
5.116 -2.787
5.107 -2.791
5.105 -2.794
5.106 -2.798
5.106 -2.799
5.11 -2.807
5.104 -2.809
5.104 -2.81
5.109 -2.812
5.108 -2.813
5.102 -2.818
5.114 -2.828
5.113 -2.833
5.11 -2.836
5.105 -2.838
5.104 -2.847
5.112 -2.857
5.119 -2.87
5.119 -2.878
5.117 -2.884
5.119 -2.888
5.114 -2.891
5.116 -2.905
5.116 -2.907
5.114 -2.921
5.106 -2.932
5.102 -2.93
5.091 -2.929
5.088 -2.931
5.09 -2.944
5.08 -2.952
5.079 -2.957
5.082 -2.965
5.082 -2.979
5.095 -2.993
5.105 -3.005
5.112 -3.016
5.112 -3.026
5.118 -3.034
5.114 -3.037
5.115 -3.054
5.107 -3.053
5.115 -3.07
5.111 -3.074
5.107 -3.074
5.105 -3.077
5.111 -3.098
5.109 -3.103
5.111 -3.112
5.094 -3.111
5.099 -3.129
5.1 -3.141
5.108 -3.176
5.111 -3.195
5.112 -3.202
5.118 -3.258
5.121 -3.276
5.126 -3.328
5.128 -3.339
5.135 -3.369
5.135 -3.371
5.14 -3.419
5.149 -3.487
5.151 -3.491
5.151 -3.495
5.153 -3.498
5.156 -3.522
5.157 -3.533
5.162 -3.564
5.168 -3.626
5.173 -3.647
5.176 -3.665
5.181 -3.714
5.186 -3.723
5.182 -3.726
5.183 -3.734
5.188 -3.749
5.19 -3.759
5.191 -3.768
5.197 -3.814
5.2 -3.831
5.217 -3.868
5.223 -3.889
5.227 -3.902
5.235 -3.953
5.238 -3.964
5.245 -3.979
5.246 -3.988
5.245 -3.998
5.241 -4.011
5.24 -4.013
5.237 -4.013
5.237 -4.04
5.226 -4.117
5.219 -4.16
5.218 -4.176
5.212 -4.202
5.21 -4.242
5.209 -4.269
5.198 -4.368
5.196 -4.378
5.195 -4.414
5.19 -4.462
5.186 -4.483
5.186 -4.493
5.186 -4.514
5.177 -4.608
5.175 -4.619
5.152 -4.739
5.151 -4.743
5.149 -4.774
5.145 -4.797
5.144 -4.845
5.142 -4.869
5.134 -4.956
5.133 -4.994
5.132 -5
5.13 -5.007
5.127 -5.044
5.126 -5.061
5.121 -5.17
5.118 -5.249
5.114 -5.296
5.112 -5.327
5.104 -5.398
5.1 -5.422
5.088 -5.502
5.088 -5.522
5.084 -5.547
5.081 -5.549
5.079 -5.557
5.08 -5.561
5.078 -5.563
5.076 -5.574
5.074 -5.614
5.073 -5.616
5.072 -5.621
5.067 -5.626
5.068 -5.637
5.062 -5.658
5.058 -5.684
5.052 -5.739
5.048 -5.782
5.032 -5.864
5.019 -5.896
5.011 -5.927
5.001 -5.941
5 -5.947
4.99 -5.982
4.986 -5.981
4.981 -5.982
4.979 -5.988
4.976 -6
4.971 -6.005
4.97 -6.008
4.971 -6.014
4.966 -6.022
4.965 -6.029
4.967 -6.033
4.965 -6.055
4.961 -6.07
4.962 -6.072
4.974 -6.067
4.982 -6.07
4.99 -6.074
4.993 -6.08
4.996 -6.092
4.993 -6.11
4.999 -6.121
4.995 -6.121
4.976 -6.111
4.967 -6.104
4.967 -6.101
4.965 -6.099
4.963 -6.091
4.958 -6.08
4.957 -6.074
4.951 -6.079
4.947 -6.077
4.944 -6.079
4.922 -6.124
4.921 -6.131
4.918 -6.136
4.917 -6.142
4.912 -6.148
4.91 -6.155
4.905 -6.165
4.901 -6.179
4.897 -6.177
4.885 -6.197
4.883 -6.211
4.881 -6.218
4.88 -6.221
4.878 -6.229
4.873 -6.232
4.867 -6.243
4.862 -6.268
4.858 -6.279
4.853 -6.286
4.849 -6.313
4.847 -6.315
4.845 -6.317
4.843 -6.329
4.838 -6.336
4.831 -6.351
4.831 -6.361
4.827 -6.366
4.824 -6.39
4.821 -6.392
4.819 -6.402
4.816 -6.405
4.811 -6.432
4.804 -6.439
4.801 -6.44
4.798 -6.435
4.792 -6.442
4.792 -6.445
4.792 -6.449
4.788 -6.458
4.78 -6.498
4.786 -6.499
4.791 -6.501
4.787 -6.505
4.781 -6.501
4.779 -6.506
4.773 -6.548
4.763 -6.58
4.761 -6.582
4.758 -6.591
4.753 -6.595
4.75 -6.594
4.745 -6.597
4.745 -6.601
4.741 -6.604
4.739 -6.61
4.741 -6.614
4.737 -6.614
4.734 -6.611
4.733 -6.616
4.727 -6.625
4.726 -6.629
4.721 -6.635
4.719 -6.655
4.716 -6.661
4.706 -6.7
4.703 -6.702
4.698 -6.702
4.696 -6.705
4.695 -6.713
4.692 -6.716
4.691 -6.76
4.69 -6.764
4.685 -6.797
4.674 -6.859
4.671 -6.865
4.671 -6.868
4.672 -6.87
4.664 -6.905
4.656 -6.913
4.653 -6.915
4.65 -6.916
4.643 -6.911
4.635 -6.921
4.633 -6.928
4.618 -6.956
4.616 -6.957
4.611 -6.959
4.605 -6.966
4.598 -6.977
4.594 -6.975
4.59 -6.979
4.584 -6.991
4.577 -6.997
4.574 -7.005
4.57 -7.011
4.56 -7.019
4.544 -7.027
4.541 -7.041
4.54 -7.044
4.538 -7.048
4.533 -7.053
4.53 -7.064
4.525 -7.103
4.523 -7.131
4.52 -7.152
4.517 -7.179
4.507 -7.193
4.487 -7.232
4.474 -7.241
4.464 -7.246
4.454 -7.288
4.449 -7.302
4.445 -7.308
4.429 -7.317
4.426 -7.323
4.423 -7.336
4.417 -7.345
4.4 -7.37
4.389 -7.39
4.381 -7.398
4.378 -7.406
4.368 -7.442
4.362 -7.455
4.359 -7.478
4.358 -7.487
4.357 -7.51
4.357 -7.527
4.364 -7.521
4.368 -7.524
4.381 -7.546
4.386 -7.553
4.393 -7.557
4.399 -7.558
4.406 -7.555
4.425 -7.54
4.429 -7.539
4.435 -7.54
4.446 -7.556
4.454 -7.56
4.467 -7.561
4.48 -7.557
4.488 -7.552
4.51 -7.55
4.524 -7.555
4.525 -7.557
4.526 -7.559
4.532 -7.561
4.537 -7.559
4.542 -7.553
4.552 -7.557
4.56 -7.553
4.567 -7.555
4.577 -7.566
4.582 -7.568
4.584 -7.568
4.588 -7.567
4.59 -7.564
4.59 -7.556
4.593 -7.553
4.609 -7.546
4.62 -7.551
4.637 -7.552
4.646 -7.555
4.649 -7.557
4.649 -7.565
4.652 -7.569
4.656 -7.571
4.662 -7.569
4.665 -7.565
4.666 -7.557
4.669 -7.555
4.673 -7.558
4.68 -7.563
4.685 -7.565
4.69 -7.563
4.691 -7.554
4.699 -7.552
4.719 -7.558
4.736 -7.555
4.769 -7.563
4.779 -7.559
4.786 -7.558
4.789 -7.562
4.794 -7.582
4.805 -7.591
4.81 -7.59
4.819 -7.593
4.823 -7.59
4.826 -7.584
4.831 -7.58
4.842 -7.587
4.849 -7.588
4.861 -7.585
4.866 -7.589
4.868 -7.587
4.875 -7.589
4.883 -7.587
4.884 -7.588
4.892 -7.596
4.895 -7.597
4.906 -7.592
4.91 -7.584
4.911 -7.578
4.907 -7.571
4.907 -7.563
4.917 -7.56
4.921 -7.557
4.923 -7.552
4.922 -7.546
4.917 -7.539
4.919 -7.527
4.922 -7.524
4.927 -7.524
4.93 -7.526
4.935 -7.533
4.942 -7.537
4.946 -7.537
4.953 -7.534
4.956 -7.535
4.967 -7.545
4.969 -7.549
4.97 -7.555
4.975 -7.557
4.985 -7.547
4.991 -7.543
4.999 -7.54
5 -7.54
5.005 -7.542
5.017 -7.551
5.021 -7.552
5.029 -7.55
5.04 -7.543
5.049 -7.548
5.054 -7.547
5.058 -7.548
5.063 -7.554
5.068 -7.556
5.073 -7.555
5.076 -7.553
5.081 -7.547
5.085 -7.545
5.087 -7.543
5.092 -7.536
5.099 -7.528
5.103 -7.526
5.105 -7.52
5.106 -7.518
5.105 -7.515
5.096 -7.511
5.093 -7.505
5.097 -7.5
5.106 -7.495
5.12 -7.486
5.125 -7.482
5.142 -7.477
5.15 -7.471
5.164 -7.469
5.181 -7.468
5.188 -7.472
5.195 -7.468
5.197 -7.466
5.205 -7.467
5.216 -7.474
5.224 -7.475
5.231 -7.47
5.234 -7.464
5.245 -7.46
5.253 -7.459
5.261 -7.463
5.266 -7.472
5.281 -7.467
5.271 -7.456
5.281 -7.449
5.284 -7.444
5.285 -7.435
5.295 -7.424
5.298 -7.417
5.297 -7.413
5.293 -7.411
5.284 -7.414
5.282 -7.418
5.281 -7.423
5.278 -7.425
5.266 -7.419
5.258 -7.422
5.255 -7.421
5.254 -7.415
5.262 -7.408
5.269 -7.403
5.278 -7.401
5.283 -7.393
5.288 -7.39
5.308 -7.39
5.31 -7.386
5.309 -7.385
5.306 -7.383
5.307 -7.38
5.316 -7.373
5.328 -7.365
5.333 -7.366
5.334 -7.373
5.338 -7.377
5.351 -7.38
5.359 -7.379
5.367 -7.379
5.379 -7.375
5.384 -7.377
5.383 -7.381
5.378 -7.386
5.368 -7.388
5.36 -7.392
5.358 -7.395
5.359 -7.398
5.366 -7.403
5.367 -7.403
5.375 -7.419
5.383 -7.425
5.4 -7.429
5.409 -7.434
5.421 -7.445
5.428 -7.446
5.435 -7.444
5.438 -7.44
5.429 -7.434
5.425 -7.424
5.425 -7.419
5.429 -7.416
5.432 -7.415
5.44 -7.414
5.454 -7.416
5.463 -7.422
5.471 -7.423
5.479 -7.421
5.484 -7.416
5.486 -7.405
5.488 -7.403
5.501 -7.4
5.504 -7.397
5.504 -7.392
5.507 -7.389
5.511 -7.392
5.516 -7.401
5.519 -7.403
5.521 -7.4
5.52 -7.393
5.518 -7.384
5.52 -7.38
5.525 -7.379
5.529 -7.38
5.538 -7.392
5.545 -7.397
5.554 -7.393
5.573 -7.396
5.577 -7.394
5.58 -7.392
5.578 -7.381
5.578 -7.374
5.582 -7.371
5.594 -7.378
5.6 -7.378
5.601 -7.378
5.614 -7.375
5.624 -7.379
5.633 -7.395
5.637 -7.397
5.648 -7.404
5.659 -7.409
5.671 -7.412
5.676 -7.416
5.691 -7.417
5.695 -7.426
5.698 -7.429
5.719 -7.429
5.729 -7.434
5.744 -7.436
5.754 -7.441
5.759 -7.438
5.769 -7.429
5.775 -7.427
5.781 -7.429
5.792 -7.436
5.796 -7.439
5.8 -7.439
5.817 -7.431
5.832 -7.43
5.837 -7.423
5.843 -7.422
5.843 -7.43
5.847 -7.436
5.855 -7.44
5.861 -7.446
5.857 -7.451
5.857 -7.455
5.859 -7.456
5.861 -7.463
5.86 -7.467
5.854 -7.469
5.847 -7.468
5.84 -7.472
5.833 -7.469
5.823 -7.474
5.81 -7.476
5.812 -7.484
5.817 -7.491
5.837 -7.503
5.838 -7.506
5.839 -7.518
5.841 -7.52
5.843 -7.516
5.846 -7.512
5.85 -7.511
5.856 -7.513
5.859 -7.519
5.849 -7.53
5.849 -7.538
5.838 -7.538
5.835 -7.54
5.835 -7.546
5.843 -7.549
5.85 -7.554
5.861 -7.558
5.863 -7.561
5.865 -7.57
5.869 -7.572
5.873 -7.569
5.869 -7.553
5.873 -7.553
5.881 -7.56
5.897 -7.575
5.901 -7.584
5.901 -7.592
5.899 -7.594
5.891 -7.596
5.888 -7.6
5.891 -7.602
5.899 -7.605
5.897 -7.609
5.897 -7.612
5.907 -7.614
5.907 -7.623
5.909 -7.632
5.908 -7.638
5.916 -7.645
5.917 -7.649
5.917 -7.651
5.915 -7.655
5.916 -7.66
5.92 -7.66
5.933 -7.658
5.94 -7.658
5.95 -7.661
5.951 -7.663
5.947 -7.67
5.935 -7.674
5.928 -7.681
5.923 -7.682
5.907 -7.676
5.903 -7.677
5.901 -7.68
5.901 -7.684
5.905 -7.693
5.908 -7.697
5.919 -7.714
5.928 -7.719
5.934 -7.726
5.938 -7.739
5.953 -7.758
5.959 -7.761
5.971 -7.764
5.975 -7.766
5.98 -7.783
5.984 -7.788
5.985 -7.789
5.991 -7.791
5.995 -7.79
6.006 -7.78
6.016 -7.784
6.021 -7.781
6.026 -7.771
6.032 -7.768
6.039 -7.773
6.044 -7.778
6.051 -7.79
6.057 -7.793
6.061 -7.793
6.071 -7.787
6.075 -7.787
6.083 -7.793
6.088 -7.797
6.092 -7.802
6.092 -7.806
6.083 -7.807
6.091 -7.818
6.093 -7.824
6.093 -7.828
6.09 -7.832
6.077 -7.834
6.072 -7.843
6.077 -7.844
6.085 -7.842
6.088 -7.843
6.09 -7.847
6.094 -7.848
6.117 -7.847
6.137 -7.846
6.143 -7.846
6.149 -7.844
6.157 -7.834
6.16 -7.832
6.167 -7.835
6.176 -7.834
6.185 -7.841
6.188 -7.837
6.188 -7.833
6.188 -7.824
6.189 -7.822
6.19 -7.819
6.194 -7.821
6.229 -7.854
6.233 -7.863
6.241 -7.876
6.248 -7.881
6.252 -7.89
6.261 -7.894
6.277 -7.9
6.28 -7.902
6.279 -7.906
6.27 -7.91
6.271 -7.913
6.283 -7.915
6.287 -7.917
6.288 -7.922
6.275 -7.927
6.277 -7.932
6.289 -7.941
6.293 -7.945
6.29 -7.949
6.282 -7.955
6.279 -7.959
6.281 -7.965
6.293 -7.968
6.292 -7.971
6.288 -7.975
6.294 -7.979
6.295 -7.984
6.29 -7.988
6.292 -7.991
6.301 -7.992
6.312 -8
6.315 -8.005
6.31 -8.03
6.309 -8.04
6.302 -8.051
6.301 -8.057
6.301 -8.065
6.296 -8.073
6.297 -8.08
6.301 -8.091
6.291 -8.097
6.288 -8.1
6.289 -8.108
6.28 -8.119
6.279 -8.124
6.281 -8.133
6.278 -8.142
6.278 -8.159
6.275 -8.167
6.275 -8.17
6.276 -8.172
6.286 -8.175
6.292 -8.183
6.3 -8.188
6.304 -8.195
6.3 -8.199
6.3 -8.202
6.309 -8.206
6.303 -8.212
6.304 -8.217
6.319 -8.241
6.318 -8.246
6.32 -8.252
6.318 -8.26
6.32 -8.272
6.32 -8.276
6.323 -8.28
6.327 -8.276
6.33 -8.269
6.332 -8.267
6.336 -8.267
6.339 -8.269
6.338 -8.275
6.341 -8.277
6.347 -8.28
6.348 -8.297
6.344 -8.298
6.342 -8.301
6.345 -8.303
6.358 -8.308
6.355 -8.312
6.355 -8.316
6.363 -8.324
6.368 -8.333
6.373 -8.339
6.369 -8.343
6.361 -8.346
6.363 -8.353
6.362 -8.355
6.356 -8.359
6.356 -8.362
6.362 -8.365
6.362 -8.366
6.365 -8.369
6.363 -8.372
6.356 -8.373
6.357 -8.38
6.346 -8.386
6.347 -8.392
6.355 -8.397
6.367 -8.412
6.37 -8.405
6.37 -8.398
6.374 -8.393
6.375 -8.386
6.38 -8.383
6.394 -8.393
6.4 -8.393
6.407 -8.393
6.423 -8.399
6.422 -8.407
6.427 -8.408
6.431 -8.406
6.436 -8.39
6.441 -8.386
6.442 -8.386
6.445 -8.386
6.448 -8.394
6.46 -8.414
6.47 -8.427
6.48 -8.436
6.489 -8.452
6.489 -8.455
6.487 -8.458
6.471 -8.457
6.462 -8.459
6.453 -8.466
6.449 -8.468
6.434 -8.47
6.431 -8.473
6.432 -8.481
6.43 -8.483
6.432 -8.49
6.444 -8.502
6.445 -8.504
6.459 -8.516
6.479 -8.528
6.492 -8.541
6.495 -8.548
6.496 -8.565
6.499 -8.571
6.495 -8.581
6.496 -8.585
6.498 -8.592
6.506 -8.599
6.524 -8.592
6.526 -8.587
6.526 -8.585
6.519 -8.578
6.519 -8.569
6.537 -8.563
6.546 -8.554
6.549 -8.555
6.551 -8.563
6.553 -8.564
6.561 -8.561
6.564 -8.556
6.562 -8.547
6.556 -8.54
6.557 -8.538
6.557 -8.537
6.571 -8.526
6.577 -8.531
6.592 -8.53
6.602 -8.533
6.605 -8.533
6.608 -8.529
6.601 -8.521
6.594 -8.523
6.592 -8.521
6.594 -8.513
6.589 -8.509
6.591 -8.506
6.598 -8.504
6.607 -8.506
6.612 -8.504
6.615 -8.5
6.615 -8.497
6.616 -8.494
6.614 -8.492
6.609 -8.492
6.607 -8.49
6.608 -8.488
6.613 -8.482
6.62 -8.485
6.622 -8.485
6.625 -8.482
6.625 -8.476
6.633 -8.473
6.633 -8.47
6.627 -8.465
6.634 -8.463
6.635 -8.461
6.633 -8.453
6.636 -8.449
6.641 -8.448
6.649 -8.449
6.655 -8.448
6.659 -8.443
6.66 -8.44
6.655 -8.435
6.654 -8.433
6.656 -8.43
6.657 -8.43
6.67 -8.426
6.672 -8.423
6.669 -8.418
6.67 -8.415
6.678 -8.409
6.679 -8.404
6.682 -8.402
6.69 -8.405
6.695 -8.402
6.703 -8.407
6.707 -8.406
6.713 -8.388
6.718 -8.391
6.722 -8.389
6.722 -8.386
6.719 -8.383
6.718 -8.378
6.724 -8.375
6.725 -8.38
6.728 -8.383
6.732 -8.379
6.733 -8.375
6.736 -8.37
6.744 -8.368
6.744 -8.364
6.74 -8.361
6.746 -8.356
6.755 -8.357
6.76 -8.356
6.762 -8.353
6.761 -8.349
6.762 -8.346
6.762 -8.344
6.758 -8.343
6.756 -8.34
6.761 -8.338
6.78 -8.343
6.785 -8.343
6.791 -8.341
6.797 -8.331
6.799 -8.327
6.81 -8.324
6.81 -8.318
6.811 -8.317
6.826 -8.324
6.832 -8.321
6.84 -8.313
6.848 -8.307
6.862 -8.308
6.861 -8.312
6.854 -8.316
6.855 -8.318
6.88 -8.332
6.881 -8.331
6.887 -8.33
6.891 -8.323
6.897 -8.326
6.899 -8.325
6.899 -8.315
6.902 -8.311
6.906 -8.309
6.912 -8.309
6.922 -8.315
6.935 -8.318
6.946 -8.318
6.955 -8.322
6.959 -8.321
6.966 -8.325
6.97 -8.322
6.971 -8.313
6.974 -8.31
6.973 -8.303
6.984 -8.293
6.986 -8.287
6.988 -8.285
6.998 -8.284
7.002 -8.276
7.007 -8.274
7.011 -8.275
7.013 -8.278
7.017 -8.276
7.019 -8.279
7.02 -8.284
7.021 -8.285
7.024 -8.287
7.039 -8.288
7.062 -8.296
7.072 -8.295
7.082 -8.299
7.089 -8.299
7.118 -8.292
7.135 -8.294
7.139 -8.293
7.14 -8.292
7.151 -8.278
7.156 -8.276
7.17 -8.278
7.181 -8.276
7.185 -8.278
7.185 -8.284
7.181 -8.287
7.182 -8.291
7.187 -8.294
7.187 -8.302
7.194 -8.304
7.194 -8.308
7.201 -8.314
7.203 -8.318
7.201 -8.325
7.206 -8.33
7.214 -8.331
7.219 -8.336
7.23 -8.346
7.234 -8.357
7.243 -8.361
7.248 -8.356
7.252 -8.356
7.257 -8.352
7.262 -8.351
7.263 -8.351
7.271 -8.352
7.273 -8.353
7.274 -8.36
7.281 -8.36
7.302 -8.373
7.32 -8.386
7.329 -8.39
7.372 -8.396
7.375 -8.396
7.385 -8.394
7.394 -8.394
7.409 -8.399
7.429 -8.41
7.446 -8.404
7.456 -8.406
7.469 -8.41
7.476 -8.408
7.486 -8.414
7.49 -8.414
7.494 -8.414
7.517 -8.434
7.527 -8.457
7.536 -8.464
7.555 -8.472
7.587 -8.441
7.608 -8.417
7.611 -8.405
7.612 -8.393
7.607 -8.385
7.598 -8.382
7.592 -8.381
7.579 -8.38
7.573 -8.369
7.575 -8.357
7.579 -8.346
7.599 -8.323
7.601 -8.303
7.597 -8.299
7.592 -8.3
7.585 -8.298
7.58 -8.292
7.577 -8.289
7.568 -8.257
7.552 -8.236
7.55 -8.23
7.534 -8.215
7.536 -8.205
7.545 -8.194
7.567 -8.18
7.582 -8.173
7.613 -8.172
7.62 -8.172
7.644 -8.157
7.649 -8.149
7.656 -8.144
7.693 -8.14
7.711 -8.124
7.713 -8.113
7.716 -8.101
7.722 -8.094
7.751 -8.091
7.769 -8.086
7.79 -8.071
7.8 -8.07
7.808 -8.072
7.818 -8.081
7.82 -8.083
7.845 -8.115
7.859 -8.117
7.869 -8.116
7.885 -8.107
7.898 -8.094
7.916 -8.083
7.939 -8.075
7.958 -8.066
7.97 -8.062
8 -8.053
8.011 -8.064
8.023 -8.058
8.03 -8.047
8.033 -8.041
8.03 -8.032
8.03 -8.03
8.033 -8.024
8.032 -8.01
8.039 -8.003
8.039 -8
8.035 -7.989
8.031 -7.987
8.018 -7.992
8.017 -7.991
8.018 -7.986
8.011 -7.984
8.01 -7.982
8.017 -7.973
8.013 -7.96
8.007 -7.954
8.007 -7.948
8.013 -7.946
8.016 -7.947
8.025 -7.946
8.03 -7.95
8.039 -7.947
8.042 -7.947
8.045 -7.954
8.047 -7.963
8.062 -7.97
8.079 -7.981
8.082 -7.987
8.087 -7.993
8.094 -8.011
8.102 -8.014
8.115 -8.01
8.12 -8.014
8.125 -8.015
8.134 -8.009
8.142 -8.008
8.157 -8.01
8.164 -8.009
8.176 -7.996
8.184 -7.993
8.193 -7.994
8.199 -7.998
8.199 -8.004
8.195 -8.007
8.191 -8.014
8.186 -8.018
8.188 -8.024
8.193 -8.027
8.204 -8.035
8.205 -8.04
8.202 -8.043
8.18 -8.051
8.164 -8.065
8.162 -8.069
8.167 -8.089
8.173 -8.094
8.178 -8.102
8.184 -8.104
8.189 -8.111
8.196 -8.126
8.196 -8.167
8.2 -8.18
8.207 -8.189
8.227 -8.207
8.234 -8.219
8.233 -8.224
8.233 -8.225
8.226 -8.23
8.229 -8.244
8.233 -8.247
8.236 -8.248
8.254 -8.249
8.26 -8.246
8.273 -8.233
8.28 -8.23
8.289 -8.232
8.3 -8.231
8.32 -8.238
8.328 -8.238
8.345 -8.229
8.349 -8.228
8.355 -8.226
8.361 -8.226
8.395 -8.237
8.408 -8.238
8.414 -8.238
8.429 -8.24
8.443 -8.246
8.445 -8.243
8.447 -8.243
8.45 -8.242
8.457 -8.242
8.461 -8.241
8.466 -8.235
8.466 -8.234
8.46 -8.233
8.459 -8.23
8.458 -8.223
8.46 -8.22
8.468 -8.223
8.47 -8.221
8.473 -8.215
8.474 -8.214
8.482 -8.206
8.495 -8.197
8.502 -8.198
8.503 -8.197
8.501 -8.187
8.5 -8.184
8.5 -8.178
8.499 -8.175
8.492 -8.17
8.497 -8.162
8.496 -8.158
8.494 -8.156
8.492 -8.157
8.491 -8.158
8.486 -8.157
8.484 -8.153
8.49 -8.151
8.49 -8.147
8.495 -8.143
8.494 -8.139
8.488 -8.134
8.487 -8.129
8.489 -8.125
8.489 -8.121
8.481 -8.12
8.492 -8.104
8.504 -8.098
8.506 -8.095
8.498 -8.082
8.499 -8.077
8.504 -8.07
8.507 -8.065
8.504 -8.06
8.501 -8.056
8.499 -8.051
8.495 -8.045
8.494 -8.038
8.496 -8.031
8.495 -8.023
8.488 -8.01
8.49 -8.003
8.489 -7.998
8.485 -7.991
8.484 -7.985
8.486 -7.98
8.493 -7.978
8.499 -7.971
8.499 -7.968
8.493 -7.963
8.495 -7.957
8.494 -7.95
8.501 -7.943
8.501 -7.938
8.491 -7.929
8.486 -7.915
8.483 -7.913
8.482 -7.915
8.48 -7.923
8.476 -7.919
8.465 -7.912
8.458 -7.911
8.457 -7.913
8.464 -7.917
8.463 -7.919
8.451 -7.923
8.447 -7.921
8.449 -7.911
8.448 -7.91
8.436 -7.909
8.433 -7.897
8.433 -7.893
8.435 -7.885
8.433 -7.884
8.421 -7.887
8.417 -7.887
8.421 -7.876
8.42 -7.852
8.422 -7.848
8.433 -7.833
8.436 -7.831
8.469 -7.838
8.481 -7.835
8.487 -7.832
8.49 -7.827
8.482 -7.823
8.482 -7.821
8.48 -7.816
8.48 -7.808
8.477 -7.804
8.47 -7.799
8.468 -7.794
8.464 -7.788
8.444 -7.78
8.411 -7.764
8.384 -7.754
8.379 -7.752
8.373 -7.745
8.375 -7.717
8.371 -7.695
8.373 -7.69
8.372 -7.683
8.374 -7.677
8.375 -7.663
8.375 -7.652
8.377 -7.641
8.388 -7.65
8.396 -7.651
8.401 -7.655
8.409 -7.666
8.428 -7.673
8.441 -7.68
8.448 -7.681
8.455 -7.68
8.459 -7.676
8.47 -7.672
8.479 -7.666
8.485 -7.66
8.491 -7.659
8.506 -7.661
8.516 -7.666
8.528 -7.678
8.539 -7.683
8.542 -7.684
8.545 -7.688
8.58 -7.697
8.582 -7.699
8.596 -7.702
8.599 -7.704
8.617 -7.712
8.626 -7.713
8.657 -7.723
8.66 -7.724
8.667 -7.727
8.683 -7.736
8.69 -7.738
8.717 -7.751
8.726 -7.753
8.731 -7.756
8.744 -7.762
8.754 -7.764
8.762 -7.768
8.767 -7.773
8.769 -7.776
8.772 -7.782
8.773 -7.79
8.766 -7.812
8.766 -7.824
8.777 -7.846
8.778 -7.861
8.775 -7.874
8.767 -7.897
8.765 -7.901
8.765 -7.916
8.769 -7.926
8.779 -7.94
8.787 -7.947
8.81 -7.961
8.822 -7.963
8.851 -7.958
8.869 -7.955
8.901 -7.946
8.942 -7.93
8.967 -7.917
8.97 -7.918
8.989 -7.921
9.004 -7.918
9.018 -7.906
9.028 -7.896
9.04 -7.865
9.059 -7.854
9.062 -7.851
9.071 -7.841
9.082 -7.813
9.08 -7.804
9.077 -7.802
9.073 -7.79
9.07 -7.778
9.066 -7.765
9.068 -7.754
9.075 -7.737
9.078 -7.737
9.084 -7.742
9.089 -7.755
9.097 -7.762
9.097 -7.771
9.102 -7.778
9.106 -7.788
9.123 -7.801
9.125 -7.808
9.129 -7.812
9.136 -7.813
9.141 -7.812
9.149 -7.827
9.151 -7.838
9.153 -7.839
9.169 -7.832
9.175 -7.833
9.179 -7.84
9.178 -7.853
9.167 -7.87
9.158 -7.882
9.173 -7.908
9.179 -7.915
9.182 -7.917
9.187 -7.92
9.201 -7.923
9.213 -7.926
9.217 -7.926
9.236 -7.916
9.257 -7.906
9.264 -7.901
9.278 -7.895
9.281 -7.891
9.291 -7.887
9.304 -7.885
9.312 -7.887
9.337 -7.886
9.342 -7.888
9.346 -7.887
9.351 -7.883
9.358 -7.879
9.367 -7.876
9.375 -7.866
9.393 -7.863
9.398 -7.86
9.406 -7.858
9.41 -7.856
9.413 -7.858
9.417 -7.856
9.422 -7.856
9.426 -7.855
9.425 -7.85
9.429 -7.849
9.438 -7.85
9.433 -7.858
9.433 -7.865
9.436 -7.872
9.436 -7.883
9.432 -7.885
9.424 -7.887
9.417 -7.892
9.416 -7.894
9.419 -7.916
9.409 -7.937
9.406 -7.943
9.396 -7.968
9.394 -7.983
9.397 -7.988
9.398 -7.999
9.402 -8.011
9.4 -8.047
9.402 -8.06
9.42 -8.074
9.424 -8.081
9.43 -8.084
9.447 -8.099
9.456 -8.102
9.458 -8.107
9.464 -8.108
9.466 -8.112
9.472 -8.115
9.478 -8.116
9.486 -8.123
9.492 -8.124
9.495 -8.129
9.504 -8.134
9.507 -8.133
9.515 -8.138
9.521 -8.136
9.525 -8.133
9.531 -8.143
9.532 -8.149
9.537 -8.15
9.543 -8.147
9.556 -8.152
9.56 -8.151
9.566 -8.152
9.569 -8.15
9.569 -8.146
9.574 -8.144
9.583 -8.146
9.589 -8.153
9.608 -8.148
9.613 -8.144
9.615 -8.144
9.623 -8.152
9.625 -8.152
9.626 -8.146
9.632 -8.142
9.637 -8.134
9.647 -8.133
9.655 -8.128
9.659 -8.128
9.664 -8.13
9.667 -8.137
9.668 -8.135
9.669 -8.131
9.671 -8.129
9.68 -8.133
9.686 -8.133
9.691 -8.136
9.702 -8.132
9.702 -8.125
9.705 -8.124
9.709 -8.123
9.729 -8.127
9.735 -8.124
9.741 -8.13
9.749 -8.125
9.753 -8.124
9.758 -8.13
9.761 -8.128
9.763 -8.115
9.765 -8.113
9.779 -8.121
9.791 -8.121
9.795 -8.11
9.798 -8.109
9.804 -8.118
9.807 -8.119
9.812 -8.116
9.808 -8.106
9.813 -8.105
9.822 -8.105
9.831 -8.102
9.833 -8.101
9.833 -8.107
9.836 -8.111
9.839 -8.113
9.846 -8.109
9.849 -8.109
9.856 -8.108
9.862 -8.109
9.863 -8.109
9.867 -8.113
9.869 -8.117
9.869 -8.123
9.866 -8.13
9.866 -8.138
9.87 -8.143
9.874 -8.144
9.886 -8.141
9.887 -8.139
9.882 -8.134
9.881 -8.131
9.882 -8.129
9.897 -8.125
9.901 -8.125
9.906 -8.128
9.91 -8.135
9.914 -8.132
9.917 -8.133
9.917 -8.142
9.914 -8.146
segment Ivory Coast
4.992 -6.092
4.991 -6.089
4.988 -6.08
4.985 -6.074
4.98 -6.072
4.977 -6.072
4.968 -6.077
4.968 -6.083
4.971 -6.1
4.969 -6.104
4.979 -6.108
4.988 -6.114
4.99 -6.114
4.991 -6.112
4.991 -6.106
4.994 -6.099
4.992 -6.092
