segment Kenya
-4.076 39.671
-4.074 39.667
-4.064 39.658
-4.046 39.65
-4.034 39.654
-4.03 39.664
-4.031 39.668
-4.033 39.671
-4.066 39.685
-4.07 39.683
-4.075 39.676
-4.076 39.671
segment Kenya
-4.535 39.436
-4.538 39.438
-4.541 39.433
-4.549 39.428
-4.55 39.423
-4.546 39.421
-4.54 39.427
-4.534 39.433
-4.535 39.436
segment Kenya
-4.651 39.275
-4.652 39.279
-4.657 39.283
-4.661 39.29
-4.666 39.289
-4.667 39.284
-4.664 39.276
-4.655 39.273
-4.651 39.275
segment Kenya
-4.67 39.377
-4.667 39.357
-4.664 39.355
-4.66 39.355
-4.657 39.359
-4.654 39.366
-4.655 39.376
-4.658 39.384
-4.658 39.395
-4.654 39.4
-4.655 39.403
-4.666 39.407
-4.668 39.405
-4.666 39.394
-4.67 39.377
segment Kenya
-1.768 41.496
-1.764 41.494
-1.76 41.495
-1.75 41.505
-1.744 41.508
-1.743 41.512
-1.743 41.514
-1.745 41.515
-1.756 41.51
-1.758 41.507
-1.768 41.499
-1.768 41.496
segment Kenya
-1.807 41.475
-1.806 41.472
-1.8 41.469
-1.804 41.459
-1.802 41.457
-1.796 41.459
-1.787 41.467
-1.779 41.479
-1.774 41.482
-1.773 41.485
-1.776 41.487
-1.79 41.484
-1.799 41.477
-1.806 41.477
-1.807 41.475
segment Kenya
-1.886 41.39
-1.884 41.39
-1.879 41.394
-1.873 41.406
-1.868 41.41
-1.852 41.425
-1.849 41.429
-1.848 41.435
-1.853 41.435
-1.857 41.431
-1.865 41.419
-1.881 41.404
-1.888 41.391
-1.886 41.39
segment Kenya
-1.915 41.354
-1.902 41.365
-1.905 41.368
-1.915 41.357
-1.915 41.354
segment Kenya
-1.935 41.339
-1.931 41.337
-1.929 41.337
-1.922 41.345
-1.922 41.347
-1.935 41.339
segment Kenya
-1.998 41.253
-1.99 41.247
-1.979 41.246
-1.971 41.249
-1.968 41.254
-1.973 41.266
-1.979 41.27
-1.982 41.269
-1.985 41.257
-1.995 41.256
-1.998 41.253
segment Kenya
-1.969 41.301
-1.972 41.302
-1.982 41.296
-1.988 41.29
-1.995 41.28
-2.002 41.279
-2.012 41.268
-2.029 41.256
-2.023 41.254
-2.017 41.257
-2.007 41.267
-1.996 41.268
-1.992 41.271
-1.989 41.276
-1.984 41.285
-1.969 41.301
segment Kenya
-2.023 41.186
-2.021 41.179
-2.023 41.17
-2.018 41.158
-2.015 41.144
-2.011 41.145
-2.009 41.148
-2.008 41.17
-2.004 41.175
-2.006 41.181
-2.002 41.184
-1.999 41.189
-2.003 41.191
-2.013 41.187
-2.02 41.189
-2.023 41.186
segment Kenya
-2.021 41.206
-2.021 41.202
-2.013 41.197
-2.003 41.2
-2.001 41.202
-2.002 41.208
-2.011 41.214
-2.018 41.211
-2.021 41.206
segment Kenya
-2.05 41.148
-2.05 41.144
-2.042 41.134
-2.037 41.133
-2.037 41.136
-2.04 41.146
-2.043 41.15
-2.047 41.151
-2.05 41.148
segment Kenya
-2.082 41.168
-2.085 41.168
-2.091 41.163
-2.096 41.152
-2.1 41.151
-2.101 41.152
-2.094 41.17
-2.098 41.172
-2.108 41.165
-2.118 41.151
-2.119 41.147
-2.124 41.138
-2.124 41.13
-2.121 41.129
-2.112 41.132
-2.112 41.131
-2.099 41.127
-2.093 41.119
-2.095 41.118
-2.099 41.118
-2.101 41.118
-2.111 41.123
-2.127 41.115
-2.13 41.113
-2.135 41.108
-2.138 41.104
-2.138 41.099
-2.134 41.091
-2.135 41.088
-2.132 41.086
-2.129 41.09
-2.123 41.087
-2.12 41.09
-2.116 41.09
-2.116 41.087
-2.112 41.084
-2.11 41.08
-2.12 41.079
-2.12 41.073
-2.123 41.072
-2.125 41.072
-2.127 41.077
-2.129 41.068
-2.133 41.061
-2.132 41.056
-2.138 41.048
-2.14 41.045
-2.139 41.04
-2.125 41.046
-2.121 41.045
-2.12 41.042
-2.123 41.037
-2.136 41.034
-2.144 41.028
-2.147 41.019
-2.146 41.007
-2.155 41.004
-2.157 41.002
-2.158 41.001
-2.153 40.995
-2.157 40.994
-2.172 40.999
-2.178 41.004
-2.179 41.015
-2.19 41.015
-2.2 41.011
-2.201 41.006
-2.199 41
-2.19 40.993
-2.177 40.99
-2.168 40.986
-2.166 40.984
-2.165 40.968
-2.155 40.964
-2.145 40.967
-2.14 40.973
-2.13 40.974
-2.114 40.973
-2.108 40.976
-2.106 40.981
-2.098 40.99
-2.095 40.993
-2.09 40.996
-2.088 40.999
-2.086 41.006
-2.09 41.009
-2.091 41.014
-2.089 41.016
-2.08 41.035
-2.064 41.057
-2.047 41.071
-2.045 41.077
-2.042 41.087
-2.042 41.096
-2.041 41.105
-2.051 41.114
-2.047 41.118
-2.047 41.124
-2.051 41.13
-2.05 41.135
-2.058 41.137
-2.057 41.144
-2.068 41.147
-2.074 41.162
-2.08 41.168
-2.082 41.168
segment Kenya
-2.161 41.052
-2.159 41.048
-2.155 41.046
-2.149 41.048
-2.148 41.052
-2.149 41.057
-2.155 41.063
-2.16 41.06
-2.161 41.052
segment Kenya
-2.231 40.996
-2.23 40.99
-2.224 40.984
-2.222 40.984
-2.221 40.986
-2.225 40.991
-2.223 40.994
-2.225 40.998
-2.228 40.999
-2.231 40.996
segment Kenya
-2.248 40.896
-2.251 40.896
-2.262 40.903
-2.276 40.908
-2.277 40.908
-2.291 40.917
-2.297 40.914
-2.298 40.905
-2.294 40.895
-2.296 40.877
-2.302 40.861
-2.308 40.851
-2.319 40.834
-2.329 40.823
-2.328 40.82
-2.325 40.819
-2.299 40.821
-2.297 40.819
-2.292 40.82
-2.288 40.822
-2.282 40.825
-2.277 40.832
-2.27 40.837
-2.264 40.839
-2.252 40.849
-2.251 40.857
-2.247 40.863
-2.244 40.877
-2.245 40.89
-2.248 40.896
segment Kenya
-2.311 40.809
-2.304 40.793
-2.301 40.794
-2.304 40.803
-2.308 40.81
-2.311 40.809
segment Kenya
-2.77 40.191
-2.783 40.188
-2.785 40.186
-2.78 40.185
-2.77 40.189
-2.77 40.191
segment Kenya
0.94 34.481
0.944 34.478
0.947 34.478
0.979 34.484
0.982 34.485
0.99 34.487
1.021 34.49
1.034 34.492
1.066 34.5
1.093 34.511
1.101 34.516
1.102 34.517
1.103 34.519
1.101 34.565
1.104 34.569
1.109 34.572
1.118 34.574
1.153 34.578
1.155 34.6
1.166 34.621
1.171 34.639
1.175 34.646
1.198 34.667
1.208 34.68
1.21 34.685
1.213 34.705
1.213 34.707
1.212 34.711
1.215 34.722
1.218 34.769
1.228 34.8
1.238 34.803
1.252 34.813
1.261 34.816
1.266 34.82
1.268 34.821
1.278 34.824
1.288 34.822
1.302 34.83
1.306 34.829
1.363 34.793
1.369 34.794
1.375 34.798
1.378 34.796
1.418 34.771
1.424 34.77
1.427 34.775
1.424 34.786
1.433 34.789
1.439 34.808
1.441 34.82
1.444 34.827
1.444 34.83
1.443 34.832
1.439 34.84
1.438 34.843
1.439 34.846
1.444 34.846
1.455 34.843
1.459 34.843
1.523 34.861
1.533 34.867
1.542 34.875
1.557 34.889
1.556 34.899
1.568 34.911
1.569 34.918
1.575 34.928
1.582 34.948
1.607 34.961
1.616 34.967
1.616 34.968
1.621 34.97
1.627 34.971
1.678 34.998
1.683 34.999
1.689 35
1.734 35.007
1.858 35.027
1.899 35.034
1.92 35.036
1.924 35.034
1.969 35.003
1.972 35
1.972 34.999
1.974 34.997
1.99 34.987
1.995 34.986
2.038 34.978
2.05 34.978
2.069 34.972
2.093 34.968
2.217 34.946
2.342 34.925
2.386 34.917
2.401 34.915
2.409 34.916
2.418 34.92
2.453 34.953
2.458 34.954
2.474 34.939
2.488 34.933
2.518 34.929
2.52 34.91
2.524 34.904
2.528 34.902
2.538 34.899
2.55 34.897
2.584 34.894
2.588 34.892
2.589 34.889
2.587 34.882
2.581 34.88
2.575 34.88
2.569 34.876
2.569 34.865
2.571 34.862
2.592 34.845
2.606 34.836
2.692 34.778
2.714 34.778
2.776 34.777
2.812 34.772
2.824 34.752
2.829 34.75
2.839 34.747
2.845 34.743
2.85 34.736
2.857 34.719
2.873 34.707
2.874 34.703
2.874 34.699
2.864 34.682
2.864 34.657
2.869 34.651
2.87 34.649
2.881 34.642
2.897 34.637
2.901 34.634
2.905 34.626
2.913 34.606
2.918 34.597
2.965 34.589
2.967 34.589
2.983 34.584
3.028 34.575
3.043 34.573
3.06 34.572
3.089 34.567
3.091 34.566
3.1 34.561
3.103 34.559
3.103 34.556
3.107 34.555
3.131 34.549
3.135 34.546
3.147 34.512
3.147 34.502
3.144 34.497
3.143 34.493
3.151 34.489
3.156 34.484
3.157 34.482
3.165 34.467
3.171 34.462
3.193 34.452
3.243 34.45
3.27 34.444
3.292 34.44
3.33 34.427
3.354 34.413
3.381 34.401
3.388 34.401
3.403 34.4
3.411 34.402
3.434 34.416
3.44 34.416
3.448 34.414
3.482 34.395
3.484 34.396
3.488 34.406
3.488 34.416
3.495 34.429
3.505 34.441
3.517 34.448
3.546 34.452
3.599 34.455
3.607 34.455
3.65 34.46
3.668 34.46
3.674 34.456
3.678 34.446
3.689 34.413
3.689 34.409
3.689 34.407
3.693 34.405
3.699 34.398
3.721 34.387
3.727 34.382
3.733 34.375
3.737 34.351
3.735 34.34
3.734 34.332
3.732 34.327
3.727 34.322
3.72 34.316
3.717 34.315
3.693 34.307
3.691 34.303
3.717 34.299
3.747 34.266
3.766 34.257
3.771 34.256
3.781 34.252
3.783 34.244
3.776 34.228
3.776 34.225
3.781 34.221
3.781 34.217
3.773 34.196
3.772 34.188
3.765 34.175
3.767 34.172
3.772 34.169
3.776 34.169
3.785 34.185
3.786 34.186
3.79 34.189
3.795 34.188
3.798 34.185
3.8 34.159
3.802 34.156
3.805 34.156
3.819 34.165
3.825 34.172
3.828 34.179
3.829 34.209
3.834 34.22
3.836 34.221
3.841 34.223
3.851 34.223
3.868 34.219
3.875 34.215
3.88 34.211
3.881 34.201
3.882 34.186
3.88 34.179
3.871 34.163
3.87 34.158
3.873 34.136
3.874 34.124
3.873 34.091
3.882 34.09
3.886 34.093
3.895 34.112
3.899 34.119
3.911 34.123
3.936 34.128
3.942 34.13
3.954 34.129
3.977 34.095
3.996 34.079
4.008 34.059
4.02 34.057
4.026 34.061
4.027 34.062
4.037 34.086
4.044 34.09
4.049 34.092
4.055 34.091
4.065 34.087
4.088 34.073
4.092 34.071
4.104 34.055
4.109 34.052
4.118 34.053
4.12 34.054
4.146 34.062
4.151 34.061
4.18 34.044
4.184 34.04
4.194 34.021
4.214 33.994
4.259 34.042
4.303 34.085
4.393 34.173
4.398 34.178
4.484 34.261
4.489 34.265
4.494 34.268
4.536 34.305
4.558 34.329
4.576 34.346
4.611 34.378
4.612 34.457
4.613 34.546
4.611 34.561
4.613 34.571
4.613 34.583
4.614 34.709
4.615 34.784
4.615 34.835
4.615 34.934
4.613 34.96
4.613 34.961
4.615 34.966
4.616 34.979
4.616 35
4.617 35.087
4.619 35.213
4.621 35.339
4.621 35.392
4.62 35.403
4.622 35.417
4.622 35.426
4.62 35.437
4.622 35.444
4.622 35.465
4.623 35.507
4.621 35.523
4.623 35.535
4.624 35.591
4.625 35.69
4.625 35.694
4.623 35.698
4.623 35.704
4.625 35.713
4.625 35.716
4.626 35.734
4.627 35.842
4.627 35.861
4.629 35.89
4.629 35.948
4.627 35.949
4.62 35.949
4.575 35.945
4.57 35.954
4.563 35.961
4.543 35.954
4.535 35.956
4.531 35.958
4.527 35.965
4.52 35.971
4.475 36.014
4.461 36.029
4.45 36.037
4.448 36.041
4.447 36.048
4.447 36.066
4.448 36.137
4.449 36.143
4.45 36.189
4.45 36.192
4.448 36.212
4.451 36.233
4.461 36.245
4.449 36.264
4.449 36.279
4.449 36.311
4.447 36.438
4.446 36.544
4.448 36.564
4.455 36.646
4.444 36.655
4.44 36.666
4.441 36.684
4.443 36.81
4.444 36.868
4.437 36.882
4.427 36.904
4.417 36.93
4.41 36.951
4.407 36.956
4.398 36.963
4.398 36.974
4.396 36.98
4.384 36.993
4.383 37.003
4.381 37.006
4.379 37.025
4.376 37.042
4.374 37.044
4.371 37.047
4.358 37.054
4.345 37.069
4.342 37.085
4.34 37.091
4.335 37.095
4.307 37.112
4.298 37.122
4.296 37.133
4.296 37.134
4.293 37.139
4.273 37.169
4.259 37.195
4.254 37.2
4.227 37.24
4.196 37.288
4.164 37.338
4.159 37.346
4.091 37.452
4.064 37.493
4.056 37.509
4.046 37.521
4.041 37.532
4.029 37.547
4.024 37.557
4.023 37.558
4.015 37.567
3.974 37.635
3.966 37.645
3.953 37.649
3.949 37.653
3.948 37.655
3.878 37.76
3.807 37.865
3.742 37.963
3.74 37.968
3.739 37.971
3.739 37.978
3.734 37.988
3.734 38.001
3.729 38.006
3.717 38.013
3.705 38.026
3.694 38.032
3.683 38.041
3.665 38.065
3.643 38.093
3.639 38.102
3.622 38.121
3.617 38.129
3.617 38.138
3.621 38.146
3.619 38.153
3.623 38.16
3.624 38.171
3.624 38.172
3.624 38.178
3.619 38.188
3.615 38.246
3.616 38.252
3.614 38.279
3.614 38.291
3.612 38.297
3.604 38.414
3.604 38.423
3.604 38.44
3.603 38.447
3.606 38.458
3.616 38.477
3.618 38.488
3.63 38.517
3.635 38.521
3.649 38.521
3.654 38.523
3.657 38.524
3.659 38.531
3.658 38.537
3.653 38.551
3.646 38.56
3.638 38.563
3.627 38.562
3.623 38.564
3.612 38.58
3.609 38.589
3.608 38.598
3.611 38.606
3.618 38.611
3.618 38.614
3.617 38.615
3.617 38.616
3.609 38.617
3.607 38.619
3.609 38.632
3.601 38.668
3.621 38.674
3.624 38.676
3.625 38.681
3.624 38.688
3.615 38.696
3.601 38.704
3.582 38.715
3.578 38.72
3.57 38.748
3.545 38.813
3.539 38.829
3.537 38.841
3.538 38.854
3.512 38.916
3.513 38.932
3.515 38.955
3.519 38.961
3.533 38.966
3.534 38.969
3.533 38.978
3.528 38.99
3.529 38.996
3.527 39.008
3.519 39.013
3.519 39.018
3.524 39.022
3.532 39.022
3.534 39.024
3.534 39.03
3.534 39.031
3.53 39.045
3.53 39.05
3.539 39.082
3.539 39.087
3.538 39.096
3.534 39.102
3.517 39.123
3.514 39.138
3.511 39.146
3.495 39.178
3.492 39.183
3.483 39.192
3.486 39.204
3.481 39.237
3.479 39.263
3.477 39.283
3.487 39.302
3.505 39.323
3.506 39.329
3.504 39.332
3.491 39.331
3.482 39.332
3.476 39.332
3.47 39.336
3.47 39.347
3.468 39.409
3.466 39.419
3.461 39.425
3.461 39.428
3.46 39.471
3.461 39.471
3.463 39.489
3.461 39.497
3.458 39.502
3.441 39.508
3.414 39.515
3.408 39.519
3.403 39.528
3.402 39.533
3.405 39.547
3.411 39.557
3.412 39.558
3.416 39.562
3.43 39.568
3.476 39.582
3.482 39.585
3.506 39.612
3.516 39.62
3.517 39.62
3.607 39.708
3.663 39.763
3.707 39.783
3.819 39.835
3.821 39.836
3.85 39.858
3.868 39.865
3.875 39.87
3.903 39.926
3.941 40
3.96 40.038
3.994 40.106
4 40.122
4.006 40.13
4.017 40.151
4.027 40.172
4.044 40.192
4.044 40.212
4.05 40.234
4.085 40.324
4.087 40.33
4.106 40.376
4.105 40.388
4.12 40.403
4.127 40.418
4.138 40.443
4.186 40.559
4.225 40.652
4.233 40.674
4.233 40.676
4.235 40.69
4.247 40.709
4.249 40.724
4.262 40.747
4.282 40.775
4.281 40.778
4.273 40.785
4.255 40.814
4.248 40.831
4.246 40.844
4.227 40.856
4.221 40.873
4.213 40.882
4.207 40.884
4.206 40.884
4.199 40.881
4.193 40.883
4.171 40.898
4.155 40.904
4.153 40.906
4.151 40.914
4.144 40.93
4.141 40.948
4.132 40.965
4.125 40.972
4.116 40.977
4.111 40.982
4.108 40.993
4.103 41.001
4.089 41.01
4.077 41.023
4.071 41.026
4.072 41.032
4.07 41.035
4.065 41.041
4.059 41.044
4.048 41.057
4.043 41.061
4.036 41.065
4.023 41.073
4.013 41.092
3.995 41.099
3.989 41.104
3.985 41.105
3.988 41.112
3.987 41.118
3.982 41.123
3.974 41.125
3.974 41.133
3.971 41.136
3.967 41.133
3.965 41.136
3.957 41.149
3.951 41.163
3.943 41.169
3.94 41.182
3.941 41.186
3.938 41.201
3.939 41.203
3.948 41.203
3.954 41.215
3.95 41.227
3.956 41.23
3.959 41.235
3.955 41.252
3.958 41.271
3.955 41.276
3.95 41.278
3.949 41.282
3.948 41.287
3.948 41.31
3.944 41.315
3.944 41.32
3.941 41.323
3.939 41.326
3.939 41.33
3.947 41.339
3.951 41.348
3.96 41.354
3.96 41.355
3.961 41.359
3.959 41.36
3.954 41.366
3.952 41.374
3.952 41.379
3.963 41.391
3.962 41.395
3.953 41.405
3.949 41.414
3.948 41.419
3.949 41.422
3.945 41.427
3.945 41.43
3.947 41.435
3.955 41.437
3.954 41.445
3.956 41.459
3.957 41.46
3.953 41.468
3.955 41.473
3.953 41.476
3.952 41.48
3.957 41.482
3.959 41.484
3.958 41.489
3.964 41.5
3.965 41.506
3.962 41.507
3.955 41.505
3.955 41.51
3.96 41.518
3.971 41.524
3.982 41.545
3.982 41.551
3.978 41.554
3.976 41.557
3.971 41.56
3.967 41.567
3.971 41.576
3.971 41.582
3.969 41.588
3.97 41.593
3.975 41.602
3.973 41.608
3.974 41.618
3.983 41.628
3.982 41.632
3.966 41.655
3.966 41.664
3.96 41.674
3.969 41.681
3.971 41.684
3.97 41.688
3.978 41.693
3.983 41.714
3.992 41.721
3.987 41.724
3.987 41.73
3.991 41.734
3.987 41.736
3.985 41.741
3.986 41.744
3.983 41.747
3.985 41.752
3.985 41.755
3.98 41.754
3.978 41.754
3.977 41.754
3.972 41.773
3.974 41.778
3.979 41.782
3.977 41.784
3.977 41.787
3.979 41.793
3.975 41.794
3.969 41.793
3.96 41.795
3.957 41.798
3.955 41.802
3.957 41.806
3.956 41.81
3.956 41.821
3.954 41.823
3.948 41.82
3.946 41.821
3.945 41.824
3.947 41.829
3.946 41.833
3.947 41.836
3.952 41.838
3.955 41.841
3.95 41.845
3.95 41.852
3.954 41.857
3.961 41.86
3.964 41.864
3.968 41.878
3.978 41.89
3.979 41.894
3.975 41.899
3.937 41.873
3.913 41.86
3.879 41.835
3.874 41.83
3.871 41.828
3.819 41.791
3.779 41.765
3.768 41.755
3.76 41.749
3.666 41.681
3.639 41.661
3.564 41.611
3.562 41.609
3.54 41.593
3.459 41.536
3.355 41.464
3.251 41.392
3.159 41.328
3.149 41.319
3.115 41.286
3.092 41.26
3.061 41.228
2.974 41.137
2.971 41.134
2.917 41.081
2.884 41.048
2.83 40.992
2.782 40.992
2.655 40.992
2.529 40.992
2.402 40.992
2.333 40.992
2.32 40.991
2.276 40.991
2.15 40.991
2.109 40.991
2.095 40.99
2.023 40.992
2.018 40.992
1.942 40.99
1.897 40.991
1.832 40.991
1.824 40.994
1.793 40.991
1.771 40.991
1.758 40.991
1.645 40.992
1.619 40.992
1.518 40.992
1.392 40.991
1.265 40.991
1.139 40.99
1.027 40.99
1.013 40.99
0.963 40.991
0.886 40.991
0.76 40.99
0.722 40.99
0.651 40.991
0.634 40.991
0.508 40.99
0.381 40.989
0.358 40.989
0.255 40.99
0.197 40.99
0.129 40.989
0.119 40.989
0.107 40.991
0.093 40.989
0.014 40.989
0 41.001
-0.088 41
-0.112 40.999
-0.128 41
-0.138 40.999
-0.213 41.001
-0.244 41.001
-0.34 40.999
-0.394 41
-0.404 40.998
-0.422 41
-0.432 40.998
-0.465 40.999
-0.503 41.001
-0.542 40.999
-0.572 41
-0.582 40.999
-0.592 40.999
-0.661 40.999
-0.718 41
-0.834 41.001
-0.842 41.007
-0.866 41.026
-0.873 41.033
-0.943 41.082
-0.949 41.086
-1.043 41.159
-1.055 41.168
-1.094 41.195
-1.144 41.234
-1.194 41.272
-1.222 41.291
-1.246 41.309
-1.303 41.352
-1.346 41.386
-1.351 41.39
-1.357 41.392
-1.363 41.398
-1.43 41.446
-1.448 41.46
-1.457 41.467
-1.474 41.481
-1.482 41.485
-1.49 41.492
-1.492 41.496
-1.507 41.504
-1.548 41.535
-1.591 41.568
-1.662 41.567
-1.667 41.562
-1.678 41.552
-1.696 41.526
-1.705 41.518
-1.72 41.509
-1.733 41.499
-1.749 41.49
-1.76 41.48
-1.761 41.479
-1.788 41.461
-1.812 41.437
-1.823 41.437
-1.841 41.414
-1.842 41.413
-1.843 41.423
-1.844 41.424
-1.848 41.423
-1.849 41.422
-1.866 41.401
-1.89 41.376
-1.913 41.344
-1.919 41.338
-1.933 41.329
-1.935 41.328
-1.953 41.32
-1.958 41.315
-1.96 41.309
-1.958 41.302
-1.959 41.298
-1.972 41.291
-1.976 41.282
-1.976 41.277
-1.967 41.275
-1.963 41.272
-1.96 41.268
-1.959 41.262
-1.965 41.246
-1.964 41.24
-1.963 41.23
-1.959 41.226
-1.951 41.227
-1.93 41.224
-1.918 41.219
-1.928 41.216
-1.95 41.216
-1.95 41.21
-1.94 41.203
-1.942 41.195
-1.947 41.194
-1.952 41.197
-1.956 41.199
-1.968 41.201
-1.976 41.2
-1.982 41.196
-1.992 41.187
-1.996 41.175
-1.996 41.164
-1.993 41.16
-1.989 41.142
-1.992 41.14
-1.997 41.13
-1.996 41.122
-1.987 41.116
-1.989 41.11
-1.989 41.106
-1.996 41.102
-2.001 41.089
-2.003 41.087
-2.005 41.077
-2.012 41.075
-2.027 41.054
-2.027 41.051
-2.034 41.044
-2.044 41.038
-2.047 41.035
-2.048 41.029
-2.05 41.026
-2.049 41.021
-2.05 41.017
-2.05 41.016
-2.045 41.01
-2.042 40.999
-2.038 40.992
-2.034 40.989
-2.017 40.983
-2.01 40.983
-1.981 40.99
-1.977 40.993
-1.97 40.993
-1.962 40.995
-1.948 40.992
-1.946 40.993
-1.931 40.998
-1.924 41.006
-1.905 41.015
-1.903 41.015
-1.902 41.012
-1.904 41.006
-1.909 40.999
-1.907 40.991
-1.908 40.986
-1.911 40.985
-1.921 40.991
-1.924 40.99
-1.928 40.982
-1.936 40.975
-1.939 40.973
-1.944 40.974
-1.961 40.977
-1.968 40.972
-1.977 40.97
-1.998 40.971
-2.025 40.965
-2.03 40.966
-2.041 40.974
-2.05 40.983
-2.054 40.983
-2.059 40.982
-2.06 40.98
-2.064 40.977
-2.065 40.97
-2.07 40.967
-2.074 40.962
-2.08 40.941
-2.076 40.94
-2.053 40.936
-2.045 40.931
-2.038 40.925
-2.027 40.924
-2.018 40.923
-2.013 40.92
-2 40.92
-1.995 40.916
-1.993 40.909
-1.988 40.908
-1.985 40.905
-1.985 40.899
-1.99 40.894
-1.987 40.883
-1.983 40.878
-1.978 40.878
-1.971 40.884
-1.966 40.881
-1.964 40.875
-1.967 40.87
-1.972 40.865
-1.974 40.86
-1.973 40.853
-1.975 40.848
-1.98 40.854
-1.981 40.861
-1.985 40.866
-1.991 40.868
-1.996 40.873
-2.003 40.885
-2.003 40.89
-2.006 40.89
-2.011 40.886
-2.004 40.869
-2.004 40.864
-2.008 40.857
-2.008 40.848
-2.013 40.838
-2.019 40.834
-2.022 40.836
-2.022 40.841
-2.015 40.853
-2.017 40.857
-2.019 40.864
-2.012 40.873
-2.013 40.883
-2.012 40.889
-2.01 40.894
-2.003 40.902
-2.004 40.908
-2.011 40.911
-2.032 40.905
-2.042 40.907
-2.059 40.914
-2.063 40.913
-2.061 40.91
-2.054 40.906
-2.05 40.901
-2.05 40.895
-2.057 40.894
-2.056 40.889
-2.057 40.882
-2.064 40.877
-2.068 40.867
-2.068 40.862
-2.07 40.858
-2.073 40.856
-2.075 40.858
-2.074 40.862
-2.072 40.877
-2.066 40.885
-2.065 40.889
-2.068 40.89
-2.073 40.885
-2.077 40.886
-2.069 40.9
-2.069 40.909
-2.078 40.915
-2.117 40.92
-2.152 40.924
-2.17 40.923
-2.186 40.925
-2.189 40.927
-2.196 40.927
-2.218 40.93
-2.23 40.934
-2.232 40.936
-2.23 40.938
-2.224 40.94
-2.218 40.941
-2.214 40.944
-2.216 40.949
-2.229 40.959
-2.231 40.962
-2.231 40.966
-2.227 40.975
-2.23 40.979
-2.243 40.982
-2.255 40.988
-2.259 40.989
-2.263 40.987
-2.281 40.972
-2.292 40.968
-2.298 40.965
-2.307 40.962
-2.314 40.955
-2.317 40.946
-2.319 40.921
-2.316 40.918
-2.311 40.917
-2.307 40.919
-2.3 40.928
-2.294 40.938
-2.293 40.943
-2.295 40.953
-2.293 40.959
-2.289 40.965
-2.283 40.968
-2.281 40.968
-2.28 40.967
-2.28 40.963
-2.287 40.956
-2.283 40.947
-2.282 40.935
-2.276 40.928
-2.263 40.923
-2.253 40.915
-2.245 40.911
-2.242 40.908
-2.238 40.906
-2.225 40.908
-2.217 40.906
-2.22 40.899
-2.223 40.897
-2.228 40.894
-2.228 40.885
-2.236 40.875
-2.242 40.852
-2.248 40.845
-2.267 40.827
-2.279 40.81
-2.278 40.806
-2.275 40.805
-2.268 40.809
-2.265 40.811
-2.26 40.818
-2.249 40.822
-2.244 40.826
-2.242 40.824
-2.243 40.812
-2.247 40.81
-2.254 40.81
-2.261 40.807
-2.266 40.802
-2.273 40.798
-2.278 40.797
-2.281 40.798
-2.289 40.805
-2.294 40.808
-2.302 40.811
-2.305 40.811
-2.294 40.793
-2.293 40.788
-2.294 40.781
-2.29 40.779
-2.271 40.783
-2.264 40.782
-2.256 40.776
-2.253 40.771
-2.258 40.768
-2.265 40.775
-2.282 40.769
-2.288 40.77
-2.298 40.776
-2.319 40.799
-2.322 40.799
-2.326 40.797
-2.324 40.784
-2.322 40.779
-2.318 40.777
-2.31 40.762
-2.308 40.754
-2.302 40.741
-2.301 40.734
-2.305 40.733
-2.312 40.739
-2.316 40.745
-2.318 40.757
-2.319 40.757
-2.325 40.776
-2.338 40.791
-2.339 40.794
-2.339 40.796
-2.342 40.8
-2.352 40.807
-2.356 40.812
-2.361 40.824
-2.365 40.827
-2.381 40.828
-2.389 40.827
-2.399 40.82
-2.401 40.817
-2.413 40.797
-2.429 40.779
-2.435 40.776
-2.448 40.774
-2.452 40.772
-2.45 40.765
-2.453 40.746
-2.466 40.721
-2.475 40.705
-2.487 40.69
-2.511 40.668
-2.523 40.659
-2.539 40.645
-2.549 40.628
-2.558 40.612
-2.559 40.607
-2.554 40.595
-2.549 40.577
-2.539 40.56
-2.532 40.54
-2.53 40.535
-2.524 40.531
-2.522 40.526
-2.522 40.514
-2.53 40.521
-2.531 40.484
-2.537 40.46
-2.541 40.453
-2.545 40.439
-2.548 40.429
-2.555 40.419
-2.559 40.411
-2.582 40.36
-2.594 40.343
-2.608 40.315
-2.619 40.301
-2.626 40.293
-2.637 40.282
-2.641 40.275
-2.643 40.266
-2.65 40.265
-2.689 40.229
-2.701 40.22
-2.708 40.217
-2.718 40.212
-2.726 40.204
-2.729 40.2
-2.728 40.197
-2.727 40.194
-2.729 40.189
-2.734 40.194
-2.74 40.197
-2.754 40.191
-2.774 40.178
-2.786 40.176
-2.793 40.177
-2.793 40.187
-2.798 40.187
-2.806 40.185
-2.827 40.189
-2.836 40.187
-2.853 40.175
-2.871 40.171
-2.884 40.171
-2.892 40.165
-2.901 40.152
-2.904 40.155
-2.903 40.163
-2.898 40.166
-2.897 40.17
-2.901 40.171
-2.914 40.168
-2.927 40.168
-2.948 40.169
-2.957 40.171
-2.956 40.175
-2.956 40.176
-2.957 40.18
-2.974 40.197
-2.978 40.195
-2.98 40.192
-2.981 40.18
-2.982 40.177
-2.987 40.173
-2.995 40.173
-3.004 40.166
-3.006 40.166
-3.01 40.168
-3.011 40.172
-3.005 40.176
-2.993 40.18
-2.99 40.184
-2.989 40.198
-2.984 40.207
-2.988 40.217
-2.988 40.222
-2.985 40.226
-2.972 40.235
-2.97 40.242
-2.972 40.245
-2.977 40.247
-2.986 40.245
-2.989 40.242
-2.99 40.24
-2.989 40.233
-2.991 40.227
-2.999 40.223
-3.002 40.214
-3.009 40.204
-3.026 40.197
-3.031 40.183
-3.037 40.179
-3.046 40.175
-3.053 40.174
-3.062 40.175
-3.066 40.174
-3.073 40.164
-3.074 40.163
-3.079 40.16
-3.084 40.159
-3.103 40.165
-3.122 40.164
-3.13 40.16
-3.157 40.14
-3.157 40.136
-3.163 40.136
-3.172 40.133
-3.186 40.126
-3.201 40.121
-3.207 40.122
-3.225 40.129
-3.24 40.13
-3.252 40.133
-3.254 40.134
-3.288 40.123
-3.293 40.119
-3.302 40.108
-3.323 40.069
-3.33 40.06
-3.336 40.049
-3.342 40.037
-3.359 40.011
-3.369 40
-3.38 39.989
-3.384 39.979
-3.382 39.976
-3.379 39.975
-3.37 39.978
-3.352 39.975
-3.347 39.973
-3.344 39.972
-3.34 39.974
-3.339 39.976
-3.346 39.983
-3.344 39.992
-3.339 39.993
-3.33 39.99
-3.323 39.991
-3.319 39.99
-3.317 39.987
-3.32 39.98
-3.32 39.975
-3.324 39.97
-3.327 39.968
-3.331 39.97
-3.335 39.969
-3.337 39.963
-3.342 39.963
-3.345 39.965
-3.346 39.97
-3.348 39.971
-3.36 39.968
-3.373 39.962
-3.377 39.961
-3.38 39.965
-3.388 39.97
-3.39 39.97
-3.394 39.968
-3.397 39.969
-3.402 39.971
-3.408 39.969
-3.419 39.962
-3.439 39.956
-3.45 39.949
-3.473 39.941
-3.481 39.935
-3.504 39.928
-3.513 39.925
-3.582 39.898
-3.593 39.895
-3.608 39.885
-3.626 39.877
-3.628 39.874
-3.631 39.872
-3.632 39.868
-3.632 39.86
-3.63 39.854
-3.622 39.845
-3.618 39.836
-3.607 39.826
-3.604 39.82
-3.602 39.807
-3.605 39.794
-3.604 39.788
-3.597 39.784
-3.593 39.783
-3.589 39.785
-3.583 39.792
-3.581 39.792
-3.579 39.787
-3.582 39.781
-3.588 39.778
-3.594 39.778
-3.602 39.779
-3.607 39.783
-3.61 39.787
-3.608 39.806
-3.611 39.809
-3.619 39.812
-3.623 39.811
-3.63 39.804
-3.633 39.803
-3.64 39.807
-3.643 39.816
-3.643 39.822
-3.64 39.824
-3.63 39.83
-3.634 39.836
-3.629 39.84
-3.635 39.851
-3.641 39.868
-3.644 39.871
-3.653 39.874
-3.673 39.875
-3.695 39.874
-3.742 39.858
-3.76 39.85
-3.79 39.84
-3.794 39.839
-3.826 39.832
-3.854 39.817
-3.876 39.807
-3.904 39.791
-3.909 39.789
-3.918 39.787
-3.936 39.778
-3.948 39.767
-3.95 39.761
-3.951 39.748
-3.949 39.742
-3.95 39.728
-3.946 39.718
-3.947 39.715
-3.951 39.715
-3.954 39.721
-3.955 39.761
-3.958 39.764
-3.962 39.761
-3.969 39.754
-3.984 39.745
-3.999 39.733
-4.007 39.728
-4.011 39.729
-4.015 39.732
-4.016 39.732
-4.018 39.733
-4.032 39.721
-4.052 39.711
-4.062 39.702
-4.062 39.698
-4.059 39.693
-4.047 39.683
-4.028 39.677
-4.024 39.674
-4.021 39.665
-4.019 39.663
-4.012 39.663
-4.008 39.659
-4.011 39.654
-4.015 39.65
-4.021 39.65
-4.026 39.654
-4.029 39.654
-4.031 39.652
-4.031 39.649
-4.029 39.644
-4.028 39.639
-4.032 39.638
-4.037 39.64
-4.039 39.638
-4.035 39.632
-4.041 39.63
-4.041 39.591
-4.032 39.585
-4.035 39.583
-4.038 39.581
-4.038 39.574
-4.041 39.569
-4.045 39.566
-4.052 39.569
-4.052 39.574
-4.064 39.576
-4.069 39.581
-4.072 39.583
-4.081 39.579
-4.083 39.581
-4.079 39.586
-4.077 39.593
-4.071 39.596
-4.064 39.596
-4.059 39.602
-4.059 39.623
-4.059 39.634
-4.055 39.641
-4.066 39.643
-4.067 39.646
-4.075 39.647
-4.077 39.649
-4.072 39.654
-4.073 39.657
-4.075 39.658
-4.081 39.659
-4.083 39.67
-4.087 39.675
-4.09 39.676
-4.114 39.665
-4.12 39.659
-4.127 39.656
-4.128 39.656
-4.138 39.654
-4.157 39.639
-4.173 39.634
-4.19 39.621
-4.202 39.616
-4.21 39.615
-4.223 39.615
-4.23 39.614
-4.241 39.607
-4.25 39.602
-4.25 39.59
-4.252 39.587
-4.254 39.589
-4.256 39.599
-4.259 39.601
-4.263 39.602
-4.28 39.597
-4.313 39.583
-4.337 39.568
-4.351 39.563
-4.359 39.562
-4.368 39.56
-4.396 39.551
-4.414 39.549
-4.432 39.543
-4.434 39.541
-4.431 39.536
-4.421 39.532
-4.418 39.528
-4.417 39.517
-4.419 39.515
-4.43 39.514
-4.431 39.513
-4.437 39.509
-4.44 39.503
-4.441 39.502
-4.449 39.504
-4.452 39.502
-4.459 39.503
-4.465 39.502
-4.48 39.482
-4.484 39.48
-4.521 39.469
-4.548 39.467
-4.552 39.464
-4.559 39.46
-4.566 39.461
-4.572 39.459
-4.578 39.452
-4.584 39.447
-4.585 39.445
-4.583 39.442
-4.576 39.443
-4.556 39.435
-4.554 39.435
-4.549 39.436
-4.547 39.444
-4.545 39.446
-4.542 39.446
-4.537 39.449
-4.533 39.449
-4.529 39.441
-4.522 39.44
-4.52 39.438
-4.52 39.435
-4.529 39.434
-4.538 39.425
-4.546 39.419
-4.552 39.419
-4.558 39.426
-4.564 39.427
-4.568 39.425
-4.57 39.423
-4.583 39.412
-4.582 39.407
-4.58 39.404
-4.569 39.399
-4.559 39.397
-4.557 39.394
-4.557 39.392
-4.559 39.391
-4.562 39.392
-4.571 39.396
-4.577 39.393
-4.584 39.397
-4.595 39.396
-4.602 39.402
-4.61 39.401
-4.619 39.409
-4.62 39.41
-4.624 39.411
-4.639 39.409
-4.641 39.406
-4.643 39.403
-4.642 39.392
-4.643 39.386
-4.641 39.37
-4.635 39.358
-4.634 39.352
-4.639 39.329
-4.639 39.32
-4.638 39.315
-4.632 39.31
-4.619 39.314
-4.602 39.31
-4.601 39.309
-4.587 39.315
-4.572 39.324
-4.57 39.323
-4.57 39.319
-4.584 39.313
-4.594 39.304
-4.592 39.302
-4.581 39.301
-4.58 39.298
-4.582 39.298
-4.611 39.295
-4.613 39.289
-4.61 39.288
-4.598 39.287
-4.588 39.28
-4.583 39.272
-4.584 39.268
-4.584 39.265
-4.586 39.263
-4.591 39.266
-4.59 39.273
-4.591 39.276
-4.594 39.279
-4.598 39.28
-4.611 39.281
-4.621 39.279
-4.625 39.276
-4.626 39.275
-4.617 39.276
-4.609 39.274
-4.609 39.271
-4.613 39.268
-4.619 39.267
-4.622 39.265
-4.626 39.255
-4.632 39.249
-4.653 39.236
-4.652 39.231
-4.654 39.226
-4.659 39.229
-4.663 39.229
-4.678 39.223
-4.678 39.222
-4.628 39.151
-4.623 39.144
-4.613 39.132
-4.608 39.122
-4.595 39.106
-4.592 39.099
-4.557 39.047
-4.552 39.04
-4.535 39.018
-4.484 38.945
-4.448 38.893
-4.412 38.841
-4.371 38.78
-4.356 38.762
-4.346 38.746
-4.339 38.738
-4.332 38.729
-4.327 38.718
-4.27 38.635
-4.269 38.633
-4.202 38.539
-4.196 38.53
-4.145 38.454
-4.127 38.425
-4.115 38.406
-4.111 38.404
-4.086 38.367
-4.053 38.323
-4.047 38.316
-4.024 38.282
-4.007 38.262
-4.002 38.251
-3.98 38.22
-3.936 38.159
-3.918 38.138
-3.917 38.133
-3.906 38.118
-3.832 38.016
-3.816 37.994
-3.812 37.992
-3.81 37.987
-3.767 37.923
-3.759 37.914
-3.744 37.894
-3.689 37.811
-3.564 37.758
-3.554 37.755
-3.545 37.749
-3.536 37.738
-3.519 37.7
-3.509 37.693
-3.505 37.679
-3.505 37.665
-3.512 37.64
-3.52 37.617
-3.52 37.608
-3.515 37.605
-3.506 37.605
-3.497 37.608
-3.473 37.626
-3.466 37.627
-3.461 37.627
-3.455 37.618
-3.457 37.602
-3.458 37.595
-3.453 37.591
-3.448 37.59
-3.44 37.592
-3.428 37.598
-3.415 37.606
-3.409 37.612
-3.405 37.614
-3.396 37.624
-3.373 37.645
-3.354 37.667
-3.309 37.711
-3.295 37.716
-3.23 37.705
-3.225 37.704
-3.21 37.7
-3.192 37.698
-3.101 37.683
-3.057 37.675
-3.048 37.665
-3.009 37.609
-3.008 37.609
-3 37.595
-2.989 37.582
-2.94 37.504
-2.927 37.484
-2.918 37.467
-2.911 37.458
-2.885 37.407
-2.878 37.394
-2.839 37.325
-2.833 37.31
-2.817 37.284
-2.81 37.272
-2.756 37.174
-2.754 37.169
-2.748 37.157
-2.735 37.138
-2.734 37.132
-2.696 37.064
-2.67 37.017
-2.667 37.012
-2.666 37.005
-2.659 36.996
-2.624 36.937
-2.61 36.907
-2.607 36.901
-2.602 36.896
-2.588 36.872
-2.547 36.798
-2.536 36.779
-2.53 36.771
-2.486 36.688
-2.48 36.677
-2.453 36.634
-2.447 36.621
-2.445 36.619
-2.437 36.606
-2.432 36.593
-2.424 36.579
-2.41 36.554
-2.365 36.477
-2.361 36.47
-2.344 36.437
-2.326 36.408
-2.314 36.382
-2.3 36.36
-2.291 36.346
-2.255 36.277
-2.241 36.257
-2.238 36.251
-2.234 36.246
-2.207 36.198
-2.171 36.132
-2.155 36.107
-2.15 36.094
-2.146 36.088
-2.085 35.981
-2.084 35.978
-2.067 35.953
-2.024 35.874
-2.021 35.869
-2.01 35.853
-2.003 35.837
-1.961 35.759
-1.959 35.757
-1.95 35.74
-1.942 35.731
-1.935 35.719
-1.898 35.65
-1.878 35.612
-1.862 35.587
-1.859 35.58
-1.838 35.54
-1.812 35.492
-1.797 35.466
-1.793 35.463
-1.784 35.443
-1.776 35.431
-1.77 35.421
-1.766 35.412
-1.748 35.379
-1.729 35.348
-1.726 35.341
-1.714 35.322
-1.714 35.321
-1.694 35.283
-1.653 35.211
-1.651 35.208
-1.644 35.198
-1.636 35.181
-1.593 35.103
-1.592 35.102
-1.582 35.087
-1.575 35.071
-1.567 35.058
-1.534 35
-1.53 34.992
-1.519 34.973
-1.507 34.955
-1.5 34.938
-1.485 34.914
-1.482 34.911
-1.481 34.908
-1.468 34.883
-1.432 34.822
-1.421 34.8
-1.406 34.774
-1.357 34.691
-1.349 34.673
-1.344 34.665
-1.324 34.631
-1.282 34.555
-1.266 34.528
-1.249 34.501
-1.219 34.446
-1.157 34.337
-1.134 34.295
-1.11 34.257
-1.106 34.246
-1.095 34.227
-1.068 34.181
-1.063 34.17
-1.032 34.119
-1.031 34.116
-1.025 34.105
-1.023 34.099
-1.025 34.08
-1.039 34.044
-1.039 34.036
-1.033 34.028
-1.027 34.027
-1.011 34.028
-1.006 34.032
-0.996 34.029
-0.994 34.024
-0.994 33.925
-0.92 33.923
-0.908 33.922
-0.889 33.923
-0.878 33.921
-0.861 33.923
-0.794 33.922
-0.7 33.92
-0.668 33.919
-0.602 33.917
-0.541 33.918
-0.528 33.918
-0.462 33.922
-0.452 33.925
-0.44 33.924
-0.416 33.929
-0.4 33.932
-0.394 33.932
-0.384 33.934
-0.316 33.945
-0.298 33.949
-0.295 33.955
-0.286 33.95
-0.261 33.955
-0.246 33.957
-0.201 33.962
-0.194 33.965
-0.144 33.973
-0.134 33.973
-0.121 33.97
-0.101 33.965
-0.082 33.959
0 33.938
0.018 33.936
0.067 33.92
0.073 33.918
0.073 33.916
0.103 33.909
0.121 33.919
0.134 33.929
0.16 33.947
0.173 33.959
0.179 33.961
0.184 33.964
0.236 34.001
0.251 34.012
0.269 34.025
0.285 34.042
0.309 34.054
0.335 34.078
0.348 34.091
0.356 34.098
0.368 34.105
0.382 34.109
0.395 34.11
0.413 34.106
0.431 34.097
0.447 34.094
0.448 34.094
0.456 34.094
0.467 34.099
0.473 34.106
0.481 34.125
0.485 34.128
0.492 34.126
0.521 34.129
0.529 34.123
0.531 34.124
0.542 34.13
0.552 34.132
0.574 34.138
0.581 34.141
0.585 34.145
0.587 34.155
0.599 34.159
0.611 34.178
0.614 34.188
0.626 34.197
0.626 34.212
0.627 34.217
0.628 34.218
0.634 34.23
0.637 34.246
0.644 34.267
0.653 34.276
0.658 34.278
0.676 34.28
0.696 34.304
0.698 34.309
0.711 34.314
0.721 34.315
0.746 34.313
0.755 34.314
0.764 34.32
0.769 34.326
0.77 34.328
0.775 34.337
0.778 34.354
0.782 34.365
0.789 34.378
0.801 34.391
0.809 34.41
0.813 34.414
0.82 34.418
0.829 34.416
0.836 34.419
0.852 34.425
0.856 34.438
0.876 34.451
0.911 34.464
0.928 34.476
0.94 34.481
