segment Mauritania
19.851 -16.389
19.851 -16.392
19.854 -16.397
19.856 -16.398
19.86 -16.397
19.866 -16.389
19.867 -16.384
19.863 -16.382
19.853 -16.385
19.851 -16.389
segment Mauritania
19.596 -16.432
19.604 -16.436
19.609 -16.436
19.613 -16.439
19.615 -16.444
19.622 -16.446
19.634 -16.444
19.653 -16.451
19.662 -16.447
19.672 -16.446
19.687 -16.452
19.689 -16.451
19.692 -16.451
19.721 -16.436
19.774 -16.421
19.803 -16.418
19.81 -16.416
19.815 -16.415
19.819 -16.411
19.822 -16.404
19.822 -16.399
19.818 -16.39
19.832 -16.375
19.849 -16.367
19.852 -16.363
19.855 -16.358
19.855 -16.351
19.852 -16.349
19.843 -16.348
19.818 -16.352
19.788 -16.357
19.784 -16.359
19.782 -16.364
19.777 -16.368
19.773 -16.367
19.77 -16.361
19.766 -16.359
19.758 -16.364
19.716 -16.37
19.703 -16.374
19.696 -16.376
19.681 -16.388
19.649 -16.399
19.645 -16.398
19.638 -16.402
19.635 -16.405
19.634 -16.409
19.632 -16.413
19.618 -16.417
19.614 -16.42
19.604 -16.423
19.597 -16.428
19.596 -16.432
segment Mauritania
19.688 -16.359
19.689 -16.362
19.692 -16.364
19.695 -16.364
19.704 -16.357
19.716 -16.352
19.737 -16.351
19.741 -16.349
19.745 -16.34
19.744 -16.338
19.74 -16.337
19.72 -16.34
19.691 -16.354
19.688 -16.359
segment Mauritania
19.671 -16.493
19.673 -16.501
19.677 -16.503
19.685 -16.503
19.688 -16.503
19.708 -16.497
19.723 -16.498
19.728 -16.493
19.734 -16.483
19.733 -16.48
19.727 -16.479
19.711 -16.477
19.702 -16.478
19.699 -16.48
19.676 -16.486
19.674 -16.488
19.671 -16.493
segment Mauritania
19.583 -16.397
19.584 -16.397
19.586 -16.398
19.598 -16.395
19.61 -16.398
19.625 -16.39
19.632 -16.378
19.639 -16.372
19.661 -16.364
19.671 -16.356
19.679 -16.355
19.683 -16.353
19.691 -16.344
19.697 -16.337
19.72 -16.324
19.726 -16.319
19.733 -16.305
19.734 -16.299
19.732 -16.295
19.726 -16.294
19.721 -16.298
19.716 -16.309
19.705 -16.319
19.69 -16.33
19.689 -16.331
19.677 -16.342
19.667 -16.347
19.661 -16.354
19.643 -16.363
19.629 -16.372
19.623 -16.379
19.617 -16.384
19.609 -16.388
19.605 -16.387
19.591 -16.39
19.585 -16.393
19.583 -16.397
segment Mauritania
19.641 -16.506
19.643 -16.513
19.646 -16.515
19.651 -16.515
19.655 -16.511
19.656 -16.505
19.654 -16.502
19.649 -16.501
19.645 -16.501
19.641 -16.506
segment Mauritania
20.61 -16.494
20.614 -16.497
20.63 -16.5
20.638 -16.503
20.64 -16.502
20.641 -16.495
20.639 -16.492
20.628 -16.49
20.617 -16.491
20.61 -16.494
segment Mauritania
20.594 -16.485
20.596 -16.487
20.602 -16.488
20.614 -16.487
20.621 -16.483
20.622 -16.479
20.594 -16.485
segment Mauritania
20.568 -16.449
20.568 -16.454
20.57 -16.459
20.571 -16.46
20.578 -16.467
20.586 -16.473
20.595 -16.476
20.609 -16.473
20.616 -16.47
20.617 -16.459
20.62 -16.455
20.62 -16.451
20.619 -16.448
20.615 -16.447
20.605 -16.45
20.589 -16.447
20.568 -16.449
segment Mauritania
20.774 -17.052
20.8 -17.058
20.84 -17.067
20.923 -17.066
20.944 -17.06
20.98 -17.049
21.04 -17.04
21.066 -17.028
21.07 -17.026
21.093 -17.009
21.105 -17.003
21.17 -16.987
21.183 -16.983
21.202 -16.977
21.221 -16.97
21.288 -16.951
21.327 -16.94
21.33 -16.919
21.331 -16.848
21.331 -16.829
21.332 -16.713
21.334 -16.579
21.335 -16.444
21.337 -16.309
21.338 -16.174
21.34 -16.039
21.341 -15.905
21.341 -15.877
21.342 -15.77
21.342 -15.635
21.343 -15.5
21.343 -15.365
21.343 -15.231
21.344 -15.096
21.344 -15
21.344 -14.961
21.344 -14.828
21.344 -14.826
21.342 -14.737
21.343 -14.723
21.343 -14.691
21.342 -14.652
21.343 -14.644
21.344 -14.596
21.342 -14.582
21.343 -14.557
21.343 -14.548
21.342 -14.422
21.342 -14.287
21.341 -14.233
21.342 -14.223
21.342 -14.152
21.341 -14.018
21.34 -13.883
21.339 -13.748
21.338 -13.613
21.337 -13.478
21.337 -13.43
21.336 -13.344
21.334 -13.209
21.334 -13.202
21.332 -13.15
21.333 -13.143
21.333 -13.109
21.332 -13.074
21.331 -13.002
21.389 -13.008
21.451 -13.014
21.514 -13.023
21.517 -13.023
21.521 -13.025
21.542 -13.025
21.593 -13.032
21.64 -13.036
21.703 -13.042
21.71 -13.045
21.73 -13.044
21.744 -13.047
21.765 -13.049
21.814 -13.053
21.82 -13.055
21.84 -13.055
21.854 -13.056
21.86 -13.059
21.874 -13.058
21.89 -13.06
21.929 -13.064
22.015 -13.072
22.091 -13.08
22.115 -13.084
22.141 -13.086
22.209 -13.092
22.267 -13.098
22.336 -13.106
22.392 -13.112
22.518 -13.124
22.558 -13.129
22.628 -13.134
22.643 -13.137
22.649 -13.138
22.731 -13.146
22.752 -13.145
22.769 -13.142
22.786 -13.138
22.892 -13.111
22.995 -13.085
23.014 -13.077
23.059 -13.059
23.083 -13.046
23.127 -13.019
23.127 -13.018
23.213 -12.957
23.231 -12.942
23.282 -12.899
23.286 -12.892
23.326 -12.853
23.329 -12.85
23.35 -12.825
23.362 -12.807
23.379 -12.776
23.378 -12.774
23.384 -12.768
23.388 -12.76
23.391 -12.741
23.391 -12.74
23.403 -12.605
23.415 -12.469
23.415 -12.464
23.422 -12.37
23.426 -12.333
23.428 -12.31
23.43 -12.258
23.435 -12.202
23.435 -12.196
23.444 -12.124
23.444 -12.076
23.446 -12.06
23.448 -12.038
23.455 -12
23.5 -12
23.6 -12
23.7 -12
23.8 -12
23.9 -12
24 -12
24.003 -12.001
24.105 -12.004
24.124 -12.004
24.239 -12.003
24.25 -12.003
24.376 -12.005
24.379 -12.005
24.503 -12.003
24.513 -12.003
24.629 -12.004
24.755 -12.006
24.787 -12.006
24.881 -12.006
25 -12.006
25.007 -12.006
25.133 -12.005
25.259 -12.005
25.385 -12.004
25.512 -12.004
25.638 -12.004
25.729 -12.003
25.764 -12.004
25.863 -12.005
25.89 -12.005
25.999 -12.004
25.998 -11.984
25.998 -11.919
25.998 -11.845
25.998 -11.705
25.999 -11.565
25.999 -11.426
25.998 -11.305
25.998 -11.286
25.999 -11.146
25.999 -11.006
25.999 -10.867
25.998 -10.841
26 -10.727
26 -10.686
26 -10.587
25.999 -10.448
25.999 -10.374
25.999 -10.308
26 -10.218
25.999 -10.168
25.999 -10.029
25.998 -10
25.998 -9.889
25.998 -9.888
25.999 -9.749
25.999 -9.697
25.998 -9.686
25.999 -9.61
26 -9.563
25.998 -9.487
25.998 -9.47
25.999 -9.33
25.999 -9.284
25.999 -9.191
25.998 -9.051
25.997 -8.979
25.997 -8.911
25.997 -8.772
25.998 -8.674
26.036 -8.674
26.162 -8.673
26.288 -8.672
26.304 -8.672
26.414 -8.672
26.541 -8.672
26.667 -8.672
26.793 -8.673
26.919 -8.673
27.046 -8.673
27.127 -8.671
27.172 -8.672
27.208 -8.673
27.288 -8.672
27.298 -8.674
27.294 -8.664
27.231 -8.554
27.163 -8.435
27.117 -8.356
27.095 -8.317
27.027 -8.198
26.959 -8.079
26.891 -7.96
26.854 -7.895
26.824 -7.841
26.769 -7.74
26.758 -7.721
26.69 -7.602
26.637 -7.51
26.622 -7.484
26.553 -7.366
26.484 -7.249
26.415 -7.132
26.344 -7.015
26.341 -7
26.304 -6.941
26.299 -6.93
26.288 -6.915
26.285 -6.907
26.156 -6.695
26.147 -6.676
26.141 -6.671
26.115 -6.628
26.111 -6.625
26.062 -6.541
26.023 -6.48
26.022 -6.476
25.989 -6.423
25.986 -6.416
25.981 -6.411
25.974 -6.398
25.964 -6.385
25.945 -6.349
25.939 -6.342
25.825 -6.154
25.814 -6.138
25.807 -6.124
25.8 -6.116
25.794 -6.103
25.782 -6.084
25.776 -6.071
25.771 -6.066
25.719 -5.98
25.693 -5.934
25.645 -5.86
25.635 -5.841
25.579 -5.752
25.467 -5.57
25.446 -5.538
25.366 -5.409
25.363 -5.406
25.326 -5.346
25.32 -5.336
25.209 -5.162
25.194 -5.136
25.189 -5.13
25.127 -5.035
25.109 -5.002
25.107 -5
25.07 -4.942
25.003 -4.837
25 -4.835
25 -4.917
25 -5
25 -5.002
25 -5.085
25 -5.105
25 -5.113
25 -5.133
25 -5.169
25 -5.252
25 -5.291
25 -5.335
25 -5.377
25 -5.418
25 -5.502
25 -5.585
25 -5.668
25 -5.752
25 -5.781
25 -5.795
25 -5.835
25 -5.882
25 -5.891
25 -5.918
25 -5.946
25 -6.002
25 -6.085
25 -6.148
25 -6.153
25 -6.168
25 -6.252
25 -6.31
25 -6.335
25 -6.418
25 -6.465
25 -6.473
25 -6.481
25 -6.484
25 -6.501
25 -6.517
25 -6.562
25 -6.564
24.921 -6.555
24.884 -6.553
24.412 -6.497
24.36 -6.493
24.319 -6.487
24.151 -6.469
24.032 -6.455
24 -6.452
23.982 -6.455
23.952 -6.451
23.943 -6.452
23.939 -6.45
23.932 -6.448
23.874 -6.442
23.87 -6.441
23.864 -6.441
23.833 -6.437
23.83 -6.438
23.816 -6.435
23.803 -6.433
23.79 -6.433
23.735 -6.425
23.721 -6.422
23.714 -6.423
23.707 -6.422
23.701 -6.421
23.694 -6.42
23.687 -6.417
23.673 -6.418
23.647 -6.413
23.64 -6.414
23.578 -6.406
23.571 -6.403
23.557 -6.403
23.543 -6.401
23.531 -6.398
23.518 -6.398
23.497 -6.396
23.491 -6.393
23.478 -6.394
23.423 -6.387
23.41 -6.384
23.397 -6.384
23.383 -6.383
23.379 -6.381
23.365 -6.384
23.365 -6.383
23.36 -6.38
23.353 -6.379
23.347 -6.376
23.34 -6.376
23.335 -6.378
23.329 -6.376
23.273 -6.37
23.26 -6.367
23.251 -6.368
23.231 -6.364
23.192 -6.359
23.18 -6.356
23.171 -6.357
23.157 -6.355
23.156 -6.352
23.145 -6.352
23.14 -6.353
23.119 -6.351
23.103 -6.353
23.103 -6.349
23.075 -6.346
23.069 -6.344
23.062 -6.343
23.056 -6.343
23.036 -6.341
23.03 -6.339
23.016 -6.338
23.001 -6.336
22.998 -6.335
22.971 -6.334
22.941 -6.329
22.912 -6.327
22.904 -6.325
22.891 -6.324
22.871 -6.321
22.862 -6.321
22.86 -6.32
22.846 -6.318
22.839 -6.319
22.798 -6.314
22.793 -6.311
22.781 -6.312
22.76 -6.31
22.755 -6.31
22.731 -6.307
22.715 -6.303
22.709 -6.305
22.643 -6.297
22.616 -6.293
22.599 -6.293
22.591 -6.291
22.578 -6.289
22.558 -6.288
22.555 -6.287
22.507 -6.281
22.466 -6.275
22.445 -6.274
22.432 -6.271
22.412 -6.27
22.405 -6.268
22.331 -6.261
22.317 -6.257
22.313 -6.259
22.288 -6.255
22.278 -6.253
22.272 -6.253
22.251 -6.25
22.242 -6.25
22.235 -6.248
22.181 -6.243
22.174 -6.24
22.156 -6.24
22.035 -6.225
22.015 -6.224
22.002 -6.221
22.002 -6.222
21.981 -6.219
21.967 -6.219
21.961 -6.217
21.947 -6.215
21.936 -6.215
21.92 -6.212
21.892 -6.21
21.865 -6.207
21.859 -6.207
21.853 -6.205
21.822 -6.202
21.816 -6.202
21.809 -6.2
21.782 -6.197
21.769 -6.195
21.706 -6.188
21.699 -6.188
21.651 -6.181
21.631 -6.18
21.548 -6.17
21.513 -6.166
21.507 -6.164
21.493 -6.163
21.479 -6.162
21.465 -6.159
21.396 -6.152
21.369 -6.148
21.355 -6.147
21.321 -6.142
21.259 -6.135
21.245 -6.136
21.231 -6.133
21.204 -6.13
21.191 -6.128
21.177 -6.127
21.163 -6.126
21.158 -6.125
21.092 -6.117
21.087 -6.118
21.08 -6.117
21.073 -6.115
20.941 -6.1
20.929 -6.098
20.891 -6.093
20.891 -6.094
20.864 -6.091
20.85 -6.089
20.823 -6.085
20.781 -6.081
20.774 -6.079
20.761 -6.077
20.736 -6.076
20.733 -6.074
20.719 -6.072
20.705 -6.072
20.692 -6.069
20.671 -6.067
20.643 -6.063
20.63 -6.064
20.623 -6.063
20.616 -6.061
20.609 -6.06
20.602 -6.061
20.588 -6.059
20.58 -6.056
20.561 -6.055
20.526 -6.05
20.319 -6.026
20.312 -6.026
20.154 -6.005
20.139 -6.003
20.13 -6
20.123 -6.004
20.104 -6.001
20.1 -6.005
20.095 -6.001
20.066 -5.999
20.061 -5.998
20.054 -5.998
20.048 -5.996
20.041 -5.996
20.035 -5.998
20.031 -5.996
20.024 -5.995
20.018 -5.995
20 -5.992
20 -6.002
20 -5.992
20 -5.991
19.982 -5.99
19.969 -5.987
19.948 -5.986
19.934 -5.984
19.923 -5.984
19.859 -5.976
19.853 -5.974
19.839 -5.973
19.832 -5.975
19.828 -5.973
19.806 -5.969
19.792 -5.967
19.786 -5.967
19.78 -5.967
19.773 -5.965
19.725 -5.96
19.732 -5.96
19.704 -5.957
19.696 -5.957
19.694 -5.956
19.666 -5.953
19.658 -5.953
19.651 -5.951
19.631 -5.949
19.621 -5.95
19.62 -5.949
19.557 -5.941
19.542 -5.938
19.54 -5.939
19.526 -5.937
19.513 -5.938
19.507 -5.936
19.5 -5.935
19.473 -5.932
19.459 -5.93
19.404 -5.924
19.35 -5.917
19.329 -5.915
19.315 -5.913
19.301 -5.912
19.281 -5.91
19.246 -5.906
19.239 -5.905
19.163 -5.898
19.157 -5.896
19.146 -5.896
19.101 -5.89
19.088 -5.888
19.081 -5.887
19.074 -5.886
19.067 -5.886
19.06 -5.884
19.032 -5.882
19.012 -5.878
19.001 -5.879
18.998 -5.877
18.986 -5.876
18.889 -5.866
18.871 -5.865
18.862 -5.863
18.849 -5.862
18.828 -5.859
18.814 -5.858
18.808 -5.857
18.745 -5.85
18.732 -5.85
18.725 -5.849
18.719 -5.847
18.692 -5.844
18.616 -5.835
18.609 -5.834
18.574 -5.831
18.554 -5.828
18.54 -5.828
18.526 -5.826
18.423 -5.814
18.395 -5.811
18.382 -5.808
18.371 -5.807
18.343 -5.804
18.315 -5.801
18.309 -5.801
18.296 -5.799
18.289 -5.798
18.261 -5.795
18.186 -5.787
18.166 -5.786
18.131 -5.781
18.118 -5.781
18.036 -5.771
18.015 -5.769
18.008 -5.768
18.003 -5.766
18.002 -5.766
17.995 -5.766
17.981 -5.765
17.959 -5.764
17.955 -5.762
17.941 -5.761
17.929 -5.76
17.921 -5.76
17.917 -5.758
17.849 -5.751
17.84 -5.749
17.819 -5.747
17.804 -5.747
17.798 -5.745
17.785 -5.744
17.779 -5.743
17.769 -5.744
17.767 -5.743
17.705 -5.736
17.699 -5.734
17.686 -5.733
17.665 -5.731
17.649 -5.73
17.648 -5.729
17.628 -5.727
17.622 -5.725
17.609 -5.724
17.549 -5.717
17.538 -5.717
17.532 -5.715
17.496 -5.711
17.493 -5.71
17.385 -5.699
17.374 -5.697
17.35 -5.695
17.317 -5.691
17.31 -5.691
17.289 -5.688
17.276 -5.688
17.269 -5.686
17.234 -5.683
17.229 -5.683
17.2 -5.679
17.194 -5.679
17.182 -5.677
17.162 -5.675
17.156 -5.675
17.106 -5.669
17.08 -5.667
17.004 -5.658
17.001 -5.66
16.997 -5.66
16.991 -5.659
16.985 -5.656
16.957 -5.652
16.923 -5.649
16.917 -5.649
16.9 -5.646
16.881 -5.644
16.499 -5.603
16.333 -5.327
16 -5.398
15.919 -5.415
15.796 -5.442
15.775 -5.447
15.767 -5.45
15.757 -5.451
15.673 -5.47
15.549 -5.497
15.508 -5.506
15.505 -5.51
15.502 -5.515
15.502 -5.541
15.501 -5.553
15.5 -5.586
15.499 -5.597
15.5 -5.659
15.5 -5.688
15.499 -5.773
15.497 -5.79
15.496 -5.809
15.495 -5.92
15.495 -5.999
15.496 -5.999
15.494 -6.006
15.495 -6.049
15.496 -6.077
15.494 -6.113
15.495 -6.138
15.494 -6.154
15.495 -6.157
15.495 -6.179
15.496 -6.309
15.497 -6.373
15.495 -6.38
15.496 -6.393
15.497 -6.439
15.497 -6.449
15.498 -6.452
15.496 -6.456
15.497 -6.568
15.497 -6.57
15.496 -6.572
15.497 -6.578
15.498 -6.669
15.499 -6.697
15.499 -6.718
15.498 -6.73
15.499 -6.752
15.498 -6.827
15.497 -6.903
15.497 -6.958
15.498 -7.088
15.498 -7.139
15.495 -7.143
15.495 -7.152
15.498 -7.162
15.498 -7.217
15.499 -7.295
15.499 -7.347
15.499 -7.477
15.499 -7.607
15.5 -7.639
15.499 -7.648
15.5 -7.667
15.498 -7.676
15.499 -7.737
15.499 -7.785
15.498 -7.867
15.497 -7.904
15.498 -7.972
15.496 -7.984
15.498 -7.992
15.498 -7.997
15.498 -8.059
15.497 -8.067
15.498 -8.096
15.496 -8.108
15.498 -8.111
15.498 -8.126
15.497 -8.245
15.499 -8.256
15.497 -8.267
15.498 -8.359
15.495 -8.386
15.497 -8.387
15.497 -8.398
15.497 -8.401
15.496 -8.415
15.497 -8.415
15.498 -8.431
15.498 -8.52
15.497 -8.527
15.496 -8.532
15.498 -8.594
15.499 -8.602
15.498 -8.608
15.498 -8.657
15.498 -8.787
15.498 -8.862
15.496 -8.899
15.497 -8.917
15.498 -8.968
15.496 -8.971
15.497 -8.988
15.497 -9.047
15.497 -9.119
15.498 -9.124
15.497 -9.134
15.496 -9.177
15.496 -9.201
15.496 -9.307
15.496 -9.328
15.515 -9.334
15.524 -9.335
15.569 -9.332
15.6 -9.326
15.632 -9.32
15.666 -9.311
15.675 -9.313
15.692 -9.332
15.676 -9.351
15.665 -9.365
15.611 -9.42
15.598 -9.443
15.591 -9.441
15.59 -9.44
15.583 -9.437
15.578 -9.438
15.577 -9.438
15.515 -9.425
15.441 -9.409
15.434 -9.408
15.433 -9.454
15.433 -9.464
15.434 -9.475
15.431 -9.542
15.433 -9.55
15.431 -9.559
15.43 -9.583
15.427 -9.698
15.425 -9.704
15.417 -9.706
15.41 -9.707
15.405 -9.712
15.403 -9.716
15.404 -9.731
15.408 -9.752
15.401 -9.757
15.391 -9.767
15.373 -9.794
15.37 -9.801
15.365 -9.811
15.361 -9.831
15.361 -9.834
15.36 -9.863
15.363 -9.884
15.369 -9.9
15.374 -9.922
15.37 -9.928
15.37 -9.934
15.363 -9.96
15.362 -9.966
15.357 -9.998
15.357 -10
15.359 -10.039
15.358 -10.088
15.358 -10.09
15.367 -10.131
15.385 -10.182
15.397 -10.213
15.402 -10.224
15.403 -10.233
15.406 -10.239
15.41 -10.253
15.413 -10.257
15.414 -10.268
15.431 -10.321
15.434 -10.336
15.431 -10.348
15.432 -10.371
15.435 -10.382
15.437 -10.384
15.439 -10.394
15.437 -10.407
15.439 -10.419
15.437 -10.458
15.438 -10.46
15.44 -10.47
15.44 -10.495
15.439 -10.5
15.44 -10.508
15.436 -10.53
15.433 -10.563
15.43 -10.569
15.427 -10.588
15.424 -10.591
15.421 -10.597
15.422 -10.626
15.42 -10.633
15.413 -10.643
15.413 -10.645
15.406 -10.656
15.405 -10.664
15.414 -10.67
15.428 -10.68
15.434 -10.688
15.434 -10.694
15.438 -10.713
15.437 -10.724
15.432 -10.728
15.424 -10.729
15.406 -10.726
15.401 -10.724
15.395 -10.722
15.388 -10.721
15.374 -10.72
15.373 -10.719
15.368 -10.718
15.361 -10.724
15.349 -10.727
15.332 -10.743
15.331 -10.748
15.333 -10.75
15.33 -10.762
15.32 -10.776
15.319 -10.777
15.306 -10.778
15.303 -10.78
15.303 -10.788
15.306 -10.795
15.305 -10.798
15.303 -10.8
15.296 -10.806
15.274 -10.823
15.269 -10.829
15.244 -10.825
15.218 -10.835
15.214 -10.839
15.21 -10.843
15.206 -10.857
15.189 -10.874
15.178 -10.874
15.15 -10.877
15.141 -10.88
15.13 -10.88
15.126 -10.885
15.106 -10.896
15.104 -10.903
15.109 -10.905
15.116 -10.912
15.124 -10.916
15.128 -10.921
15.143 -10.928
15.154 -10.945
15.165 -10.946
15.17 -10.946
15.176 -10.955
15.189 -10.968
15.238 -10.999
15.247 -11.01
15.248 -11.015
15.256 -11.028
15.259 -11.033
15.269 -11.045
15.291 -11.06
15.304 -11.075
15.339 -11.125
15.349 -11.139
15.349 -11.143
15.373 -11.177
15.394 -11.2
15.4 -11.21
15.408 -11.232
15.411 -11.24
15.42 -11.254
15.445 -11.282
15.455 -11.291
15.49 -11.314
15.497 -11.319
15.507 -11.328
15.526 -11.363
15.542 -11.368
15.569 -11.369
15.574 -11.371
15.586 -11.382
15.59 -11.386
15.607 -11.398
15.63 -11.412
15.641 -11.422
15.645 -11.429
15.643 -11.481
15.643 -11.499
15.638 -11.511
15.622 -11.503
15.619 -11.502
15.608 -11.518
15.606 -11.526
15.589 -11.546
15.583 -11.552
15.578 -11.56
15.576 -11.567
15.571 -11.57
15.556 -11.572
15.55 -11.569
15.543 -11.571
15.538 -11.577
15.533 -11.588
15.531 -11.595
15.529 -11.601
15.53 -11.62
15.522 -11.629
15.521 -11.646
15.522 -11.654
15.532 -11.664
15.536 -11.669
15.532 -11.679
15.532 -11.704
15.536 -11.705
15.538 -11.712
15.526 -11.715
15.494 -11.715
15.487 -11.715
15.483 -11.717
15.479 -11.722
15.473 -11.736
15.468 -11.742
15.456 -11.747
15.443 -11.75
15.411 -11.753
15.405 -11.757
15.394 -11.756
15.337 -11.771
15.321 -11.786
15.305 -11.797
15.278 -11.805
15.26 -11.807
15.242 -11.805
15.233 -11.807
15.216 -11.813
15.201 -11.823
15.189 -11.832
15.187 -11.833
15.18 -11.837
15.172 -11.838
15.163 -11.836
15.156 -11.832
15.147 -11.82
15.141 -11.817
15.136 -11.816
15.128 -11.82
15.116 -11.834
15.112 -11.838
15.092 -11.847
15.087 -11.846
15.083 -11.843
15.081 -11.838
15.076 -11.835
15.071 -11.835
15.065 -11.838
15.048 -11.847
15.041 -11.843
15.037 -11.838
15.037 -11.832
15.039 -11.828
15.046 -11.822
15.047 -11.815
15.044 -11.802
15.025 -11.792
15.019 -11.793
15 -11.8
14.994 -11.801
14.966 -11.807
14.944 -11.814
14.939 -11.815
14.929 -11.817
14.922 -11.815
14.902 -11.806
14.897 -11.808
14.893 -11.813
14.889 -11.827
14.885 -11.832
14.88 -11.836
14.866 -11.847
14.844 -11.869
14.822 -11.907
14.818 -11.92
14.817 -11.93
14.814 -11.937
14.81 -11.939
14.808 -11.94
14.79 -11.944
14.783 -11.948
14.776 -11.956
14.762 -11.979
14.76 -11.991
14.763 -12
14.763 -12.008
14.759 -12.023
14.76 -12.04
14.758 -12.047
14.752 -12.05
14.74 -12.045
14.723 -12.05
14.718 -12.054
14.716 -12.057
14.717 -12.062
14.745 -12.112
14.761 -12.122
14.769 -12.128
14.773 -12.136
14.774 -12.146
14.772 -12.153
14.758 -12.18
14.759 -12.206
14.757 -12.221
14.758 -12.236
14.761 -12.242
14.765 -12.251
14.767 -12.262
14.778 -12.287
14.793 -12.303
14.812 -12.32
14.82 -12.328
14.825 -12.336
14.828 -12.364
14.839 -12.388
14.848 -12.403
14.87 -12.432
14.881 -12.441
14.891 -12.451
14.896 -12.453
14.955 -12.46
14.985 -12.469
14.993 -12.474
14.998 -12.478
15 -12.48
15.002 -12.482
15.01 -12.493
15.014 -12.503
15.021 -12.536
15.029 -12.554
15.033 -12.56
15.06 -12.588
15.068 -12.596
15.083 -12.618
15.091 -12.638
15.099 -12.658
15.1 -12.666
15.098 -12.68
15.092 -12.685
15.084 -12.686
15.08 -12.689
15.081 -12.692
15.092 -12.702
15.098 -12.715
15.109 -12.73
15.117 -12.74
15.129 -12.755
15.136 -12.767
15.141 -12.78
15.147 -12.789
15.151 -12.792
15.163 -12.792
15.181 -12.791
15.193 -12.791
15.202 -12.794
15.21 -12.803
15.212 -12.811
15.211 -12.819
15.206 -12.827
15.197 -12.838
15.195 -12.846
15.198 -12.85
15.217 -12.861
15.23 -12.874
15.244 -12.895
15.253 -12.899
15.26 -12.898
15.265 -12.892
15.266 -12.885
15.256 -12.867
15.253 -12.855
15.256 -12.847
15.257 -12.845
15.266 -12.839
15.281 -12.837
15.292 -12.84
15.302 -12.846
15.322 -12.865
15.332 -12.888
15.336 -12.903
15.337 -12.912
15.341 -12.923
15.357 -12.943
15.371 -12.946
15.392 -12.948
15.402 -12.948
15.417 -12.942
15.43 -12.93
15.435 -12.93
15.439 -12.934
15.441 -12.939
15.44 -12.95
15.444 -12.96
15.454 -12.964
15.47 -12.96
15.483 -12.965
15.494 -12.963
15.499 -12.964
15.501 -12.969
15.493 -12.984
15.491 -12.999
15.489 -13.005
15.478 -13.021
15.471 -13.046
15.473 -13.06
15.479 -13.073
15.493 -13.098
15.5 -13.104
15.51 -13.105
15.517 -13.103
15.544 -13.092
15.556 -13.092
15.565 -13.097
15.572 -13.095
15.577 -13.097
15.587 -13.117
15.608 -13.16
15.62 -13.183
15.622 -13.192
15.621 -13.202
15.607 -13.221
15.609 -13.227
15.613 -13.232
15.617 -13.236
15.644 -13.25
15.662 -13.255
15.668 -13.255
15.674 -13.251
15.675 -13.244
15.669 -13.23
15.673 -13.224
15.681 -13.217
15.689 -13.215
15.694 -13.216
15.698 -13.222
15.708 -13.233
15.758 -13.292
15.772 -13.297
15.781 -13.294
15.785 -13.29
15.787 -13.284
15.783 -13.277
15.784 -13.272
15.786 -13.271
15.802 -13.289
15.814 -13.3
15.831 -13.306
15.841 -13.309
15.861 -13.305
15.869 -13.311
15.876 -13.318
15.877 -13.321
15.879 -13.327
15.886 -13.333
15.893 -13.336
15.903 -13.332
15.914 -13.322
15.922 -13.327
15.946 -13.357
15.962 -13.366
15.972 -13.374
15.995 -13.375
16 -13.375
16.005 -13.372
16.012 -13.375
16.021 -13.375
16.042 -13.37
16.05 -13.371
16.054 -13.374
16.067 -13.403
16.077 -13.434
16.078 -13.436
16.083 -13.443
16.087 -13.447
16.103 -13.453
16.107 -13.458
16.106 -13.465
16.103 -13.471
16.086 -13.482
16.08 -13.489
16.081 -13.497
16.089 -13.507
16.096 -13.512
16.099 -13.511
16.108 -13.506
16.111 -13.503
16.119 -13.492
16.122 -13.478
16.125 -13.471
16.132 -13.468
16.137 -13.471
16.145 -13.481
16.146 -13.486
16.131 -13.506
16.129 -13.513
16.127 -13.527
16.133 -13.55
16.135 -13.566
16.135 -13.577
16.129 -13.59
16.117 -13.609
16.112 -13.622
16.108 -13.629
16.105 -13.637
16.108 -13.654
16.105 -13.661
16.095 -13.677
16.096 -13.685
16.101 -13.691
16.114 -13.701
16.122 -13.708
16.131 -13.712
16.135 -13.713
16.144 -13.709
16.155 -13.699
16.161 -13.698
16.17 -13.698
16.175 -13.701
16.18 -13.708
16.181 -13.716
16.173 -13.725
16.156 -13.738
16.149 -13.745
16.144 -13.763
16.143 -13.788
16.14 -13.805
16.137 -13.814
16.134 -13.818
16.121 -13.832
16.107 -13.84
16.111 -13.845
16.123 -13.847
16.126 -13.849
16.129 -13.859
16.139 -13.862
16.149 -13.87
16.159 -13.873
16.167 -13.871
16.177 -13.867
16.183 -13.866
16.188 -13.867
16.195 -13.873
16.197 -13.877
16.196 -13.883
16.194 -13.891
16.193 -13.897
16.196 -13.902
16.205 -13.908
16.219 -13.911
16.225 -13.91
16.23 -13.912
16.232 -13.916
16.23 -13.926
16.236 -13.936
16.236 -13.939
16.234 -13.945
16.223 -13.962
16.224 -13.965
16.232 -13.965
16.244 -13.961
16.257 -13.957
16.267 -13.945
16.272 -13.948
16.278 -13.959
16.276 -13.978
16.296 -13.983
16.302 -13.982
16.304 -13.979
16.303 -13.96
16.305 -13.954
16.307 -13.951
16.31 -13.952
16.319 -13.955
16.32 -13.956
16.331 -13.96
16.337 -13.967
16.341 -13.981
16.349 -13.994
16.352 -14.003
16.35 -14.012
16.353 -14.021
16.378 -14.038
16.384 -14.045
16.39 -14.05
16.392 -14.054
16.4 -14.063
16.412 -14.072
16.417 -14.077
16.427 -14.097
16.431 -14.101
16.444 -14.108
16.449 -14.114
16.451 -14.121
16.456 -14.129
16.465 -14.132
16.469 -14.13
16.476 -14.125
16.479 -14.127
16.479 -14.135
16.475 -14.143
16.476 -14.145
16.48 -14.151
16.496 -14.163
16.498 -14.165
16.512 -14.195
16.518 -14.196
16.53 -14.195
16.536 -14.199
16.544 -14.209
16.55 -14.224
16.552 -14.233
16.552 -14.24
16.549 -14.247
16.542 -14.254
16.534 -14.256
16.533 -14.257
16.52 -14.253
16.52 -14.256
16.538 -14.265
16.555 -14.269
16.575 -14.267
16.583 -14.271
16.587 -14.278
16.588 -14.282
16.577 -14.297
16.575 -14.31
16.575 -14.314
16.57 -14.324
16.57 -14.326
16.577 -14.33
16.586 -14.329
16.606 -14.322
16.63 -14.323
16.638 -14.326
16.643 -14.333
16.644 -14.343
16.637 -14.363
16.638 -14.364
16.639 -14.38
16.639 -14.394
16.64 -14.404
16.651 -14.412
16.653 -14.413
16.654 -14.419
16.65 -14.43
16.646 -14.435
16.634 -14.44
16.63 -14.445
16.629 -14.452
16.629 -14.477
16.625 -14.482
16.624 -14.485
16.622 -14.487
16.62 -14.493
16.62 -14.497
16.629 -14.51
16.63 -14.519
16.632 -14.521
16.634 -14.526
16.643 -14.534
16.648 -14.541
16.645 -14.546
16.642 -14.549
16.624 -14.554
16.627 -14.565
16.626 -14.583
16.628 -14.588
16.627 -14.593
16.623 -14.598
16.629 -14.606
16.633 -14.62
16.632 -14.624
16.631 -14.628
16.623 -14.634
16.624 -14.638
16.632 -14.647
16.634 -14.638
16.636 -14.635
16.641 -14.633
16.646 -14.634
16.651 -14.639
16.652 -14.651
16.649 -14.663
16.652 -14.679
16.643 -14.702
16.643 -14.704
16.643 -14.707
16.644 -14.713
16.647 -14.717
16.65 -14.72
16.649 -14.728
16.637 -14.728
16.635 -14.734
16.633 -14.737
16.624 -14.735
16.624 -14.739
16.633 -14.75
16.641 -14.75
16.645 -14.748
16.649 -14.75
16.655 -14.757
16.658 -14.763
16.659 -14.768
16.657 -14.771
16.634 -14.785
16.634 -14.786
16.635 -14.789
16.656 -14.811
16.655 -14.817
16.65 -14.821
16.638 -14.823
16.636 -14.825
16.637 -14.829
16.643 -14.837
16.641 -14.856
16.663 -14.874
16.663 -14.879
16.663 -14.882
16.661 -14.885
16.644 -14.891
16.636 -14.895
16.635 -14.897
16.635 -14.904
16.638 -14.907
16.647 -14.909
16.651 -14.912
16.651 -14.916
16.635 -14.932
16.634 -14.937
16.635 -14.944
16.643 -14.948
16.662 -14.952
16.664 -14.953
16.672 -14.956
16.681 -14.963
16.684 -14.968
16.688 -14.971
16.692 -14.978
16.692 -14.983
16.69 -14.992
16.687 -14.997
16.681 -15
16.68 -15.001
16.65 -15.009
16.636 -15.023
16.633 -15.031
16.631 -15.034
16.63 -15.041
16.632 -15.051
16.635 -15.056
16.655 -15.067
16.672 -15.079
16.675 -15.085
16.676 -15.092
16.676 -15.099
16.673 -15.105
16.663 -15.115
16.651 -15.123
16.648 -15.124
16.64 -15.127
16.634 -15.126
16.63 -15.123
16.625 -15.112
16.625 -15.106
16.622 -15.102
16.617 -15.097
16.612 -15.095
16.61 -15.095
16.6 -15.099
16.596 -15.103
16.593 -15.11
16.59 -15.124
16.59 -15.138
16.593 -15.149
16.595 -15.151
16.596 -15.157
16.597 -15.16
16.601 -15.172
16.599 -15.178
16.59 -15.186
16.583 -15.2
16.568 -15.223
16.564 -15.233
16.565 -15.24
16.569 -15.247
16.576 -15.257
16.578 -15.263
16.578 -15.271
16.578 -15.278
16.583 -15.292
16.585 -15.313
16.583 -15.319
16.57 -15.337
16.568 -15.343
16.568 -15.364
16.566 -15.369
16.558 -15.377
16.55 -15.388
16.543 -15.406
16.545 -15.419
16.549 -15.427
16.554 -15.432
16.564 -15.435
16.575 -15.437
16.592 -15.452
16.596 -15.461
16.597 -15.469
16.592 -15.478
16.585 -15.483
16.581 -15.489
16.575 -15.508
16.571 -15.516
16.559 -15.522
16.549 -15.52
16.537 -15.511
16.535 -15.511
16.531 -15.514
16.531 -15.515
16.529 -15.516
16.526 -15.521
16.522 -15.531
16.516 -15.55
16.517 -15.562
16.519 -15.573
16.525 -15.584
16.526 -15.584
16.532 -15.599
16.53 -15.626
16.526 -15.632
16.518 -15.634
16.506 -15.629
16.501 -15.628
16.497 -15.629
16.492 -15.636
16.489 -15.646
16.487 -15.655
16.482 -15.694
16.475 -15.701
16.475 -15.706
16.49 -15.73
16.492 -15.742
16.493 -15.761
16.496 -15.777
16.498 -15.788
16.508 -15.808
16.508 -15.823
16.507 -15.832
16.499 -15.845
16.494 -15.858
16.508 -15.86
16.513 -15.863
16.514 -15.866
16.517 -15.877
16.518 -15.886
16.518 -15.897
16.515 -15.912
16.504 -15.935
16.488 -15.956
16.489 -15.97
16.502 -15.993
16.502 -15.999
16.502 -16.003
16.499 -16.013
16.486 -16.028
16.478 -16.045
16.479 -16.051
16.483 -16.055
16.494 -16.061
16.511 -16.08
16.521 -16.097
16.525 -16.098
16.529 -16.099
16.54 -16.097
16.546 -16.099
16.551 -16.103
16.556 -16.112
16.557 -16.116
16.553 -16.139
16.548 -16.154
16.544 -16.16
16.532 -16.169
16.529 -16.172
16.524 -16.179
16.517 -16.189
16.515 -16.211
16.516 -16.219
16.524 -16.233
16.527 -16.241
16.527 -16.251
16.525 -16.263
16.519 -16.271
16.518 -16.275
16.514 -16.276
16.514 -16.278
16.508 -16.283
16.497 -16.285
16.488 -16.284
16.478 -16.285
16.474 -16.288
16.468 -16.3
16.456 -16.306
16.446 -16.308
16.411 -16.311
16.408 -16.315
16.407 -16.324
16.398 -16.332
16.385 -16.334
16.362 -16.331
16.356 -16.332
16.339 -16.341
16.337 -16.343
16.337 -16.353
16.332 -16.357
16.306 -16.368
16.293 -16.365
16.278 -16.353
16.271 -16.351
16.256 -16.363
16.236 -16.371
16.221 -16.383
16.219 -16.384
16.214 -16.392
16.215 -16.4
16.221 -16.408
16.22 -16.414
16.212 -16.432
16.209 -16.436
16.188 -16.447
16.179 -16.451
16.158 -16.45
16.154 -16.451
16.148 -16.453
16.143 -16.45
16.135 -16.45
16.124 -16.455
16.12 -16.455
16.109 -16.443
16.106 -16.441
16.102 -16.443
16.097 -16.451
16.093 -16.451
16.09 -16.453
16.086 -16.456
16.086 -16.459
16.085 -16.465
16.08 -16.472
16.076 -16.475
16.077 -16.485
16.073 -16.494
16.063 -16.502
16.062 -16.506
16.081 -16.508
16.119 -16.508
16.123 -16.508
16.161 -16.508
16.194 -16.505
16.219 -16.507
16.249 -16.512
16.265 -16.515
16.28 -16.515
16.308 -16.51
16.355 -16.494
16.371 -16.487
16.384 -16.481
16.413 -16.47
16.488 -16.448
16.491 -16.448
16.515 -16.445
16.55 -16.445
16.594 -16.438
16.607 -16.439
16.616 -16.437
16.625 -16.436
16.64 -16.432
16.664 -16.421
16.706 -16.406
16.734 -16.393
16.77 -16.377
16.788 -16.374
16.821 -16.36
16.845 -16.353
16.853 -16.35
16.889 -16.333
16.952 -16.309
16.97 -16.3
16.996 -16.288
17.054 -16.265
17.066 -16.258
17.081 -16.253
17.087 -16.251
17.133 -16.228
17.201 -16.202
17.203 -16.2
17.218 -16.19
17.229 -16.189
17.32 -16.152
17.399 -16.12
17.431 -16.11
17.434 -16.11
17.438 -16.108
17.458 -16.1
17.495 -16.092
17.56 -16.075
17.57 -16.073
17.593 -16.07
17.61 -16.064
17.63 -16.06
17.671 -16.055
17.679 -16.052
17.684 -16.051
17.711 -16.047
17.731 -16.046
17.743 -16.044
17.768 -16.045
17.783 -16.043
17.799 -16.045
17.809 -16.044
17.83 -16.043
17.857 -16.038
17.903 -16.033
17.914 -16.033
17.935 -16.031
17.994 -16.024
18.032 -16.023
18.061 -16.024
18.079 -16.025
18.108 -16.029
18.13 -16.029
18.153 -16.032
18.171 -16.028
18.184 -16.029
18.186 -16.03
18.208 -16.038
18.227 -16.039
18.243 -16.037
18.267 -16.039
18.294 -16.043
18.309 -16.048
18.31 -16.049
18.33 -16.052
18.355 -16.054
18.375 -16.053
18.39 -16.055
18.435 -16.056
18.455 -16.056
18.495 -16.067
18.51 -16.073
18.522 -16.075
18.556 -16.089
18.558 -16.09
18.57 -16.092
18.589 -16.1
18.624 -16.119
18.66 -16.135
18.673 -16.139
18.689 -16.143
18.698 -16.145
18.707 -16.144
18.718 -16.145
18.733 -16.148
18.755 -16.151
18.762 -16.153
18.772 -16.161
18.782 -16.164
18.83 -16.171
18.897 -16.179
18.921 -16.185
18.942 -16.194
18.953 -16.199
18.968 -16.207
18.999 -16.22
19.024 -16.23
19.068 -16.254
19.08 -16.26
19.107 -16.282
19.122 -16.297
19.146 -16.312
19.156 -16.322
19.169 -16.333
19.187 -16.348
19.196 -16.357
19.201 -16.372
19.215 -16.392
19.223 -16.411
19.232 -16.419
19.234 -16.431
19.238 -16.439
19.239 -16.441
19.254 -16.462
19.261 -16.47
19.276 -16.472
19.303 -16.489
19.317 -16.496
19.339 -16.501
19.343 -16.504
19.353 -16.51
19.382 -16.539
19.39 -16.537
19.392 -16.532
19.394 -16.497
19.384 -16.482
19.379 -16.472
19.377 -16.468
19.375 -16.456
19.379 -16.444
19.381 -16.438
19.387 -16.429
19.393 -16.412
19.403 -16.394
19.421 -16.378
19.426 -16.371
19.431 -16.359
19.441 -16.349
19.462 -16.338
19.47 -16.324
19.481 -16.319
19.483 -16.316
19.496 -16.314
19.508 -16.307
19.533 -16.286
19.546 -16.286
19.552 -16.285
19.552 -16.289
19.545 -16.299
19.538 -16.305
19.54 -16.317
19.539 -16.321
19.532 -16.329
19.527 -16.332
19.526 -16.339
19.515 -16.355
19.506 -16.363
19.494 -16.368
19.49 -16.37
19.483 -16.38
19.476 -16.384
19.471 -16.391
19.46 -16.398
19.462 -16.4
19.467 -16.397
19.473 -16.396
19.481 -16.388
19.496 -16.381
19.517 -16.368
19.524 -16.365
19.528 -16.361
19.537 -16.353
19.541 -16.353
19.541 -16.357
19.529 -16.374
19.517 -16.385
19.5 -16.393
19.496 -16.398
19.492 -16.413
19.484 -16.424
19.481 -16.426
19.474 -16.437
19.472 -16.438
19.47 -16.439
19.455 -16.432
19.444 -16.431
19.437 -16.432
19.423 -16.43
19.417 -16.432
19.41 -16.437
19.409 -16.439
19.41 -16.446
19.418 -16.461
19.423 -16.467
19.429 -16.469
19.449 -16.459
19.465 -16.452
19.504 -16.428
19.53 -16.418
19.541 -16.402
19.552 -16.395
19.556 -16.393
19.614 -16.365
19.62 -16.352
19.627 -16.346
19.66 -16.342
19.666 -16.338
19.675 -16.331
19.679 -16.324
19.685 -16.32
19.689 -16.314
19.689 -16.31
19.68 -16.304
19.68 -16.298
19.686 -16.293
19.714 -16.276
19.724 -16.273
19.734 -16.276
19.739 -16.279
19.742 -16.279
19.745 -16.278
19.75 -16.275
19.773 -16.253
19.782 -16.247
19.796 -16.246
19.818 -16.251
19.831 -16.251
19.849 -16.244
19.857 -16.243
19.859 -16.245
19.86 -16.246
19.846 -16.259
19.846 -16.264
19.854 -16.267
19.872 -16.255
19.882 -16.253
19.891 -16.254
19.894 -16.255
19.898 -16.263
19.902 -16.276
19.901 -16.283
19.897 -16.291
19.892 -16.296
19.886 -16.298
19.884 -16.298
19.875 -16.297
19.867 -16.3
19.866 -16.303
19.866 -16.308
19.869 -16.315
19.877 -16.318
19.884 -16.319
19.894 -16.316
19.908 -16.307
19.929 -16.286
19.939 -16.272
19.943 -16.269
19.949 -16.265
19.959 -16.253
19.98 -16.233
19.993 -16.229
19.997 -16.229
20 -16.232
20.005 -16.236
20.01 -16.237
20.02 -16.235
20.023 -16.236
20.027 -16.239
20.029 -16.249
20.031 -16.254
20.039 -16.258
20.047 -16.262
20.051 -16.262
20.052 -16.26
20.05 -16.254
20.043 -16.246
20.043 -16.241
20.046 -16.238
20.049 -16.239
20.049 -16.245
20.057 -16.253
20.071 -16.248
20.082 -16.251
20.091 -16.248
20.111 -16.255
20.118 -16.263
20.119 -16.263
20.129 -16.263
20.13 -16.259
20.126 -16.255
20.125 -16.252
20.135 -16.239
20.148 -16.226
20.153 -16.224
20.16 -16.227
20.164 -16.224
20.169 -16.216
20.174 -16.211
20.191 -16.203
20.204 -16.2
20.209 -16.2
20.22 -16.203
20.233 -16.207
20.248 -16.215
20.274 -16.227
20.283 -16.232
20.287 -16.243
20.284 -16.264
20.286 -16.267
20.307 -16.276
20.311 -16.277
20.327 -16.287
20.329 -16.296
20.333 -16.303
20.337 -16.306
20.343 -16.309
20.355 -16.312
20.361 -16.32
20.371 -16.324
20.388 -16.328
20.397 -16.335
20.4 -16.342
20.407 -16.346
20.424 -16.359
20.431 -16.353
20.481 -16.373
20.488 -16.375
20.509 -16.377
20.538 -16.385
20.557 -16.395
20.572 -16.408
20.593 -16.419
20.596 -16.422
20.6 -16.426
20.61 -16.428
20.641 -16.429
20.644 -16.437
20.645 -16.439
20.632 -16.439
20.633 -16.443
20.642 -16.446
20.649 -16.451
20.65 -16.457
20.654 -16.464
20.664 -16.475
20.688 -16.486
20.7 -16.488
20.715 -16.484
20.723 -16.484
20.728 -16.488
20.727 -16.504
20.729 -16.506
20.726 -16.509
20.729 -16.514
20.737 -16.522
20.738 -16.526
20.704 -16.532
20.683 -16.533
20.678 -16.533
20.672 -16.529
20.656 -16.526
20.648 -16.527
20.644 -16.526
20.63 -16.53
20.617 -16.533
20.594 -16.526
20.582 -16.525
20.572 -16.53
20.56 -16.53
20.558 -16.533
20.562 -16.536
20.564 -16.539
20.569 -16.545
20.575 -16.556
20.588 -16.571
20.591 -16.572
20.591 -16.579
20.593 -16.584
20.611 -16.596
20.613 -16.595
20.613 -16.6
20.618 -16.606
20.627 -16.612
20.635 -16.624
20.64 -16.627
20.652 -16.634
20.659 -16.64
20.668 -16.658
20.678 -16.665
20.678 -16.668
20.677 -16.676
20.679 -16.679
20.684 -16.68
20.704 -16.67
20.708 -16.672
20.713 -16.672
20.721 -16.666
20.732 -16.663
20.735 -16.66
20.74 -16.667
20.746 -16.677
20.751 -16.69
20.769 -16.706
20.785 -16.717
20.79 -16.719
20.796 -16.718
20.801 -16.719
20.814 -16.729
20.825 -16.734
20.835 -16.749
20.841 -16.753
20.847 -16.755
20.862 -16.753
20.873 -16.755
20.884 -16.762
20.896 -16.768
20.914 -16.769
20.926 -16.773
20.935 -16.78
20.935 -16.781
20.934 -16.787
20.919 -16.787
20.932 -16.801
20.95 -16.811
20.958 -16.813
20.97 -16.812
20.983 -16.815
20.988 -16.82
20.996 -16.831
21 -16.834
21.007 -16.837
21.014 -16.839
21.035 -16.858
21.042 -16.861
21.052 -16.861
21.06 -16.857
21.065 -16.857
21.084 -16.858
21.09 -16.857
21.09 -16.853
21.087 -16.848
21.08 -16.844
21.063 -16.839
21.062 -16.838
21.058 -16.834
21.055 -16.831
21.058 -16.822
21.058 -16.819
21.056 -16.816
21.033 -16.811
21.026 -16.803
21.015 -16.803
21.004 -16.801
20.993 -16.795
20.983 -16.787
20.972 -16.773
20.971 -16.769
20.967 -16.759
20.974 -16.757
20.986 -16.757
20.994 -16.754
21.001 -16.763
21.007 -16.764
21.018 -16.775
21.034 -16.781
21.048 -16.789
21.066 -16.804
21.082 -16.813
21.095 -16.807
21.102 -16.801
21.104 -16.795
21.107 -16.797
21.11 -16.808
21.121 -16.82
21.144 -16.838
21.145 -16.841
21.14 -16.842
21.139 -16.847
21.142 -16.85
21.147 -16.853
21.156 -16.858
21.168 -16.862
21.179 -16.859
21.188 -16.852
21.2 -16.847
21.254 -16.845
21.268 -16.846
21.27 -16.846
21.27 -16.848
21.268 -16.85
21.241 -16.854
21.235 -16.856
21.229 -16.862
21.228 -16.865
21.234 -16.873
21.232 -16.892
21.235 -16.894
21.245 -16.897
21.252 -16.904
21.256 -16.906
21.266 -16.902
21.271 -16.903
21.275 -16.906
21.276 -16.907
21.277 -16.911
21.26 -16.924
21.238 -16.927
21.218 -16.935
21.207 -16.933
21.187 -16.935
21.184 -16.936
21.174 -16.946
21.166 -16.946
21.138 -16.944
21.13 -16.946
21.123 -16.954
21.12 -16.962
21.117 -16.964
21.113 -16.959
21.109 -16.961
21.107 -16.964
21.107 -16.971
21.11 -16.975
21.115 -16.974
21.118 -16.975
21.117 -16.978
21.114 -16.98
21.089 -16.989
21.087 -16.989
21.069 -16.992
21.053 -16.996
21.056 -17.005
21.056 -17.013
21.054 -17.017
21.046 -17.023
21.036 -17.023
21.025 -17.02
21.022 -17.017
21.022 -17.008
21.02 -17.005
21.013 -17.002
20.996 -17.005
20.98 -17.009
20.966 -17.003
20.951 -17.01
20.922 -17.013
20.913 -17.017
20.908 -17.043
20.902 -17.049
20.895 -17.051
20.89 -17.052
20.884 -17.051
20.873 -17.048
20.857 -17.029
20.852 -17.027
20.844 -17.028
20.825 -17.035
20.79 -17.045
20.78 -17.044
20.776 -17.043
20.771 -17.044
20.773 -17.051
20.774 -17.052
