segment Nigeria
4.796 8.3
4.797 8.295
4.811 8.284
4.825 8.279
4.83 8.28
4.832 8.283
4.83 8.288
4.824 8.297
4.81 8.307
4.803 8.309
4.799 8.307
4.796 8.305
4.796 8.3
segment Nigeria
4.638 8.329
4.64 8.332
4.638 8.335
4.632 8.339
4.624 8.342
4.614 8.338
4.609 8.34
4.602 8.34
4.594 8.337
4.59 8.333
4.588 8.32
4.59 8.315
4.609 8.31
4.611 8.311
4.615 8.32
4.631 8.324
4.633 8.325
4.638 8.329
segment Nigeria
4.488 5.746
4.49 5.741
4.5 5.731
4.507 5.727
4.509 5.728
4.499 5.742
4.491 5.747
4.488 5.746
segment Nigeria
13.695 13.336
13.707 13.339
13.71 13.341
13.71 13.349
13.714 13.354
13.712 13.363
13.714 13.37
13.71 13.376
13.712 13.392
13.71 13.409
13.709 13.416
13.709 13.431
13.71 13.443
13.711 13.457
13.709 13.465
13.71 13.465
13.711 13.475
13.71 13.543
13.711 13.555
13.71 13.561
13.71 13.582
13.709 13.587
13.711 13.592
13.71 13.607
13.709 13.613
13.711 13.617
13.711 13.635
13.701 13.638
13.701 13.639
13.669 13.662
13.667 13.662
13.661 13.667
13.656 13.671
13.641 13.683
13.626 13.693
13.614 13.703
13.609 13.708
13.606 13.712
13.596 13.716
13.545 13.752
13.538 13.755
13.533 13.761
13.528 13.763
13.512 13.774
13.506 13.781
13.497 13.785
13.487 13.794
13.479 13.799
13.47 13.803
13.415 13.842
13.403 13.85
13.394 13.857
13.386 13.861
13.383 13.866
13.373 13.87
13.357 13.883
13.357 13.884
13.346 13.889
13.287 13.932
13.283 13.935
13.247 13.961
13.239 13.967
13.229 13.974
13.228 13.977
13.221 13.98
13.19 14.003
13.172 14.015
13.16 14.025
13.151 14.03
13.128 14.046
13.124 14.048
13.122 14.052
13.102 14.066
13.097 14.068
13.094 14.072
13.079 14.083
13.078 14.085
13.076 14.086
13.041 14.092
13.027 14.095
13.01 14.097
12.996 14.099
12.993 14.101
12.979 14.104
12.968 14.104
12.956 14.107
12.903 14.118
12.888 14.119
12.879 14.122
12.873 14.123
12.869 14.125
12.847 14.128
12.827 14.131
12.809 14.135
12.751 14.145
12.74 14.146
12.74 14.147
12.722 14.15
12.711 14.151
12.695 14.155
12.689 14.156
12.679 14.158
12.608 14.171
12.6 14.171
12.572 14.177
12.554 14.179
12.53 14.184
12.52 14.191
12.518 14.195
12.515 14.197
12.511 14.195
12.502 14.198
12.498 14.191
12.483 14.186
12.477 14.178
12.471 14.175
12.46 14.18
12.45 14.179
12.445 14.181
12.447 14.19
12.447 14.195
12.443 14.198
12.44 14.196
12.438 14.192
12.432 14.195
12.429 14.196
12.428 14.193
12.43 14.187
12.425 14.186
12.424 14.182
12.424 14.176
12.421 14.175
12.415 14.179
12.408 14.173
12.405 14.173
12.403 14.184
12.401 14.189
12.384 14.199
12.378 14.209
12.373 14.216
12.37 14.218
12.362 14.22
12.359 14.225
12.36 14.231
12.365 14.25
12.363 14.254
12.367 14.265
12.367 14.267
12.368 14.275
12.368 14.28
12.365 14.285
12.349 14.292
12.354 14.297
12.364 14.292
12.366 14.293
12.368 14.297
12.357 14.302
12.356 14.304
12.356 14.308
12.361 14.316
12.369 14.326
12.369 14.331
12.36 14.348
12.359 14.352
12.36 14.358
12.36 14.368
12.356 14.379
12.356 14.386
12.361 14.405
12.361 14.41
12.357 14.42
12.36 14.428
12.361 14.435
12.359 14.442
12.356 14.446
12.346 14.45
12.345 14.452
12.351 14.456
12.354 14.46
12.354 14.468
12.351 14.472
12.343 14.477
12.347 14.482
12.349 14.486
12.347 14.489
12.34 14.487
12.338 14.488
12.337 14.494
12.33 14.499
12.326 14.506
12.324 14.519
12.313 14.525
12.311 14.525
12.309 14.523
12.31 14.514
12.308 14.514
12.304 14.517
12.301 14.517
12.295 14.513
12.292 14.515
12.293 14.524
12.291 14.527
12.286 14.53
12.285 14.54
12.279 14.548
12.276 14.55
12.272 14.55
12.265 14.548
12.256 14.551
12.25 14.554
12.255 14.56
12.255 14.562
12.244 14.559
12.241 14.558
12.237 14.551
12.233 14.55
12.23 14.557
12.227 14.572
12.223 14.575
12.222 14.589
12.22 14.598
12.216 14.598
12.213 14.597
12.208 14.602
12.197 14.611
12.192 14.604
12.191 14.602
12.189 14.602
12.188 14.603
12.187 14.615
12.185 14.619
12.181 14.62
12.178 14.627
12.179 14.633
12.184 14.632
12.186 14.635
12.188 14.639
12.186 14.641
12.187 14.643
12.19 14.644
12.188 14.65
12.196 14.659
12.186 14.666
12.179 14.664
12.174 14.674
12.165 14.678
12.156 14.68
12.151 14.679
12.136 14.658
12.13 14.655
12.115 14.655
12.107 14.653
12.095 14.644
12.093 14.641
12.089 14.64
12.08 14.642
12.067 14.652
12.061 14.652
12.056 14.646
12.053 14.634
12.043 14.624
12.035 14.624
12.028 14.622
12.018 14.623
12.011 14.627
12.003 14.632
11.992 14.636
11.977 14.646
11.973 14.646
11.968 14.649
11.964 14.655
11.958 14.659
11.955 14.658
11.95 14.652
11.943 14.647
11.93 14.639
11.924 14.639
11.915 14.641
11.911 14.644
11.909 14.643
11.905 14.64
11.903 14.635
11.899 14.632
11.893 14.628
11.895 14.626
11.885 14.621
11.87 14.607
11.865 14.605
11.86 14.606
11.855 14.61
11.853 14.614
11.841 14.605
11.839 14.606
11.832 14.605
11.819 14.61
11.807 14.606
11.795 14.606
11.78 14.61
11.774 14.608
11.764 14.6
11.761 14.599
11.755 14.593
11.752 14.584
11.744 14.577
11.736 14.57
11.73 14.558
11.726 14.553
11.718 14.552
11.7 14.563
11.69 14.573
11.681 14.594
11.672 14.605
11.668 14.608
11.661 14.616
11.66 14.616
11.656 14.625
11.651 14.632
11.644 14.635
11.638 14.64
11.628 14.641
11.617 14.645
11.606 14.645
11.603 14.647
11.579 14.64
11.557 14.638
11.541 14.64
11.529 14.637
11.521 14.629
11.514 14.617
11.512 14.607
11.503 14.584
11.501 14.576
11.481 14.531
11.473 14.514
11.47 14.504
11.469 14.486
11.466 14.467
11.46 14.454
11.459 14.452
11.454 14.448
11.434 14.443
11.42 14.435
11.409 14.424
11.407 14.416
11.399 14.393
11.392 14.38
11.386 14.368
11.384 14.36
11.38 14.34
11.375 14.326
11.365 14.312
11.359 14.293
11.343 14.267
11.332 14.248
11.326 14.24
11.31 14.231
11.3 14.222
11.284 14.209
11.279 14.201
11.276 14.197
11.273 14.184
11.259 14.155
11.255 14.142
11.253 14.137
11.251 14.127
11.25 14.12
11.25 14.108
11.252 14.1
11.26 14.088
11.269 14.077
11.277 14.072
11.287 14.061
11.29 14.056
11.293 14.037
11.297 14.028
11.297 14.015
11.31 13.998
11.312 13.989
11.308 13.98
11.303 13.974
11.295 13.971
11.269 13.964
11.258 13.961
11.248 13.952
11.238 13.944
11.235 13.94
11.221 13.928
11.211 13.925
11.196 13.924
11.193 13.923
11.19 13.919
11.188 13.916
11.178 13.915
11.161 13.903
11.153 13.889
11.15 13.883
11.146 13.88
11.138 13.879
11.128 13.883
11.126 13.885
11.122 13.884
11.121 13.882
11.119 13.873
11.111 13.865
11.099 13.859
11.092 13.856
11.089 13.851
11.088 13.845
11.08 13.84
11.078 13.836
11.075 13.832
11.06 13.818
11.054 13.816
11.047 13.814
11.04 13.812
11.035 13.807
11.033 13.802
11.028 13.8
11.02 13.801
11.013 13.799
11.008 13.793
11.006 13.791
11.004 13.785
11.005 13.781
11.004 13.776
11.003 13.77
10.987 13.746
10.982 13.73
10.979 13.707
10.97 13.698
10.967 13.695
10.944 13.692
10.929 13.69
10.916 13.69
10.898 13.691
10.887 13.688
10.876 13.682
10.859 13.675
10.842 13.664
10.834 13.658
10.83 13.653
10.829 13.65
10.821 13.64
10.815 13.637
10.808 13.635
10.805 13.63
10.801 13.63
10.785 13.62
10.774 13.612
10.765 13.608
10.736 13.603
10.719 13.599
10.707 13.595
10.696 13.59
10.689 13.584
10.681 13.577
10.668 13.561
10.662 13.553
10.659 13.55
10.657 13.547
10.639 13.539
10.609 13.533
10.6 13.53
10.591 13.529
10.585 13.53
10.571 13.535
10.56 13.535
10.552 13.535
10.534 13.541
10.526 13.549
10.517 13.553
10.505 13.554
10.489 13.553
10.476 13.542
10.463 13.527
10.455 13.525
10.445 13.522
10.425 13.521
10.408 13.523
10.389 13.523
10.372 13.511
10.363 13.507
10.348 13.507
10.326 13.511
10.307 13.51
10.29 13.504
10.276 13.497
10.267 13.489
10.261 13.486
10.25 13.473
10.235 13.464
10.231 13.462
10.22 13.463
10.209 13.464
10.198 13.464
10.187 13.46
10.182 13.454
10.174 13.442
10.17 13.434
10.164 13.429
10.15 13.423
10.132 13.417
10.128 13.41
10.128 13.399
10.125 13.382
10.116 13.364
10.115 13.355
10.116 13.33
10.11 13.316
10.103 13.309
10.08 13.294
10.07 13.286
10.05 13.277
10.028 13.253
10.016 13.248
10.008 13.248
10 13.25
9.986 13.259
9.978 13.271
9.974 13.275
9.969 13.277
9.964 13.276
9.956 13.273
9.94 13.268
9.92 13.257
9.916 13.253
9.908 13.237
9.901 13.229
9.898 13.227
9.888 13.225
9.882 13.227
9.874 13.229
9.869 13.227
9.867 13.231
9.862 13.233
9.847 13.235
9.844 13.238
9.842 13.244
9.834 13.258
9.834 13.266
9.828 13.273
9.822 13.282
9.815 13.29
9.806 13.296
9.8 13.296
9.797 13.298
9.787 13.29
9.771 13.283
9.762 13.273
9.755 13.266
9.747 13.263
9.74 13.264
9.723 13.26
9.711 13.261
9.705 13.256
9.699 13.254
9.691 13.252
9.673 13.257
9.669 13.255
9.665 13.248
9.659 13.243
9.653 13.24
9.649 13.239
9.642 13.243
9.637 13.244
9.632 13.243
9.627 13.24
9.624 13.242
9.62 13.242
9.614 13.241
9.607 13.246
9.604 13.248
9.595 13.245
9.588 13.239
9.583 13.237
9.569 13.236
9.563 13.229
9.553 13.226
9.543 13.219
9.541 13.215
9.545 13.204
9.539 13.199
9.528 13.188
9.526 13.18
9.524 13.176
9.523 13.172
9.525 13.161
9.522 13.15
9.52 13.146
9.518 13.133
9.516 13.131
9.516 13.116
9.518 13.105
9.512 13.091
9.514 13.071
9.509 13.06
9.509 13.059
9.51 13.05
9.51 13.047
9.505 13.043
9.491 13.019
9.476 13.003
9.475 12.999
9.474 12.99
9.472 12.984
9.471 12.976
9.466 12.972
9.465 12.971
9.452 12.958
9.444 12.941
9.435 12.933
9.425 12.928
9.417 12.916
9.412 12.901
9.4 12.879
9.395 12.871
9.393 12.864
9.392 12.864
9.385 12.855
9.378 12.857
9.369 12.855
9.363 12.856
9.36 12.864
9.359 12.895
9.356 12.9
9.352 12.902
9.337 12.904
9.326 12.901
9.31 12.902
9.288 12.901
9.271 12.901
9.266 12.904
9.25 12.905
9.232 12.904
9.221 12.892
9.211 12.89
9.207 12.889
9.205 12.89
9.2 12.89
9.188 12.883
9.182 12.882
9.173 12.884
9.16 12.88
9.15 12.879
9.147 12.88
9.143 12.886
9.136 12.889
9.131 12.887
9.124 12.892
9.117 12.892
9.111 12.888
9.106 12.886
9.096 12.888
9.086 12.887
9.075 12.883
9.066 12.876
9.052 12.874
9.045 12.878
9.038 12.879
9.031 12.878
9.025 12.875
9.003 12.86
8.991 12.855
8.973 12.846
8.954 12.833
8.945 12.82
8.929 12.803
8.928 12.799
8.917 12.79
8.901 12.79
8.891 12.801
8.885 12.802
8.877 12.797
8.861 12.79
8.852 12.788
8.845 12.79
8.835 12.794
8.829 12.799
8.809 12.806
8.792 12.809
8.789 12.809
8.772 12.801
8.76 12.791
8.755 12.784
8.754 12.773
8.756 12.768
8.758 12.756
8.757 12.746
8.755 12.739
8.754 12.735
8.752 12.729
8.749 12.723
8.739 12.716
8.731 12.713
8.712 12.714
8.696 12.714
8.687 12.711
8.675 12.695
8.671 12.692
8.655 12.687
8.65 12.681
8.645 12.679
8.641 12.673
8.64 12.666
8.644 12.654
8.642 12.644
8.629 12.629
8.607 12.601
8.598 12.589
8.596 12.584
8.596 12.575
8.601 12.566
8.604 12.556
8.612 12.533
8.614 12.523
8.622 12.496
8.623 12.485
8.622 12.48
8.617 12.474
8.612 12.47
8.608 12.47
8.601 12.468
8.591 12.469
8.584 12.466
8.579 12.461
8.579 12.459
8.573 12.452
8.566 12.447
8.554 12.443
8.554 12.442
8.539 12.439
8.527 12.438
8.517 12.434
8.495 12.417
8.483 12.411
8.479 12.405
8.478 12.397
8.477 12.384
8.478 12.372
8.477 12.367
8.471 12.358
8.465 12.353
8.462 12.349
8.462 12.339
8.467 12.32
8.467 12.309
8.463 12.302
8.452 12.286
8.451 12.286
8.447 12.28
8.443 12.269
8.444 12.26
8.442 12.249
8.437 12.243
8.429 12.237
8.407 12.231
8.375 12.226
8.364 12.226
8.357 12.228
8.348 12.23
8.328 12.238
8.316 12.242
8.28 12.249
8.225 12.257
8.187 12.259
8.17 12.258
8.169 12.256
8.161 12.245
8.143 12.239
8.132 12.229
8.124 12.222
8.106 12.211
8.089 12.206
8.075 12.21
8.067 12.213
8.048 12.216
8.037 12.215
8.026 12.214
8.016 12.219
8.006 12.22
8.003 12.22
8 12.222
7.988 12.22
7.969 12.211
7.96 12.199
7.946 12.197
7.94 12.192
7.938 12.188
7.933 12.182
7.929 12.177
7.922 12.172
7.907 12.165
7.903 12.162
7.886 12.153
7.877 12.142
7.867 12.133
7.854 12.114
7.836 12.097
7.83 12.094
7.806 12.083
7.797 12.074
7.788 12.068
7.776 12.067
7.771 12.062
7.756 12.06
7.749 12.057
7.741 12.047
7.732 12.042
7.721 12.041
7.704 12.038
7.688 12.038
7.676 12.036
7.668 12.032
7.665 12.027
7.658 12.021
7.651 12.018
7.639 12.023
7.603 12.025
7.577 12.026
7.552 12.029
7.538 12.032
7.523 12.039
7.508 12.013
7.508 12.007
7.504 12
7.499 11.992
7.498 11.971
7.495 11.96
7.488 11.951
7.47 11.936
7.453 11.924
7.433 11.904
7.426 11.897
7.419 11.893
7.417 11.889
7.373 11.849
7.356 11.836
7.345 11.829
7.335 11.825
7.33 11.823
7.325 11.819
7.301 11.812
7.278 11.804
7.258 11.802
7.237 11.803
7.221 11.805
7.216 11.808
7.214 11.808
7.182 11.81
7.155 11.816
7.129 11.825
7.099 11.841
7.096 11.845
7.094 11.847
7.086 11.848
7.08 11.847
7.073 11.844
7.068 11.838
7.065 11.831
7.062 11.828
7.06 11.806
7.067 11.771
7.067 11.761
7.06 11.752
7.06 11.749
7.059 11.746
7.062 11.737
7.059 11.732
7.059 11.718
7.055 11.715
7.032 11.716
7.032 11.707
7.028 11.697
7.02 11.688
7.009 11.683
6.999 11.674
6.996 11.664
6.996 11.663
6.989 11.663
6.989 11.649
6.986 11.638
6.982 11.632
6.972 11.626
6.954 11.625
6.947 11.622
6.924 11.62
6.914 11.614
6.912 11.601
6.909 11.59
6.904 11.58
6.89 11.571
6.876 11.568
6.867 11.559
6.86 11.558
6.852 11.559
6.853 11.574
6.85 11.578
6.846 11.582
6.833 11.585
6.826 11.584
6.817 11.583
6.815 11.597
6.807 11.597
6.801 11.6
6.794 11.584
6.781 11.576
6.775 11.574
6.771 11.576
6.766 11.581
6.751 11.59
6.74 11.59
6.734 11.588
6.733 11.586
6.726 11.573
6.725 11.565
6.716 11.557
6.71 11.556
6.697 11.552
6.685 11.558
6.677 11.553
6.669 11.555
6.664 11.554
6.658 11.549
6.658 11.546
6.653 11.539
6.648 11.538
6.641 11.53
6.64 11.53
6.628 11.523
6.619 11.525
6.61 11.521
6.609 11.511
6.604 11.506
6.604 11.498
6.597 11.492
6.597 11.484
6.6 11.476
6.611 11.463
6.602 11.453
6.599 11.442
6.599 11.44
6.6 11.433
6.593 11.43
6.589 11.426
6.575 11.433
6.547 11.43
6.539 11.423
6.531 11.43
6.531 11.402
6.528 11.389
6.526 11.376
6.528 11.363
6.525 11.356
6.514 11.354
6.508 11.355
6.503 11.354
6.502 11.353
6.505 11.331
6.511 11.325
6.512 11.319
6.521 11.31
6.532 11.293
6.534 11.291
6.538 11.282
6.537 11.272
6.526 11.261
6.526 11.252
6.521 11.245
6.524 11.241
6.533 11.234
6.537 11.22
6.537 11.208
6.539 11.195
6.544 11.186
6.547 11.184
6.548 11.183
6.559 11.171
6.563 11.163
6.563 11.153
6.555 11.145
6.544 11.139
6.54 11.134
6.54 11.122
6.539 11.112
6.538 11.112
6.541 11.101
6.55 11.099
6.581 11.1
6.619 11.1
6.648 11.1
6.677 11.106
6.682 11.105
6.691 11.096
6.7 11.087
6.714 11.078
6.717 11.072
6.717 11.069
6.714 11.064
6.715 11.059
6.717 11.045
6.72 11.042
6.719 11.036
6.708 11.026
6.693 11.007
6.684 10.998
6.687 10.994
6.684 10.991
6.685 10.983
6.689 10.98
6.688 10.977
6.686 10.974
6.692 10.953
6.692 10.952
6.685 10.949
6.706 10.922
6.709 10.92
6.739 10.914
6.752 10.917
6.761 10.916
6.768 10.911
6.77 10.907
6.768 10.905
6.76 10.902
6.76 10.899
6.763 10.897
6.768 10.892
6.796 10.88
6.809 10.86
6.805 10.855
6.805 10.852
6.81 10.846
6.81 10.841
6.817 10.836
6.825 10.828
6.831 10.827
6.844 10.82
6.846 10.82
6.85 10.823
6.856 10.818
6.862 10.82
6.865 10.825
6.874 10.824
6.929 10.846
6.933 10.845
6.937 10.841
6.947 10.821
6.948 10.816
6.953 10.81
6.962 10.804
6.963 10.802
6.96 10.796
6.96 10.792
6.966 10.787
6.967 10.783
6.966 10.778
6.962 10.773
6.956 10.772
6.954 10.768
6.963 10.763
6.969 10.752
6.976 10.748
6.989 10.741
6.991 10.736
6.99 10.724
7 10.711
7.012 10.705
7.016 10.7
7.017 10.69
7.017 10.687
7.025 10.684
7.038 10.684
7.042 10.682
7.052 10.661
7.046 10.659
7.044 10.655
7.05 10.637
7.05 10.631
7.076 10.601
7.099 10.609
7.107 10.61
7.121 10.604
7.141 10.603
7.149 10.596
7.151 10.588
7.158 10.584
7.162 10.577
7.158 10.574
7.137 10.571
7.116 10.569
7.095 10.567
7.089 10.569
7.085 10.568
7.085 10.564
7.064 10.566
7.05 10.563
7.038 10.566
6.998 10.556
6.995 10.556
6.983 10.555
6.977 10.553
6.971 10.547
6.963 10.545
6.941 10.543
6.934 10.534
6.925 10.529
6.922 10.515
6.918 10.507
6.916 10.502
6.912 10.498
6.902 10.497
6.9 10.494
6.9 10.486
6.916 10.471
6.913 10.436
6.911 10.431
6.91 10.396
6.909 10.39
6.906 10.372
6.905 10.353
6.903 10.344
6.896 10.27
6.891 10.217
6.895 10.213
6.941 10.175
6.948 10.175
6.947 10.18
6.954 10.18
6.969 10.185
6.973 10.183
6.988 10.182
6.989 10.177
6.994 10.174
6.998 10.174
7.002 10.171
7.008 10.173
7.015 10.18
7.018 10.179
7.02 10.178
7.02 10.17
7.021 10.168
7.026 10.167
7.034 10.169
7.038 10.161
7.04 10.155
7.022 10.137
7.017 10.135
7.008 10.124
7 10.117
6.977 10.09
6.969 10.08
6.964 10.077
6.963 10.073
6.947 10.056
6.936 10.043
6.92 10.022
6.902 10.012
6.9 10.003
6.898 10
6.874 9.973
6.848 9.957
6.845 9.955
6.838 9.945
6.816 9.923
6.814 9.918
6.796 9.901
6.782 9.891
6.77 9.88
6.774 9.87
6.775 9.868
6.782 9.858
6.783 9.823
6.784 9.817
6.79 9.812
6.791 9.808
6.787 9.807
6.786 9.805
6.787 9.803
6.787 9.797
6.79 9.796
6.791 9.79
6.796 9.784
6.787 9.779
6.784 9.778
6.772 9.775
6.762 9.769
6.757 9.775
6.754 9.776
6.749 9.774
6.74 9.765
6.734 9.762
6.716 9.761
6.705 9.756
6.694 9.761
6.689 9.756
6.672 9.762
6.668 9.756
6.663 9.758
6.655 9.757
6.652 9.756
6.652 9.75
6.649 9.748
6.64 9.746
6.629 9.741
6.623 9.741
6.603 9.731
6.571 9.724
6.57 9.723
6.561 9.718
6.558 9.719
6.524 9.711
6.516 9.709
6.513 9.707
6.514 9.705
6.51 9.701
6.51 9.696
6.515 9.693
6.516 9.69
6.511 9.687
6.514 9.678
6.509 9.669
6.511 9.666
6.519 9.662
6.523 9.658
6.531 9.652
6.524 9.65
6.523 9.644
6.523 9.639
6.519 9.634
6.525 9.624
6.525 9.615
6.527 9.608
6.531 9.604
6.53 9.599
6.528 9.597
6.515 9.593
6.507 9.587
6.499 9.587
6.492 9.585
6.487 9.587
6.475 9.588
6.471 9.585
6.461 9.566
6.447 9.543
6.443 9.528
6.443 9.514
6.451 9.472
6.45 9.466
6.437 9.463
6.434 9.462
6.43 9.463
6.421 9.459
6.415 9.462
6.409 9.46
6.396 9.455
6.382 9.452
6.38 9.448
6.379 9.448
6.378 9.447
6.369 9.447
6.361 9.447
6.316 9.434
6.317 9.424
6.333 9.392
6.338 9.386
6.339 9.378
6.344 9.367
6.351 9.353
6.351 9.351
6.346 9.345
6.326 9.343
6.322 9.338
6.317 9.34
6.31 9.342
6.303 9.34
6.298 9.341
6.29 9.338
6.288 9.334
6.285 9.333
6.285 9.325
6.284 9.325
6.28 9.328
6.278 9.328
6.274 9.326
6.274 9.32
6.263 9.311
6.233 9.295
6.225 9.29
6.216 9.286
6.184 9.266
6.182 9.255
6.181 9.249
6.177 9.241
6.176 9.229
6.169 9.213
6.149 9.187
6.14 9.179
6.131 9.168
6.109 9.16
6.09 9.152
6.073 9.135
6.048 9.107
6.047 9.104
6.02 9.073
6.015 9.067
5.993 9.044
5.989 9.037
5.955 9.001
5.949 8.996
5.938 8.978
5.934 8.97
5.905 8.934
5.899 8.916
5.89 8.907
5.862 8.889
5.848 8.862
5.831 8.852
5.827 8.843
5.824 8.841
5.81 8.848
5.804 8.854
5.801 8.866
5.798 8.868
5.793 8.869
5.785 8.868
5.78 8.865
5.772 8.854
5.769 8.853
5.765 8.852
5.756 8.859
5.752 8.859
5.74 8.852
5.71 8.828
5.711 8.825
5.72 8.819
5.715 8.817
5.707 8.818
5.695 8.82
5.689 8.822
5.681 8.832
5.673 8.836
5.665 8.852
5.65 8.858
5.641 8.864
5.63 8.875
5.624 8.884
5.614 8.894
5.613 8.896
5.604 8.902
5.593 8.906
5.576 8.907
5.568 8.905
5.558 8.895
5.542 8.89
5.523 8.876
5.51 8.868
5.503 8.866
5.492 8.863
5.477 8.861
5.471 8.858
5.456 8.844
5.449 8.84
5.439 8.838
5.423 8.843
5.415 8.843
5.406 8.84
5.398 8.84
5.386 8.843
5.38 8.837
5.339 8.827
5.319 8.822
5.291 8.814
5.264 8.817
5.234 8.816
5.217 8.818
5.194 8.817
5.185 8.816
5.172 8.806
5.159 8.8
5.15 8.793
5.146 8.792
5.14 8.79
5.13 8.786
5.117 8.775
5.11 8.766
5.104 8.745
5.102 8.743
5.096 8.744
5.091 8.744
5.087 8.737
5.081 8.732
5.074 8.722
5.058 8.717
5.053 8.713
5.046 8.71
5.038 8.712
5.035 8.71
5.031 8.702
5.024 8.704
5.02 8.702
5.02 8.701
5.019 8.698
5.003 8.682
5 8.682
4.998 8.685
4.997 8.694
4.99 8.699
4.987 8.698
4.987 8.693
4.984 8.69
4.984 8.686
4.981 8.683
4.974 8.682
4.966 8.67
4.961 8.667
4.956 8.67
4.952 8.668
4.945 8.658
4.946 8.652
4.941 8.65
4.936 8.65
4.924 8.655
4.917 8.653
4.912 8.65
4.91 8.629
4.905 8.621
4.894 8.613
4.89 8.608
4.885 8.605
4.878 8.604
4.869 8.605
4.863 8.61
4.851 8.624
4.842 8.629
4.826 8.629
4.817 8.614
4.806 8.598
4.802 8.59
4.802 8.581
4.806 8.573
4.816 8.568
4.818 8.562
4.816 8.556
4.805 8.546
4.805 8.545
4.794 8.539
4.767 8.531
4.751 8.526
4.727 8.527
4.719 8.531
4.713 8.532
4.712 8.532
4.71 8.531
4.705 8.519
4.707 8.509
4.696 8.51
4.693 8.494
4.691 8.489
4.691 8.484
4.697 8.474
4.701 8.46
4.705 8.46
4.725 8.466
4.728 8.469
4.727 8.475
4.729 8.476
4.737 8.478
4.741 8.473
4.755 8.465
4.757 8.462
4.752 8.461
4.748 8.46
4.737 8.451
4.736 8.448
4.738 8.442
4.73 8.435
4.728 8.429
4.727 8.42
4.729 8.415
4.736 8.411
4.732 8.405
4.736 8.397
4.753 8.388
4.757 8.388
4.771 8.403
4.774 8.398
4.778 8.398
4.784 8.401
4.789 8.394
4.78 8.383
4.778 8.376
4.779 8.371
4.789 8.36
4.796 8.346
4.808 8.333
4.822 8.335
4.829 8.338
4.83 8.336
4.826 8.328
4.827 8.324
4.843 8.309
4.851 8.3
4.85 8.298
4.851 8.29
4.853 8.289
4.846 8.272
4.843 8.265
4.837 8.262
4.832 8.267
4.827 8.263
4.825 8.259
4.826 8.256
4.82 8.25
4.807 8.261
4.794 8.269
4.788 8.276
4.783 8.287
4.768 8.308
4.76 8.314
4.752 8.318
4.748 8.318
4.74 8.314
4.725 8.315
4.724 8.31
4.72 8.313
4.718 8.31
4.717 8.312
4.718 8.318
4.707 8.325
4.669 8.323
4.664 8.321
4.663 8.317
4.66 8.312
4.652 8.319
4.649 8.327
4.643 8.33
4.632 8.32
4.618 8.318
4.616 8.315
4.615 8.31
4.613 8.308
4.599 8.308
4.593 8.306
4.579 8.296
4.576 8.29
4.573 8.293
4.573 8.299
4.557 8.286
4.546 8.28
4.543 8.283
4.539 8.279
4.538 8.272
4.538 8.242
4.538 8.238
4.541 8.203
4.543 8.193
4.544 8.15
4.547 8.125
4.546 8.117
4.542 8.038
4.542 8.011
4.54 8.001
4.541 7.995
4.544 7.992
4.542 7.988
4.539 7.981
4.537 7.968
4.537 7.942
4.539 7.936
4.539 7.93
4.535 7.937
4.532 7.9
4.531 7.885
4.52 7.813
4.516 7.795
4.516 7.775
4.513 7.775
4.51 7.764
4.506 7.719
4.502 7.701
4.501 7.686
4.496 7.678
4.496 7.673
4.498 7.666
4.503 7.661
4.5 7.66
4.496 7.664
4.493 7.661
4.492 7.656
4.482 7.626
4.483 7.624
4.481 7.623
4.478 7.615
4.478 7.608
4.48 7.603
4.485 7.599
4.494 7.599
4.492 7.592
4.48 7.583
4.457 7.581
4.455 7.58
4.454 7.574
4.455 7.525
4.453 7.494
4.451 7.466
4.441 7.436
4.44 7.422
4.437 7.414
4.437 7.401
4.442 7.37
4.448 7.33
4.451 7.322
4.45 7.321
4.45 7.31
4.429 7.315
4.426 7.313
4.423 7.308
4.413 7.273
4.412 7.27
4.406 7.259
4.405 7.249
4.396 7.223
4.392 7.22
4.393 7.214
4.387 7.205
4.388 7.196
4.385 7.15
4.384 7.142
4.385 7.136
4.388 7.132
4.401 7.128
4.412 7.13
4.416 7.134
4.407 7.141
4.407 7.143
4.408 7.145
4.41 7.145
4.411 7.141
4.414 7.139
4.424 7.142
4.448 7.16
4.457 7.164
4.469 7.148
4.476 7.141
4.47 7.129
4.468 7.121
4.464 7.119
4.464 7.116
4.468 7.112
4.465 7.109
4.463 7.105
4.463 7.103
4.458 7.1
4.455 7.101
4.454 7.104
4.451 7.105
4.45 7.098
4.456 7.086
4.453 7.082
4.452 7.076
4.45 7.076
4.447 7.075
4.441 7.062
4.438 7.037
4.436 7.031
4.437 7.026
4.445 7.019
4.448 7.02
4.444 7.025
4.445 7.028
4.458 7.018
4.464 7.001
4.466 6.992
4.463 6.992
4.451 6.989
4.427 6.997
4.418 7.001
4.411 7.009
4.407 7.013
4.403 7.013
4.387 7.005
4.387 7.006
4.389 7.008
4.398 7.014
4.394 7.015
4.387 7.012
4.385 7.007
4.373 6.996
4.372 6.989
4.374 6.983
4.382 6.976
4.388 6.973
4.384 6.969
4.381 6.971
4.378 6.97
4.375 6.965
4.374 6.951
4.382 6.936
4.389 6.906
4.394 6.87
4.376 6.856
4.368 6.868
4.365 6.87
4.363 6.869
4.36 6.859
4.359 6.846
4.354 6.803
4.349 6.782
4.346 6.758
4.345 6.738
4.347 6.73
4.352 6.723
4.351 6.714
4.347 6.705
4.341 6.702
4.331 6.633
4.327 6.626
4.323 6.622
4.322 6.617
4.324 6.614
4.33 6.61
4.337 6.603
4.333 6.592
4.33 6.585
4.329 6.576
4.327 6.542
4.324 6.493
4.315 6.466
4.317 6.458
4.315 6.455
4.318 6.448
4.324 6.435
4.33 6.429
4.335 6.434
4.342 6.43
4.341 6.421
4.337 6.412
4.338 6.403
4.332 6.398
4.311 6.415
4.309 6.411
4.3 6.339
4.298 6.299
4.296 6.289
4.296 6.25
4.297 6.241
4.3 6.238
4.299 6.237
4.294 6.224
4.288 6.22
4.285 6.214
4.283 6.162
4.28 6.139
4.28 6.114
4.278 6.102
4.277 6.09
4.278 6.084
4.281 6.08
4.282 6.076
4.294 6.063
4.293 6.057
4.297 6.051
4.303 6.035
4.305 6.018
4.312 6
4.311 5.995
4.31 5.988
4.317 5.981
4.331 5.966
4.332 5.961
4.336 5.955
4.379 5.881
4.4 5.855
4.407 5.853
4.407 5.851
4.411 5.849
4.413 5.841
4.428 5.826
4.437 5.812
4.445 5.8
4.454 5.786
4.467 5.769
4.475 5.761
4.485 5.755
4.502 5.747
4.51 5.736
4.512 5.733
4.525 5.714
4.533 5.707
4.54 5.703
4.539 5.701
4.544 5.696
4.545 5.693
4.547 5.683
4.554 5.674
4.589 5.642
4.615 5.622
4.632 5.61
4.661 5.589
4.694 5.567
4.725 5.548
4.736 5.542
4.741 5.543
4.745 5.54
4.775 5.52
4.78 5.516
4.801 5.505
4.838 5.482
4.881 5.459
4.885 5.459
4.891 5.459
4.901 5.463
4.903 5.464
4.909 5.459
4.914 5.455
4.922 5.453
4.935 5.446
4.94 5.445
4.954 5.447
4.968 5.445
5 5.433
5.027 5.423
5.03 5.422
5.038 5.419
5.062 5.404
5.121 5.371
5.13 5.368
5.134 5.368
5.136 5.373
5.146 5.369
5.149 5.369
5.158 5.359
5.165 5.354
5.171 5.352
5.175 5.352
5.182 5.356
5.187 5.357
5.188 5.357
5.21 5.355
5.238 5.348
5.257 5.347
5.31 5.332
5.322 5.329
5.336 5.328
5.355 5.323
5.364 5.324
5.367 5.327
5.367 5.33
5.362 5.339
5.361 5.355
5.358 5.362
5.357 5.377
5.365 5.39
5.378 5.388
5.391 5.387
5.391 5.372
5.393 5.365
5.4 5.351
5.402 5.345
5.41 5.322
5.421 5.3
5.425 5.29
5.427 5.28
5.435 5.261
5.445 5.243
5.451 5.236
5.494 5.19
5.503 5.183
5.51 5.181
5.524 5.181
5.54 5.177
5.553 5.18
5.574 5.173
5.578 5.174
5.611 5.141
5.621 5.133
5.635 5.123
5.638 5.121
5.68 5.094
5.701 5.078
5.709 5.074
5.724 5.072
5.731 5.072
5.75 5.075
5.764 5.061
5.768 5.046
5.778 5.036
5.82 5.012
5.845 5
5.846 4.999
5.858 4.994
5.881 4.981
5.91 4.963
5.951 4.929
5.962 4.92
5.975 4.909
6.004 4.88
6.04 4.84
6.054 4.825
6.083 4.797
6.097 4.78
6.118 4.763
6.129 4.75
6.177 4.693
6.209 4.652
6.227 4.63
6.238 4.612
6.252 4.594
6.267 4.574
6.284 4.556
6.305 4.529
6.306 4.527
6.316 4.508
6.344 4.448
6.35 4.434
6.356 4.411
6.362 4.387
6.37 4.361
6.374 4.335
6.377 4.287
6.377 4.281
6.384 4.236
6.384 4.222
6.387 4.212
6.394 4.162
6.405 4.119
6.412 4.08
6.42 4.044
6.421 4.039
6.425 4.001
6.428 3.934
6.431 3.918
6.431 3.913
6.43 3.854
6.435 3.828
6.435 3.813
6.433 3.787
6.432 3.773
6.427 3.748
6.418 3.672
6.418 3.662
6.42 3.604
6.416 3.535
6.416 3.522
6.412 3.479
6.414 3.465
6.409 3.409
6.402 3.4
6.398 3.396
6.394 3.395
6.391 3.391
6.396 3.359
6.396 3.355
6.397 3.293
6.397 3.233
6.397 3.208
6.392 3.168
6.391 3.136
6.391 3.107
6.391 3.063
6.393 3.03
6.391 3
6.393 2.98
6.393 2.979
6.392 2.905
6.389 2.87
6.388 2.854
6.388 2.844
6.378 2.783
6.372 2.729
6.371 2.722
6.369 2.71
6.409 2.708
6.426 2.706
6.453 2.711
6.471 2.717
6.477 2.718
6.483 2.719
6.508 2.72
6.526 2.725
6.534 2.729
6.545 2.743
6.557 2.751
6.57 2.753
6.584 2.745
6.589 2.743
6.609 2.736
6.631 2.731
6.666 2.752
6.674 2.761
6.68 2.77
6.693 2.785
6.695 2.787
6.723 2.786
6.739 2.79
6.748 2.789
6.755 2.786
6.759 2.779
6.758 2.762
6.759 2.752
6.764 2.745
6.765 2.739
6.777 2.734
6.779 2.733
6.79 2.729
6.802 2.728
6.809 2.73
6.839 2.749
6.847 2.745
6.857 2.744
6.885 2.751
6.895 2.751
6.912 2.752
6.928 2.748
6.93 2.727
6.935 2.72
6.94 2.718
6.987 2.721
6.995 2.727
6.998 2.729
7.012 2.743
7.019 2.753
7.026 2.767
7.034 2.775
7.036 2.785
7.041 2.793
7.054 2.782
7.065 2.767
7.067 2.763
7.071 2.759
7.077 2.753
7.093 2.745
7.099 2.745
7.106 2.751
7.117 2.767
7.128 2.775
7.159 2.785
7.178 2.784
7.182 2.784
7.234 2.774
7.248 2.762
7.251 2.757
7.257 2.751
7.261 2.749
7.293 2.749
7.294 2.749
7.311 2.75
7.366 2.747
7.417 2.748
7.417 2.75
7.417 2.757
7.419 2.763
7.419 2.786
7.423 2.796
7.426 2.799
7.438 2.8
7.483 2.798
7.495 2.793
7.497 2.789
7.499 2.786
7.511 2.775
7.519 2.762
7.521 2.755
7.528 2.749
7.54 2.746
7.547 2.748
7.556 2.746
7.565 2.736
7.58 2.73
7.597 2.729
7.61 2.728
7.623 2.729
7.648 2.725
7.699 2.73
7.723 2.729
7.745 2.728
7.772 2.732
7.792 2.729
7.808 2.725
7.811 2.72
7.813 2.711
7.817 2.709
7.833 2.706
7.837 2.704
7.855 2.696
7.89 2.668
7.893 2.676
7.913 2.688
7.926 2.691
7.931 2.696
7.942 2.697
7.953 2.7
7.968 2.705
7.998 2.707
8 2.707
8.053 2.721
8.061 2.723
8.067 2.729
8.07 2.729
8.085 2.724
8.092 2.725
8.105 2.731
8.117 2.733
8.128 2.73
8.139 2.732
8.148 2.737
8.156 2.744
8.165 2.748
8.19 2.751
8.201 2.75
8.208 2.751
8.211 2.754
8.225 2.74
8.229 2.737
8.238 2.732
8.247 2.727
8.254 2.718
8.261 2.715
8.276 2.711
8.307 2.698
8.324 2.696
8.343 2.696
8.355 2.697
8.357 2.697
8.37 2.709
8.387 2.714
8.406 2.711
8.42 2.707
8.432 2.715
8.432 2.726
8.436 2.735
8.445 2.741
8.454 2.743
8.462 2.744
8.473 2.749
8.483 2.757
8.49 2.75
8.493 2.751
8.505 2.762
8.51 2.761
8.514 2.761
8.523 2.762
8.533 2.749
8.538 2.75
8.547 2.754
8.562 2.759
8.578 2.75
8.583 2.749
8.585 2.749
8.613 2.75
8.621 2.75
8.64 2.749
8.646 2.747
8.651 2.739
8.655 2.738
8.661 2.739
8.667 2.746
8.678 2.741
8.687 2.744
8.7 2.75
8.71 2.746
8.717 2.745
8.735 2.746
8.744 2.744
8.748 2.741
8.758 2.734
8.773 2.728
8.778 2.73
8.787 2.738
8.794 2.739
8.8 2.745
8.802 2.756
8.805 2.76
8.805 2.761
8.81 2.763
8.82 2.759
8.83 2.758
8.852 2.761
8.855 2.759
8.86 2.757
8.864 2.757
8.865 2.758
8.867 2.768
8.895 2.774
8.905 2.77
8.903 2.762
8.904 2.758
8.905 2.758
8.908 2.758
8.912 2.76
8.916 2.764
8.917 2.769
8.919 2.771
8.945 2.782
8.951 2.778
8.953 2.771
8.957 2.775
8.964 2.786
8.97 2.789
8.974 2.787
8.978 2.783
8.983 2.782
8.985 2.787
8.988 2.789
8.991 2.787
8.992 2.78
8.995 2.778
9.003 2.782
9.006 2.781
9.007 2.772
9.011 2.772
9.016 2.783
9.019 2.784
9.022 2.783
9.024 2.776
9.026 2.774
9.032 2.782
9.037 2.783
9.045 2.786
9.052 2.779
9.054 2.778
9.065 2.781
9.064 2.837
9.064 2.854
9.062 2.868
9.065 2.879
9.073 2.882
9.08 2.891
9.084 2.896
9.088 2.913
9.093 2.953
9.092 2.956
9.079 2.964
9.072 2.984
9.074 2.994
9.074 3.008
9.077 3.019
9.083 3.035
9.084 3.043
9.087 3.051
9.09 3.056
9.098 3.084
9.102 3.088
9.13 3.092
9.153 3.101
9.188 3.121
9.192 3.124
9.219 3.122
9.238 3.122
9.252 3.126
9.259 3.132
9.273 3.15
9.282 3.157
9.291 3.158
9.31 3.154
9.322 3.152
9.339 3.151
9.365 3.154
9.376 3.152
9.426 3.133
9.44 3.131
9.463 3.136
9.485 3.149
9.493 3.155
9.498 3.163
9.505 3.181
9.507 3.186
9.515 3.195
9.544 3.208
9.554 3.216
9.571 3.227
9.576 3.232
9.589 3.24
9.603 3.25
9.61 3.253
9.64 3.256
9.652 3.264
9.659 3.272
9.662 3.28
9.662 3.292
9.658 3.31
9.658 3.315
9.676 3.337
9.685 3.349
9.697 3.352
9.705 3.35
9.721 3.34
9.726 3.339
9.746 3.329
9.761 3.324
9.777 3.323
9.799 3.33
9.818 3.347
9.826 3.357
9.831 3.371
9.838 3.39
9.851 3.424
9.861 3.456
9.863 3.475
9.862 3.481
9.858 3.5
9.857 3.511
9.86 3.517
9.862 3.53
9.869 3.539
9.879 3.548
9.881 3.548
9.882 3.551
9.896 3.563
9.9 3.564
9.916 3.564
9.925 3.571
9.946 3.596
9.957 3.602
9.981 3.609
9.996 3.611
10 3.611
10.013 3.611
10.021 3.612
10.045 3.611
10.062 3.611
10.076 3.616
10.088 3.624
10.093 3.629
10.097 3.636
10.098 3.641
10.102 3.646
10.103 3.658
10.107 3.663
10.122 3.668
10.142 3.673
10.149 3.676
10.156 3.676
10.17 3.679
10.178 3.678
10.184 3.673
10.184 3.655
10.189 3.646
10.214 3.623
10.222 3.613
10.242 3.598
10.253 3.592
10.275 3.585
10.278 3.584
10.327 3.603
10.356 3.614
10.374 3.626
10.383 3.63
10.39 3.634
10.397 3.635
10.415 3.633
10.417 3.632
10.428 3.638
10.435 3.646
10.443 3.666
10.456 3.688
10.454 3.695
10.443 3.716
10.434 3.731
10.424 3.75
10.419 3.761
10.416 3.769
10.411 3.776
10.405 3.786
10.443 3.799
10.457 3.802
10.476 3.801
10.485 3.801
10.503 3.806
10.528 3.815
10.54 3.82
10.569 3.832
10.589 3.848
10.6 3.851
10.606 3.852
10.613 3.851
10.668 3.848
10.671 3.845
10.693 3.844
10.705 3.841
10.712 3.833
10.723 3.813
10.735 3.797
10.755 3.784
10.773 3.778
10.785 3.772
10.801 3.761
10.809 3.757
10.816 3.753
10.826 3.749
10.838 3.749
10.856 3.755
10.881 3.764
10.899 3.769
10.919 3.771
10.931 3.771
10.951 3.768
10.963 3.766
10.998 3.759
11.011 3.752
11.019 3.736
11.022 3.73
11.023 3.719
11.024 3.717
11.035 3.717
11.043 3.721
11.057 3.724
11.067 3.723
11.075 3.72
11.086 3.719
11.106 3.724
11.118 3.728
11.124 3.726
11.128 3.718
11.128 3.708
11.128 3.692
11.148 3.668
11.183 3.626
11.221 3.58
11.232 3.567
11.245 3.554
11.255 3.54
11.292 3.496
11.323 3.501
11.38 3.514
11.476 3.536
11.545 3.549
11.602 3.561
11.617 3.566
11.643 3.578
11.657 3.586
11.675 3.592
11.692 3.6
11.692 3.601
11.697 3.605
11.698 3.606
11.702 3.61
11.72 3.633
11.739 3.655
11.758 3.679
11.764 3.679
11.795 3.671
11.799 3.671
11.81 3.666
11.821 3.65
11.831 3.634
11.839 3.627
11.852 3.623
11.869 3.621
11.917 3.618
11.925 3.619
11.93 3.625
11.953 3.647
11.973 3.667
11.978 3.669
11.992 3.668
12.026 3.657
12.063 3.647
12.077 3.643
12.117 3.631
12.141 3.634
12.165 3.635
12.19 3.638
12.2 3.637
12.243 3.649
12.269 3.658
12.282 3.655
12.331 3.654
12.366 3.65
12.39 3.65
12.426 3.648
12.431 3.647
12.434 3.647
12.445 3.647
12.467 3.644
12.49 3.643
12.504 3.641
12.52 3.643
12.559 3.689
12.566 3.696
12.57 3.702
12.581 3.714
12.59 3.722
12.597 3.732
12.608 3.745
12.63 3.771
12.669 3.818
12.679 3.833
12.701 3.863
12.705 3.866
12.711 3.876
12.749 3.928
12.756 3.932
12.764 3.942
12.8 3.965
12.812 3.971
12.859 4
12.869 4.006
12.883 4.018
12.893 4.025
12.905 4.031
12.929 4.05
12.93 4.052
12.956 4.068
12.996 4.096
13.018 4.102
13.069 4.112
13.085 4.116
13.108 4.122
13.14 4.128
13.148 4.13
13.186 4.128
13.21 4.129
13.328 4.129
13.339 4.129
13.371 4.13
13.44 4.129
13.45 4.128
13.467 4.13
13.473 4.13
13.473 4.173
13.472 4.182
13.474 4.197
13.473 4.197
13.484 4.212
13.517 4.248
13.555 4.293
13.567 4.307
13.579 4.321
13.58 4.324
13.605 4.349
13.649 4.403
13.658 4.411
13.677 4.435
13.698 4.459
13.703 4.465
13.705 4.478
13.708 4.48
13.718 4.532
13.721 4.55
13.723 4.555
13.724 4.567
13.728 4.584
13.73 4.595
13.734 4.616
13.737 4.626
13.744 4.672
13.749 4.699
13.755 4.727
13.757 4.743
13.76 4.75
13.764 4.773
13.766 4.787
13.779 4.853
13.782 4.871
13.775 4.876
13.754 4.898
13.749 4.91
13.746 4.944
13.744 4.974
13.743 4.987
13.741 5
13.741 5.002
13.742 5.011
13.745 5.03
13.746 5.054
13.751 5.089
13.752 5.106
13.749 5.129
13.751 5.135
13.747 5.148
13.745 5.165
13.746 5.172
13.745 5.18
13.744 5.184
13.744 5.203
13.745 5.234
13.746 5.27
13.765 5.287
13.774 5.293
13.793 5.31
13.828 5.34
13.845 5.355
13.861 5.412
13.87 5.444
13.873 5.449
13.875 5.455
13.874 5.459
13.882 5.487
13.883 5.495
13.892 5.527
13.868 5.583
13.857 5.606
13.849 5.627
13.803 5.733
13.8 5.741
13.794 5.753
13.777 5.8
13.763 5.845
13.749 5.882
13.748 5.886
13.738 5.917
13.716 5.983
13.714 5.991
13.707 6.008
13.701 6.026
13.694 6.043
13.68 6.085
13.657 6.124
13.648 6.138
13.643 6.149
13.645 6.157
13.652 6.175
13.657 6.196
13.662 6.206
13.667 6.225
13.669 6.26
13.667 6.269
13.667 6.283
13.661 6.299
13.659 6.305
13.656 6.31
13.656 6.314
13.641 6.344
13.605 6.411
13.603 6.415
13.602 6.419
13.602 6.421
13.592 6.434
13.575 6.451
13.528 6.499
13.465 6.565
13.458 6.572
13.453 6.579
13.395 6.636
13.378 6.655
13.368 6.664
13.355 6.678
13.341 6.685
13.32 6.699
13.302 6.71
13.294 6.715
13.289 6.717
13.267 6.729
13.256 6.737
13.231 6.751
13.207 6.765
13.166 6.789
13.159 6.792
13.136 6.807
13.118 6.819
13.036 6.889
13.032 6.892
13.019 6.905
13.006 6.913
12.99 6.928
12.989 6.934
12.991 6.947
12.991 7
12.991 7.01
12.998 7.039
12.999 7.05
13.001 7.063
13.008 7.086
13.012 7.101
13.021 7.125
13.023 7.136
13.026 7.143
13.032 7.152
13.061 7.179
13.071 7.187
13.078 7.193
13.081 7.199
13.092 7.209
13.093 7.212
13.096 7.212
13.102 7.218
13.104 7.222
13.111 7.228
13.111 7.245
13.108 7.272
13.104 7.31
13.101 7.331
13.1 7.357
13.098 7.371
13.099 7.383
13.102 7.401
13.11 7.426
13.123 7.449
13.124 7.453
13.127 7.458
13.138 7.474
13.142 7.484
13.149 7.493
13.152 7.502
13.156 7.506
13.164 7.52
13.187 7.56
13.198 7.579
13.2 7.585
13.207 7.594
13.211 7.602
13.218 7.614
13.221 7.619
13.221 7.622
13.224 7.623
13.227 7.632
13.234 7.64
13.238 7.646
13.239 7.65
13.241 7.65
13.241 7.653
13.247 7.661
13.277 7.71
13.283 7.72
13.296 7.742
13.299 7.746
13.299 7.748
13.302 7.749
13.303 7.753
13.306 7.757
13.315 7.771
13.321 7.78
13.334 7.804
13.339 7.816
13.34 7.825
13.337 7.833
13.336 7.84
13.334 7.849
13.332 7.875
13.33 7.882
13.33 7.892
13.328 7.904
13.328 7.911
13.327 7.916
13.324 7.947
13.317 7.987
13.314 8.007
13.311 8.023
13.309 8.026
13.309 8.034
13.306 8.037
13.306 8.043
13.307 8.046
13.303 8.062
13.302 8.068
13.298 8.079
13.289 8.107
13.28 8.126
13.271 8.145
13.264 8.156
13.261 8.158
13.259 8.165
13.246 8.176
13.239 8.184
13.233 8.191
13.229 8.197
13.226 8.2
13.219 8.212
13.208 8.256
13.201 8.262
13.189 8.273
13.172 8.288
13.167 8.294
13.161 8.308
13.154 8.311
13.146 8.316
13.133 8.328
13.12 8.348
13.115 8.356
13.098 8.366
13.089 8.377
13.084 8.381
13.081 8.388
13.08 8.388
13.07 8.401
13.055 8.416
13.055 8.422
13.062 8.442
13.069 8.469
13.07 8.486
13.068 8.499
13.063 8.516
13.057 8.531
13.05 8.545
13.038 8.565
13.024 8.586
13.017 8.593
13.012 8.599
13.011 8.602
12.99 8.621
12.977 8.632
12.961 8.64
12.956 8.645
12.946 8.645
12.939 8.648
12.933 8.662
12.929 8.672
12.924 8.678
12.925 8.678
12.92 8.691
12.917 8.696
12.916 8.704
12.914 8.71
12.914 8.715
12.913 8.726
12.899 8.76
12.897 8.773
12.897 8.781
12.893 8.788
12.888 8.81
12.881 8.825
12.881 8.83
12.873 8.853
12.87 8.861
12.87 8.871
12.863 8.882
12.85 8.923
12.848 8.934
12.845 8.94
12.842 8.949
12.84 8.957
12.833 8.97
12.833 8.975
12.839 8.984
12.841 8.998
12.839 9.015
12.837 9.06
12.837 9.073
12.835 9.081
12.836 9.093
12.836 9.102
12.835 9.107
12.834 9.138
12.833 9.143
12.834 9.147
12.834 9.16
12.832 9.167
12.831 9.169
12.828 9.179
12.828 9.22
12.827 9.226
12.825 9.23
12.825 9.243
12.824 9.251
12.82 9.258
12.815 9.28
12.812 9.288
12.813 9.292
12.811 9.306
12.813 9.327
12.814 9.346
12.817 9.353
12.817 9.365
12.82 9.382
12.823 9.39
12.822 9.416
12.822 9.43
12.819 9.435
12.811 9.489
12.809 9.514
12.81 9.531
12.808 9.547
12.807 9.554
12.807 9.573
12.808 9.581
12.806 9.591
12.806 9.617
12.804 9.65
12.815 9.666
12.835 9.689
12.844 9.695
12.858 9.71
12.912 9.763
12.917 9.77
12.926 9.777
12.94 9.79
12.942 9.794
12.953 9.803
12.966 9.812
12.97 9.817
12.996 9.833
13.015 9.847
13.036 9.869
13.036 9.873
13.049 9.887
13.06 9.901
13.071 9.913
13.102 9.941
13.143 9.979
13.15 9.982
13.149 9.984
13.152 9.985
13.157 9.991
13.163 9.997
13.165 10
13.175 10.016
13.183 10.033
13.19 10.04
13.196 10.05
13.203 10.061
13.221 10.1
13.23 10.123
13.233 10.125
13.241 10.146
13.249 10.161
13.264 10.197
13.268 10.207
13.27 10.251
13.271 10.258
13.271 10.269
13.272 10.288
13.272 10.301
13.274 10.325
13.274 10.336
13.277 10.385
13.277 10.403
13.279 10.414
13.281 10.432
13.28 10.439
13.282 10.452
13.283 10.466
13.291 10.484
13.309 10.533
13.313 10.547
13.32 10.561
13.324 10.572
13.329 10.587
13.334 10.6
13.341 10.617
13.354 10.655
13.357 10.669
13.357 10.687
13.358 10.704
13.36 10.738
13.36 10.755
13.363 10.792
13.364 10.822
13.365 10.849
13.367 10.86
13.366 10.881
13.368 10.901
13.368 10.912
13.369 10.924
13.372 10.977
13.374 10.985
13.373 11.025
13.372 11.025
13.373 11.035
13.374 11.059
13.376 11.065
13.374 11.069
13.375 11.133
13.376 11.144
13.375 11.167
13.376 11.175
13.375 11.181
13.375 11.206
13.376 11.213
13.375 11.213
13.374 11.284
13.374 11.296
13.372 11.302
13.373 11.302
13.373 11.326
13.372 11.368
13.37 11.396
13.364 11.437
13.362 11.451
13.36 11.464
13.358 11.469
13.356 11.48
13.357 11.485
13.353 11.517
13.353 11.522
13.352 11.522
13.348 11.54
13.325 11.591
13.319 11.602
13.317 11.61
13.31 11.626
13.305 11.638
13.302 11.652
13.299 11.661
13.296 11.666
13.295 11.672
13.287 11.696
13.28 11.728
13.278 11.739
13.276 11.744
13.275 11.751
13.273 11.765
13.272 11.772
13.268 11.777
13.269 11.786
13.264 11.81
13.261 11.82
13.25 11.875
13.247 11.885
13.245 11.885
13.233 11.911
13.223 11.929
13.218 11.935
13.177 11.989
13.173 11.995
13.158 12.012
13.151 12.015
13.141 12.027
13.131 12.041
13.13 12.045
13.127 12.047
13.112 12.074
13.093 12.104
13.09 12.114
13.092 12.118
13.092 12.123
13.091 12.13
13.101 12.131
13.104 12.135
13.099 12.139
13.099 12.142
13.097 12.149
13.098 12.151
13.106 12.149
13.109 12.151
13.108 12.158
13.103 12.162
13.102 12.164
13.104 12.17
13.101 12.173
13.098 12.177
13.104 12.18
13.107 12.188
13.115 12.179
13.12 12.177
13.125 12.179
13.121 12.184
13.12 12.188
13.122 12.195
13.123 12.203
13.12 12.207
13.115 12.211
13.114 12.218
13.108 12.23
13.107 12.234
13.113 12.238
13.115 12.241
13.114 12.257
13.11 12.265
13.106 12.268
13.103 12.27
13.095 12.273
13.089 12.273
13.083 12.275
13.081 12.278
13.08 12.287
13.081 12.288
13.082 12.288
13.084 12.282
13.086 12.28
13.092 12.287
13.095 12.294
13.096 12.297
13.096 12.307
13.094 12.311
13.089 12.317
13.086 12.322
13.086 12.323
13.085 12.33
13.083 12.335
13.078 12.333
13.074 12.334
13.072 12.337
13.073 12.34
13.084 12.341
13.086 12.343
13.079 12.352
13.078 12.355
13.081 12.362
13.088 12.362
13.09 12.362
13.09 12.366
13.087 12.369
13.085 12.369
13.078 12.369
13.077 12.37
13.076 12.378
13.078 12.396
13.077 12.402
13.074 12.4
13.078 12.405
13.079 12.407
13.079 12.41
13.076 12.418
13.071 12.434
13.072 12.443
13.072 12.453
13.07 12.461
13.063 12.471
13.062 12.477
13.065 12.48
13.071 12.483
13.081 12.479
13.084 12.481
13.084 12.484
13.083 12.496
13.084 12.497
13.087 12.496
13.088 12.492
13.09 12.491
13.094 12.497
13.098 12.492
13.102 12.492
13.11 12.496
13.113 12.495
13.12 12.491
13.121 12.491
13.129 12.495
13.139 12.504
13.143 12.512
13.15 12.519
13.146 12.526
13.147 12.532
13.146 12.537
13.14 12.538
13.139 12.54
13.14 12.542
13.149 12.546
13.153 12.55
13.154 12.553
13.158 12.559
13.161 12.554
13.168 12.553
13.176 12.553
13.181 12.556
13.193 12.565
13.198 12.561
13.197 12.559
13.191 12.553
13.191 12.548
13.192 12.544
13.196 12.54
13.204 12.537
13.207 12.537
13.212 12.536
13.213 12.537
13.213 12.541
13.201 12.547
13.201 12.55
13.204 12.553
13.219 12.553
13.223 12.557
13.226 12.568
13.231 12.572
13.237 12.566
13.24 12.566
13.25 12.575
13.256 12.577
13.268 12.579
13.27 12.581
13.263 12.591
13.267 12.592
13.276 12.589
13.278 12.589
13.276 12.598
13.277 12.609
13.272 12.618
13.272 12.626
13.28 12.634
13.297 12.64
13.3 12.644
13.301 12.647
13.294 12.647
13.287 12.649
13.286 12.648
13.284 12.651
13.284 12.655
13.286 12.66
13.285 12.664
13.279 12.667
13.274 12.668
13.273 12.67
13.273 12.674
13.274 12.676
13.29 12.689
13.301 12.694
13.309 12.691
13.313 12.693
13.312 12.698
13.313 12.704
13.308 12.709
13.304 12.714
13.305 12.718
13.307 12.722
13.309 12.721
13.315 12.714
13.317 12.715
13.319 12.731
13.321 12.738
13.325 12.742
13.329 12.743
13.332 12.739
13.335 12.738
13.34 12.74
13.354 12.753
13.352 12.755
13.352 12.763
13.354 12.772
13.358 12.781
13.358 12.782
13.361 12.787
13.369 12.794
13.372 12.795
13.375 12.794
13.38 12.797
13.381 12.798
13.381 12.8
13.384 12.806
13.393 12.82
13.397 12.821
13.401 12.819
13.406 12.822
13.407 12.825
13.403 12.827
13.4 12.826
13.397 12.828
13.398 12.832
13.404 12.834
13.417 12.832
13.42 12.829
13.421 12.816
13.423 12.815
13.426 12.817
13.426 12.828
13.431 12.83
13.431 12.832
13.429 12.834
13.429 12.838
13.432 12.839
13.438 12.835
13.443 12.838
13.444 12.842
13.439 12.848
13.438 12.854
13.437 12.861
13.439 12.862
13.441 12.862
13.447 12.856
13.449 12.855
13.455 12.857
13.463 12.861
13.466 12.862
13.468 12.861
13.468 12.854
13.469 12.851
13.47 12.849
13.474 12.852
13.476 12.856
13.48 12.858
13.477 12.866
13.47 12.874
13.47 12.878
13.473 12.88
13.477 12.879
13.484 12.874
13.488 12.873
13.495 12.874
13.497 12.877
13.493 12.892
13.486 12.893
13.485 12.901
13.481 12.906
13.483 12.924
13.493 12.931
13.5 12.938
13.503 12.947
13.51 12.954
13.504 12.958
13.497 12.961
13.509 12.966
13.515 12.971
13.514 12.974
13.51 12.976
13.51 12.986
13.514 12.995
13.514 13.001
13.511 13.004
13.511 13.008
13.514 13.012
13.531 13.026
13.532 13.03
13.526 13.042
13.524 13.047
13.529 13.046
13.532 13.045
13.541 13.048
13.543 13.049
13.539 13.055
13.54 13.058
13.547 13.065
13.547 13.076
13.547 13.08
13.546 13.081
13.544 13.082
13.535 13.075
13.535 13.072
13.531 13.068
13.527 13.067
13.523 13.072
13.522 13.08
13.52 13.083
13.52 13.087
13.515 13.091
13.516 13.094
13.531 13.101
13.535 13.106
13.52 13.123
13.519 13.127
13.522 13.127
13.525 13.125
13.527 13.127
13.528 13.129
13.536 13.123
13.54 13.124
13.539 13.13
13.539 13.133
13.54 13.139
13.547 13.146
13.548 13.148
13.545 13.15
13.537 13.144
13.53 13.145
13.518 13.142
13.515 13.143
13.515 13.15
13.513 13.155
13.513 13.158
13.514 13.159
13.518 13.158
13.521 13.162
13.522 13.163
13.526 13.163
13.528 13.165
13.532 13.179
13.532 13.184
13.53 13.186
13.515 13.192
13.511 13.195
13.51 13.199
13.511 13.2
13.515 13.2
13.519 13.199
13.523 13.2
13.527 13.208
13.534 13.209
13.55 13.214
13.551 13.216
13.546 13.218
13.547 13.22
13.553 13.222
13.555 13.232
13.558 13.238
13.564 13.241
13.567 13.242
13.57 13.241
13.572 13.239
13.572 13.233
13.573 13.232
13.585 13.236
13.586 13.24
13.581 13.252
13.581 13.255
13.584 13.257
13.588 13.257
13.593 13.264
13.594 13.265
13.599 13.262
13.597 13.255
13.606 13.254
13.61 13.252
13.613 13.248
13.615 13.25
13.618 13.257
13.622 13.261
13.631 13.265
13.636 13.27
13.638 13.275
13.64 13.275
13.643 13.271
13.647 13.274
13.652 13.283
13.659 13.293
13.658 13.298
13.664 13.3
13.671 13.299
13.673 13.298
13.674 13.299
13.675 13.306
13.681 13.309
13.683 13.314
13.689 13.315
13.691 13.318
13.691 13.331
13.693 13.335
13.695 13.336
