segment Sao Tome And Principe
1.532 7.406
1.532 7.403
1.535 7.402
1.54 7.403
1.543 7.401
1.541 7.386
1.546 7.384
1.551 7.38
1.552 7.369
1.564 7.36
1.566 7.356
1.564 7.352
1.558 7.349
1.558 7.344
1.564 7.341
1.578 7.342
1.591 7.337
1.599 7.338
1.6 7.333
1.607 7.331
1.612 7.333
1.615 7.338
1.614 7.343
1.609 7.348
1.609 7.357
1.612 7.363
1.62 7.365
1.625 7.369
1.63 7.371
1.64 7.368
1.645 7.369
1.653 7.375
1.661 7.371
1.666 7.371
1.673 7.369
1.679 7.372
1.686 7.371
1.688 7.374
1.685 7.384
1.687 7.391
1.693 7.395
1.7 7.395
1.701 7.398
1.695 7.406
1.696 7.42
1.691 7.427
1.69 7.436
1.698 7.445
1.697 7.449
1.689 7.457
1.687 7.465
1.684 7.466
1.673 7.466
1.673 7.463
1.676 7.458
1.677 7.454
1.675 7.451
1.675 7.45
1.666 7.446
1.662 7.436
1.656 7.434
1.649 7.425
1.647 7.425
1.646 7.426
1.649 7.436
1.653 7.44
1.653 7.443
1.646 7.446
1.647 7.456
1.645 7.457
1.637 7.456
1.638 7.46
1.635 7.464
1.624 7.459
1.618 7.454
1.617 7.452
1.619 7.448
1.62 7.444
1.609 7.43
1.605 7.428
1.601 7.428
1.592 7.432
1.575 7.43
1.566 7.427
1.563 7.429
1.559 7.428
1.558 7.427
1.558 7.423
1.564 7.417
1.554 7.407
1.55 7.406
1.535 7.409
1.532 7.406
segment Sao Tome And Principe
1.397 7.274
1.399 7.268
1.403 7.265
1.409 7.265
1.411 7.267
1.412 7.271
1.409 7.276
1.403 7.278
1.399 7.277
1.397 7.274
segment Sao Tome And Principe
1.359 7.278
1.361 7.274
1.365 7.272
1.37 7.273
1.373 7.277
1.372 7.28
1.368 7.283
1.362 7.284
1.359 7.282
1.359 7.278
segment Sao Tome And Principe
0.353 6.546
0.363 6.56
0.362 6.568
0.364 6.573
0.369 6.578
0.394 6.606
0.404 6.613
0.411 6.62
0.41 6.629
0.413 6.631
0.413 6.634
0.414 6.636
0.41 6.64
0.409 6.643
0.413 6.653
0.413 6.663
0.416 6.67
0.415 6.675
0.408 6.686
0.408 6.697
0.406 6.701
0.394 6.706
0.389 6.711
0.387 6.722
0.384 6.728
0.382 6.728
0.371 6.721
0.367 6.72
0.363 6.723
0.366 6.732
0.362 6.734
0.352 6.731
0.347 6.733
0.345 6.737
0.347 6.741
0.351 6.744
0.351 6.747
0.349 6.749
0.334 6.749
0.325 6.747
0.32 6.749
0.318 6.756
0.304 6.76
0.297 6.768
0.294 6.769
0.291 6.767
0.29 6.766
0.29 6.759
0.287 6.756
0.279 6.753
0.269 6.758
0.264 6.753
0.257 6.751
0.247 6.755
0.242 6.753
0.235 6.749
0.229 6.742
0.22 6.738
0.206 6.725
0.203 6.72
0.202 6.714
0.201 6.71
0.195 6.707
0.183 6.698
0.18 6.696
0.174 6.696
0.172 6.694
0.172 6.687
0.169 6.686
0.164 6.689
0.161 6.688
0.163 6.682
0.161 6.681
0.155 6.681
0.154 6.678
0.143 6.673
0.14 6.666
0.135 6.661
0.133 6.654
0.127 6.654
0.125 6.659
0.12 6.659
0.11 6.659
0.106 6.657
0.109 6.646
0.105 6.642
0.102 6.632
0.096 6.626
0.084 6.619
0.083 6.614
0.086 6.61
0.085 6.607
0.08 6.604
0.076 6.596
0.084 6.589
0.086 6.588
0.086 6.58
0.084 6.577
0.08 6.573
0.073 6.572
0.061 6.574
0.056 6.573
0.048 6.566
0.037 6.564
0.036 6.556
0.038 6.551
0.044 6.55
0.048 6.548
0.049 6.545
0.046 6.542
0.035 6.542
0.025 6.525
0.027 6.52
0.032 6.518
0.043 6.518
0.052 6.514
0.055 6.515
0.058 6.521
0.07 6.522
0.092 6.521
0.1 6.523
0.106 6.521
0.109 6.517
0.109 6.509
0.115 6.5
0.123 6.502
0.127 6.501
0.131 6.499
0.136 6.492
0.14 6.494
0.143 6.493
0.147 6.488
0.148 6.487
0.159 6.487
0.177 6.484
0.198 6.471
0.207 6.474
0.216 6.47
0.225 6.473
0.233 6.471
0.239 6.472
0.247 6.47
0.254 6.475
0.265 6.475
0.273 6.478
0.275 6.483
0.281 6.489
0.291 6.494
0.314 6.499
0.319 6.502
0.326 6.513
0.333 6.52
0.337 6.529
0.345 6.535
0.353 6.546
segment Sao Tome And Principe
0 6.533
-0.002 6.531
-0.005 6.534
-0.011 6.53
-0.012 6.527
-0.014 6.523
-0.011 6.522
-0.009 6.522
-0.007 6.518
-0.003 6.518
0 6.526
0 6.533
