segment South Africa
-31.684 18.199
-31.691 18.199
-31.696 18.196
-31.694 18.191
-31.684 18.199
segment South Africa
-33.428 18.082
-33.421 18.074
-33.413 18.07
-33.409 18.071
-33.409 18.075
-33.413 18.082
-33.409 18.084
-33.409 18.086
-33.415 18.092
-33.42 18.093
-33.427 18.092
-33.428 18.089
-33.428 18.082
segment South Africa
-33.824 18.372
-33.823 18.365
-33.819 18.358
-33.811 18.355
-33.805 18.357
-33.797 18.365
-33.795 18.37
-33.807 18.369
-33.821 18.38
-33.823 18.378
-33.824 18.372
segment South Africa
-22.142 29.743
-22.141 29.764
-22.143 29.772
-22.162 29.802
-22.172 29.825
-22.173 29.83
-22.172 29.843
-22.174 29.854
-22.178 29.86
-22.189 29.873
-22.191 29.876
-22.19 29.878
-22.19 29.898
-22.19 29.913
-22.192 29.924
-22.197 29.932
-22.209 29.946
-22.216 29.958
-22.222 29.973
-22.225 29.993
-22.227 30
-22.23 30.011
-22.235 30.013
-22.252 30.021
-22.255 30.029
-22.253 30.041
-22.253 30.046
-22.257 30.057
-22.263 30.062
-22.267 30.068
-22.273 30.078
-22.279 30.085
-22.286 30.096
-22.287 30.098
-22.298 30.109
-22.309 30.124
-22.309 30.133
-22.302 30.147
-22.297 30.163
-22.297 30.182
-22.295 30.202
-22.293 30.211
-22.294 30.223
-22.301 30.236
-22.308 30.243
-22.313 30.25
-22.334 30.264
-22.345 30.275
-22.351 30.288
-22.351 30.297
-22.345 30.308
-22.347 30.349
-22.346 30.351
-22.344 30.379
-22.34 30.407
-22.334 30.429
-22.329 30.443
-22.323 30.461
-22.319 30.467
-22.314 30.484
-22.315 30.495
-22.316 30.505
-22.318 30.511
-22.322 30.524
-22.324 30.534
-22.325 30.549
-22.322 30.561
-22.318 30.569
-22.317 30.582
-22.319 30.599
-22.322 30.604
-22.325 30.613
-22.332 30.627
-22.33 30.634
-22.324 30.639
-22.32 30.643
-22.315 30.65
-22.31 30.657
-22.308 30.665
-22.31 30.672
-22.312 30.684
-22.315 30.699
-22.315 30.711
-22.314 30.713
-22.313 30.716
-22.307 30.734
-22.303 30.766
-22.301 30.776
-22.301 30.784
-22.299 30.789
-22.293 30.81
-22.291 30.827
-22.291 30.844
-22.292 30.852
-22.294 30.859
-22.295 30.862
-22.299 30.88
-22.297 30.898
-22.298 30.909
-22.299 30.914
-22.3 30.931
-22.313 30.951
-22.313 30.961
-22.326 30.984
-22.327 30.991
-22.324 30.998
-22.323 31.001
-22.323 31.008
-22.329 31.024
-22.334 31.043
-22.338 31.054
-22.341 31.064
-22.344 31.076
-22.345 31.085
-22.328 31.139
-22.326 31.15
-22.326 31.157
-22.328 31.165
-22.337 31.18
-22.357 31.196
-22.36 31.201
-22.363 31.211
-22.363 31.221
-22.358 31.252
-22.36 31.259
-22.37 31.269
-22.378 31.274
-22.391 31.283
-22.406 31.295
-22.418 31.311
-22.421 31.306
-22.434 31.31
-22.467 31.321
-22.486 31.328
-22.502 31.332
-22.516 31.336
-22.568 31.355
-22.58 31.36
-22.596 31.363
-22.608 31.367
-22.737 31.41
-22.751 31.416
-22.788 31.427
-22.844 31.447
-22.86 31.451
-22.878 31.458
-22.904 31.466
-22.956 31.484
-22.987 31.495
-22.999 31.498
-23 31.498
-23.018 31.504
-23.041 31.513
-23.053 31.516
-23.06 31.521
-23.125 31.54
-23.137 31.543
-23.146 31.546
-23.161 31.553
-23.179 31.559
-23.2 31.558
-23.269 31.554
-23.283 31.555
-23.291 31.552
-23.321 31.551
-23.349 31.549
-23.373 31.547
-23.403 31.546
-23.419 31.547
-23.47 31.557
-23.485 31.565
-23.499 31.58
-23.508 31.586
-23.558 31.632
-23.573 31.647
-23.585 31.657
-23.593 31.663
-23.601 31.672
-23.619 31.689
-23.641 31.691
-23.708 31.695
-23.721 31.695
-23.737 31.703
-23.777 31.718
-23.855 31.75
-23.881 31.762
-23.893 31.783
-23.906 31.803
-23.932 31.845
-23.941 31.86
-23.951 31.875
-23.969 31.878
-23.977 31.878
-24 31.892
-24.029 31.895
-24.039 31.896
-24.055 31.897
-24.089 31.9
-24.129 31.905
-24.143 31.906
-24.191 31.913
-24.209 31.927
-24.243 31.947
-24.247 31.95
-24.273 31.968
-24.297 31.984
-24.304 31.988
-24.313 31.99
-24.331 31.993
-24.38 31.999
-24.393 32.001
-24.403 32.003
-24.438 32.01
-24.457 32.011
-24.478 32.012
-24.499 32.011
-24.517 32.01
-24.531 32.009
-24.546 32.008
-24.558 32.007
-24.566 32.006
-24.58 32.007
-24.593 32.006
-24.602 32.005
-24.63 32.005
-24.657 32.003
-24.68 32.001
-24.695 32.002
-24.706 32.003
-24.716 32.005
-24.727 32.007
-24.743 32.008
-24.76 32.01
-24.795 32.013
-24.826 32.017
-24.845 32.018
-24.856 32.02
-24.883 32.021
-24.892 32.021
-24.899 32.021
-24.912 32.023
-24.927 32.025
-24.963 32.028
-24.97 32.03
-24.983 32.031
-25 32.031
-25.002 32.031
-25.018 32.03
-25.029 32.033
-25.042 32.037
-25.052 32.037
-25.069 32.038
-25.084 32.039
-25.093 32.039
-25.11 32.042
-25.118 32.044
-25.128 32.044
-25.14 32.042
-25.161 32.039
-25.181 32.038
-25.194 32.037
-25.234 32.034
-25.257 32.033
-25.262 32.033
-25.265 32.033
-25.272 32.034
-25.29 32.03
-25.31 32.028
-25.332 32.027
-25.338 32.026
-25.346 32.024
-25.352 32.025
-25.362 32.025
-25.373 32.025
-25.382 32.022
-25.409 32.008
-25.413 32.007
-25.417 32.005
-25.426 31.997
-25.438 31.993
-25.444 31.99
-25.446 31.989
-25.46 31.985
-25.476 31.985
-25.486 31.982
-25.498 31.981
-25.52 31.981
-25.523 31.986
-25.525 32
-25.553 32.005
-25.595 32.008
-25.616 32.013
-25.638 32.013
-25.653 32.009
-25.667 32.004
-25.696 31.984
-25.706 31.979
-25.725 31.973
-25.735 31.969
-25.749 31.966
-25.765 31.961
-25.769 31.959
-25.776 31.958
-25.831 31.938
-25.847 31.939
-25.886 31.955
-25.905 31.965
-25.917 31.968
-25.952 31.982
-25.957 31.969
-25.96 31.963
-25.976 31.925
-25.987 31.898
-25.986 31.893
-25.993 31.882
-25.999 31.87
-25.978 31.837
-25.971 31.827
-25.964 31.815
-25.954 31.795
-25.949 31.789
-25.942 31.779
-25.926 31.755
-25.908 31.724
-25.868 31.661
-25.85 31.631
-25.849 31.626
-25.843 31.618
-25.838 31.612
-25.806 31.562
-25.798 31.555
-25.794 31.548
-25.792 31.54
-25.781 31.523
-25.782 31.519
-25.775 31.513
-25.761 31.489
-25.752 31.475
-25.72 31.425
-25.721 31.416
-25.724 31.41
-25.726 31.404
-25.726 31.395
-25.729 31.381
-25.735 31.37
-25.735 31.36
-25.738 31.343
-25.743 31.329
-25.744 31.32
-25.75 31.314
-25.762 31.305
-25.778 31.29
-25.809 31.269
-25.817 31.261
-25.833 31.239
-25.885 31.172
-25.895 31.161
-25.907 31.143
-25.92 31.134
-25.924 31.134
-25.949 31.126
-25.96 31.125
-25.985 31.118
-26.01 31.104
-26.01 31.103
-26.021 31.099
-26.043 31.085
-26.061 31.078
-26.067 31.073
-26.087 31.066
-26.095 31.059
-26.12 31.045
-26.147 31.03
-26.167 31.019
-26.197 31.004
-26.204 30.998
-26.209 30.997
-26.232 30.985
-26.234 30.982
-26.259 30.967
-26.285 30.934
-26.297 30.921
-26.305 30.915
-26.322 30.897
-26.339 30.886
-26.359 30.878
-26.374 30.869
-26.391 30.855
-26.41 30.841
-26.418 30.833
-26.427 30.83
-26.445 30.821
-26.474 30.817
-26.479 30.814
-26.531 30.803
-26.558 30.798
-26.565 30.796
-26.59 30.794
-26.605 30.796
-26.673 30.796
-26.696 30.798
-26.72 30.798
-26.76 30.803
-26.776 30.804
-26.826 30.812
-26.84 30.824
-26.841 30.832
-26.838 30.842
-26.834 30.847
-26.826 30.862
-26.815 30.876
-26.806 30.882
-26.79 30.902
-26.794 30.904
-26.819 30.904
-26.833 30.909
-26.847 30.911
-26.858 30.917
-26.882 30.938
-26.894 30.951
-26.903 30.968
-26.905 30.973
-26.916 30.981
-26.932 30.986
-26.95 30.987
-26.959 30.985
-26.969 30.981
-26.992 30.968
-27.001 30.97
-27.015 30.976
-27.024 30.987
-27.029 30.989
-27.071 31.035
-27.085 31.052
-27.097 31.068
-27.118 31.085
-27.137 31.101
-27.14 31.105
-27.183 31.142
-27.186 31.142
-27.194 31.15
-27.2 31.158
-27.208 31.18
-27.213 31.192
-27.219 31.213
-27.225 31.225
-27.225 31.232
-27.244 31.29
-27.247 31.292
-27.249 31.299
-27.252 31.304
-27.252 31.315
-27.257 31.329
-27.264 31.344
-27.265 31.352
-27.27 31.366
-27.274 31.376
-27.28 31.396
-27.296 31.445
-27.3 31.464
-27.304 31.469
-27.308 31.481
-27.311 31.485
-27.312 31.494
-27.315 31.502
-27.316 31.537
-27.315 31.566
-27.316 31.611
-27.315 31.619
-27.316 31.624
-27.316 31.656
-27.316 31.664
-27.316 31.686
-27.314 31.694
-27.316 31.704
-27.317 31.777
-27.316 31.785
-27.317 31.828
-27.316 31.898
-27.317 31.975
-27.303 31.975
-27.286 31.977
-27.258 31.977
-27.219 31.979
-27.182 31.98
-27.164 31.98
-27.134 31.982
-27.113 31.981
-27.07 31.984
-27.061 31.983
-27.024 31.986
-26.985 31.99
-26.975 31.99
-26.97 31.992
-26.926 31.998
-26.914 32.001
-26.894 32.002
-26.852 32.007
-26.833 32.011
-26.825 32.01
-26.811 32.014
-26.811 32.04
-26.815 32.054
-26.814 32.066
-26.812 32.071
-26.811 32.082
-26.807 32.1
-26.811 32.109
-26.814 32.112
-26.821 32.112
-26.83 32.119
-26.832 32.128
-26.835 32.134
-26.839 32.141
-26.844 32.148
-26.851 32.159
-26.856 32.169
-26.86 32.18
-26.861 32.186
-26.859 32.193
-26.848 32.204
-26.843 32.209
-26.837 32.216
-26.833 32.221
-26.833 32.229
-26.836 32.238
-26.84 32.249
-26.843 32.259
-26.85 32.284
-26.852 32.311
-26.852 32.326
-26.854 32.335
-26.859 32.347
-26.861 32.354
-26.863 32.385
-26.863 32.42
-26.863 32.483
-26.865 32.616
-26.865 32.646
-26.865 32.657
-26.866 32.685
-26.866 32.725
-26.867 32.774
-26.869 32.82
-26.868 32.848
-26.867 32.862
-26.864 32.874
-26.857 32.896
-26.883 32.886
-26.887 32.885
-26.893 32.883
-26.941 32.878
-26.969 32.877
-26.982 32.875
-26.997 32.87
-27.007 32.871
-27.012 32.869
-27.05 32.86
-27.064 32.851
-27.081 32.851
-27.099 32.845
-27.108 32.844
-27.121 32.835
-27.131 32.832
-27.139 32.83
-27.168 32.813
-27.176 32.81
-27.186 32.812
-27.194 32.809
-27.2 32.804
-27.212 32.799
-27.232 32.795
-27.248 32.786
-27.253 32.783
-27.265 32.78
-27.286 32.779
-27.313 32.762
-27.342 32.754
-27.359 32.747
-27.367 32.744
-27.404 32.733
-27.484 32.692
-27.484 32.691
-27.507 32.683
-27.526 32.68
-27.532 32.68
-27.54 32.681
-27.548 32.682
-27.579 32.67
-27.608 32.662
-27.628 32.66
-27.647 32.654
-27.663 32.651
-27.672 32.649
-27.709 32.636
-27.785 32.616
-27.813 32.608
-27.845 32.604
-27.872 32.598
-27.909 32.592
-27.911 32.592
-27.932 32.596
-27.958 32.593
-28 32.585
-28.017 32.584
-28.032 32.578
-28.033 32.577
-28.058 32.575
-28.077 32.569
-28.122 32.565
-28.14 32.562
-28.157 32.555
-28.165 32.553
-28.212 32.527
-28.239 32.516
-28.271 32.495
-28.277 32.491
-28.305 32.477
-28.336 32.457
-28.379 32.436
-28.384 32.432
-28.392 32.429
-28.393 32.431
-28.395 32.432
-28.403 32.43
-28.41 32.432
-28.417 32.432
-28.422 32.43
-28.443 32.425
-28.47 32.424
-28.478 32.42
-28.493 32.417
-28.504 32.409
-28.523 32.403
-28.54 32.389
-28.549 32.381
-28.566 32.369
-28.59 32.345
-28.613 32.314
-28.631 32.301
-28.635 32.297
-28.639 32.292
-28.653 32.274
-28.672 32.24
-28.718 32.199
-28.722 32.194
-28.741 32.169
-28.796 32.111
-28.806 32.099
-28.809 32.092
-28.816 32.081
-28.819 32.082
-28.867 32.032
-28.879 32.017
-28.881 32.014
-28.889 32
-28.895 31.986
-28.906 31.947
-28.916 31.931
-28.929 31.886
-28.93 31.883
-28.938 31.867
-28.942 31.854
-28.944 31.826
-28.943 31.81
-28.946 31.794
-28.944 31.792
-28.937 31.791
-28.933 31.787
-28.931 31.77
-28.921 31.758
-28.924 31.757
-28.935 31.763
-28.938 31.767
-28.939 31.778
-28.942 31.782
-28.945 31.783
-28.952 31.78
-28.954 31.781
-28.954 31.788
-28.951 31.797
-28.95 31.811
-28.951 31.814
-28.953 31.812
-28.957 31.794
-28.961 31.782
-28.967 31.771
-28.972 31.765
-28.98 31.755
-29.007 31.725
-29.024 31.713
-29.03 31.703
-29.042 31.689
-29.065 31.669
-29.069 31.665
-29.086 31.645
-29.088 31.635
-29.097 31.636
-29.113 31.62
-29.128 31.609
-29.166 31.572
-29.176 31.56
-29.192 31.534
-29.217 31.51
-29.217 31.509
-29.22 31.503
-29.219 31.501
-29.214 31.495
-29.213 31.49
-29.215 31.455
-29.214 31.448
-29.206 31.438
-29.199 31.439
-29.194 31.446
-29.19 31.447
-29.185 31.446
-29.198 31.433
-29.202 31.433
-29.211 31.438
-29.22 31.45
-29.222 31.458
-29.221 31.468
-29.218 31.483
-29.221 31.492
-29.225 31.493
-29.236 31.487
-29.257 31.467
-29.271 31.454
-29.273 31.449
-29.272 31.445
-29.27 31.443
-29.263 31.44
-29.265 31.437
-29.269 31.436
-29.276 31.439
-29.282 31.446
-29.286 31.444
-29.306 31.42
-29.306 31.416
-29.305 31.406
-29.306 31.404
-29.313 31.41
-29.315 31.409
-29.317 31.406
-29.325 31.396
-29.34 31.382
-29.342 31.379
-29.34 31.367
-29.344 31.363
-29.345 31.364
-29.346 31.37
-29.348 31.371
-29.373 31.347
-29.377 31.342
-29.375 31.336
-29.376 31.327
-29.371 31.316
-29.374 31.315
-29.378 31.319
-29.38 31.331
-29.385 31.338
-29.389 31.338
-29.395 31.334
-29.432 31.299
-29.448 31.289
-29.454 31.28
-29.459 31.278
-29.469 31.271
-29.481 31.263
-29.491 31.25
-29.512 31.24
-29.529 31.228
-29.54 31.216
-29.563 31.197
-29.567 31.191
-29.571 31.19
-29.64 31.143
-29.647 31.136
-29.681 31.118
-29.704 31.108
-29.734 31.094
-29.748 31.085
-29.754 31.078
-29.765 31.066
-29.775 31.062
-29.792 31.05
-29.807 31.044
-29.808 31.04
-29.807 31.026
-29.81 31.02
-29.805 31.007
-29.804 30.993
-29.796 30.98
-29.796 30.975
-29.808 30.99
-29.809 31.006
-29.816 31.019
-29.814 31.037
-29.819 31.039
-29.829 31.038
-29.84 31.039
-29.851 31.043
-29.867 31.055
-29.87 31.052
-29.869 31.048
-29.869 31.047
-29.862 31.04
-29.861 31.032
-29.863 31.026
-29.869 31.017
-29.879 31.01
-29.891 31.005
-29.897 30.995
-29.901 30.999
-29.902 31.005
-29.907 31.008
-29.901 31.016
-29.898 31.02
-29.88 31.026
-29.878 31.029
-29.877 31.037
-29.88 31.04
-29.884 31.032
-29.89 31.03
-29.892 31.031
-29.892 31.036
-29.878 31.055
-29.876 31.06
-29.877 31.063
-29.879 31.065
-29.891 31.053
-29.898 31.047
-29.92 31.023
-29.934 31.013
-29.987 30.961
-30 30.946
-30.016 30.927
-30.032 30.91
-30.047 30.898
-30.105 30.862
-30.127 30.854
-30.152 30.836
-30.183 30.822
-30.199 30.811
-30.223 30.8
-30.258 30.778
-30.272 30.769
-30.276 30.768
-30.286 30.765
-30.304 30.753
-30.342 30.733
-30.363 30.717
-30.379 30.708
-30.39 30.698
-30.411 30.684
-30.456 30.659
-30.478 30.642
-30.509 30.628
-30.517 30.618
-30.53 30.61
-30.543 30.599
-30.57 30.584
-30.586 30.569
-30.595 30.562
-30.599 30.56
-30.617 30.554
-30.672 30.514
-30.695 30.496
-30.702 30.489
-30.706 30.486
-30.724 30.473
-30.773 30.436
-30.788 30.427
-30.813 30.415
-30.833 30.401
-30.845 30.392
-30.858 30.379
-30.882 30.362
-30.906 30.338
-30.923 30.321
-30.939 30.31
-30.959 30.304
-30.964 30.3
-30.968 30.292
-30.974 30.286
-30.976 30.284
-30.993 30.276
-31.008 30.263
-31.03 30.24
-31.038 30.236
-31.05 30.233
-31.076 30.2
-31.08 30.196
-31.099 30.189
-31.105 30.181
-31.114 30.176
-31.118 30.171
-31.12 30.168
-31.135 30.159
-31.143 30.151
-31.152 30.137
-31.159 30.13
-31.175 30.122
-31.188 30.103
-31.201 30.094
-31.218 30.078
-31.221 30.075
-31.239 30.065
-31.25 30.051
-31.307 30
-31.309 29.999
-31.319 29.988
-31.321 29.977
-31.323 29.973
-31.336 29.965
-31.345 29.957
-31.348 29.95
-31.351 29.945
-31.358 29.943
-31.361 29.94
-31.362 29.933
-31.378 29.914
-31.388 29.91
-31.396 29.895
-31.4 29.887
-31.416 29.87
-31.423 29.857
-31.432 29.846
-31.435 29.84
-31.44 29.798
-31.441 29.783
-31.444 29.772
-31.447 29.768
-31.46 29.754
-31.46 29.748
-31.463 29.745
-31.475 29.739
-31.479 29.732
-31.489 29.729
-31.492 29.723
-31.5 29.718
-31.512 29.705
-31.523 29.697
-31.542 29.682
-31.545 29.675
-31.546 29.67
-31.551 29.662
-31.554 29.646
-31.558 29.639
-31.555 29.632
-31.557 29.631
-31.565 29.639
-31.57 29.635
-31.579 29.633
-31.583 29.62
-31.593 29.614
-31.596 29.607
-31.601 29.603
-31.604 29.599
-31.605 29.585
-31.615 29.572
-31.617 29.567
-31.618 29.555
-31.628 29.56
-31.632 29.556
-31.633 29.554
-31.642 29.55
-31.645 29.546
-31.649 29.524
-31.659 29.508
-31.665 29.496
-31.671 29.476
-31.671 29.469
-31.67 29.464
-31.666 29.461
-31.647 29.458
-31.643 29.449
-31.652 29.454
-31.669 29.456
-31.68 29.442
-31.682 29.431
-31.68 29.423
-31.683 29.417
-31.684 29.412
-31.689 29.402
-31.691 29.401
-31.694 29.402
-31.695 29.407
-31.689 29.418
-31.688 29.423
-31.69 29.424
-31.705 29.411
-31.724 29.407
-31.731 29.401
-31.733 29.395
-31.744 29.379
-31.757 29.363
-31.764 29.361
-31.783 29.364
-31.786 29.363
-31.788 29.355
-31.792 29.353
-31.796 29.355
-31.799 29.352
-31.805 29.333
-31.802 29.32
-31.809 29.323
-31.816 29.319
-31.819 29.312
-31.834 29.3
-31.843 29.286
-31.85 29.281
-31.845 29.272
-31.846 29.266
-31.855 29.274
-31.859 29.274
-31.875 29.266
-31.882 29.261
-31.884 29.251
-31.889 29.247
-31.892 29.253
-31.895 29.253
-31.905 29.247
-31.921 29.23
-31.922 29.216
-31.932 29.222
-31.936 29.222
-31.939 29.218
-31.947 29.205
-31.949 29.199
-31.948 29.193
-31.957 29.184
-31.965 29.17
-32 29.138
-32.061 29.092
-32.069 29.086
-32.083 29.079
-32.082 29.069
-32.084 29.068
-32.087 29.069
-32.103 29.056
-32.111 29.043
-32.123 29.027
-32.127 29.017
-32.134 29.01
-32.156 28.995
-32.161 28.99
-32.163 28.984
-32.171 28.982
-32.195 28.955
-32.196 28.942
-32.199 28.941
-32.201 28.944
-32.205 28.946
-32.22 28.94
-32.23 28.928
-32.234 28.92
-32.253 28.903
-32.254 28.9
-32.25 28.894
-32.246 28.89
-32.245 28.887
-32.263 28.889
-32.272 28.88
-32.284 28.875
-32.292 28.867
-32.312 28.824
-32.319 28.817
-32.33 28.811
-32.337 28.804
-32.339 28.802
-32.344 28.792
-32.345 28.789
-32.341 28.786
-32.327 28.783
-32.33 28.779
-32.338 28.778
-32.342 28.78
-32.352 28.776
-32.364 28.768
-32.372 28.758
-32.386 28.746
-32.401 28.739
-32.409 28.725
-32.408 28.72
-32.402 28.718
-32.402 28.714
-32.406 28.711
-32.415 28.714
-32.425 28.705
-32.445 28.68
-32.453 28.674
-32.452 28.669
-32.447 28.656
-32.446 28.646
-32.455 28.658
-32.458 28.659
-32.466 28.651
-32.474 28.647
-32.484 28.645
-32.49 28.628
-32.504 28.602
-32.52 28.596
-32.525 28.591
-32.529 28.578
-32.532 28.576
-32.549 28.564
-32.559 28.552
-32.578 28.547
-32.582 28.541
-32.589 28.527
-32.59 28.519
-32.589 28.513
-32.592 28.513
-32.597 28.517
-32.61 28.506
-32.613 28.502
-32.614 28.489
-32.612 28.485
-32.604 28.48
-32.6 28.475
-32.605 28.475
-32.613 28.478
-32.616 28.477
-32.628 28.463
-32.636 28.436
-32.639 28.428
-32.636 28.422
-32.637 28.421
-32.641 28.419
-32.647 28.423
-32.65 28.423
-32.671 28.4
-32.681 28.385
-32.681 28.367
-32.688 28.372
-32.694 28.369
-32.709 28.368
-32.712 28.366
-32.715 28.36
-32.716 28.349
-32.714 28.345
-32.709 28.339
-32.708 28.335
-32.711 28.333
-32.718 28.332
-32.721 28.33
-32.726 28.321
-32.73 28.309
-32.729 28.305
-32.725 28.304
-32.726 28.299
-32.728 28.296
-32.732 28.301
-32.733 28.299
-32.738 28.295
-32.743 28.284
-32.748 28.279
-32.753 28.276
-32.756 28.274
-32.764 28.264
-32.767 28.247
-32.776 28.234
-32.791 28.184
-32.793 28.171
-32.801 28.151
-32.801 28.142
-32.803 28.142
-32.81 28.147
-32.818 28.131
-32.821 28.126
-32.828 28.116
-32.836 28.11
-32.848 28.107
-32.858 28.11
-32.865 28.109
-32.87 28.104
-32.891 28.095
-32.901 28.087
-32.908 28.079
-32.91 28.072
-32.91 28.066
-32.906 28.058
-32.91 28.057
-32.913 28.059
-32.917 28.07
-32.938 28.033
-32.937 28.025
-32.942 28.016
-32.945 28.018
-32.944 28.023
-32.946 28.026
-32.959 28.013
-32.964 28
-32.978 27.977
-32.978 27.967
-32.975 27.961
-32.971 27.957
-32.978 27.957
-32.984 27.963
-32.987 27.959
-32.988 27.95
-32.984 27.935
-32.979 27.925
-32.987 27.93
-32.992 27.945
-33 27.948
-33.011 27.931
-33.015 27.92
-33.019 27.914
-33.028 27.911
-33.029 27.907
-33.031 27.906
-33.039 27.906
-33.043 27.904
-33.046 27.9
-33.053 27.874
-33.063 27.858
-33.083 27.819
-33.089 27.815
-33.091 27.811
-33.092 27.803
-33.098 27.789
-33.105 27.771
-33.109 27.757
-33.122 27.728
-33.126 27.723
-33.16 27.689
-33.164 27.683
-33.168 27.67
-33.176 27.657
-33.192 27.641
-33.201 27.63
-33.207 27.626
-33.211 27.616
-33.226 27.593
-33.23 27.581
-33.226 27.576
-33.218 27.574
-33.216 27.567
-33.22 27.566
-33.227 27.569
-33.234 27.576
-33.238 27.573
-33.244 27.562
-33.25 27.543
-33.249 27.538
-33.244 27.534
-33.254 27.532
-33.26 27.517
-33.267 27.505
-33.278 27.499
-33.282 27.491
-33.283 27.484
-33.281 27.479
-33.276 27.477
-33.276 27.473
-33.284 27.467
-33.284 27.46
-33.281 27.457
-33.275 27.454
-33.269 27.456
-33.259 27.443
-33.248 27.435
-33.244 27.428
-33.242 27.418
-33.247 27.426
-33.262 27.435
-33.271 27.446
-33.277 27.448
-33.284 27.447
-33.288 27.45
-33.29 27.456
-33.29 27.476
-33.291 27.478
-33.297 27.479
-33.306 27.476
-33.309 27.473
-33.317 27.442
-33.321 27.43
-33.332 27.422
-33.34 27.411
-33.346 27.401
-33.361 27.367
-33.365 27.362
-33.365 27.352
-33.362 27.345
-33.369 27.343
-33.374 27.339
-33.385 27.322
-33.386 27.319
-33.383 27.314
-33.371 27.295
-33.383 27.302
-33.39 27.311
-33.419 27.275
-33.417 27.27
-33.412 27.265
-33.405 27.258
-33.403 27.246
-33.409 27.253
-33.417 27.265
-33.426 27.262
-33.43 27.257
-33.428 27.25
-33.424 27.245
-33.413 27.218
-33.428 27.244
-33.431 27.247
-33.437 27.243
-33.443 27.234
-33.443 27.229
-33.432 27.212
-33.429 27.207
-33.43 27.204
-33.436 27.208
-33.446 27.224
-33.45 27.225
-33.464 27.213
-33.467 27.206
-33.469 27.184
-33.472 27.177
-33.487 27.151
-33.5 27.138
-33.501 27.133
-33.5 27.131
-33.498 27.127
-33.492 27.123
-33.491 27.116
-33.483 27.097
-33.487 27.096
-33.494 27.105
-33.501 27.121
-33.504 27.124
-33.508 27.125
-33.526 27.11
-33.53 27.106
-33.536 27.072
-33.542 27.062
-33.547 27.048
-33.552 27.039
-33.564 27.03
-33.565 27.018
-33.567 27.009
-33.578 27.001
-33.592 26.93
-33.596 26.919
-33.61 26.895
-33.624 26.877
-33.627 26.87
-33.64 26.845
-33.64 26.836
-33.638 26.83
-33.64 26.819
-33.649 26.792
-33.651 26.773
-33.662 26.729
-33.672 26.72
-33.676 26.709
-33.68 26.694
-33.689 26.684
-33.688 26.679
-33.68 26.671
-33.697 26.671
-33.702 26.664
-33.69 26.659
-33.683 26.651
-33.677 26.639
-33.681 26.639
-33.699 26.655
-33.704 26.654
-33.709 26.647
-33.712 26.638
-33.718 26.632
-33.721 26.624
-33.727 26.624
-33.727 26.615
-33.723 26.604
-33.724 26.598
-33.73 26.586
-33.736 26.579
-33.75 26.569
-33.751 26.568
-33.755 26.563
-33.756 26.553
-33.762 26.546
-33.763 26.539
-33.76 26.529
-33.77 26.5
-33.773 26.482
-33.779 26.466
-33.78 26.457
-33.773 26.43
-33.765 26.395
-33.764 26.373
-33.765 26.357
-33.773 26.326
-33.775 26.285
-33.774 26.282
-33.767 26.257
-33.754 26.231
-33.753 26.223
-33.741 26.194
-33.735 26.166
-33.732 26.141
-33.719 26.09
-33.713 26.051
-33.714 25.993
-33.72 25.93
-33.722 25.884
-33.724 25.867
-33.723 25.861
-33.714 25.847
-33.719 25.848
-33.727 25.853
-33.732 25.852
-33.75 25.79
-33.752 25.783
-33.782 25.721
-33.802 25.695
-33.802 25.691
-33.789 25.68
-33.783 25.673
-33.782 25.669
-33.786 25.667
-33.79 25.669
-33.798 25.678
-33.806 25.68
-33.813 25.678
-33.865 25.634
-33.867 25.63
-33.866 25.624
-33.858 25.608
-33.856 25.607
-33.851 25.604
-33.844 25.595
-33.843 25.59
-33.846 25.587
-33.867 25.605
-33.874 25.616
-33.87 25.621
-33.873 25.627
-33.877 25.631
-33.882 25.631
-33.896 25.625
-33.917 25.614
-33.922 25.608
-33.93 25.611
-33.942 25.61
-33.944 25.61
-33.953 25.614
-33.961 25.626
-33.962 25.632
-33.961 25.648
-33.974 25.64
-33.983 25.66
-33.986 25.671
-33.992 25.676
-33.999 25.687
-34.019 25.697
-34.025 25.701
-34.031 25.702
-34.036 25.699
-34.037 25.694
-34.032 25.67
-34.032 25.653
-34.035 25.648
-34.048 25.634
-34.051 25.627
-34.047 25.618
-34.053 25.592
-34.052 25.584
-34.052 25.582
-34.048 25.567
-34.045 25.545
-34.032 25.471
-34.032 25.461
-34.036 25.446
-34.035 25.434
-34.035 25.432
-34.036 25.406
-34.035 25.398
-34.022 25.368
-34.016 25.35
-33.991 25.296
-33.986 25.281
-33.976 25.237
-33.975 25.22
-33.977 25.205
-33.976 25.198
-33.966 25.172
-33.961 25.109
-33.965 25.099
-33.967 25.073
-33.967 25.069
-33.973 25.038
-33.965 25.035
-33.962 25.028
-33.958 25.008
-33.962 25.007
-33.966 25.011
-33.967 25.026
-33.968 25.029
-33.972 25.031
-33.975 25.026
-33.976 25.013
-33.98 25
-33.984 24.986
-33.993 24.96
-34.008 24.934
-34.011 24.928
-34.019 24.926
-34.028 24.927
-34.038 24.93
-34.072 24.926
-34.084 24.921
-34.087 24.913
-34.094 24.905
-34.104 24.892
-34.14 24.846
-34.141 24.84
-34.136 24.811
-34.11 24.781
-34.108 24.772
-34.115 24.781
-34.143 24.81
-34.145 24.815
-34.145 24.824
-34.148 24.835
-34.15 24.836
-34.171 24.834
-34.172 24.835
-34.175 24.838
-34.182 24.851
-34.188 24.856
-34.193 24.858
-34.196 24.855
-34.199 24.836
-34.203 24.834
-34.21 24.837
-34.215 24.836
-34.214 24.83
-34.2 24.8
-34.198 24.79
-34.201 24.779
-34.2 24.772
-34.2 24.769
-34.19 24.736
-34.19 24.727
-34.191 24.72
-34.195 24.714
-34.195 24.706
-34.193 24.696
-34.183 24.682
-34.178 24.667
-34.173 24.645
-34.172 24.628
-34.179 24.613
-34.188 24.602
-34.188 24.598
-34.181 24.577
-34.181 24.561
-34.177 24.549
-34.171 24.5
-34.169 24.488
-34.168 24.487
-34.164 24.479
-34.142 24.444
-34.138 24.435
-34.13 24.412
-34.126 24.405
-34.115 24.393
-34.109 24.384
-34.108 24.378
-34.107 24.36
-34.103 24.335
-34.102 24.314
-34.094 24.296
-34.095 24.281
-34.083 24.25
-34.078 24.234
-34.069 24.206
-34.065 24.198
-34.058 24.195
-34.061 24.188
-34.062 24.181
-34.057 24.146
-34.057 24.134
-34.058 24.118
-34.054 24.104
-34.053 24.084
-34.05 24.074
-34.046 24.064
-34.045 24.024
-34.035 23.993
-34.031 23.974
-34.03 23.954
-34.026 23.942
-34.022 23.917
-34.019 23.903
-34.022 23.89
-34.016 23.853
-34.014 23.829
-34.009 23.815
-34.008 23.786
-34.001 23.761
-33.992 23.732
-33.989 23.714
-33.983 23.683
-33.982 23.666
-33.978 23.651
-33.979 23.643
-33.98 23.596
-33.983 23.581
-33.98 23.57
-33.981 23.563
-33.986 23.546
-33.99 23.538
-33.999 23.527
-34 23.499
-34.003 23.485
-34.002 23.47
-34.003 23.458
-34.009 23.434
-34.014 23.422
-34.016 23.416
-34.031 23.396
-34.047 23.382
-34.066 23.377
-34.086 23.373
-34.092 23.375
-34.095 23.381
-34.098 23.391
-34.1 23.406
-34.103 23.412
-34.105 23.412
-34.107 23.41
-34.106 23.4
-34.098 23.376
-34.099 23.371
-34.102 23.363
-34.102 23.352
-34.099 23.339
-34.098 23.323
-34.098 23.275
-34.097 23.27
-34.091 23.262
-34.09 23.256
-34.092 23.246
-34.085 23.227
-34.085 23.221
-34.086 23.212
-34.084 23.194
-34.081 23.168
-34.082 23.143
-34.077 23.131
-34.082 23.084
-34.081 23.074
-34.079 23.067
-34.076 23.062
-34.064 23.055
-34.06 23.053
-34.064 23.061
-34.061 23.064
-34.044 23.059
-34.04 23.057
-34.037 23.054
-34.041 23.053
-34.049 23.059
-34.05 23.054
-34.048 23.049
-34.04 23.042
-34.036 23.034
-34.037 23.013
-34.028 23.004
-34.026 22.998
-34.024 22.995
-34.016 22.995
-34.019 22.989
-34.025 22.985
-34.03 22.988
-34.034 22.995
-34.039 22.999
-34.042 23.001
-34.047 22.998
-34.051 23
-34.052 23.019
-34.06 23.039
-34.068 23.05
-34.074 23.054
-34.077 23.055
-34.082 23.057
-34.082 23.047
-34.076 23.037
-34.069 23.017
-34.069 23.011
-34.073 22.984
-34.077 22.977
-34.079 22.975
-34.086 22.977
-34.088 22.976
-34.081 22.958
-34.071 22.942
-34.071 22.941
-34.056 22.884
-34.051 22.858
-34.03 22.799
-34.025 22.781
-34.027 22.775
-34.032 22.766
-34.03 22.753
-34.016 22.711
-34.007 22.656
-34.003 22.63
-34.001 22.621
-33.999 22.618
-33.997 22.572
-33.999 22.564
-34.006 22.554
-34.02 22.535
-34.031 22.513
-34.045 22.494
-34.048 22.486
-34.048 22.478
-34.047 22.466
-34.048 22.458
-34.056 22.441
-34.057 22.431
-34.059 22.41
-34.058 22.402
-34.055 22.394
-34.058 22.383
-34.057 22.37
-34.053 22.353
-34.052 22.327
-34.049 22.313
-34.051 22.264
-34.058 22.236
-34.074 22.183
-34.081 22.168
-34.089 22.156
-34.1 22.143
-34.11 22.132
-34.119 22.127
-34.138 22.116
-34.157 22.115
-34.162 22.119
-34.17 22.135
-34.176 22.148
-34.178 22.164
-34.181 22.166
-34.184 22.162
-34.197 22.128
-34.201 22.119
-34.201 22.1
-34.206 22.094
-34.206 22.087
-34.202 22.073
-34.203 22.046
-34.208 22.013
-34.215 21.988
-34.218 21.983
-34.218 21.982
-34.226 21.961
-34.238 21.94
-34.247 21.929
-34.273 21.91
-34.283 21.907
-34.284 21.908
-34.294 21.912
-34.301 21.935
-34.303 21.938
-34.315 21.912
-34.32 21.907
-34.328 21.903
-34.333 21.903
-34.34 21.908
-34.346 21.903
-34.347 21.898
-34.347 21.889
-34.337 21.868
-34.336 21.858
-34.332 21.85
-34.316 21.832
-34.308 21.827
-34.294 21.832
-34.292 21.83
-34.303 21.822
-34.31 21.822
-34.328 21.838
-34.336 21.847
-34.342 21.869
-34.346 21.875
-34.353 21.877
-34.358 21.875
-34.361 21.871
-34.367 21.851
-34.369 21.846
-34.377 21.832
-34.381 21.82
-34.386 21.798
-34.389 21.759
-34.4 21.73
-34.401 21.723
-34.397 21.714
-34.397 21.708
-34.397 21.692
-34.39 21.652
-34.372 21.588
-34.367 21.566
-34.366 21.562
-34.359 21.54
-34.358 21.528
-34.36 21.516
-34.367 21.486
-34.371 21.466
-34.373 21.45
-34.378 21.428
-34.372 21.416
-34.354 21.409
-34.352 21.406
-34.366 21.407
-34.37 21.41
-34.376 21.417
-34.39 21.425
-34.394 21.423
-34.397 21.414
-34.406 21.411
-34.409 21.403
-34.41 21.402
-34.41 21.39
-34.412 21.381
-34.422 21.367
-34.422 21.349
-34.429 21.335
-34.435 21.329
-34.436 21.313
-34.441 21.291
-34.439 21.284
-34.431 21.265
-34.424 21.247
-34.42 21.226
-34.415 21.21
-34.406 21.193
-34.39 21.144
-34.385 21.124
-34.375 21.08
-34.37 21.046
-34.372 21.026
-34.368 21.004
-34.365 21.003
-34.357 21.007
-34.348 21.005
-34.346 21.001
-34.362 21
-34.365 20.998
-34.367 20.991
-34.366 20.97
-34.368 20.94
-34.371 20.913
-34.376 20.894
-34.381 20.88
-34.385 20.874
-34.403 20.847
-34.404 20.844
-34.401 20.84
-34.4 20.83
-34.404 20.808
-34.407 20.798
-34.407 20.788
-34.395 20.763
-34.395 20.754
-34.397 20.751
-34.41 20.786
-34.411 20.793
-34.406 20.814
-34.411 20.841
-34.416 20.848
-34.427 20.857
-34.43 20.863
-34.443 20.867
-34.45 20.864
-34.455 20.863
-34.464 20.857
-34.467 20.85
-34.473 20.846
-34.475 20.841
-34.472 20.804
-34.456 20.732
-34.455 20.723
-34.453 20.697
-34.454 20.67
-34.452 20.66
-34.452 20.642
-34.462 20.574
-34.463 20.568
-34.471 20.527
-34.477 20.512
-34.489 20.492
-34.499 20.466
-34.507 20.451
-34.515 20.438
-34.519 20.433
-34.536 20.417
-34.553 20.413
-34.563 20.405
-34.574 20.392
-34.587 20.364
-34.598 20.334
-34.603 20.328
-34.619 20.316
-34.626 20.283
-34.629 20.276
-34.652 20.238
-34.66 20.229
-34.673 20.227
-34.676 20.228
-34.689 20.232
-34.695 20.231
-34.693 20.209
-34.694 20.201
-34.708 20.144
-34.722 20.109
-34.728 20.095
-34.742 20.073
-34.756 20.059
-34.773 20.047
-34.777 20.043
-34.785 20.041
-34.802 20.044
-34.804 20.047
-34.805 20.053
-34.81 20.059
-34.815 20.059
-34.821 20.055
-34.825 20.048
-34.824 20.029
-34.83 20.024
-34.834 20.013
-34.84 20.005
-34.839 20
-34.839 19.997
-34.834 19.983
-34.833 19.982
-34.831 19.966
-34.821 19.947
-34.82 19.939
-34.794 19.906
-34.784 19.884
-34.774 19.878
-34.77 19.87
-34.77 19.858
-34.769 19.847
-34.77 19.822
-34.768 19.807
-34.77 19.794
-34.769 19.769
-34.776 19.75
-34.775 19.736
-34.771 19.726
-34.768 19.709
-34.767 19.692
-34.77 19.684
-34.778 19.675
-34.789 19.671
-34.792 19.665
-34.79 19.638
-34.787 19.63
-34.785 19.629
-34.783 19.637
-34.78 19.639
-34.761 19.629
-34.759 19.626
-34.759 19.622
-34.761 19.619
-34.762 19.617
-34.761 19.61
-34.755 19.604
-34.75 19.597
-34.738 19.594
-34.733 19.591
-34.73 19.588
-34.731 19.581
-34.73 19.574
-34.723 19.569
-34.712 19.549
-34.701 19.543
-34.681 19.527
-34.678 19.522
-34.675 19.502
-34.668 19.479
-34.662 19.451
-34.659 19.446
-34.656 19.443
-34.637 19.432
-34.617 19.412
-34.614 19.404
-34.614 19.394
-34.616 19.383
-34.618 19.359
-34.621 19.351
-34.628 19.344
-34.63 19.336
-34.629 19.318
-34.634 19.302
-34.634 19.294
-34.629 19.293
-34.622 19.297
-34.618 19.302
-34.616 19.308
-34.616 19.316
-34.616 19.32
-34.614 19.323
-34.59 19.338
-34.577 19.341
-34.564 19.349
-34.556 19.366
-34.553 19.37
-34.545 19.372
-34.51 19.366
-34.506 19.366
-34.497 19.361
-34.44 19.314
-34.433 19.306
-34.422 19.284
-34.418 19.274
-34.417 19.265
-34.42 19.251
-34.425 19.24
-34.439 19.217
-34.439 19.203
-34.429 19.184
-34.424 19.172
-34.424 19.163
-34.427 19.147
-34.426 19.139
-34.417 19.118
-34.414 19.113
-34.41 19.112
-34.399 19.116
-34.393 19.116
-34.389 19.112
-34.384 19.103
-34.365 19.084
-34.361 19.087
-34.36 19.093
-34.368 19.101
-34.369 19.106
-34.362 19.114
-34.358 19.119
-34.358 19.122
-34.342 19.127
-34.336 19.126
-34.331 19.133
-34.322 19.14
-34.319 19.147
-34.316 19.149
-34.313 19.149
-34.308 19.138
-34.31 19.134
-34.319 19.132
-34.331 19.114
-34.34 19.109
-34.342 19.099
-34.351 19.091
-34.354 19.086
-34.354 19.079
-34.345 19.056
-34.346 19.049
-34.349 19.052
-34.351 19.056
-34.352 19.064
-34.357 19.071
-34.359 19.071
-34.349 19.04
-34.348 19.033
-34.35 19.018
-34.349 19.008
-34.345 19
-34.337 18.986
-34.347 18.985
-34.351 18.98
-34.358 18.964
-34.36 18.955
-34.356 18.927
-34.358 18.912
-34.36 18.903
-34.366 18.897
-34.373 18.89
-34.375 18.884
-34.369 18.869
-34.37 18.862
-34.376 18.854
-34.38 18.852
-34.385 18.856
-34.388 18.854
-34.387 18.849
-34.381 18.846
-34.379 18.839
-34.38 18.83
-34.385 18.831
-34.387 18.828
-34.385 18.822
-34.382 18.819
-34.365 18.815
-34.356 18.809
-34.35 18.806
-34.347 18.807
-34.345 18.812
-34.344 18.822
-34.339 18.826
-34.336 18.824
-34.332 18.814
-34.328 18.812
-34.311 18.814
-34.311 18.81
-34.309 18.808
-34.303 18.806
-34.295 18.808
-34.294 18.814
-34.288 18.815
-34.274 18.825
-34.263 18.838
-34.255 18.848
-34.248 18.851
-34.24 18.85
-34.235 18.848
-34.229 18.842
-34.22 18.828
-34.216 18.825
-34.209 18.825
-34.2 18.815
-34.192 18.811
-34.186 18.812
-34.177 18.82
-34.173 18.827
-34.167 18.843
-34.165 18.847
-34.159 18.858
-34.155 18.859
-34.152 18.858
-34.148 18.851
-34.112 18.816
-34.104 18.812
-34.088 18.799
-34.085 18.791
-34.08 18.766
-34.071 18.734
-34.069 18.679
-34.069 18.636
-34.069 18.631
-34.072 18.607
-34.086 18.549
-34.086 18.523
-34.098 18.49
-34.103 18.476
-34.103 18.474
-34.113 18.458
-34.13 18.443
-34.129 18.435
-34.134 18.432
-34.142 18.436
-34.151 18.436
-34.18 18.424
-34.184 18.426
-34.187 18.432
-34.183 18.439
-34.186 18.444
-34.209 18.457
-34.226 18.469
-34.235 18.474
-34.238 18.475
-34.245 18.475
-34.25 18.473
-34.261 18.463
-34.265 18.461
-34.272 18.464
-34.273 18.467
-34.281 18.467
-34.305 18.459
-34.32 18.46
-34.333 18.467
-34.341 18.476
-34.346 18.485
-34.348 18.488
-34.354 18.492
-34.356 18.49
-34.357 18.476
-34.351 18.467
-34.336 18.452
-34.332 18.443
-34.33 18.431
-34.326 18.423
-34.31 18.405
-34.309 18.4
-34.306 18.398
-34.301 18.401
-34.294 18.398
-34.291 18.396
-34.276 18.386
-34.272 18.38
-34.267 18.378
-34.262 18.381
-34.249 18.375
-34.245 18.377
-34.238 18.373
-34.233 18.373
-34.227 18.375
-34.19 18.364
-34.181 18.36
-34.175 18.352
-34.174 18.35
-34.177 18.344
-34.176 18.339
-34.171 18.334
-34.163 18.331
-34.153 18.324
-34.146 18.321
-34.135 18.321
-34.131 18.324
-34.128 18.327
-34.127 18.332
-34.123 18.343
-34.117 18.348
-34.105 18.351
-34.087 18.347
-34.08 18.352
-34.062 18.362
-34.05 18.36
-34.045 18.356
-34.041 18.351
-34.042 18.347
-34.046 18.343
-34.049 18.347
-34.053 18.347
-34.055 18.344
-34.056 18.34
-34.055 18.336
-34.054 18.331
-34.038 18.312
-34.028 18.311
-34.015 18.333
-33.986 18.344
-33.974 18.362
-33.967 18.368
-33.959 18.371
-33.957 18.372
-33.928 18.374
-33.912 18.379
-33.901 18.386
-33.896 18.394
-33.894 18.404
-33.896 18.423
-33.901 18.428
-33.91 18.433
-33.912 18.439
-33.913 18.447
-33.912 18.452
-33.909 18.465
-33.905 18.47
-33.892 18.479
-33.887 18.48
-33.875 18.483
-33.854 18.483
-33.837 18.478
-33.835 18.477
-33.806 18.463
-33.775 18.442
-33.745 18.433
-33.736 18.432
-33.72 18.437
-33.702 18.437
-33.675 18.427
-33.639 18.405
-33.631 18.402
-33.617 18.383
-33.613 18.373
-33.599 18.365
-33.597 18.356
-33.595 18.355
-33.589 18.357
-33.572 18.346
-33.569 18.34
-33.57 18.316
-33.568 18.312
-33.565 18.309
-33.552 18.308
-33.525 18.319
-33.518 18.322
-33.513 18.32
-33.508 18.314
-33.495 18.311
-33.487 18.306
-33.455 18.282
-33.437 18.263
-33.417 18.245
-33.41 18.236
-33.387 18.194
-33.37 18.17
-33.355 18.151
-33.35 18.145
-33.346 18.146
-33.342 18.153
-33.334 18.158
-33.328 18.156
-33.287 18.137
-33.245 18.109
-33.228 18.098
-33.148 18.013
-33.141 17.994
-33.14 17.976
-33.137 17.973
-33.131 17.973
-33.124 17.975
-33.117 17.974
-33.112 17.965
-33.11 17.958
-33.106 17.955
-33.102 17.955
-33.095 17.959
-33.095 17.963
-33.097 17.969
-33.095 17.976
-33.091 17.98
-33.074 17.977
-33.067 17.976
-33.065 17.993
-33.066 17.994
-33.073 17.995
-33.079 18.006
-33.082 18.006
-33.089 18.002
-33.093 18.011
-33.095 18.013
-33.114 18.014
-33.119 18.018
-33.123 18.028
-33.128 18.031
-33.134 18.028
-33.145 18.033
-33.146 18.038
-33.149 18.045
-33.168 18.059
-33.186 18.084
-33.192 18.085
-33.196 18.092
-33.197 18.109
-33.195 18.114
-33.19 18.121
-33.184 18.122
-33.178 18.122
-33.175 18.118
-33.176 18.112
-33.178 18.111
-33.183 18.114
-33.184 18.114
-33.188 18.113
-33.166 18.082
-33.164 18.081
-33.159 18.086
-33.151 18.088
-33.143 18.087
-33.138 18.084
-33.13 18.069
-33.113 18.045
-33.103 18.034
-33.102 18.034
-33.096 18.031
-33.088 18.029
-33.052 18.041
-33.045 18.04
-33.041 18.035
-33.032 18.034
-33.014 18.02
-33.005 18.01
-32.997 17.992
-32.997 17.99
-32.996 17.982
-32.998 17.968
-33.001 17.957
-33.004 17.951
-33.008 17.949
-33.019 17.954
-33.026 17.96
-33.023 17.944
-33.029 17.935
-33.038 17.937
-33.046 17.91
-33.044 17.904
-33.028 17.891
-33.026 17.892
-33.026 17.894
-33.025 17.904
-33.018 17.906
-33.01 17.904
-33.004 17.897
-33.004 17.893
-33.006 17.886
-33.005 17.882
-33 17.879
-32.998 17.872
-32.987 17.877
-32.979 17.884
-32.972 17.882
-32.967 17.886
-32.964 17.886
-32.958 17.88
-32.955 17.882
-32.953 17.885
-32.946 17.887
-32.937 17.886
-32.928 17.884
-32.92 17.88
-32.917 17.877
-32.911 17.862
-32.907 17.859
-32.904 17.858
-32.899 17.866
-32.897 17.867
-32.892 17.865
-32.888 17.87
-32.886 17.88
-32.883 17.883
-32.876 17.886
-32.87 17.885
-32.856 17.879
-32.847 17.873
-32.841 17.865
-32.833 17.85
-32.83 17.846
-32.825 17.846
-32.821 17.848
-32.819 17.862
-32.814 17.879
-32.81 17.882
-32.81 17.893
-32.806 17.901
-32.802 17.904
-32.795 17.907
-32.783 17.908
-32.773 17.907
-32.75 17.898
-32.742 17.9
-32.74 17.912
-32.73 17.92
-32.723 17.918
-32.72 17.92
-32.72 17.924
-32.725 17.927
-32.725 17.932
-32.72 17.937
-32.721 17.941
-32.725 17.944
-32.727 17.949
-32.725 17.954
-32.717 17.963
-32.704 17.969
-32.706 17.974
-32.712 17.978
-32.719 17.976
-32.724 17.976
-32.726 17.979
-32.74 18.004
-32.741 18.012
-32.741 18.015
-32.745 18.016
-32.754 18.015
-32.757 18.018
-32.767 18.042
-32.772 18.049
-32.778 18.051
-32.783 18.054
-32.785 18.068
-32.783 18.076
-32.78 18.105
-32.781 18.121
-32.779 18.128
-32.777 18.138
-32.76 18.16
-32.744 18.175
-32.728 18.188
-32.717 18.197
-32.696 18.224
-32.687 18.237
-32.674 18.251
-32.632 18.28
-32.624 18.286
-32.565 18.313
-32.547 18.318
-32.514 18.326
-32.48 18.331
-32.442 18.328
-32.422 18.329
-32.395 18.325
-32.367 18.322
-32.352 18.316
-32.324 18.312
-32.317 18.313
-32.312 18.317
-32.311 18.332
-32.307 18.337
-32.295 18.341
-32.287 18.34
-32.211 18.324
-32.204 18.321
-32.175 18.308
-32.126 18.298
-32.105 18.298
-32.095 18.301
-32.09 18.307
-32.084 18.309
-32.081 18.31
-32.067 18.307
-32.03 18.292
-32.013 18.288
-32.003 18.281
-32 18.285
-31.994 18.285
-31.987 18.289
-31.977 18.285
-31.959 18.275
-31.939 18.268
-31.935 18.269
-31.933 18.274
-31.927 18.277
-31.914 18.274
-31.912 18.275
-31.911 18.281
-31.895 18.282
-31.869 18.272
-31.848 18.257
-31.834 18.242
-31.816 18.232
-31.809 18.234
-31.8 18.232
-31.787 18.234
-31.78 18.229
-31.762 18.221
-31.757 18.222
-31.751 18.221
-31.743 18.218
-31.702 18.188
-31.7 18.189
-31.701 18.197
-31.7 18.199
-31.688 18.204
-31.67 18.201
-31.657 18.194
-31.679 18.195
-31.687 18.191
-31.69 18.188
-31.691 18.184
-31.689 18.182
-31.66 18.16
-31.658 18.158
-31.646 18.147
-31.635 18.143
-31.594 18.115
-31.587 18.119
-31.574 18.111
-31.554 18.09
-31.552 18.088
-31.54 18.079
-31.52 18.055
-31.495 18.033
-31.475 18.012
-31.455 17.995
-31.432 17.975
-31.416 17.956
-31.396 17.941
-31.36 17.907
-31.356 17.905
-31.347 17.9
-31.323 17.882
-31.312 17.879
-31.301 17.881
-31.282 17.877
-31.272 17.871
-31.247 17.845
-31.212 17.804
-31.185 17.781
-31.152 17.759
-31.148 17.755
-31.139 17.745
-31.129 17.741
-31.121 17.735
-31.104 17.729
-31.099 17.723
-31.092 17.716
-31.079 17.712
-31.073 17.706
-31.068 17.704
-31.044 17.694
-31.018 17.681
-31.003 17.678
-30.994 17.673
-30.976 17.656
-30.958 17.645
-30.955 17.643
-30.931 17.624
-30.912 17.6
-30.894 17.595
-30.872 17.583
-30.847 17.572
-30.82 17.555
-30.818 17.554
-30.785 17.539
-30.771 17.534
-30.74 17.527
-30.732 17.523
-30.722 17.516
-30.712 17.504
-30.707 17.499
-30.682 17.474
-30.66 17.463
-30.65 17.46
-30.644 17.454
-30.616 17.438
-30.611 17.438
-30.601 17.444
-30.598 17.442
-30.58 17.43
-30.579 17.429
-30.57 17.421
-30.533 17.401
-30.522 17.391
-30.501 17.375
-30.493 17.366
-30.481 17.358
-30.472 17.356
-30.467 17.353
-30.456 17.35
-30.451 17.344
-30.418 17.327
-30.411 17.325
-30.405 17.327
-30.401 17.325
-30.391 17.313
-30.385 17.309
-30.383 17.309
-30.372 17.308
-30.367 17.305
-30.354 17.292
-30.345 17.289
-30.334 17.278
-30.326 17.275
-30.321 17.276
-30.316 17.275
-30.31 17.276
-30.304 17.273
-30.299 17.275
-30.276 17.269
-30.269 17.265
-30.264 17.262
-30.256 17.264
-30.252 17.261
-30.225 17.243
-30.21 17.237
-30.195 17.234
-30.186 17.229
-30.162 17.225
-30.153 17.215
-30.139 17.205
-30.137 17.203
-30.133 17.197
-30.118 17.195
-30.105 17.191
-30.101 17.187
-30.072 17.18
-30.057 17.179
-30.031 17.165
-30.022 17.162
-30.021 17.162
-30 17.161
-29.943 17.129
-29.941 17.122
-29.934 17.119
-29.925 17.12
-29.918 17.112
-29.91 17.109
-29.889 17.101
-29.882 17.102
-29.873 17.106
-29.858 17.094
-29.815 17.071
-29.811 17.072
-29.807 17.079
-29.804 17.078
-29.799 17.072
-29.797 17.07
-29.786 17.068
-29.773 17.063
-29.768 17.059
-29.754 17.053
-29.745 17.051
-29.737 17.052
-29.73 17.055
-29.715 17.057
-29.711 17.052
-29.707 17.051
-29.693 17.054
-29.68 17.048
-29.65 17.038
-29.621 17.033
-29.61 17.027
-29.571 16.998
-29.568 16.998
-29.565 17
-29.557 17.004
-29.551 17.004
-29.532 16.996
-29.518 16.994
-29.507 16.989
-29.484 16.98
-29.438 16.968
-29.423 16.962
-29.408 16.953
-29.388 16.941
-29.37 16.939
-29.36 16.935
-29.354 16.93
-29.347 16.922
-29.333 16.908
-29.299 16.888
-29.291 16.877
-29.275 16.876
-29.269 16.873
-29.264 16.866
-29.259 16.865
-29.249 16.867
-29.244 16.865
-29.231 16.852
-29.213 16.839
-29.206 16.839
-29.188 16.843
-29.181 16.842
-29.172 16.833
-29.166 16.83
-29.161 16.829
-29.156 16.833
-29.126 16.822
-29.115 16.814
-29.108 16.812
-29.094 16.813
-29.088 16.809
-29.078 16.796
-29.075 16.793
-29.063 16.782
-29.057 16.774
-29.044 16.748
-29.036 16.74
-29.027 16.734
-29.02 16.726
-29.013 16.724
-29.005 16.718
-28.982 16.714
-28.972 16.709
-28.968 16.701
-28.954 16.695
-28.948 16.696
-28.932 16.688
-28.925 16.682
-28.924 16.681
-28.91 16.664
-28.901 16.647
-28.898 16.637
-28.888 16.619
-28.875 16.602
-28.846 16.594
-28.838 16.589
-28.835 16.588
-28.825 16.579
-28.818 16.577
-28.811 16.58
-28.806 16.579
-28.795 16.572
-28.777 16.568
-28.767 16.562
-28.756 16.562
-28.748 16.568
-28.743 16.569
-28.723 16.558
-28.716 16.552
-28.713 16.545
-28.71 16.533
-28.698 16.526
-28.674 16.505
-28.66 16.488
-28.641 16.46
-28.637 16.458
-28.613 16.467
-28.6 16.468
-28.584 16.473
-28.567 16.481
-28.565 16.487
-28.566 16.511
-28.565 16.518
-28.561 16.528
-28.558 16.536
-28.559 16.55
-28.556 16.566
-28.539 16.588
-28.538 16.59
-28.537 16.598
-28.533 16.606
-28.529 16.61
-28.508 16.613
-28.493 16.631
-28.489 16.635
-28.485 16.644
-28.48 16.653
-28.473 16.671
-28.473 16.683
-28.475 16.688
-28.486 16.691
-28.498 16.697
-28.5 16.7
-28.502 16.709
-28.501 16.718
-28.498 16.727
-28.493 16.733
-28.484 16.737
-28.471 16.743
-28.461 16.75
-28.452 16.761
-28.45 16.768
-28.448 16.772
-28.442 16.774
-28.409 16.765
-28.403 16.765
-28.398 16.767
-28.382 16.785
-28.38 16.787
-28.37 16.796
-28.366 16.809
-28.354 16.804
-28.351 16.793
-28.345 16.787
-28.335 16.782
-28.328 16.779
-28.318 16.772
-28.306 16.756
-28.296 16.75
-28.289 16.748
-28.286 16.749
-28.268 16.755
-28.264 16.759
-28.259 16.772
-28.26 16.776
-28.272 16.788
-28.276 16.798
-28.278 16.809
-28.276 16.814
-28.273 16.818
-28.254 16.824
-28.242 16.821
-28.237 16.813
-28.231 16.805
-28.224 16.801
-28.219 16.801
-28.217 16.803
-28.218 16.819
-28.217 16.835
-28.216 16.845
-28.214 16.847
-28.214 16.848
-28.21 16.85
-28.205 16.85
-28.197 16.845
-28.184 16.833
-28.173 16.828
-28.17 16.83
-28.168 16.833
-28.168 16.84
-28.168 16.843
-28.171 16.852
-28.181 16.87
-28.181 16.876
-28.173 16.885
-28.169 16.887
-28.156 16.88
-28.148 16.881
-28.136 16.887
-28.104 16.88
-28.097 16.882
-28.089 16.884
-28.078 16.895
-28.072 16.9
-28.071 16.908
-28.074 16.923
-28.08 16.941
-28.081 16.954
-28.078 16.958
-28.064 16.966
-28.063 16.971
-28.07 16.984
-28.075 16.99
-28.076 16.992
-28.077 16.997
-28.077 17.002
-28.072 17.008
-28.058 17.018
-28.055 17.023
-28.055 17.027
-28.046 17.06
-28.043 17.065
-28.038 17.083
-28.054 17.108
-28.055 17.109
-28.062 17.117
-28.089 17.132
-28.097 17.144
-28.103 17.159
-28.104 17.169
-28.102 17.174
-28.113 17.188
-28.123 17.193
-28.13 17.193
-28.14 17.19
-28.181 17.181
-28.205 17.18
-28.23 17.195
-28.232 17.197
-28.239 17.203
-28.241 17.208
-28.252 17.221
-28.253 17.225
-28.252 17.231
-28.24 17.245
-28.239 17.251
-28.246 17.26
-28.243 17.283
-28.235 17.289
-28.227 17.299
-28.224 17.305
-28.225 17.312
-28.235 17.329
-28.237 17.338
-28.24 17.342
-28.244 17.345
-28.255 17.348
-28.27 17.356
-28.287 17.374
-28.295 17.378
-28.301 17.379
-28.302 17.379
-28.317 17.375
-28.324 17.375
-28.333 17.379
-28.349 17.396
-28.352 17.398
-28.364 17.407
-28.371 17.409
-28.38 17.41
-28.411 17.404
-28.432 17.389
-28.435 17.385
-28.437 17.351
-28.438 17.35
-28.447 17.34
-28.461 17.333
-28.471 17.33
-28.486 17.332
-28.496 17.336
-28.502 17.343
-28.506 17.357
-28.522 17.368
-28.54 17.373
-28.543 17.373
-28.562 17.374
-28.572 17.377
-28.572 17.382
-28.569 17.395
-28.568 17.417
-28.573 17.427
-28.58 17.427
-28.599 17.421
-28.614 17.426
-28.622 17.426
-28.623 17.426
-28.635 17.422
-28.658 17.42
-28.663 17.415
-28.679 17.412
-28.698 17.411
-28.712 17.407
-28.723 17.409
-28.725 17.413
-28.724 17.426
-28.72 17.434
-28.711 17.448
-28.711 17.453
-28.699 17.486
-28.694 17.49
-28.701 17.51
-28.704 17.547
-28.694 17.555
-28.692 17.56
-28.692 17.568
-28.694 17.587
-28.696 17.593
-28.701 17.598
-28.713 17.601
-28.746 17.605
-28.76 17.61
-28.759 17.612
-28.762 17.614
-28.767 17.622
-28.767 17.625
-28.771 17.638
-28.774 17.647
-28.774 17.665
-28.77 17.673
-28.751 17.696
-28.75 17.701
-28.751 17.705
-28.764 17.719
-28.765 17.724
-28.762 17.73
-28.752 17.739
-28.748 17.745
-28.749 17.751
-28.753 17.756
-28.763 17.769
-28.764 17.777
-28.762 17.782
-28.762 17.786
-28.761 17.786
-28.761 17.818
-28.763 17.843
-28.766 17.851
-28.766 17.868
-28.77 17.874
-28.77 17.88
-28.769 17.886
-28.773 17.896
-28.773 17.903
-28.767 17.911
-28.768 17.916
-28.771 17.92
-28.772 17.92
-28.785 17.931
-28.79 17.938
-28.79 17.956
-28.797 17.963
-28.804 17.969
-28.813 17.989
-28.827 18.005
-28.844 18.013
-28.851 18.02
-28.873 18.042
-28.881 18.053
-28.88 18.063
-28.876 18.075
-28.877 18.084
-28.895 18.116
-28.898 18.124
-28.898 18.141
-28.897 18.153
-28.899 18.162
-28.905 18.172
-28.916 18.179
-28.916 18.188
-28.912 18.201
-28.91 18.205
-28.9 18.21
-28.897 18.215
-28.897 18.221
-28.9 18.23
-28.902 18.241
-28.901 18.248
-28.899 18.252
-28.89 18.258
-28.884 18.265
-28.885 18.291
-28.89 18.32
-28.883 18.35
-28.894 18.362
-28.898 18.371
-28.897 18.386
-28.898 18.39
-28.902 18.424
-28.901 18.435
-28.888 18.465
-28.887 18.475
-28.891 18.489
-28.893 18.505
-28.892 18.513
-28.885 18.524
-28.884 18.525
-28.874 18.533
-28.874 18.539
-28.87 18.547
-28.865 18.552
-28.861 18.559
-28.858 18.596
-28.846 18.627
-28.853 18.653
-28.855 18.665
-28.855 18.675
-28.846 18.699
-28.845 18.713
-28.841 18.724
-28.841 18.732
-28.846 18.76
-28.849 18.767
-28.851 18.79
-28.851 18.792
-28.847 18.813
-28.848 18.832
-28.852 18.845
-28.851 18.863
-28.853 18.874
-28.86 18.89
-28.859 18.911
-28.861 18.929
-28.865 18.949
-28.866 18.952
-28.873 18.966
-28.88 18.979
-28.886 18.986
-28.902 18.998
-28.912 19.002
-28.93 19.003
-28.937 19.01
-28.937 19.016
-28.931 19.028
-28.932 19.033
-28.938 19.035
-28.939 19.041
-28.94 19.047
-28.946 19.051
-28.956 19.065
-28.963 19.08
-28.971 19.111
-28.971 19.118
-28.966 19.128
-28.965 19.138
-28.963 19.143
-28.959 19.154
-28.958 19.17
-28.958 19.173
-28.941 19.209
-28.921 19.225
-28.907 19.238
-28.905 19.243
-28.904 19.261
-28.91 19.282
-28.908 19.288
-28.903 19.293
-28.888 19.296
-28.882 19.293
-28.874 19.282
-28.868 19.265
-28.865 19.26
-28.86 19.256
-28.816 19.241
-28.809 19.242
-28.805 19.244
-28.778 19.256
-28.759 19.26
-28.751 19.265
-28.74 19.278
-28.736 19.296
-28.741 19.331
-28.743 19.336
-28.745 19.342
-28.745 19.37
-28.739 19.387
-28.74 19.405
-28.729 19.433
-28.721 19.444
-28.715 19.459
-28.707 19.467
-28.694 19.481
-28.684 19.485
-28.682 19.49
-28.677 19.492
-28.652 19.494
-28.637 19.5
-28.605 19.506
-28.596 19.518
-28.578 19.544
-28.553 19.549
-28.532 19.562
-28.528 19.581
-28.517 19.616
-28.516 19.624
-28.517 19.631
-28.523 19.648
-28.534 19.67
-28.527 19.67
-28.522 19.673
-28.521 19.678
-28.52 19.693
-28.513 19.704
-28.489 19.73
-28.488 19.735
-28.491 19.752
-28.493 19.759
-28.5 19.768
-28.503 19.781
-28.504 19.782
-28.507 19.797
-28.508 19.808
-28.505 19.818
-28.499 19.826
-28.485 19.835
-28.467 19.841
-28.463 19.846
-28.46 19.857
-28.455 19.864
-28.443 19.873
-28.442 19.876
-28.445 19.884
-28.447 19.89
-28.449 19.906
-28.446 19.918
-28.439 19.937
-28.429 19.967
-28.434 19.979
-28.433 19.997
-28.411 19.997
-28.285 19.997
-28.159 19.997
-28.033 19.997
-27.907 19.997
-27.78 19.997
-27.654 19.998
-27.528 19.998
-27.402 19.998
-27.276 19.998
-27.149 19.998
-27.023 19.998
-26.897 19.998
-26.771 19.998
-26.645 19.998
-26.519 19.999
-26.392 19.999
-26.266 19.999
-26.14 19.999
-26.014 19.999
-25.888 19.999
-25.762 19.999
-25.668 20
-25.636 20
-25.585 20
-25.509 20
-25.502 20
-25.419 20
-25.383 20
-25.335 20
-25.257 20
-25.252 20
-25.169 20
-25.131 20
-25.085 20
-25.005 20
-25.002 20
-25 20
-24.917 20
-24.879 20
-24.833 20
-24.753 20
-24.772 20.015
-24.781 20.026
-24.788 20.031
-24.798 20.036
-24.808 20.043
-24.808 20.052
-24.817 20.061
-24.828 20.068
-24.829 20.083
-24.829 20.085
-24.831 20.087
-24.837 20.089
-24.848 20.092
-24.861 20.1
-24.883 20.128
-24.883 20.151
-24.886 20.158
-24.901 20.169
-24.911 20.184
-24.912 20.186
-24.912 20.187
-24.902 20.196
-24.899 20.201
-24.899 20.207
-24.901 20.212
-24.912 20.218
-24.916 20.223
-24.918 20.231
-24.917 20.239
-24.917 20.244
-24.919 20.245
-24.924 20.263
-24.928 20.267
-24.941 20.273
-24.954 20.283
-24.958 20.284
-24.974 20.291
-24.98 20.298
-24.989 20.32
-25 20.333
-25.001 20.334
-25.019 20.351
-25.023 20.357
-25.026 20.374
-25.029 20.379
-25.036 20.384
-25.038 20.386
-25.057 20.389
-25.067 20.397
-25.072 20.406
-25.08 20.413
-25.091 20.418
-25.096 20.415
-25.111 20.427
-25.12 20.43
-25.127 20.429
-25.147 20.434
-25.15 20.434
-25.153 20.438
-25.152 20.445
-25.148 20.455
-25.149 20.461
-25.153 20.466
-25.162 20.469
-25.171 20.468
-25.186 20.457
-25.19 20.451
-25.195 20.449
-25.206 20.455
-25.211 20.458
-25.221 20.467
-25.223 20.471
-25.223 20.475
-25.222 20.479
-25.221 20.48
-25.225 20.491
-25.229 20.492
-25.247 20.49
-25.255 20.49
-25.259 20.493
-25.265 20.501
-25.277 20.523
-25.284 20.528
-25.282 20.533
-25.288 20.54
-25.299 20.526
-25.305 20.523
-25.312 20.52
-25.32 20.525
-25.322 20.53
-25.32 20.538
-25.322 20.545
-25.326 20.546
-25.337 20.542
-25.349 20.547
-25.366 20.56
-25.381 20.564
-25.384 20.564
-25.391 20.572
-25.392 20.576
-25.39 20.585
-25.388 20.595
-25.397 20.606
-25.401 20.607
-25.419 20.604
-25.424 20.606
-25.427 20.61
-25.428 20.617
-25.423 20.626
-25.424 20.628
-25.429 20.632
-25.434 20.63
-25.441 20.623
-25.446 20.622
-25.45 20.622
-25.455 20.626
-25.459 20.634
-25.459 20.64
-25.458 20.642
-25.456 20.648
-25.45 20.655
-25.444 20.665
-25.446 20.669
-25.452 20.675
-25.458 20.677
-25.464 20.675
-25.468 20.671
-25.471 20.658
-25.471 20.646
-25.475 20.643
-25.501 20.639
-25.508 20.637
-25.511 20.633
-25.515 20.632
-25.517 20.631
-25.523 20.632
-25.527 20.635
-25.547 20.67
-25.582 20.692
-25.587 20.694
-25.592 20.693
-25.598 20.687
-25.607 20.673
-25.607 20.672
-25.609 20.667
-25.622 20.656
-25.631 20.655
-25.635 20.659
-25.635 20.665
-25.631 20.671
-25.631 20.68
-25.634 20.686
-25.636 20.688
-25.642 20.69
-25.649 20.69
-25.675 20.676
-25.685 20.679
-25.692 20.684
-25.695 20.686
-25.699 20.693
-25.706 20.703
-25.726 20.722
-25.739 20.727
-25.763 20.731
-25.768 20.734
-25.775 20.741
-25.778 20.751
-25.782 20.757
-25.784 20.758
-25.789 20.754
-25.792 20.752
-25.803 20.749
-25.816 20.742
-25.818 20.742
-25.824 20.746
-25.826 20.751
-25.825 20.757
-25.804 20.781
-25.803 20.786
-25.806 20.79
-25.814 20.791
-25.842 20.786
-25.843 20.786
-25.854 20.787
-25.859 20.79
-25.861 20.799
-25.865 20.807
-25.875 20.81
-25.886 20.809
-25.901 20.801
-25.912 20.802
-25.931 20.809
-25.941 20.817
-25.947 20.828
-25.951 20.833
-25.956 20.838
-25.965 20.836
-25.979 20.828
-25.99 20.827
-26.004 20.817
-26.008 20.817
-26.031 20.835
-26.042 20.836
-26.043 20.835
-26.056 20.828
-26.058 20.828
-26.062 20.827
-26.067 20.829
-26.079 20.84
-26.084 20.841
-26.09 20.839
-26.102 20.827
-26.107 20.825
-26.112 20.826
-26.121 20.837
-26.122 20.844
-26.122 20.856
-26.127 20.861
-26.134 20.862
-26.146 20.858
-26.151 20.855
-26.155 20.852
-26.162 20.845
-26.17 20.832
-26.174 20.826
-26.18 20.82
-26.183 20.822
-26.186 20.818
-26.192 20.819
-26.2 20.818
-26.237 20.809
-26.251 20.798
-26.256 20.798
-26.262 20.792
-26.271 20.789
-26.276 20.786
-26.281 20.779
-26.284 20.767
-26.287 20.761
-26.291 20.757
-26.309 20.746
-26.325 20.733
-26.337 20.719
-26.35 20.714
-26.357 20.71
-26.364 20.703
-26.377 20.697
-26.397 20.691
-26.399 20.687
-26.401 20.676
-26.406 20.669
-26.415 20.663
-26.43 20.655
-26.435 20.649
-26.437 20.63
-26.438 20.625
-26.447 20.619
-26.474 20.613
-26.506 20.612
-26.517 20.608
-26.524 20.608
-26.531 20.605
-26.556 20.607
-26.561 20.607
-26.567 20.61
-26.579 20.622
-26.594 20.631
-26.619 20.634
-26.624 20.633
-26.629 20.634
-26.639 20.633
-26.669 20.634
-26.675 20.632
-26.677 20.631
-26.683 20.621
-26.688 20.617
-26.702 20.615
-26.711 20.617
-26.737 20.634
-26.754 20.631
-26.777 20.635
-26.783 20.634
-26.79 20.631
-26.792 20.629
-26.798 20.632
-26.803 20.642
-26.815 20.653
-26.829 20.648
-26.835 20.65
-26.842 20.66
-26.847 20.681
-26.851 20.686
-26.852 20.688
-26.855 20.688
-26.875 20.684
-26.883 20.684
-26.884 20.685
-26.907 20.693
-26.893 20.704
-26.876 20.715
-26.875 20.719
-26.87 20.727
-26.867 20.736
-26.867 20.757
-26.862 20.769
-26.853 20.778
-26.845 20.787
-26.843 20.792
-26.837 20.799
-26.837 20.809
-26.838 20.817
-26.822 20.827
-26.813 20.857
-26.807 20.869
-26.8 20.881
-26.797 20.894
-26.796 20.901
-26.8 20.925
-26.81 20.942
-26.811 20.948
-26.808 20.969
-26.808 20.974
-26.823 20.99
-26.836 20.997
-26.839 21.001
-26.844 21.012
-26.849 21.021
-26.851 21.037
-26.849 21.04
-26.852 21.051
-26.852 21.077
-26.874 21.143
-26.874 21.146
-26.872 21.162
-26.869 21.171
-26.854 21.199
-26.849 21.216
-26.849 21.237
-26.842 21.271
-26.845 21.278
-26.852 21.295
-26.851 21.303
-26.849 21.311
-26.833 21.334
-26.828 21.345
-26.827 21.352
-26.829 21.356
-26.83 21.365
-26.828 21.388
-26.826 21.395
-26.826 21.408
-26.826 21.425
-26.837 21.453
-26.845 21.467
-26.846 21.481
-26.852 21.5
-26.855 21.501
-26.854 21.507
-26.862 21.523
-26.862 21.53
-26.856 21.536
-26.85 21.543
-26.848 21.553
-26.847 21.587
-26.848 21.599
-26.854 21.606
-26.866 21.627
-26.866 21.636
-26.864 21.641
-26.868 21.661
-26.866 21.667
-26.864 21.672
-26.864 21.677
-26.86 21.687
-26.861 21.7
-26.855 21.71
-26.828 21.739
-26.825 21.747
-26.816 21.756
-26.814 21.76
-26.813 21.76
-26.809 21.77
-26.805 21.778
-26.801 21.78
-26.795 21.783
-26.789 21.783
-26.786 21.784
-26.776 21.789
-26.75 21.785
-26.725 21.786
-26.721 21.784
-26.715 21.777
-26.711 21.773
-26.704 21.772
-26.696 21.773
-26.686 21.78
-26.684 21.782
-26.668 21.804
-26.666 21.813
-26.666 21.835
-26.671 21.849
-26.67 21.872
-26.673 21.904
-26.672 21.915
-26.672 21.916
-26.673 21.941
-26.671 21.952
-26.668 21.96
-26.662 21.967
-26.65 21.996
-26.645 22.004
-26.642 22.025
-26.635 22.045
-26.634 22.047
-26.627 22.056
-26.607 22.067
-26.603 22.068
-26.582 22.08
-26.58 22.084
-26.58 22.088
-26.576 22.092
-26.556 22.105
-26.553 22.109
-26.551 22.12
-26.549 22.126
-26.543 22.128
-26.538 22.13
-26.525 22.142
-26.521 22.15
-26.508 22.161
-26.499 22.163
-26.486 22.16
-26.482 22.161
-26.479 22.164
-26.473 22.178
-26.46 22.182
-26.452 22.18
-26.439 22.183
-26.43 22.194
-26.422 22.198
-26.409 22.194
-26.398 22.198
-26.392 22.212
-26.388 22.217
-26.38 22.232
-26.374 22.237
-26.365 22.24
-26.358 22.245
-26.352 22.256
-26.352 22.262
-26.352 22.27
-26.348 22.281
-26.345 22.305
-26.342 22.313
-26.332 22.331
-26.329 22.355
-26.325 22.364
-26.322 22.366
-26.316 22.367
-26.298 22.361
-26.297 22.361
-26.293 22.363
-26.291 22.365
-26.292 22.377
-26.29 22.381
-26.283 22.393
-26.276 22.401
-26.268 22.403
-26.256 22.397
-26.25 22.401
-26.236 22.414
-26.229 22.424
-26.228 22.428
-26.231 22.443
-26.226 22.459
-26.223 22.463
-26.212 22.466
-26.208 22.47
-26.208 22.476
-26.214 22.511
-26.217 22.512
-26.218 22.514
-26.219 22.516
-26.22 22.518
-26.226 22.535
-26.228 22.538
-26.23 22.547
-26.221 22.563
-26.212 22.567
-26.197 22.577
-26.168 22.578
-26.147 22.581
-26.145 22.582
-26.147 22.59
-26.151 22.593
-26.152 22.602
-26.15 22.606
-26.138 22.612
-26.133 22.618
-26.128 22.63
-26.122 22.631
-26.112 22.633
-26.108 22.632
-26.094 22.639
-26.091 22.645
-26.086 22.662
-26.082 22.666
-26.079 22.668
-26.075 22.67
-26.05 22.672
-26.042 22.671
-26.032 22.667
-26.027 22.668
-26.022 22.672
-26.02 22.677
-26.02 22.684
-26.025 22.696
-26.023 22.721
-26.019 22.725
-26.004 22.726
-26 22.727
-25.995 22.73
-25.986 22.733
-25.974 22.733
-25.97 22.73
-25.951 22.728
-25.943 22.73
-25.926 22.747
-25.921 22.749
-25.916 22.749
-25.913 22.745
-25.91 22.734
-25.905 22.724
-25.902 22.721
-25.9 22.718
-25.891 22.72
-25.887 22.721
-25.885 22.726
-25.884 22.737
-25.882 22.741
-25.869 22.745
-25.858 22.742
-25.849 22.756
-25.847 22.765
-25.837 22.779
-25.822 22.786
-25.817 22.784
-25.814 22.78
-25.813 22.771
-25.803 22.748
-25.797 22.744
-25.793 22.744
-25.791 22.748
-25.788 22.76
-25.784 22.763
-25.77 22.768
-25.741 22.773
-25.733 22.777
-25.729 22.783
-25.728 22.787
-25.727 22.799
-25.724 22.803
-25.719 22.805
-25.718 22.809
-25.71 22.817
-25.696 22.825
-25.682 22.829
-25.664 22.831
-25.659 22.829
-25.657 22.828
-25.657 22.816
-25.653 22.811
-25.644 22.809
-25.636 22.812
-25.635 22.812
-25.63 22.816
-25.623 22.826
-25.62 22.833
-25.619 22.846
-25.617 22.852
-25.614 22.854
-25.604 22.849
-25.584 22.819
-25.579 22.821
-25.57 22.832
-25.555 22.837
-25.552 22.838
-25.543 22.843
-25.529 22.857
-25.519 22.857
-25.506 22.863
-25.5 22.861
-25.494 22.851
-25.489 22.85
-25.483 22.856
-25.479 22.865
-25.478 22.873
-25.486 22.893
-25.486 22.897
-25.486 22.903
-25.482 22.904
-25.478 22.903
-25.476 22.896
-25.469 22.89
-25.44 22.906
-25.439 22.906
-25.418 22.913
-25.405 22.928
-25.393 22.951
-25.38 22.971
-25.366 22.977
-25.353 22.975
-25.338 22.979
-25.335 22.982
-25.333 22.987
-25.334 23.005
-25.33 23.009
-25.322 23.011
-25.308 23.007
-25.303 23.008
-25.302 23.008
-25.296 23.01
-25.293 23.012
-25.306 23.026
-25.308 23.033
-25.291 23.05
-25.288 23.054
-25.288 23.06
-25.29 23.063
-25.296 23.065
-25.303 23.063
-25.315 23.055
-25.317 23.055
-25.322 23.058
-25.327 23.064
-25.329 23.069
-25.328 23.077
-25.326 23.082
-25.32 23.087
-25.312 23.089
-25.307 23.094
-25.301 23.114
-25.306 23.124
-25.311 23.131
-25.311 23.135
-25.301 23.148
-25.299 23.165
-25.296 23.168
-25.282 23.177
-25.279 23.182
-25.278 23.183
-25.273 23.199
-25.272 23.219
-25.277 23.231
-25.278 23.24
-25.273 23.25
-25.273 23.265
-25.269 23.273
-25.269 23.279
-25.272 23.284
-25.285 23.29
-25.288 23.296
-25.289 23.3
-25.288 23.303
-25.287 23.305
-25.278 23.311
-25.279 23.314
-25.284 23.318
-25.288 23.323
-25.282 23.358
-25.296 23.368
-25.298 23.37
-25.302 23.384
-25.302 23.403
-25.307 23.41
-25.309 23.417
-25.309 23.418
-25.309 23.422
-25.304 23.427
-25.279 23.439
-25.274 23.443
-25.274 23.465
-25.279 23.468
-25.285 23.466
-25.289 23.459
-25.292 23.458
-25.296 23.46
-25.298 23.463
-25.297 23.473
-25.299 23.479
-25.312 23.492
-25.313 23.493
-25.322 23.5
-25.328 23.502
-25.344 23.495
-25.348 23.496
-25.349 23.498
-25.349 23.505
-25.339 23.521
-25.338 23.527
-25.34 23.53
-25.349 23.537
-25.353 23.555
-25.357 23.561
-25.36 23.562
-25.364 23.558
-25.367 23.559
-25.369 23.563
-25.371 23.571
-25.377 23.581
-25.38 23.585
-25.391 23.588
-25.393 23.591
-25.393 23.596
-25.391 23.601
-25.383 23.605
-25.381 23.608
-25.381 23.613
-25.385 23.617
-25.388 23.62
-25.394 23.621
-25.398 23.618
-25.4 23.612
-25.403 23.613
-25.407 23.625
-25.412 23.631
-25.425 23.635
-25.428 23.636
-25.432 23.639
-25.432 23.644
-25.429 23.656
-25.427 23.659
-25.422 23.658
-25.418 23.658
-25.415 23.663
-25.419 23.671
-25.423 23.674
-25.427 23.675
-25.437 23.669
-25.443 23.671
-25.445 23.675
-25.445 23.694
-25.447 23.699
-25.456 23.704
-25.457 23.709
-25.451 23.716
-25.447 23.721
-25.445 23.724
-25.459 23.737
-25.469 23.754
-25.48 23.754
-25.487 23.754
-25.494 23.76
-25.501 23.763
-25.504 23.766
-25.505 23.776
-25.512 23.786
-25.513 23.794
-25.51 23.806
-25.51 23.81
-25.51 23.811
-25.515 23.82
-25.519 23.822
-25.523 23.818
-25.528 23.809
-25.533 23.808
-25.545 23.812
-25.549 23.817
-25.549 23.821
-25.546 23.835
-25.551 23.841
-25.558 23.842
-25.566 23.84
-25.572 23.845
-25.576 23.864
-25.577 23.874
-25.577 23.875
-25.579 23.878
-25.593 23.885
-25.597 23.888
-25.598 23.889
-25.603 23.899
-25.608 23.904
-25.618 23.904
-25.626 23.909
-25.636 23.937
-25.636 23.946
-25.635 23.95
-25.623 23.955
-25.621 23.963
-25.618 23.966
-25.617 23.967
-25.616 23.971
-25.622 23.982
-25.624 23.992
-25.623 24.01
-25.625 24.012
-25.63 24.013
-25.637 24.008
-25.643 24.006
-25.65 24.007
-25.651 24.011
-25.649 24.017
-25.649 24.024
-25.648 24.026
-25.64 24.03
-25.64 24.033
-25.651 24.052
-25.653 24.057
-25.654 24.06
-25.652 24.064
-25.649 24.065
-25.641 24.067
-25.629 24.066
-25.63 24.072
-25.633 24.077
-25.641 24.08
-25.643 24.083
-25.642 24.087
-25.637 24.095
-25.631 24.124
-25.631 24.135
-25.628 24.142
-25.622 24.138
-25.616 24.143
-25.611 24.157
-25.614 24.161
-25.617 24.162
-25.627 24.157
-25.63 24.159
-25.631 24.176
-25.62 24.189
-25.621 24.193
-25.635 24.203
-25.639 24.212
-25.646 24.22
-25.645 24.228
-25.646 24.23
-25.656 24.23
-25.662 24.23
-25.669 24.234
-25.675 24.241
-25.679 24.251
-25.685 24.251
-25.691 24.26
-25.701 24.263
-25.706 24.269
-25.706 24.273
-25.699 24.281
-25.699 24.286
-25.702 24.289
-25.706 24.29
-25.713 24.287
-25.716 24.281
-25.72 24.278
-25.721 24.279
-25.724 24.284
-25.725 24.291
-25.725 24.292
-25.724 24.294
-25.715 24.303
-25.714 24.307
-25.714 24.312
-25.713 24.32
-25.714 24.323
-25.721 24.327
-25.729 24.32
-25.734 24.324
-25.758 24.357
-25.764 24.376
-25.763 24.382
-25.757 24.387
-25.758 24.39
-25.762 24.396
-25.762 24.401
-25.76 24.403
-25.753 24.404
-25.75 24.406
-25.749 24.411
-25.751 24.416
-25.751 24.426
-25.747 24.431
-25.737 24.433
-25.744 24.44
-25.744 24.445
-25.735 24.446
-25.736 24.449
-25.74 24.452
-25.743 24.456
-25.744 24.468
-25.75 24.477
-25.753 24.487
-25.775 24.545
-25.776 24.565
-25.779 24.576
-25.804 24.608
-25.804 24.611
-25.812 24.632
-25.82 24.654
-25.82 24.674
-25.824 24.684
-25.824 24.689
-25.816 24.699
-25.812 24.711
-25.808 24.735
-25.811 24.741
-25.814 24.746
-25.818 24.756
-25.818 24.771
-25.826 24.799
-25.826 24.806
-25.823 24.812
-25.818 24.819
-25.817 24.827
-25.818 24.834
-25.81 24.858
-25.81 24.867
-25.81 24.873
-25.811 24.879
-25.813 24.905
-25.804 24.908
-25.8 24.913
-25.791 24.916
-25.791 24.919
-25.795 24.928
-25.77 24.953
-25.766 24.954
-25.764 24.961
-25.77 24.97
-25.768 24.974
-25.767 24.975
-25.761 24.978
-25.756 24.991
-25.75 24.996
-25.75 25
-25.742 25.009
-25.738 25.007
-25.735 25.008
-25.733 25.009
-25.728 25.011
-25.726 25.014
-25.726 25.031
-25.724 25.042
-25.722 25.05
-25.723 25.056
-25.732 25.073
-25.73 25.086
-25.734 25.086
-25.736 25.088
-25.745 25.111
-25.758 25.125
-25.759 25.133
-25.757 25.157
-25.763 25.173
-25.764 25.177
-25.764 25.185
-25.762 25.203
-25.763 25.226
-25.762 25.237
-25.765 25.286
-25.762 25.304
-25.768 25.326
-25.771 25.331
-25.768 25.345
-25.739 25.396
-25.74 25.412
-25.737 25.421
-25.728 25.433
-25.727 25.436
-25.717 25.45
-25.715 25.452
-25.702 25.466
-25.67 25.522
-25.669 25.525
-25.644 25.566
-25.635 25.581
-25.633 25.584
-25.623 25.592
-25.522 25.643
-25.505 25.651
-25.471 25.65
-25.456 25.655
-25.423 25.675
-25.404 25.68
-25.398 25.682
-25.387 25.682
-25.364 25.696
-25.281 25.708
-25.257 25.733
-25.247 25.74
-25.224 25.751
-25.171 25.771
-25.152 25.778
-25.117 25.795
-25.083 25.807
-25.053 25.819
-25 25.841
-24.954 25.86
-24.934 25.863
-24.93 25.866
-24.922 25.879
-24.915 25.885
-24.888 25.89
-24.856 25.891
-24.843 25.888
-24.842 25.884
-24.823 25.872
-24.817 25.869
-24.806 25.866
-24.785 25.864
-24.773 25.862
-24.764 25.862
-24.755 25.869
-24.754 25.87
-24.753 25.887
-24.754 25.898
-24.743 25.912
-24.724 25.929
-24.721 25.934
-24.719 25.948
-24.72 25.99
-24.721 26.012
-24.719 26.026
-24.714 26.04
-24.713 26.05
-24.71 26.056
-24.698 26.112
-24.693 26.122
-24.693 26.123
-24.693 26.126
-24.695 26.131
-24.673 26.232
-24.672 26.241
-24.67 26.243
-24.667 26.256
-24.648 26.342
-24.648 26.348
-24.643 26.369
-24.639 26.39
-24.638 26.399
-24.637 26.401
-24.637 26.409
-24.637 26.417
-24.636 26.422
-24.632 26.425
-24.617 26.429
-24.615 26.431
-24.614 26.442
-24.609 26.446
-24.608 26.454
-24.605 26.457
-24.588 26.475
-24.58 26.48
-24.53 26.498
-24.519 26.506
-24.504 26.51
-24.486 26.52
-24.475 26.538
-24.468 26.544
-24.461 26.546
-24.46 26.548
-24.46 26.555
-24.457 26.557
-24.448 26.559
-24.447 26.567
-24.433 26.573
-24.427 26.584
-24.414 26.594
-24.407 26.596
-24.407 26.604
-24.403 26.616
-24.399 26.623
-24.393 26.64
-24.392 26.64
-24.389 26.652
-24.391 26.666
-24.39 26.669
-24.378 26.677
-24.372 26.675
-24.366 26.675
-24.358 26.676
-24.353 26.676
-24.34 26.684
-24.335 26.695
-24.336 26.701
-24.334 26.704
-24.323 26.708
-24.317 26.712
-24.319 26.72
-24.317 26.723
-24.316 26.725
-24.307 26.734
-24.303 26.74
-24.304 26.745
-24.312 26.759
-24.31 26.762
-24.306 26.771
-24.305 26.786
-24.295 26.801
-24.291 26.814
-24.285 26.822
-24.275 26.827
-24.272 26.831
-24.272 26.846
-24.27 26.854
-24.266 26.859
-24.26 26.865
-24.248 26.871
-24.242 26.868
-24.232 26.868
-24.223 26.864
-24.218 26.865
-24.206 26.878
-24.199 26.881
-24.182 26.87
-24.177 26.868
-24.164 26.882
-24.159 26.884
-24.154 26.882
-24.145 26.879
-24.141 26.869
-24.133 26.867
-24.125 26.869
-24.122 26.87
-24.101 26.87
-24.088 26.889
-24.081 26.894
-24.072 26.897
-24.059 26.897
-24.052 26.899
-24.029 26.913
-24.018 26.918
-24.011 26.918
-24 26.916
-23.984 26.915
-23.977 26.919
-23.969 26.929
-23.958 26.933
-23.934 26.933
-23.925 26.934
-23.911 26.941
-23.895 26.945
-23.89 26.948
-23.878 26.955
-23.86 26.953
-23.861 26.941
-23.858 26.938
-23.853 26.938
-23.85 26.94
-23.84 26.957
-23.834 26.96
-23.83 26.959
-23.823 26.952
-23.814 26.951
-23.801 26.953
-23.794 26.956
-23.785 26.963
-23.781 26.965
-23.753 26.964
-23.75 26.967
-23.734 26.968
-23.707 26.977
-23.701 26.983
-23.692 26.998
-23.69 27.002
-23.669 27.001
-23.655 27.004
-23.648 27.006
-23.643 27.01
-23.642 27.016
-23.645 27.02
-23.661 27.025
-23.66 27.034
-23.661 27.036
-23.666 27.039
-23.676 27.033
-23.684 27.034
-23.68 27.045
-23.674 27.062
-23.661 27.077
-23.656 27.081
-23.65 27.083
-23.644 27.082
-23.637 27.078
-23.623 27.065
-23.616 27.064
-23.618 27.075
-23.615 27.083
-23.612 27.085
-23.602 27.088
-23.602 27.098
-23.599 27.102
-23.581 27.108
-23.573 27.114
-23.57 27.121
-23.57 27.128
-23.574 27.136
-23.575 27.148
-23.574 27.152
-23.568 27.156
-23.561 27.158
-23.557 27.157
-23.555 27.155
-23.551 27.147
-23.545 27.139
-23.535 27.136
-23.529 27.138
-23.526 27.142
-23.525 27.147
-23.527 27.152
-23.54 27.161
-23.54 27.167
-23.531 27.171
-23.53 27.176
-23.538 27.183
-23.54 27.189
-23.54 27.198
-23.536 27.207
-23.528 27.214
-23.524 27.213
-23.521 27.209
-23.517 27.198
-23.515 27.194
-23.511 27.194
-23.505 27.195
-23.499 27.206
-23.492 27.211
-23.493 27.217
-23.503 27.228
-23.504 27.236
-23.501 27.238
-23.493 27.241
-23.489 27.243
-23.484 27.249
-23.48 27.277
-23.477 27.281
-23.467 27.288
-23.465 27.297
-23.458 27.309
-23.453 27.312
-23.439 27.314
-23.429 27.318
-23.419 27.32
-23.409 27.328
-23.406 27.333
-23.405 27.346
-23.409 27.353
-23.414 27.354
-23.423 27.349
-23.428 27.35
-23.43 27.352
-23.433 27.359
-23.431 27.377
-23.427 27.381
-23.421 27.383
-23.408 27.379
-23.403 27.38
-23.397 27.392
-23.396 27.406
-23.398 27.412
-23.4 27.412
-23.406 27.41
-23.417 27.401
-23.422 27.4
-23.427 27.406
-23.428 27.413
-23.428 27.42
-23.425 27.426
-23.418 27.43
-23.4 27.434
-23.393 27.443
-23.39 27.45
-23.39 27.464
-23.39 27.516
-23.388 27.526
-23.383 27.534
-23.37 27.544
-23.363 27.555
-23.354 27.563
-23.339 27.569
-23.334 27.57
-23.33 27.57
-23.32 27.565
-23.316 27.564
-23.307 27.572
-23.284 27.579
-23.278 27.579
-23.271 27.576
-23.265 27.582
-23.26 27.595
-23.256 27.6
-23.25 27.602
-23.235 27.597
-23.231 27.598
-23.229 27.598
-23.224 27.603
-23.223 27.608
-23.229 27.617
-23.233 27.627
-23.234 27.634
-23.233 27.652
-23.223 27.666
-23.214 27.67
-23.209 27.676
-23.207 27.68
-23.207 27.692
-23.21 27.697
-23.222 27.701
-23.223 27.703
-23.231 27.714
-23.241 27.72
-23.242 27.728
-23.241 27.735
-23.236 27.744
-23.23 27.75
-23.225 27.752
-23.213 27.752
-23.211 27.751
-23.205 27.755
-23.19 27.77
-23.179 27.787
-23.173 27.789
-23.17 27.788
-23.161 27.783
-23.15 27.771
-23.144 27.767
-23.14 27.769
-23.139 27.773
-23.144 27.777
-23.145 27.78
-23.151 27.788
-23.15 27.791
-23.142 27.806
-23.138 27.816
-23.133 27.82
-23.121 27.817
-23.113 27.824
-23.115 27.84
-23.105 27.857
-23.1 27.871
-23.09 27.895
-23.077 27.917
-23.07 27.922
-23.058 27.935
-23.045 27.94
-23.031 27.94
-23.013 27.938
-23.006 27.94
-23 27.947
-22.995 27.95
-22.989 27.949
-22.968 27.939
-22.964 27.941
-22.96 27.946
-22.963 27.965
-22.959 27.975
-22.944 27.99
-22.931 28.019
-22.921 28.031
-22.909 28.045
-22.902 28.049
-22.892 28.054
-22.879 28.049
-22.873 28.048
-22.867 28.048
-22.852 28.044
-22.845 28.044
-22.838 28.046
-22.832 28.052
-22.829 28.057
-22.824 28.086
-22.817 28.096
-22.804 28.11
-22.794 28.117
-22.787 28.126
-22.769 28.155
-22.759 28.162
-22.753 28.164
-22.716 28.159
-22.712 28.161
-22.704 28.169
-22.69 28.187
-22.678 28.194
-22.671 28.202
-22.662 28.227
-22.647 28.261
-22.642 28.267
-22.624 28.273
-22.618 28.279
-22.609 28.301
-22.601 28.323
-22.597 28.327
-22.587 28.336
-22.58 28.34
-22.577 28.346
-22.573 28.377
-22.573 28.411
-22.571 28.449
-22.572 28.455
-22.572 28.47
-22.578 28.492
-22.586 28.505
-22.587 28.513
-22.581 28.524
-22.576 28.54
-22.564 28.554
-22.561 28.574
-22.564 28.585
-22.565 28.598
-22.561 28.61
-22.56 28.623
-22.56 28.626
-22.559 28.629
-22.547 28.657
-22.535 28.669
-22.532 28.677
-22.529 28.693
-22.514 28.707
-22.513 28.718
-22.509 28.727
-22.504 28.743
-22.501 28.773
-22.488 28.819
-22.487 28.826
-22.485 28.829
-22.479 28.832
-22.468 28.828
-22.463 28.83
-22.454 28.846
-22.454 28.849
-22.446 28.866
-22.446 28.875
-22.449 28.888
-22.46 28.908
-22.46 28.916
-22.443 28.93
-22.434 28.941
-22.404 28.95
-22.399 28.953
-22.38 28.969
-22.373 28.972
-22.365 28.971
-22.336 28.962
-22.333 28.961
-22.32 28.962
-22.308 28.965
-22.299 28.972
-22.288 28.975
-22.281 28.994
-22.267 29
-22.259 29.004
-22.247 29.01
-22.231 29.013
-22.226 29.024
-22.217 29.033
-22.217 29.047
-22.22 29.066
-22.222 29.069
-22.22 29.087
-22.214 29.096
-22.215 29.111
-22.214 29.111
-22.214 29.124
-22.214 29.133
-22.214 29.142
-22.214 29.145
-22.214 29.151
-22.208 29.161
-22.185 29.189
-22.182 29.2
-22.181 29.213
-22.182 29.221
-22.181 29.221
-22.187 29.239
-22.192 29.255
-22.19 29.258
-22.191 29.265
-22.193 29.271
-22.191 29.279
-22.188 29.286
-22.191 29.304
-22.189 29.314
-22.192 29.318
-22.203 29.327
-22.204 29.334
-22.198 29.342
-22.198 29.353
-22.197 29.361
-22.197 29.363
-22.198 29.369
-22.197 29.373
-22.195 29.377
-22.191 29.379
-22.188 29.392
-22.181 29.406
-22.175 29.422
-22.169 29.451
-22.167 29.46
-22.168 29.477
-22.173 29.493
-22.177 29.516
-22.175 29.523
-22.169 29.528
-22.16 29.531
-22.153 29.534
-22.15 29.545
-22.148 29.557
-22.147 29.56
-22.142 29.571
-22.142 29.577
-22.145 29.586
-22.149 29.591
-22.155 29.6
-22.155 29.608
-22.148 29.613
-22.136 29.623
-22.132 29.634
-22.127 29.648
-22.13 29.656
-22.136 29.667
-22.139 29.673
-22.138 29.68
-22.137 29.697
-22.142 29.715
-22.143 29.739
-22.142 29.743
segment South Africa
-28.595 28.602
-28.599 28.593
-28.603 28.587
-28.603 28.585
-28.604 28.578
-28.603 28.569
-28.6 28.56
-28.601 28.55
-28.603 28.543
-28.602 28.538
-28.599 28.53
-28.6 28.526
-28.607 28.516
-28.609 28.51
-28.606 28.506
-28.603 28.505
-28.604 28.498
-28.606 28.491
-28.604 28.483
-28.603 28.476
-28.603 28.467
-28.61 28.454
-28.615 28.435
-28.619 28.426
-28.619 28.414
-28.624 28.408
-28.64 28.4
-28.649 28.39
-28.659 28.377
-28.666 28.372
-28.674 28.371
-28.682 28.372
-28.687 28.367
-28.691 28.374
-28.695 28.37
-28.698 28.363
-28.699 28.358
-28.695 28.35
-28.695 28.34
-28.7 28.331
-28.697 28.318
-28.7 28.31
-28.703 28.302
-28.708 28.294
-28.706 28.283
-28.7 28.263
-28.697 28.261
-28.695 28.257
-28.694 28.247
-28.696 28.238
-28.7 28.228
-28.704 28.218
-28.706 28.208
-28.705 28.202
-28.701 28.199
-28.69 28.194
-28.691 28.189
-28.7 28.18
-28.703 28.172
-28.715 28.162
-28.718 28.158
-28.719 28.154
-28.723 28.15
-28.731 28.144
-28.74 28.134
-28.741 28.13
-28.741 28.127
-28.739 28.126
-28.743 28.121
-28.75 28.121
-28.758 28.118
-28.761 28.114
-28.763 28.108
-28.77 28.103
-28.786 28.096
-28.789 28.09
-28.794 28.088
-28.808 28.083
-28.81 28.079
-28.812 28.065
-28.814 28.06
-28.818 28.057
-28.821 28.06
-28.826 28.061
-28.831 28.061
-28.838 28.061
-28.844 28.058
-28.858 28.034
-28.865 28.035
-28.873 28.04
-28.877 28.037
-28.877 28.024
-28.873 28.008
-28.874 27.999
-28.879 27.982
-28.871 27.975
-28.857 27.968
-28.852 27.956
-28.852 27.942
-28.858 27.934
-28.869 27.921
-28.88 27.916
-28.883 27.91
-28.883 27.9
-28.89 27.9
-28.9 27.906
-28.901 27.906
-28.905 27.905
-28.908 27.903
-28.912 27.897
-28.914 27.89
-28.915 27.883
-28.915 27.875
-28.912 27.87
-28.901 27.858
-28.901 27.852
-28.902 27.847
-28.902 27.841
-28.9 27.836
-28.905 27.832
-28.91 27.829
-28.914 27.826
-28.917 27.821
-28.916 27.808
-28.91 27.798
-28.906 27.791
-28.903 27.779
-28.895 27.765
-28.895 27.76
-28.898 27.757
-28.902 27.756
-28.905 27.764
-28.912 27.771
-28.919 27.774
-28.922 27.773
-28.929 27.766
-28.939 27.765
-28.941 27.763
-28.94 27.756
-28.94 27.747
-28.941 27.743
-28.944 27.737
-28.949 27.733
-28.955 27.73
-28.959 27.73
-28.975 27.732
-28.98 27.726
-28.982 27.72
-28.989 27.719
-28.997 27.729
-29 27.73
-29.006 27.726
-29.006 27.712
-29.002 27.703
-29.002 27.692
-29.005 27.688
-29.018 27.698
-29.021 27.696
-29.024 27.685
-29.027 27.683
-29.034 27.684
-29.039 27.684
-29.043 27.681
-29.044 27.67
-29.041 27.66
-29.042 27.654
-29.044 27.65
-29.049 27.65
-29.052 27.655
-29.057 27.672
-29.064 27.68
-29.074 27.683
-29.079 27.679
-29.079 27.678
-29.08 27.676
-29.08 27.675
-29.08 27.673
-29.08 27.672
-29.079 27.668
-29.079 27.665
-29.075 27.654
-29.076 27.65
-29.078 27.648
-29.081 27.649
-29.081 27.652
-29.081 27.657
-29.082 27.661
-29.086 27.663
-29.096 27.662
-29.108 27.66
-29.11 27.651
-29.111 27.646
-29.115 27.643
-29.121 27.642
-29.127 27.634
-29.129 27.628
-29.129 27.619
-29.13 27.617
-29.146 27.623
-29.153 27.623
-29.159 27.62
-29.163 27.613
-29.165 27.606
-29.165 27.604
-29.165 27.591
-29.177 27.581
-29.191 27.56
-29.197 27.553
-29.205 27.546
-29.214 27.532
-29.217 27.529
-29.222 27.529
-29.231 27.532
-29.234 27.535
-29.237 27.545
-29.24 27.548
-29.247 27.55
-29.254 27.546
-29.266 27.532
-29.272 27.525
-29.276 27.508
-29.278 27.505
-29.288 27.501
-29.289 27.498
-29.287 27.471
-29.29 27.463
-29.295 27.461
-29.298 27.462
-29.302 27.467
-29.308 27.475
-29.311 27.478
-29.315 27.478
-29.318 27.474
-29.322 27.461
-29.323 27.457
-29.325 27.454
-29.33 27.45
-29.339 27.447
-29.366 27.445
-29.369 27.443
-29.367 27.432
-29.363 27.423
-29.367 27.414
-29.389 27.431
-29.399 27.433
-29.406 27.43
-29.408 27.424
-29.41 27.412
-29.413 27.407
-29.437 27.392
-29.448 27.383
-29.455 27.37
-29.46 27.368
-29.467 27.37
-29.476 27.37
-29.482 27.36
-29.481 27.351
-29.48 27.35
-29.479 27.345
-29.48 27.338
-29.485 27.325
-29.488 27.321
-29.492 27.316
-29.505 27.312
-29.517 27.315
-29.523 27.316
-29.526 27.315
-29.527 27.311
-29.527 27.309
-29.525 27.302
-29.523 27.291
-29.523 27.284
-29.526 27.276
-29.531 27.27
-29.542 27.265
-29.547 27.258
-29.548 27.252
-29.547 27.247
-29.539 27.238
-29.54 27.234
-29.543 27.231
-29.546 27.227
-29.547 27.223
-29.549 27.217
-29.559 27.213
-29.562 27.208
-29.562 27.204
-29.556 27.181
-29.555 27.17
-29.556 27.163
-29.565 27.152
-29.568 27.148
-29.568 27.136
-29.57 27.132
-29.578 27.123
-29.586 27.123
-29.596 27.119
-29.604 27.1
-29.608 27.092
-29.597 27.087
-29.595 27.081
-29.596 27.078
-29.6 27.074
-29.61 27.074
-29.617 27.072
-29.625 27.072
-29.631 27.067
-29.63 27.061
-29.623 27.053
-29.618 27.052
-29.612 27.043
-29.612 27.033
-29.617 27.029
-29.622 27.031
-29.632 27.037
-29.638 27.037
-29.646 27.029
-29.676 27.05
-29.684 27.054
-29.69 27.059
-29.693 27.066
-29.7 27.077
-29.708 27.086
-29.719 27.094
-29.727 27.099
-29.742 27.114
-29.755 27.123
-29.798 27.143
-29.812 27.148
-29.822 27.154
-29.864 27.173
-29.887 27.184
-29.939 27.207
-29.951 27.212
-29.973 27.222
-29.976 27.221
-30 27.235
-30.002 27.236
-30.005 27.238
-30.011 27.247
-30.013 27.253
-30.053 27.297
-30.069 27.312
-30.102 27.32
-30.133 27.33
-30.15 27.335
-30.152 27.337
-30.148 27.367
-30.142 27.402
-30.143 27.408
-30.148 27.413
-30.151 27.416
-30.155 27.416
-30.164 27.41
-30.171 27.41
-30.176 27.405
-30.176 27.397
-30.179 27.395
-30.189 27.4
-30.191 27.398
-30.192 27.389
-30.201 27.379
-30.22 27.375
-30.241 27.373
-30.261 27.373
-30.27 27.375
-30.279 27.393
-30.281 27.396
-30.287 27.397
-30.295 27.39
-30.304 27.406
-30.309 27.407
-30.319 27.395
-30.324 27.392
-30.33 27.395
-30.332 27.402
-30.331 27.41
-30.32 27.43
-30.319 27.437
-30.319 27.442
-30.314 27.455
-30.312 27.464
-30.311 27.475
-30.315 27.48
-30.32 27.483
-30.333 27.48
-30.342 27.482
-30.347 27.486
-30.36 27.501
-30.364 27.502
-30.372 27.508
-30.377 27.514
-30.378 27.542
-30.38 27.551
-30.385 27.559
-30.401 27.571
-30.42 27.577
-30.443 27.587
-30.446 27.593
-30.445 27.603
-30.449 27.612
-30.457 27.615
-30.465 27.621
-30.469 27.622
-30.477 27.618
-30.483 27.62
-30.486 27.624
-30.493 27.632
-30.503 27.647
-30.514 27.672
-30.52 27.686
-30.532 27.699
-30.546 27.704
-30.553 27.711
-30.563 27.724
-30.572 27.73
-30.58 27.734
-30.589 27.742
-30.595 27.75
-30.599 27.765
-30.602 27.783
-30.604 27.797
-30.606 27.814
-30.608 27.831
-30.611 27.867
-30.609 27.874
-30.601 27.883
-30.598 27.892
-30.598 27.898
-30.609 27.912
-30.615 27.915
-30.633 27.921
-30.641 27.927
-30.645 27.942
-30.646 27.959
-30.651 27.974
-30.656 28.002
-30.656 28.017
-30.657 28.037
-30.66 28.048
-30.654 28.07
-30.649 28.084
-30.65 28.091
-30.653 28.098
-30.665 28.11
-30.669 28.118
-30.662 28.119
-30.646 28.114
-30.637 28.115
-30.619 28.111
-30.604 28.114
-30.599 28.116
-30.586 28.126
-30.579 28.137
-30.579 28.143
-30.567 28.157
-30.559 28.162
-30.545 28.166
-30.517 28.17
-30.506 28.174
-30.494 28.186
-30.488 28.185
-30.485 28.183
-30.466 28.159
-30.46 28.155
-30.454 28.159
-30.446 28.173
-30.442 28.183
-30.427 28.199
-30.42 28.226
-30.411 28.24
-30.393 28.261
-30.382 28.271
-30.361 28.28
-30.355 28.279
-30.35 28.271
-30.342 28.265
-30.334 28.266
-30.325 28.263
-30.311 28.246
-30.301 28.227
-30.295 28.221
-30.288 28.222
-30.278 28.229
-30.264 28.243
-30.26 28.257
-30.259 28.262
-30.256 28.269
-30.254 28.288
-30.255 28.308
-30.253 28.316
-30.234 28.329
-30.217 28.35
-30.203 28.362
-30.167 28.373
-30.157 28.385
-30.147 28.399
-30.141 28.412
-30.141 28.417
-30.156 28.459
-30.157 28.472
-30.155 28.482
-30.146 28.503
-30.148 28.513
-30.144 28.521
-30.14 28.527
-30.135 28.531
-30.124 28.546
-30.118 28.556
-30.12 28.573
-30.125 28.588
-30.132 28.602
-30.137 28.626
-30.133 28.639
-30.134 28.651
-30.139 28.667
-30.138 28.684
-30.133 28.695
-30.128 28.708
-30.124 28.718
-30.121 28.729
-30.115 28.738
-30.111 28.748
-30.109 28.762
-30.112 28.776
-30.112 28.787
-30.109 28.798
-30.1 28.812
-30.095 28.849
-30.087 28.866
-30.084 28.868
-30.075 28.88
-30.073 28.889
-30.067 28.904
-30.062 28.912
-30.046 28.938
-30.037 28.954
-30.016 28.997
-30.013 29.001
-30.001 29.023
-30 29.026
-29.99 29.049
-29.979 29.065
-29.958 29.092
-29.957 29.098
-29.96 29.103
-29.965 29.11
-29.963 29.116
-29.943 29.12
-29.936 29.129
-29.936 29.149
-29.933 29.161
-29.93 29.166
-29.926 29.17
-29.915 29.175
-29.903 29.172
-29.888 29.165
-29.864 29.157
-29.861 29.153
-29.859 29.142
-29.853 29.134
-29.848 29.132
-29.841 29.131
-29.828 29.133
-29.807 29.145
-29.791 29.149
-29.763 29.149
-29.752 29.157
-29.747 29.156
-29.742 29.153
-29.728 29.147
-29.719 29.15
-29.708 29.162
-29.702 29.173
-29.698 29.178
-29.679 29.178
-29.674 29.179
-29.666 29.183
-29.662 29.191
-29.661 29.211
-29.647 29.224
-29.643 29.238
-29.639 29.241
-29.634 29.265
-29.632 29.28
-29.633 29.284
-29.633 29.287
-29.631 29.295
-29.625 29.3
-29.605 29.301
-29.592 29.295
-29.588 29.299
-29.587 29.304
-29.586 29.322
-29.583 29.329
-29.58 29.332
-29.576 29.331
-29.572 29.327
-29.57 29.319
-29.564 29.305
-29.557 29.304
-29.547 29.304
-29.528 29.312
-29.515 29.309
-29.494 29.304
-29.49 29.306
-29.483 29.314
-29.485 29.322
-29.479 29.334
-29.464 29.341
-29.457 29.348
-29.452 29.359
-29.444 29.385
-29.443 29.4
-29.439 29.407
-29.434 29.423
-29.431 29.428
-29.411 29.436
-29.399 29.446
-29.384 29.451
-29.381 29.45
-29.368 29.45
-29.364 29.452
-29.353 29.466
-29.347 29.466
-29.334 29.46
-29.324 29.451
-29.323 29.442
-29.31 29.439
-29.294 29.446
-29.287 29.446
-29.281 29.442
-29.271 29.436
-29.258 29.419
-29.247 29.41
-29.232 29.403
-29.197 29.393
-29.184 29.385
-29.181 29.38
-29.176 29.375
-29.174 29.371
-29.171 29.37
-29.168 29.369
-29.165 29.367
-29.163 29.365
-29.16 29.36
-29.157 29.355
-29.157 29.351
-29.156 29.35
-29.144 29.343
-29.124 29.348
-29.107 29.347
-29.096 29.341
-29.09 29.335
-29.085 29.324
-29.079 29.308
-29.08 29.302
-29.077 29.292
-29.081 29.281
-29.09 29.269
-29.089 29.262
-29.086 29.257
-29.065 29.239
-29.057 29.229
-29.046 29.224
-29.036 29.225
-29.03 29.221
-29.022 29.206
-29.014 29.178
-29.011 29.166
-28.997 29.153
-28.989 29.14
-28.986 29.127
-28.983 29.105
-28.978 29.094
-28.973 29.086
-28.972 29.081
-28.963 29.074
-28.957 29.074
-28.948 29.077
-28.941 29.077
-28.935 29.073
-28.909 29.028
-28.908 29.019
-28.915 29.005
-28.914 29
-28.908 28.994
-28.902 28.991
-28.891 28.978
-28.885 28.971
-28.876 28.963
-28.853 28.956
-28.839 28.947
-28.83 28.938
-28.805 28.922
-28.795 28.916
-28.782 28.895
-28.762 28.874
-28.758 28.868
-28.757 28.857
-28.758 28.829
-28.75 28.821
-28.736 28.815
-28.724 28.817
-28.714 28.813
-28.707 28.812
-28.702 28.807
-28.697 28.791
-28.695 28.784
-28.687 28.766
-28.686 28.752
-28.688 28.741
-28.685 28.73
-28.677 28.72
-28.668 28.715
-28.624 28.706
-28.609 28.705
-28.6 28.7
-28.589 28.69
-28.58 28.68
-28.574 28.669
-28.572 28.654
-28.576 28.639
-28.583 28.627
-28.595 28.616
-28.597 28.611
-28.597 28.605
-28.595 28.602
segment South Africa
-28.595 28.602
-28.597 28.605
-28.597 28.611
-28.595 28.616
-28.583 28.627
-28.576 28.639
-28.572 28.654
-28.574 28.669
-28.58 28.68
-28.589 28.69
-28.6 28.7
-28.609 28.705
-28.624 28.706
-28.668 28.715
-28.677 28.72
-28.685 28.73
-28.688 28.741
-28.686 28.752
-28.687 28.766
-28.695 28.784
-28.697 28.791
-28.702 28.807
-28.707 28.812
-28.714 28.813
-28.724 28.817
-28.736 28.815
-28.75 28.821
-28.758 28.829
-28.757 28.857
-28.758 28.868
-28.762 28.874
-28.782 28.895
-28.795 28.916
-28.805 28.922
-28.83 28.938
-28.839 28.947
-28.853 28.956
-28.876 28.963
-28.885 28.971
-28.891 28.978
-28.902 28.991
-28.908 28.994
-28.914 29
-28.915 29.005
-28.908 29.019
-28.909 29.028
-28.935 29.073
-28.941 29.077
-28.948 29.077
-28.957 29.074
-28.963 29.074
-28.972 29.081
-28.973 29.086
-28.978 29.094
-28.983 29.105
-28.986 29.127
-28.989 29.14
-28.997 29.153
-29.011 29.166
-29.014 29.178
-29.022 29.206
-29.03 29.221
-29.036 29.225
-29.046 29.224
-29.057 29.229
-29.065 29.239
-29.086 29.257
-29.089 29.262
-29.09 29.269
-29.081 29.281
-29.077 29.292
-29.08 29.302
-29.079 29.308
-29.085 29.324
-29.09 29.335
-29.096 29.341
-29.107 29.347
-29.124 29.348
-29.144 29.343
-29.156 29.35
-29.157 29.351
-29.157 29.355
-29.16 29.36
-29.163 29.365
-29.165 29.367
-29.168 29.369
-29.171 29.37
-29.174 29.371
-29.176 29.375
-29.181 29.38
-29.184 29.385
-29.197 29.393
-29.232 29.403
-29.247 29.41
-29.258 29.419
-29.271 29.436
-29.281 29.442
-29.287 29.446
-29.294 29.446
-29.31 29.439
-29.323 29.442
-29.324 29.451
-29.334 29.46
-29.347 29.466
-29.353 29.466
-29.364 29.452
-29.368 29.45
-29.381 29.45
-29.384 29.451
-29.399 29.446
-29.411 29.436
-29.431 29.428
-29.434 29.423
-29.439 29.407
-29.443 29.4
-29.444 29.385
-29.452 29.359
-29.457 29.348
-29.464 29.341
-29.479 29.334
-29.485 29.322
-29.483 29.314
-29.49 29.306
-29.494 29.304
-29.515 29.309
-29.528 29.312
-29.547 29.304
-29.557 29.304
-29.564 29.305
-29.57 29.319
-29.572 29.327
-29.576 29.331
-29.58 29.332
-29.583 29.329
-29.586 29.322
-29.587 29.304
-29.588 29.299
-29.592 29.295
-29.605 29.301
-29.625 29.3
-29.631 29.295
-29.633 29.287
-29.633 29.284
-29.632 29.28
-29.634 29.265
-29.639 29.241
-29.643 29.238
-29.647 29.224
-29.661 29.211
-29.662 29.191
-29.666 29.183
-29.674 29.179
-29.679 29.178
-29.698 29.178
-29.702 29.173
-29.708 29.162
-29.719 29.15
-29.728 29.147
-29.742 29.153
-29.747 29.156
-29.752 29.157
-29.763 29.149
-29.791 29.149
-29.807 29.145
-29.828 29.133
-29.841 29.131
-29.848 29.132
-29.853 29.134
-29.859 29.142
-29.861 29.153
-29.864 29.157
-29.888 29.165
-29.903 29.172
-29.915 29.175
-29.926 29.17
-29.93 29.166
-29.933 29.161
-29.936 29.149
-29.936 29.129
-29.943 29.12
-29.963 29.116
-29.965 29.11
-29.96 29.103
-29.957 29.098
-29.958 29.092
-29.979 29.065
-29.99 29.049
-30 29.026
-30.001 29.023
-30.013 29.001
-30.016 28.997
-30.037 28.954
-30.046 28.938
-30.062 28.912
-30.067 28.904
-30.073 28.889
-30.075 28.88
-30.084 28.868
-30.087 28.866
-30.095 28.849
-30.1 28.812
-30.109 28.798
-30.112 28.787
-30.112 28.776
-30.109 28.762
-30.111 28.748
-30.115 28.738
-30.121 28.729
-30.124 28.718
-30.128 28.708
-30.133 28.695
-30.138 28.684
-30.139 28.667
-30.134 28.651
-30.133 28.639
-30.137 28.626
-30.132 28.602
-30.125 28.588
-30.12 28.573
-30.118 28.556
-30.124 28.546
-30.135 28.531
-30.14 28.527
-30.144 28.521
-30.148 28.513
-30.146 28.503
-30.155 28.482
-30.157 28.472
-30.156 28.459
-30.141 28.417
-30.141 28.412
-30.147 28.399
-30.157 28.385
-30.167 28.373
-30.203 28.362
-30.217 28.35
-30.234 28.329
-30.253 28.316
-30.255 28.308
-30.254 28.288
-30.256 28.269
-30.259 28.262
-30.26 28.257
-30.264 28.243
-30.278 28.229
-30.288 28.222
-30.295 28.221
-30.301 28.227
-30.311 28.246
-30.325 28.263
-30.334 28.266
-30.342 28.265
-30.35 28.271
-30.355 28.279
-30.361 28.28
-30.382 28.271
-30.393 28.261
-30.411 28.24
-30.42 28.226
-30.427 28.199
-30.442 28.183
-30.446 28.173
-30.454 28.159
-30.46 28.155
-30.466 28.159
-30.485 28.183
-30.488 28.185
-30.494 28.186
-30.506 28.174
-30.517 28.17
-30.545 28.166
-30.559 28.162
-30.567 28.157
-30.579 28.143
-30.579 28.137
-30.586 28.126
-30.599 28.116
-30.604 28.114
-30.619 28.111
-30.637 28.115
-30.646 28.114
-30.662 28.119
-30.669 28.118
-30.665 28.11
-30.653 28.098
-30.65 28.091
-30.649 28.084
-30.654 28.07
-30.66 28.048
-30.657 28.037
-30.656 28.017
-30.656 28.002
-30.651 27.974
-30.646 27.959
-30.645 27.942
-30.641 27.927
-30.633 27.921
-30.615 27.915
-30.609 27.912
-30.598 27.898
-30.598 27.892
-30.601 27.883
-30.609 27.874
-30.611 27.867
-30.608 27.831
-30.606 27.814
-30.604 27.797
-30.602 27.783
-30.599 27.765
-30.595 27.75
-30.589 27.742
-30.58 27.734
-30.572 27.73
-30.563 27.724
-30.553 27.711
-30.546 27.704
-30.532 27.699
-30.52 27.686
-30.514 27.672
-30.503 27.647
-30.493 27.632
-30.486 27.624
-30.483 27.62
-30.477 27.618
-30.469 27.622
-30.465 27.621
-30.457 27.615
-30.449 27.612
-30.445 27.603
-30.446 27.593
-30.443 27.587
-30.42 27.577
-30.401 27.571
-30.385 27.559
-30.38 27.551
-30.378 27.542
-30.377 27.514
-30.372 27.508
-30.364 27.502
-30.36 27.501
-30.347 27.486
-30.342 27.482
-30.333 27.48
-30.32 27.483
-30.315 27.48
-30.311 27.475
-30.312 27.464
-30.314 27.455
-30.319 27.442
-30.319 27.437
-30.32 27.43
-30.331 27.41
-30.332 27.402
-30.33 27.395
-30.324 27.392
-30.319 27.395
-30.309 27.407
-30.304 27.406
-30.295 27.39
-30.287 27.397
-30.281 27.396
-30.279 27.393
-30.27 27.375
-30.261 27.373
-30.241 27.373
-30.22 27.375
-30.201 27.379
-30.192 27.389
-30.191 27.398
-30.189 27.4
-30.179 27.395
-30.176 27.397
-30.176 27.405
-30.171 27.41
-30.164 27.41
-30.155 27.416
-30.151 27.416
-30.148 27.413
-30.143 27.408
-30.142 27.402
-30.148 27.367
-30.152 27.337
-30.15 27.335
-30.133 27.33
-30.102 27.32
-30.069 27.312
-30.053 27.297
-30.013 27.253
-30.011 27.247
-30.005 27.238
-30.002 27.236
-30 27.235
-29.976 27.221
-29.973 27.222
-29.951 27.212
-29.939 27.207
-29.887 27.184
-29.864 27.173
-29.822 27.154
-29.812 27.148
-29.798 27.143
-29.755 27.123
-29.742 27.114
-29.727 27.099
-29.719 27.094
-29.708 27.086
-29.7 27.077
-29.693 27.066
-29.69 27.059
-29.684 27.054
-29.676 27.05
-29.646 27.029
-29.638 27.037
-29.632 27.037
-29.622 27.031
-29.617 27.029
-29.612 27.033
-29.612 27.043
-29.618 27.052
-29.623 27.053
-29.63 27.061
-29.631 27.067
-29.625 27.072
-29.617 27.072
-29.61 27.074
-29.6 27.074
-29.596 27.078
-29.595 27.081
-29.597 27.087
-29.608 27.092
-29.604 27.1
-29.596 27.119
-29.586 27.123
-29.578 27.123
-29.57 27.132
-29.568 27.136
-29.568 27.148
-29.565 27.152
-29.556 27.163
-29.555 27.17
-29.556 27.181
-29.562 27.204
-29.562 27.208
-29.559 27.213
-29.549 27.217
-29.547 27.223
-29.546 27.227
-29.543 27.231
-29.54 27.234
-29.539 27.238
-29.547 27.247
-29.548 27.252
-29.547 27.258
-29.542 27.265
-29.531 27.27
-29.526 27.276
-29.523 27.284
-29.523 27.291
-29.525 27.302
-29.527 27.309
-29.527 27.311
-29.526 27.315
-29.523 27.316
-29.517 27.315
-29.505 27.312
-29.492 27.316
-29.488 27.321
-29.485 27.325
-29.48 27.338
-29.479 27.345
-29.48 27.35
-29.481 27.351
-29.482 27.36
-29.476 27.37
-29.467 27.37
-29.46 27.368
-29.455 27.37
-29.448 27.383
-29.437 27.392
-29.413 27.407
-29.41 27.412
-29.408 27.424
-29.406 27.43
-29.399 27.433
-29.389 27.431
-29.367 27.414
-29.363 27.423
-29.367 27.432
-29.369 27.443
-29.366 27.445
-29.339 27.447
-29.33 27.45
-29.325 27.454
-29.323 27.457
-29.322 27.461
-29.318 27.474
-29.315 27.478
-29.311 27.478
-29.308 27.475
-29.302 27.467
-29.298 27.462
-29.295 27.461
-29.29 27.463
-29.287 27.471
-29.289 27.498
-29.288 27.501
-29.278 27.505
-29.276 27.508
-29.272 27.525
-29.266 27.532
-29.254 27.546
-29.247 27.55
-29.24 27.548
-29.237 27.545
-29.234 27.535
-29.231 27.532
-29.222 27.529
-29.217 27.529
-29.214 27.532
-29.205 27.546
-29.197 27.553
-29.191 27.56
-29.177 27.581
-29.165 27.591
-29.165 27.604
-29.165 27.606
-29.163 27.613
-29.159 27.62
-29.153 27.623
-29.146 27.623
-29.13 27.617
-29.129 27.619
-29.129 27.628
-29.127 27.634
-29.121 27.642
-29.115 27.643
-29.111 27.646
-29.11 27.651
-29.108 27.66
-29.096 27.662
-29.086 27.663
-29.082 27.661
-29.081 27.657
-29.081 27.652
-29.081 27.649
-29.078 27.648
-29.076 27.65
-29.075 27.654
-29.079 27.665
-29.079 27.668
-29.08 27.672
-29.08 27.673
-29.08 27.675
-29.08 27.676
-29.079 27.678
-29.079 27.679
-29.074 27.683
-29.064 27.68
-29.057 27.672
-29.052 27.655
-29.049 27.65
-29.044 27.65
-29.042 27.654
-29.041 27.66
-29.044 27.67
-29.043 27.681
-29.039 27.684
-29.034 27.684
-29.027 27.683
-29.024 27.685
-29.021 27.696
-29.018 27.698
-29.005 27.688
-29.002 27.692
-29.002 27.703
-29.006 27.712
-29.006 27.726
-29 27.73
-28.997 27.729
-28.989 27.719
-28.982 27.72
-28.98 27.726
-28.975 27.732
-28.959 27.73
-28.955 27.73
-28.949 27.733
-28.944 27.737
-28.941 27.743
-28.94 27.747
-28.94 27.756
-28.941 27.763
-28.939 27.765
-28.929 27.766
-28.922 27.773
-28.919 27.774
-28.912 27.771
-28.905 27.764
-28.902 27.756
-28.898 27.757
-28.895 27.76
-28.895 27.765
-28.903 27.779
-28.906 27.791
-28.91 27.798
-28.916 27.808
-28.917 27.821
-28.914 27.826
-28.91 27.829
-28.905 27.832
-28.9 27.836
-28.902 27.841
-28.902 27.847
-28.901 27.852
-28.901 27.858
-28.912 27.87
-28.915 27.875
-28.915 27.883
-28.914 27.89
-28.912 27.897
-28.908 27.903
-28.905 27.905
-28.901 27.906
-28.9 27.906
-28.89 27.9
-28.883 27.9
-28.883 27.91
-28.88 27.916
-28.869 27.921
-28.858 27.934
-28.852 27.942
-28.852 27.956
-28.857 27.968
-28.871 27.975
-28.879 27.982
-28.874 27.999
-28.873 28.008
-28.877 28.024
-28.877 28.037
-28.873 28.04
-28.865 28.035
-28.858 28.034
-28.844 28.058
-28.838 28.061
-28.831 28.061
-28.826 28.061
-28.821 28.06
-28.818 28.057
-28.814 28.06
-28.812 28.065
-28.81 28.079
-28.808 28.083
-28.794 28.088
-28.789 28.09
-28.786 28.096
-28.77 28.103
-28.763 28.108
-28.761 28.114
-28.758 28.118
-28.75 28.121
-28.743 28.121
-28.739 28.126
-28.741 28.127
-28.741 28.13
-28.74 28.134
-28.731 28.144
-28.723 28.15
-28.719 28.154
-28.718 28.158
-28.715 28.162
-28.703 28.172
-28.7 28.18
-28.691 28.189
-28.69 28.194
-28.701 28.199
-28.705 28.202
-28.706 28.208
-28.704 28.218
-28.7 28.228
-28.696 28.238
-28.694 28.247
-28.695 28.257
-28.697 28.261
-28.7 28.263
-28.706 28.283
-28.708 28.294
-28.703 28.302
-28.7 28.31
-28.697 28.318
-28.7 28.331
-28.695 28.34
-28.695 28.35
-28.699 28.358
-28.698 28.363
-28.695 28.37
-28.691 28.374
-28.687 28.367
-28.682 28.372
-28.674 28.371
-28.666 28.372
-28.659 28.377
-28.649 28.39
-28.64 28.4
-28.624 28.408
-28.619 28.414
-28.619 28.426
-28.615 28.435
-28.61 28.454
-28.603 28.467
-28.603 28.476
-28.604 28.483
-28.606 28.491
-28.604 28.498
-28.603 28.505
-28.606 28.506
-28.609 28.51
-28.607 28.516
-28.6 28.526
-28.599 28.53
-28.602 28.538
-28.603 28.543
-28.601 28.55
-28.6 28.56
-28.603 28.569
-28.604 28.578
-28.603 28.585
-28.603 28.587
-28.599 28.593
-28.595 28.602
