segment Sudan
19.246 37.706
19.239 37.713
19.237 37.727
19.231 37.734
19.226 37.73
19.23 37.717
19.234 37.706
19.242 37.699
19.243 37.7
19.246 37.706
segment Sudan
19.228 37.815
19.227 37.816
19.225 37.815
19.221 37.813
19.216 37.813
19.216 37.812
19.216 37.81
19.217 37.81
19.221 37.811
19.226 37.809
19.227 37.81
19.228 37.813
19.228 37.814
19.228 37.815
segment Sudan
19.186 37.598
19.187 37.601
19.185 37.609
19.184 37.61
19.183 37.61
19.182 37.609
19.182 37.608
19.182 37.604
19.182 37.6
19.184 37.598
19.186 37.598
segment Sudan
19.15 37.622
19.154 37.618
19.153 37.615
19.15 37.612
19.154 37.608
19.156 37.61
19.158 37.617
19.157 37.626
19.154 37.627
19.152 37.626
19.15 37.622
segment Sudan
19.052 37.39
19.049 37.397
19.047 37.399
19.039 37.398
19.024 37.401
19.013 37.408
18.997 37.409
18.977 37.403
18.972 37.403
18.963 37.401
18.951 37.402
18.949 37.4
18.95 37.398
18.956 37.395
18.961 37.395
18.984 37.397
18.992 37.4
18.983 37.402
18.993 37.403
19.001 37.398
19.005 37.398
19.009 37.401
19.012 37.399
19.014 37.393
19.018 37.392
19.024 37.392
19.029 37.395
19.041 37.39
19.052 37.39
segment Sudan
18.83 38.149
18.834 38.153
18.839 38.161
18.837 38.175
18.834 38.176
18.83 38.176
18.821 38.172
18.823 38.166
18.828 38.164
18.83 38.149
segment Sudan
18.766 38.016
18.77 38.006
18.769 37.999
18.772 37.995
18.778 37.992
18.781 37.989
18.784 37.989
18.785 37.992
18.792 37.992
18.791 38.009
18.784 38.024
18.77 38.028
18.767 38.026
18.766 38.016
segment Sudan
18.787 37.686
18.78 37.688
18.777 37.695
18.773 37.695
18.766 37.693
18.766 37.691
18.763 37.689
18.763 37.684
18.765 37.682
18.772 37.681
18.779 37.684
18.781 37.683
18.777 37.68
18.782 37.677
18.786 37.679
18.787 37.686
segment Sudan
18.76 37.714
18.76 37.711
18.766 37.705
18.766 37.7
18.771 37.699
18.772 37.7
18.773 37.709
18.772 37.72
18.768 37.726
18.767 37.733
18.761 37.741
18.755 37.743
18.752 37.741
18.757 37.727
18.761 37.724
18.763 37.721
18.763 37.717
18.76 37.714
segment Sudan
18.766 37.491
18.765 37.503
18.755 37.513
18.746 37.52
18.739 37.521
18.736 37.519
18.738 37.516
18.743 37.515
18.754 37.505
18.758 37.493
18.766 37.491
segment Sudan
18.754 37.676
18.751 37.684
18.747 37.687
18.745 37.685
18.747 37.679
18.754 37.676
segment Sudan
18.741 37.51
18.74 37.51
18.738 37.507
18.741 37.504
18.748 37.505
18.748 37.508
18.741 37.51
segment Sudan
18.738 37.678
18.737 37.685
18.734 37.689
18.731 37.686
18.734 37.684
18.735 37.677
18.737 37.676
18.738 37.678
segment Sudan
18.731 37.586
18.734 37.584
18.737 37.587
18.736 37.593
18.738 37.611
18.733 37.618
18.732 37.617
18.733 37.615
18.734 37.613
18.735 37.609
18.731 37.586
segment Sudan
18.242 38.34
18.246 38.344
18.243 38.351
18.233 38.363
18.227 38.368
18.223 38.365
18.228 38.358
18.228 38.354
18.234 38.347
18.234 38.341
18.239 38.339
18.242 38.34
segment Sudan
18.207 38.327
18.209 38.326
18.21 38.32
18.207 38.317
18.213 38.308
18.218 38.306
18.215 38.301
18.224 38.297
18.226 38.305
18.223 38.321
18.221 38.327
18.221 38.332
18.214 38.34
18.207 38.327
segment Sudan
18.169 38.442
18.168 38.437
18.163 38.435
18.16 38.431
18.151 38.432
18.149 38.424
18.151 38.421
18.153 38.422
18.156 38.424
18.16 38.424
18.163 38.427
18.181 38.423
18.181 38.419
18.175 38.418
18.176 38.416
18.18 38.414
18.185 38.416
18.19 38.413
18.192 38.414
18.189 38.42
18.181 38.428
18.182 38.437
18.184 38.44
18.193 38.444
18.197 38.45
18.189 38.459
18.185 38.458
18.183 38.459
18.18 38.461
18.18 38.455
18.176 38.455
18.172 38.461
18.167 38.465
18.163 38.46
18.154 38.463
18.141 38.473
18.137 38.473
18.134 38.471
18.13 38.473
18.128 38.472
18.132 38.467
18.14 38.469
18.143 38.464
18.16 38.456
18.164 38.447
18.169 38.442
segment Sudan
18.154 38.481
18.155 38.483
18.15 38.485
18.146 38.484
18.142 38.48
18.144 38.479
18.15 38.482
18.154 38.481
segment Sudan
18.149 38.411
18.145 38.412
18.138 38.407
18.141 38.403
18.144 38.408
18.149 38.409
18.149 38.411
segment Sudan
18.123 38.476
18.13 38.487
18.14 38.489
18.142 38.493
18.139 38.494
18.136 38.493
18.132 38.501
18.129 38.504
18.122 38.493
18.122 38.489
18.124 38.484
18.122 38.478
18.123 38.476
segment Sudan
18.106 38.47
18.099 38.467
18.096 38.468
18.093 38.467
18.099 38.462
18.101 38.456
18.106 38.456
18.113 38.452
18.114 38.448
18.116 38.449
18.12 38.455
18.11 38.458
18.109 38.462
18.106 38.466
18.106 38.47
segment Sudan
23.594 36.182
23.597 36.18
23.602 36.18
23.607 36.183
23.616 36.179
23.624 36.18
23.623 36.185
23.623 36.19
23.622 36.192
23.621 36.198
23.617 36.2
23.608 36.209
23.602 36.201
23.602 36.197
23.598 36.193
23.594 36.182
segment Sudan
23.565 36.242
23.568 36.227
23.574 36.229
23.572 36.24
23.568 36.243
23.565 36.242
segment Sudan
22.905 36.243
22.905 36.241
22.907 36.245
22.908 36.252
22.913 36.264
22.912 36.276
22.911 36.276
22.91 36.271
22.907 36.267
22.909 36.264
22.91 36.26
22.907 36.255
22.905 36.243
segment Sudan
22.908 36.282
22.909 36.283
22.909 36.292
22.905 36.295
22.904 36.294
22.908 36.282
segment Sudan
22.789 36.191
22.79 36.194
22.789 36.207
22.792 36.211
22.803 36.212
22.806 36.212
22.809 36.208
22.811 36.209
22.807 36.214
22.8 36.218
22.797 36.218
22.798 36.215
22.793 36.216
22.79 36.222
22.791 36.226
22.789 36.229
22.788 36.24
22.786 36.244
22.784 36.245
22.786 36.239
22.787 36.229
22.786 36.214
22.786 36.212
22.788 36.207
22.786 36.204
22.782 36.204
22.782 36.202
22.789 36.191
segment Sudan
22.776 36.248
22.778 36.25
22.774 36.263
22.77 36.271
22.767 36.274
22.765 36.271
22.772 36.263
22.772 36.259
22.775 36.255
22.774 36.251
22.776 36.248
segment Sudan
22.765 36.29
22.766 36.292
22.758 36.307
22.749 36.312
22.745 36.312
22.755 36.305
22.757 36.299
22.761 36.297
22.763 36.292
22.765 36.29
segment Sudan
22.762 36.058
22.763 36.061
22.762 36.061
22.753 36.054
22.752 36.058
22.749 36.059
22.736 36.058
22.726 36.062
22.725 36.061
22.728 36.056
22.741 36.053
22.741 36.047
22.736 36.044
22.733 36.038
22.729 36.038
22.724 36.041
22.721 36.04
22.72 36.038
22.731 36.034
22.738 36.035
22.744 36.041
22.749 36.047
22.758 36.051
22.762 36.058
segment Sudan
22.759 36.106
22.76 36.109
22.758 36.113
22.75 36.115
22.748 36.111
22.753 36.11
22.759 36.106
segment Sudan
22.755 36.155
22.754 36.156
22.746 36.154
22.74 36.144
22.728 36.139
22.728 36.134
22.73 36.13
22.734 36.136
22.744 36.14
22.749 36.149
22.755 36.153
22.755 36.155
segment Sudan
22.724 36.093
22.735 36.095
22.742 36.103
22.742 36.121
22.739 36.125
22.737 36.127
22.734 36.125
22.738 36.119
22.738 36.11
22.736 36.101
22.732 36.097
22.727 36.099
22.724 36.093
segment Sudan
22.726 36.143
22.73 36.152
22.729 36.154
22.727 36.154
22.724 36.147
22.722 36.144
22.726 36.143
segment Sudan
22.7 36.097
22.705 36.097
22.706 36.099
22.703 36.1
22.704 36.11
22.706 36.11
22.709 36.106
22.713 36.111
22.714 36.117
22.71 36.123
22.711 36.125
22.722 36.128
22.722 36.135
22.716 36.138
22.714 36.135
22.712 36.134
22.709 36.125
22.71 36.119
22.699 36.113
22.693 36.111
22.694 36.104
22.7 36.097
segment Sudan
22.712 36.184
22.711 36.186
22.708 36.184
22.703 36.184
22.707 36.179
22.706 36.173
22.708 36.17
22.71 36.172
22.709 36.18
22.712 36.184
segment Sudan
22.701 36.063
22.702 36.062
22.704 36.064
22.708 36.075
22.707 36.076
22.703 36.074
22.698 36.085
22.695 36.085
22.695 36.081
22.699 36.073
22.701 36.063
segment Sudan
22.666 36.365
22.669 36.36
22.698 36.323
22.705 36.319
22.705 36.323
22.701 36.324
22.697 36.333
22.687 36.343
22.683 36.351
22.676 36.355
22.67 36.363
22.67 36.367
22.666 36.369
22.666 36.365
segment Sudan
22.684 36.126
22.688 36.126
22.691 36.128
22.695 36.127
22.702 36.132
22.699 36.139
22.683 36.138
22.678 36.135
22.68 36.132
22.679 36.129
22.682 36.126
22.684 36.126
segment Sudan
22.696 36.09
22.697 36.092
22.698 36.096
22.693 36.102
22.691 36.101
22.69 36.099
22.691 36.096
22.69 36.091
22.693 36.091
22.694 36.089
22.696 36.09
segment Sudan
22.676 36.17
22.68 36.166
22.683 36.167
22.685 36.172
22.684 36.188
22.68 36.192
22.669 36.2
22.665 36.198
22.659 36.2
22.655 36.199
22.649 36.194
22.659 36.19
22.661 36.187
22.672 36.179
22.674 36.177
22.676 36.17
segment Sudan
22.641 36.237
22.643 36.236
22.645 36.239
22.652 36.241
22.65 36.245
22.648 36.246
22.642 36.242
22.641 36.237
segment Sudan
22.608 36.259
22.608 36.26
22.601 36.266
22.598 36.267
22.596 36.265
22.603 36.258
22.608 36.259
segment Sudan
22.576 36.362
22.577 36.365
22.574 36.364
22.566 36.361
22.565 36.359
22.568 36.358
22.576 36.362
segment Sudan
22.405 36.506
22.411 36.511
22.407 36.513
22.407 36.519
22.404 36.522
22.398 36.524
22.397 36.522
22.401 36.519
22.405 36.506
segment Sudan
22.404 36.539
22.407 36.541
22.404 36.546
22.394 36.553
22.394 36.549
22.404 36.539
segment Sudan
22.404 36.529
22.405 36.53
22.398 36.534
22.396 36.538
22.382 36.547
22.373 36.56
22.37 36.56
22.372 36.553
22.377 36.55
22.38 36.545
22.404 36.529
segment Sudan
22.353 36.618
22.356 36.619
22.353 36.627
22.346 36.63
22.343 36.635
22.341 36.633
22.344 36.628
22.343 36.624
22.347 36.619
22.35 36.617
22.353 36.618
segment Sudan
22.327 36.604
22.337 36.606
22.338 36.609
22.335 36.612
22.325 36.615
22.316 36.624
22.315 36.623
22.316 36.619
22.312 36.616
22.307 36.617
22.305 36.616
22.307 36.613
22.313 36.613
22.319 36.616
22.328 36.61
22.329 36.608
22.326 36.606
22.327 36.604
segment Sudan
22.285 36.626
22.29 36.624
22.294 36.625
22.295 36.634
22.293 36.639
22.285 36.626
segment Sudan
22.251 36.628
22.259 36.629
22.264 36.627
22.27 36.633
22.277 36.634
22.278 36.638
22.283 36.642
22.282 36.644
22.272 36.642
22.272 36.648
22.268 36.65
22.263 36.658
22.251 36.66
22.247 36.659
22.252 36.656
22.255 36.656
22.26 36.649
22.256 36.642
22.256 36.634
22.251 36.631
22.251 36.629
22.251 36.628
segment Sudan
22.15 36.825
22.16 36.825
22.162 36.829
22.154 36.84
22.151 36.841
22.149 36.84
22.152 36.835
22.153 36.832
22.15 36.831
22.148 36.828
22.15 36.825
segment Sudan
22.112 36.865
22.114 36.866
22.109 36.869
22.102 36.88
22.1 36.877
22.101 36.875
22.109 36.866
22.112 36.865
segment Sudan
21.143 37.136
21.145 37.136
21.149 37.143
21.147 37.146
21.148 37.151
21.143 37.144
21.142 37.137
21.143 37.136
segment Sudan
20.823 37.249
20.832 37.254
20.838 37.252
20.851 37.262
20.852 37.268
20.846 37.277
20.844 37.281
20.845 37.285
20.842 37.286
20.827 37.278
20.814 37.277
20.807 37.275
20.777 37.273
20.775 37.273
20.76 37.268
20.757 37.256
20.751 37.253
20.755 37.248
20.761 37.245
20.768 37.247
20.773 37.246
20.823 37.249
segment Sudan
21.417 37.011
21.402 37.022
21.392 37.035
21.384 37.042
21.372 37.047
21.361 37.056
21.358 37.053
21.357 37.047
21.352 37.042
21.357 37.036
21.357 37.022
21.368 37.012
21.364 37.009
21.359 37.009
21.357 37.012
21.354 37.009
21.354 37.004
21.349 36.999
21.345 37.003
21.344 37.007
21.35 37.015
21.345 37.02
21.339 37.014
21.334 37.017
21.333 37.02
21.342 37.023
21.352 37.025
21.349 37.029
21.35 37.04
21.348 37.041
21.35 37.046
21.348 37.051
21.355 37.052
21.354 37.058
21.339 37.072
21.325 37.088
21.321 37.089
21.318 37.093
21.282 37.119
21.268 37.131
21.266 37.133
21.241 37.158
21.219 37.192
21.212 37.194
21.207 37.198
21.205 37.204
21.2 37.21
21.187 37.218
21.179 37.225
21.179 37.226
21.177 37.231
21.171 37.236
21.142 37.256
21.133 37.268
21.124 37.274
21.094 37.283
21.086 37.288
21.078 37.301
21.07 37.313
21.064 37.315
21.061 37.314
21.056 37.306
21.051 37.303
21.046 37.309
21.043 37.306
21.04 37.305
21.03 37.297
21.035 37.289
21.043 37.285
21.044 37.282
21.041 37.281
21.037 37.284
21.034 37.284
21.027 37.291
21.027 37.295
21.025 37.296
21.022 37.295
21.018 37.29
21.017 37.284
21.017 37.281
21.022 37.261
21.02 37.259
21.019 37.252
21.016 37.251
21.001 37.253
20.999 37.25
21.012 37.244
21.023 37.24
21.026 37.237
21.042 37.23
21.077 37.211
21.078 37.205
21.083 37.209
21.103 37.197
21.102 37.199
21.1 37.203
21.098 37.206
21.097 37.21
21.1 37.213
21.1 37.219
21.094 37.221
21.084 37.227
21.079 37.229
21.071 37.231
21.068 37.234
21.064 37.241
21.056 37.249
21.045 37.267
21.044 37.275
21.048 37.271
21.05 37.279
21.052 37.281
21.054 37.28
21.071 37.258
21.073 37.253
21.08 37.246
21.087 37.241
21.092 37.238
21.102 37.237
21.107 37.23
21.118 37.23
21.12 37.237
21.123 37.237
21.127 37.235
21.133 37.235
21.137 37.233
21.137 37.228
21.14 37.226
21.135 37.219
21.135 37.216
21.143 37.213
21.144 37.21
21.143 37.202
21.14 37.2
21.136 37.206
21.131 37.2
21.135 37.197
21.137 37.193
21.141 37.194
21.157 37.186
21.16 37.187
21.162 37.183
21.159 37.18
21.151 37.176
21.144 37.181
21.141 37.177
21.145 37.173
21.147 37.161
21.165 37.16
21.168 37.157
21.175 37.163
21.193 37.171
21.211 37.164
21.218 37.157
21.219 37.156
21.223 37.147
21.223 37.141
21.228 37.132
21.224 37.117
21.222 37.11
21.217 37.106
21.21 37.102
21.203 37.098
21.202 37.102
21.2 37.104
21.188 37.092
21.182 37.096
21.175 37.093
21.168 37.101
21.161 37.097
21.158 37.1
21.156 37.112
21.153 37.118
21.153 37.123
21.156 37.128
21.156 37.131
21.153 37.131
21.147 37.121
21.142 37.117
21.138 37.117
21.132 37.122
21.132 37.125
21.128 37.126
21.125 37.122
21.12 37.119
21.117 37.12
21.111 37.117
21.109 37.116
21.104 37.122
21.102 37.123
21.098 37.121
21.092 37.123
21.087 37.129
21.083 37.124
21.077 37.124
21.068 37.112
21.07 37.108
21.074 37.105
21.075 37.101
21.079 37.097
21.071 37.091
21.056 37.087
21.05 37.09
21.036 37.092
21.033 37.095
21.034 37.102
21.031 37.105
21.026 37.107
21.018 37.106
21.012 37.108
21.01 37.114
20.997 37.125
20.995 37.127
20.989 37.127
20.986 37.13
20.981 37.129
20.968 37.14
20.959 37.139
20.95 37.141
20.945 37.145
20.943 37.148
20.932 37.154
20.927 37.153
20.923 37.156
20.917 37.157
20.905 37.158
20.901 37.155
20.897 37.155
20.892 37.163
20.875 37.167
20.865 37.166
20.859 37.169
20.854 37.165
20.848 37.167
20.844 37.166
20.84 37.167
20.834 37.164
20.828 37.167
20.819 37.167
20.805 37.164
20.799 37.164
20.797 37.167
20.783 37.171
20.782 37.175
20.778 37.172
20.762 37.176
20.755 37.172
20.75 37.172
20.735 37.179
20.725 37.181
20.708 37.176
20.705 37.175
20.702 37.176
20.696 37.179
20.688 37.176
20.68 37.187
20.677 37.186
20.66 37.191
20.657 37.197
20.653 37.201
20.645 37.205
20.641 37.202
20.634 37.205
20.627 37.204
20.619 37.208
20.612 37.209
20.593 37.221
20.579 37.224
20.564 37.233
20.551 37.236
20.545 37.235
20.539 37.237
20.527 37.236
20.523 37.237
20.493 37.228
20.488 37.227
20.48 37.227
20.469 37.233
20.463 37.235
20.462 37.234
20.463 37.227
20.462 37.223
20.459 37.218
20.46 37.216
20.46 37.213
20.444 37.201
20.446 37.2
20.462 37.21
20.462 37.206
20.459 37.202
20.464 37.198
20.463 37.191
20.459 37.187
20.456 37.186
20.452 37.185
20.432 37.189
20.429 37.193
20.428 37.196
20.419 37.196
20.404 37.203
20.398 37.204
20.382 37.197
20.373 37.187
20.369 37.186
20.365 37.187
20.356 37.19
20.35 37.187
20.345 37.188
20.342 37.186
20.334 37.184
20.333 37.19
20.332 37.191
20.318 37.191
20.312 37.193
20.307 37.189
20.302 37.191
20.299 37.196
20.292 37.197
20.287 37.2
20.282 37.201
20.259 37.202
20.256 37.203
20.237 37.2
20.224 37.2
20.214 37.204
20.203 37.203
20.198 37.205
20.191 37.204
20.183 37.209
20.18 37.209
20.178 37.203
20.174 37.208
20.155 37.211
20.142 37.21
20.133 37.212
20.127 37.211
20.109 37.215
20.105 37.213
20.084 37.214
20.077 37.213
20.069 37.209
20.062 37.209
20.058 37.206
20.049 37.2
20.038 37.196
20.037 37.195
20.038 37.194
20.041 37.194
20.059 37.201
20.052 37.194
20.05 37.194
20.038 37.18
20.032 37.179
20.022 37.182
20.022 37.186
20.01 37.191
20.007 37.188
20.008 37.176
20 37.18
20.004 37.184
20.004 37.188
20.004 37.192
20 37.194
19.999 37.194
19.995 37.192
19.99 37.194
19.986 37.193
19.982 37.196
19.971 37.198
19.969 37.204
19.959 37.208
19.947 37.21
19.946 37.201
19.94 37.206
19.938 37.21
19.94 37.213
19.94 37.216
19.935 37.215
19.931 37.218
19.921 37.22
19.919 37.222
19.915 37.222
19.912 37.226
19.906 37.228
19.901 37.226
19.897 37.23
19.897 37.232
19.893 37.233
19.894 37.237
19.877 37.246
19.873 37.251
19.869 37.25
19.865 37.255
19.856 37.252
19.853 37.25
19.85 37.252
19.848 37.256
19.845 37.257
19.844 37.252
19.842 37.251
19.839 37.25
19.834 37.252
19.846 37.263
19.844 37.266
19.841 37.267
19.836 37.263
19.825 37.265
19.823 37.263
19.819 37.264
19.81 37.264
19.796 37.262
19.788 37.259
19.786 37.262
19.77 37.264
19.755 37.264
19.747 37.26
19.736 37.258
19.705 37.259
19.699 37.254
19.697 37.254
19.693 37.254
19.693 37.256
19.698 37.259
19.698 37.261
19.696 37.262
19.69 37.258
19.678 37.257
19.671 37.253
19.664 37.246
19.66 37.245
19.658 37.243
19.666 37.242
19.673 37.248
19.684 37.245
19.686 37.239
19.683 37.237
19.677 37.236
19.673 37.234
19.667 37.237
19.658 37.234
19.657 37.233
19.655 37.234
19.652 37.238
19.649 37.238
19.643 37.236
19.623 37.237
19.609 37.233
19.605 37.234
19.603 37.236
19.603 37.234
19.61 37.229
19.625 37.224
19.631 37.215
19.637 37.21
19.635 37.207
19.639 37.2
19.639 37.197
19.635 37.198
19.63 37.207
19.63 37.213
19.625 37.217
19.622 37.222
19.613 37.224
19.607 37.222
19.607 37.228
19.603 37.228
19.596 37.232
19.59 37.233
19.587 37.236
19.58 37.239
19.573 37.238
19.564 37.241
19.564 37.242
19.549 37.245
19.542 37.252
19.534 37.254
19.531 37.26
19.52 37.264
19.517 37.267
19.514 37.269
19.504 37.272
19.504 37.274
19.508 37.275
19.508 37.277
19.489 37.283
19.487 37.285
19.49 37.285
19.491 37.287
19.489 37.288
19.479 37.292
19.467 37.287
19.474 37.283
19.481 37.283
19.481 37.28
19.471 37.279
19.465 37.284
19.46 37.288
19.447 37.291
19.433 37.292
19.43 37.298
19.419 37.299
19.417 37.301
19.407 37.301
19.405 37.299
19.399 37.305
19.366 37.312
19.356 37.316
19.348 37.317
19.343 37.317
19.333 37.312
19.332 37.308
19.334 37.307
19.333 37.304
19.33 37.301
19.326 37.307
19.32 37.308
19.319 37.311
19.314 37.314
19.31 37.312
19.307 37.314
19.3 37.314
19.289 37.318
19.284 37.316
19.282 37.318
19.282 37.321
19.289 37.322
19.286 37.326
19.282 37.327
19.26 37.323
19.254 37.319
19.241 37.325
19.237 37.328
19.233 37.328
19.217 37.329
19.213 37.332
19.21 37.332
19.207 37.334
19.202 37.331
19.198 37.332
19.193 37.328
19.183 37.328
19.171 37.332
19.163 37.336
19.14 37.337
19.14 37.341
19.137 37.344
19.136 37.351
19.134 37.353
19.131 37.354
19.128 37.35
19.125 37.35
19.123 37.354
19.114 37.353
19.108 37.358
19.095 37.364
19.087 37.363
19.075 37.364
19.06 37.363
19.059 37.369
19.061 37.371
19.067 37.373
19.05 37.378
19.041 37.378
19.024 37.39
19.014 37.392
19.001 37.39
18.995 37.395
18.987 37.395
18.98 37.394
18.97 37.39
18.955 37.391
18.947 37.395
18.941 37.398
18.94 37.4
18.945 37.401
18.943 37.408
18.937 37.412
18.931 37.413
18.925 37.414
18.921 37.416
18.916 37.418
18.898 37.429
18.892 37.43
18.888 37.427
18.885 37.42
18.886 37.414
18.888 37.41
18.891 37.411
18.891 37.413
18.889 37.416
18.89 37.419
18.893 37.419
18.907 37.413
18.912 37.414
18.917 37.414
18.936 37.407
18.934 37.405
18.923 37.407
18.917 37.411
18.912 37.41
18.895 37.405
18.887 37.409
18.874 37.409
18.873 37.412
18.874 37.414
18.882 37.415
18.883 37.423
18.882 37.425
18.877 37.427
18.874 37.43
18.868 37.43
18.854 37.44
18.847 37.444
18.839 37.444
18.836 37.442
18.839 37.435
18.849 37.429
18.85 37.43
18.849 37.435
18.853 37.434
18.873 37.417
18.872 37.416
18.858 37.421
18.848 37.422
18.844 37.427
18.84 37.429
18.836 37.435
18.834 37.439
18.832 37.441
18.827 37.439
18.825 37.441
18.827 37.447
18.826 37.449
18.81 37.464
18.794 37.472
18.792 37.475
18.792 37.48
18.783 37.482
18.777 37.48
18.767 37.488
18.766 37.485
18.761 37.486
18.757 37.493
18.755 37.493
18.751 37.495
18.746 37.502
18.73 37.5
18.727 37.504
18.729 37.514
18.734 37.522
18.732 37.526
18.724 37.532
18.72 37.538
18.719 37.54
18.719 37.549
18.721 37.551
18.721 37.552
18.723 37.568
18.72 37.57
18.715 37.571
18.715 37.574
18.718 37.576
18.718 37.58
18.724 37.591
18.724 37.604
18.727 37.612
18.725 37.62
18.726 37.627
18.731 37.632
18.735 37.641
18.736 37.664
18.74 37.67
18.737 37.674
18.729 37.675
18.721 37.678
18.709 37.699
18.71 37.705
18.707 37.708
18.706 37.712
18.709 37.716
18.714 37.721
18.715 37.722
18.71 37.728
18.711 37.73
18.709 37.739
18.703 37.74
18.693 37.746
18.689 37.746
18.687 37.742
18.682 37.74
18.678 37.743
18.677 37.747
18.671 37.75
18.667 37.75
18.663 37.747
18.657 37.746
18.649 37.749
18.65 37.751
18.658 37.754
18.665 37.762
18.672 37.756
18.673 37.753
18.674 37.752
18.678 37.749
18.685 37.749
18.685 37.751
18.678 37.753
18.669 37.765
18.666 37.766
18.654 37.763
18.65 37.764
18.645 37.769
18.642 37.779
18.639 37.779
18.634 37.783
18.631 37.79
18.623 37.793
18.617 37.8
18.611 37.82
18.602 37.851
18.601 37.861
18.588 37.896
18.585 37.897
18.582 37.894
18.577 37.899
18.582 37.899
18.584 37.901
18.584 37.904
18.579 37.919
18.573 37.927
18.559 37.946
18.551 37.952
18.546 37.95
18.548 37.956
18.537 37.965
18.529 37.963
18.529 37.965
18.532 37.968
18.531 37.97
18.524 37.973
18.521 37.976
18.505 37.985
18.489 37.998
18.488 37.998
18.464 38.019
18.45 38.041
18.447 38.048
18.436 38.063
18.424 38.088
18.418 38.098
18.415 38.104
18.414 38.107
18.407 38.113
18.404 38.111
18.404 38.105
18.399 38.1
18.395 38.089
18.389 38.082
18.375 38.076
18.346 38.073
18.329 38.082
18.323 38.079
18.317 38.082
18.315 38.081
18.309 38.085
18.308 38.088
18.31 38.093
18.304 38.096
18.301 38.092
18.298 38.089
18.295 38.088
18.294 38.092
18.282 38.096
18.278 38.1
18.269 38.105
18.266 38.113
18.262 38.113
18.259 38.115
18.258 38.123
18.253 38.135
18.25 38.138
18.251 38.143
18.246 38.146
18.248 38.153
18.244 38.151
18.241 38.151
18.235 38.155
18.234 38.159
18.236 38.162
18.236 38.172
18.231 38.178
18.228 38.184
18.23 38.187
18.23 38.189
18.226 38.195
18.229 38.197
18.229 38.199
18.223 38.213
18.227 38.236
18.232 38.24
18.234 38.246
18.237 38.25
18.246 38.253
18.249 38.253
18.252 38.251
18.257 38.242
18.262 38.241
18.27 38.244
18.273 38.245
18.279 38.255
18.273 38.262
18.27 38.276
18.275 38.28
18.285 38.277
18.291 38.266
18.295 38.266
18.295 38.271
18.29 38.274
18.289 38.279
18.279 38.282
18.272 38.294
18.266 38.297
18.261 38.307
18.26 38.296
18.262 38.291
18.268 38.291
18.268 38.288
18.266 38.282
18.268 38.278
18.269 38.264
18.265 38.257
18.261 38.255
18.258 38.255
18.257 38.257
18.251 38.26
18.249 38.268
18.246 38.271
18.243 38.27
18.239 38.265
18.231 38.263
18.227 38.258
18.223 38.258
18.221 38.255
18.216 38.256
18.214 38.253
18.206 38.258
18.197 38.278
18.196 38.288
18.185 38.296
18.18 38.314
18.174 38.318
18.174 38.321
18.169 38.331
18.169 38.336
18.172 38.338
18.171 38.35
18.174 38.356
18.175 38.364
18.182 38.368
18.186 38.364
18.187 38.36
18.192 38.359
18.191 38.355
18.194 38.353
18.194 38.351
18.189 38.348
18.189 38.346
18.191 38.346
18.194 38.346
18.2 38.352
18.202 38.359
18.199 38.372
18.203 38.376
18.2 38.377
18.197 38.376
18.179 38.395
18.171 38.399
18.166 38.399
18.159 38.396
18.161 38.391
18.155 38.386
18.153 38.39
18.151 38.391
18.147 38.388
18.141 38.389
18.14 38.392
18.138 38.394
18.136 38.396
18.13 38.395
18.123 38.396
18.114 38.401
18.111 38.406
18.106 38.41
18.11 38.413
18.111 38.416
18.108 38.423
18.099 38.434
18.103 38.437
18.103 38.441
18.097 38.451
18.088 38.451
18.081 38.456
18.078 38.463
18.081 38.467
18.08 38.47
18.075 38.473
18.072 38.472
18.072 38.477
18.069 38.48
18.063 38.479
18.059 38.475
18.056 38.477
18.056 38.48
18.052 38.489
18.052 38.494
18.059 38.503
18.06 38.506
18.066 38.51
18.068 38.514
18.087 38.517
18.084 38.521
18.087 38.521
18.102 38.51
18.103 38.512
18.096 38.524
18.096 38.528
18.091 38.531
18.09 38.535
18.084 38.542
18.077 38.543
18.073 38.547
18.06 38.556
18.054 38.559
18.05 38.559
18.05 38.552
18.044 38.55
18.037 38.551
18.025 38.563
18.025 38.569
18.03 38.57
18.032 38.572
18.028 38.578
18.024 38.579
18.019 38.58
18.015 38.577
18.015 38.571
18.01 38.567
18.003 38.564
17.98 38.54
17.898 38.452
17.89 38.448
17.889 38.447
17.882 38.446
17.773 38.398
17.756 38.39
17.732 38.388
17.686 38.365
17.662 38.351
17.657 38.349
17.654 38.348
17.65 38.342
17.639 38.299
17.633 38.288
17.625 38.28
17.593 38.276
17.585 38.273
17.578 38.267
17.576 38.266
17.565 38.265
17.559 38.26
17.554 38.243
17.556 38.231
17.563 38.212
17.545 38.195
17.565 38.189
17.576 38.183
17.579 38.181
17.582 38.177
17.573 38.166
17.573 38.13
17.563 38.112
17.559 38.109
17.533 38.106
17.522 38.101
17.515 38.102
17.495 38.103
17.485 38.107
17.48 38.107
17.483 38.09
17.482 38.071
17.538 38.068
17.552 38.068
17.564 38.062
17.565 38.057
17.554 38.041
17.549 38.026
17.549 38.018
17.558 38.007
17.557 38.004
17.528 37.981
17.516 37.973
17.506 37.969
17.491 37.977
17.489 37.975
17.476 37.959
17.472 37.943
17.457 37.918
17.456 37.902
17.456 37.9
17.452 37.891
17.453 37.87
17.462 37.862
17.486 37.857
17.492 37.852
17.5 37.837
17.5 37.826
17.498 37.8
17.496 37.787
17.48 37.775
17.464 37.78
17.441 37.782
17.433 37.773
17.42 37.771
17.404 37.766
17.392 37.766
17.384 37.766
17.383 37.761
17.387 37.749
17.381 37.739
17.377 37.645
17.377 37.628
17.374 37.612
17.339 37.521
17.337 37.515
17.315 37.506
17.307 37.506
17.307 37.492
17.297 37.492
17.285 37.498
17.278 37.516
17.271 37.521
17.263 37.522
17.259 37.517
17.255 37.505
17.254 37.5
17.249 37.495
17.241 37.498
17.238 37.495
17.227 37.496
17.22 37.492
17.208 37.498
17.204 37.508
17.2 37.509
17.193 37.503
17.19 37.487
17.179 37.476
17.167 37.472
17.165 37.471
17.158 37.466
17.147 37.468
17.145 37.467
17.139 37.459
17.127 37.454
17.118 37.446
17.102 37.437
17.103 37.421
17.099 37.414
17.086 37.411
17.076 37.405
17.073 37.404
17.061 37.401
17.047 37.395
17.054 37.383
17.055 37.379
17.063 37.364
17.068 37.35
17.086 37.332
17.093 37.32
17.094 37.311
17.093 37.307
17.083 37.282
17.076 37.252
17.079 37.22
17.075 37.21
17.063 37.197
17.063 37.185
17.061 37.155
17.057 37.129
17.061 37.124
17.072 37.119
17.082 37.111
17.087 37.1
17.088 37.094
17.084 37.086
17.084 37.08
17.087 37.071
17.087 37.07
17.088 37.057
17.09 37.052
17.1 37.04
17.101 37.031
17.096 37.021
17.086 37.012
17.068 37.002
17.056 37.013
17.033 37.017
17.029 37.018
17.016 37.017
17.007 37.013
16.997 36.995
16.993 36.993
16.985 36.985
16.978 36.983
16.969 36.984
16.956 36.99
16.941 37.004
16.933 37.006
16.929 37.004
16.918 36.998
16.913 36.999
16.9 37.001
16.88 37.011
16.866 37.013
16.854 37.011
16.842 37.006
16.83 37.002
16.822 37.006
16.813 37.015
16.801 37.029
16.796 37.03
16.791 37.02
16.777 37.01
16.774 36.996
16.767 36.99
16.75 36.983
16.746 36.983
16.736 36.992
16.73 36.993
16.726 36.991
16.722 36.987
16.687 36.956
16.681 36.943
16.677 36.929
16.676 36.901
16.673 36.899
16.664 36.894
16.656 36.894
16.653 36.896
16.641 36.906
16.634 36.906
16.611 36.904
16.566 36.889
16.545 36.887
16.533 36.891
16.496 36.9
16.484 36.908
16.478 36.918
16.471 36.923
16.456 36.93
16.444 36.939
16.436 36.961
16.435 36.963
16.429 36.966
16.421 36.963
16.366 36.949
16.359 36.937
16.354 36.934
16.345 36.934
16.323 36.943
16.313 36.947
16.304 36.948
16.292 36.947
16.291 36.96
16.286 36.963
16.281 36.958
16.263 36.932
16.249 36.92
16.245 36.916
16.234 36.906
16.226 36.899
16.215 36.893
16.19 36.888
16.116 36.864
16 36.828
15.997 36.825
15.993 36.825
15.985 36.82
15.972 36.815
15.971 36.816
15.959 36.816
15.942 36.81
15.9 36.789
15.853 36.775
15.83 36.768
15.826 36.764
15.801 36.747
15.742 36.715
15.713 36.7
15.673 36.689
15.635 36.673
15.631 36.673
15.624 36.671
15.522 36.639
15.503 36.635
15.493 36.631
15.468 36.63
15.442 36.615
15.423 36.615
15.413 36.613
15.384 36.6
15.359 36.589
15.331 36.581
15.266 36.554
15.262 36.553
15.24 36.548
15.228 36.542
15.216 36.525
15.212 36.514
15.214 36.497
15.209 36.486
15.203 36.478
15.197 36.471
15.192 36.467
15.157 36.439
15.1 36.45
15.076 36.453
15 36.462
14.992 36.463
14.965 36.464
14.951 36.467
14.947 36.468
14.92 36.47
14.855 36.472
14.825 36.477
14.793 36.482
14.7 36.491
14.604 36.5
14.574 36.502
14.561 36.503
14.547 36.503
14.526 36.506
14.512 36.505
14.491 36.511
14.479 36.512
14.466 36.51
14.449 36.513
14.404 36.52
14.388 36.52
14.37 36.523
14.358 36.523
14.329 36.527
14.324 36.529
14.304 36.538
14.279 36.544
14.268 36.548
14.261 36.561
14.256 36.561
14.241 36.558
14.221 36.549
14.211 36.546
14.171 36.534
14.108 36.511
14.091 36.506
14.066 36.499
14.009 36.476
14 36.47
13.981 36.453
13.978 36.452
13.976 36.452
13.946 36.456
13.937 36.459
13.91 36.475
13.865 36.489
13.859 36.491
13.845 36.499
13.832 36.501
13.82 36.489
13.808 36.484
13.8 36.479
13.798 36.472
13.786 36.467
13.764 36.452
13.755 36.444
13.737 36.428
13.729 36.422
13.64 36.396
13.635 36.395
13.582 36.375
13.574 36.374
13.56 36.376
13.53 36.374
13.518 36.369
13.439 36.333
13.425 36.328
13.419 36.328
13.406 36.321
13.402 36.32
13.324 36.292
13.305 36.281
13.297 36.272
13.291 36.264
13.283 36.252
13.27 36.246
13.238 36.239
13.207 36.229
13.175 36.221
13.169 36.219
13.139 36.213
13.091 36.198
13.058 36.191
13.053 36.189
13.04 36.183
13.015 36.181
12.988 36.172
12.941 36.15
12.934 36.15
12.932 36.15
12.926 36.153
12.901 36.177
12.89 36.182
12.877 36.181
12.86 36.177
12.819 36.176
12.793 36.176
12.778 36.178
12.753 36.176
12.742 36.174
12.71 36.157
12.699 36.156
12.698 36.156
12.689 36.158
12.681 36.155
12.684 36.132
12.682 36.122
12.684 36.112
12.692 36.109
12.703 36.11
12.706 36.108
12.713 36.101
12.72 36.082
12.724 36.078
12.724 36.07
12.724 36.069
12.719 36.051
12.719 36.042
12.725 36.023
12.725 36.01
12.72 35.985
12.717 35.981
12.712 35.965
12.705 35.952
12.705 35.947
12.703 35.937
12.695 35.907
12.692 35.885
12.676 35.841
12.673 35.823
12.67 35.806
12.664 35.784
12.673 35.764
12.667 35.746
12.667 35.736
12.672 35.725
12.672 35.713
12.667 35.708
12.664 35.703
12.663 35.699
12.66 35.689
12.657 35.688
12.629 35.691
12.616 35.688
12.607 35.682
12.604 35.671
12.604 35.645
12.602 35.642
12.588 35.633
12.558 35.615
12.548 35.611
12.514 35.591
12.48 35.567
12.471 35.561
12.437 35.544
12.429 35.542
12.37 35.504
12.368 35.503
12.33 35.481
12.308 35.465
12.275 35.447
12.262 35.437
12.254 35.431
12.248 35.428
12.228 35.437
12.204 35.438
12.199 35.436
12.192 35.43
12.186 35.42
12.187 35.406
12.183 35.396
12.172 35.389
12.113 35.354
12.073 35.334
12.062 35.342
12.06 35.344
12.05 35.345
12.034 35.342
12.02 35.333
12.016 35.326
12.017 35.306
12.012 35.302
11.984 35.3
11.967 35.294
11.965 35.293
11.936 35.275
11.916 35.251
11.915 35.246
11.89 35.218
11.88 35.203
11.876 35.198
11.872 35.194
11.866 35.182
11.853 35.169
11.849 35.154
11.829 35.126
11.816 35.11
11.806 35.102
11.782 35.082
11.769 35.076
11.75 35.062
11.734 35.055
11.719 35.055
11.702 35.059
11.695 35.061
11.676 35.067
11.659 35.075
11.651 35.086
11.632 35.092
11.624 35.092
11.596 35.088
11.577 35.089
11.546 35.09
11.517 35.082
11.473 35.061
11.457 35.06
11.438 35.059
11.396 35.037
11.347 35
11.346 34.999
11.343 34.999
11.34 34.995
11.325 34.992
11.294 34.979
11.254 34.956
11.249 34.954
11.247 34.954
11.237 34.958
11.202 34.987
11.182 35
11.16 35.007
11.153 35.005
11.151 35.003
11.14 35.001
11.131 35
11.124 34.999
11.055 34.98
11.045 34.975
11.019 34.971
11.018 34.971
10.967 34.952
10.959 34.951
10.951 34.952
10.948 34.96
10.936 34.958
10.932 34.96
10.914 34.975
10.909 34.975
10.906 34.974
10.901 34.972
10.879 34.953
10.872 34.944
10.829 34.909
10.809 34.904
10.805 34.902
10.801 34.899
10.791 34.887
10.78 34.881
10.776 34.873
10.766 34.863
10.746 34.855
10.743 34.848
10.744 34.833
10.739 34.816
10.733 34.809
10.732 34.807
10.706 34.787
10.708 34.782
10.713 34.777
10.721 34.777
10.744 34.78
10.76 34.775
10.759 34.762
10.763 34.756
10.773 34.748
10.803 34.724
10.828 34.699
10.845 34.677
10.848 34.669
10.855 34.663
10.859 34.657
10.87 34.642
10.88 34.634
10.901 34.608
10.904 34.602
10.87 34.557
10.858 34.542
10.84 34.509
10.828 34.493
10.816 34.472
10.795 34.457
10.786 34.45
10.761 34.437
10.73 34.417
10.726 34.413
10.686 34.392
10.672 34.384
10.62 34.332
10.609 34.319
10.595 34.305
10.591 34.301
10.588 34.3
10.548 34.293
10.527 34.283
10.518 34.282
10.509 34.29
10.508 34.304
10.506 34.309
10.498 34.314
10.494 34.316
10.475 34.325
10.465 34.324
10.452 34.313
10.429 34.303
10.409 34.297
10.394 34.296
10.378 34.302
10.342 34.315
10.323 34.317
10.256 34.336
10.209 34.35
10.182 34.345
10.17 34.347
10.16 34.345
10.14 34.334
10.135 34.333
10.124 34.331
10.115 34.324
10.101 34.308
10.061 34.25
10.053 34.241
10.049 34.238
10.039 34.232
10 34.225
9.983 34.221
9.968 34.225
9.93 34.223
9.928 34.222
9.91 34.225
9.894 34.223
9.87 34.209
9.855 34.204
9.841 34.202
9.811 34.191
9.765 34.174
9.723 34.161
9.709 34.153
9.692 34.148
9.664 34.14
9.623 34.124
9.591 34.113
9.574 34.109
9.572 34.108
9.558 34.107
9.481 34.115
9.446 34.117
9.32 34.124
9.256 34.127
9.238 34.127
9.194 34.13
9.174 34.132
9.115 34.138
9.068 34.14
9.065 34.14
9.043 34.143
9.021 34.14
8.977 34.144
8.943 34.144
8.823 34.142
8.816 34.142
8.775 34.144
8.753 34.143
8.71 34.144
8.69 34.144
8.622 34.143
8.595 34.14
8.59 34.132
8.581 34.128
8.572 34.12
8.553 34.104
8.55 34.098
8.548 34.083
8.546 34.077
8.525 34.054
8.511 34.032
8.509 34.032
8.499 34.029
8.496 34.027
8.49 34.024
8.486 34.019
8.485 34.013
8.494 34.001
8.487 33.993
8.486 33.986
8.489 33.98
8.497 33.974
8.494 33.962
8.491 33.958
8.493 33.951
8.496 33.946
8.496 33.94
8.492 33.932
8.484 33.925
8.484 33.922
8.482 33.904
8.479 33.898
8.473 33.892
8.461 33.889
8.459 33.881
8.452 33.88
8.444 33.873
8.436 33.878
8.433 33.875
8.434 33.865
8.429 33.851
8.431 33.846
8.43 33.843
8.429 33.84
8.425 33.836
8.424 33.835
8.419 33.827
8.403 33.818
8.398 33.813
8.397 33.811
8.393 33.806
8.392 33.799
8.387 33.792
8.375 33.785
8.372 33.778
8.363 33.769
8.363 33.766
8.369 33.754
8.374 33.752
8.374 33.749
8.37 33.745
8.37 33.742
8.369 33.739
8.363 33.737
8.362 33.734
8.363 33.727
8.363 33.716
8.368 33.712
8.37 33.708
8.369 33.704
8.377 33.693
8.386 33.69
8.389 33.691
8.397 33.69
8.399 33.688
8.404 33.682
8.416 33.68
8.425 33.676
8.432 33.679
8.435 33.679
8.438 33.679
8.445 33.669
8.451 33.656
8.457 33.649
8.459 33.639
8.465 33.63
8.467 33.621
8.461 33.611
8.444 33.598
8.446 33.574
8.451 33.568
8.467 33.563
8.468 33.556
8.463 33.546
8.464 33.54
8.468 33.533
8.466 33.524
8.468 33.515
8.471 33.511
8.47 33.496
8.468 33.488
8.456 33.483
8.455 33.481
8.451 33.476
8.451 33.473
8.451 33.469
8.447 33.458
8.438 33.449
8.437 33.444
8.438 33.437
8.446 33.425
8.446 33.422
8.435 33.406
8.421 33.396
8.423 33.387
8.431 33.381
8.43 33.373
8.434 33.37
8.44 33.366
8.439 33.36
8.444 33.351
8.441 33.337
8.445 33.323
8.447 33.32
8.457 33.315
8.459 33.311
8.457 33.308
8.451 33.302
8.441 33.3
8.435 33.295
8.435 33.286
8.448 33.277
8.451 33.276
8.452 33.269
8.446 33.259
8.444 33.248
8.438 33.247
8.422 33.234
8.422 33.23
8.43 33.222
8.43 33.218
8.426 33.214
8.413 33.217
8.406 33.216
8.405 33.213
8.405 33.195
8.405 33.191
8.401 33.188
8.392 33.194
8.386 33.189
8.382 33.188
8.347 33.194
8.348 33.201
8.355 33.216
8.344 33.216
8.334 33.21
8.331 33.207
8.332 33.198
8.332 33.192
8.326 33.192
8.314 33.2
8.302 33.2
8.296 33.193
8.295 33.178
8.297 33.169
8.293 33.169
8.284 33.175
8.267 33.172
8.259 33.172
8.247 33.179
8.247 33.195
8.245 33.198
8.233 33.202
8.222 33.198
8.216 33.195
8.207 33.187
8.199 33.17
8.194 33.165
8.189 33.164
8.186 33.165
8.186 33.171
8.184 33.174
8.166 33.176
8.165 33.177
8.161 33.184
8.154 33.182
8.145 33.182
8.129 33.191
8.122 33.186
8.126 33.174
8.126 33.17
8.122 33.166
8.113 33.163
8.11 33.159
8.109 33.152
8.111 33.145
8.111 33.134
8.106 33.121
8.106 33.119
8.097 33.116
8.073 33.116
8.064 33.119
8.059 33.117
8.071 33.111
8.073 33.106
8.075 33.103
8.074 33.085
8.069 33.082
8.059 33.086
8.052 33.078
8.046 33.08
8.042 33.079
8.023 33.077
8.019 33.074
8.013 33.054
8.013 33.047
8.007 33.041
8 33.037
7.99 33.032
7.98 33.034
7.975 33.037
7.966 33.035
7.957 33.024
7.949 33.008
7.94 33
7.936 33
7.93 33.003
7.911 33.004
7.9 33.009
7.888 33.014
7.884 33.011
7.885 33.004
7.884 33.002
7.874 33.001
7.858 33.007
7.84 33.018
7.829 33.026
7.807 33.046
7.803 33.048
7.798 33.047
7.791 33.046
7.789 33.047
7.786 33.052
7.79 33.06
7.786 33.063
7.786 33.066
7.792 33.076
7.793 33.084
7.796 33.089
7.795 33.093
7.79 33.096
7.788 33.105
7.784 33.104
7.779 33.1
7.777 33.109
7.781 33.112
7.781 33.125
7.785 33.132
7.784 33.133
7.782 33.137
7.785 33.142
7.789 33.156
7.79 33.158
7.794 33.158
7.795 33.16
7.794 33.164
7.792 33.167
7.788 33.175
7.78 33.186
7.78 33.193
7.768 33.216
7.767 33.223
7.774 33.23
7.772 33.239
7.771 33.242
7.77 33.243
7.758 33.254
7.75 33.272
7.744 33.279
7.738 33.282
7.743 33.291
7.742 33.292
7.732 33.292
7.732 33.294
7.736 33.297
7.736 33.301
7.73 33.301
7.724 33.306
7.722 33.312
7.718 33.316
7.705 33.319
7.703 33.321
7.707 33.328
7.706 33.338
7.71 33.341
7.711 33.345
7.717 33.346
7.722 33.352
7.717 33.36
7.717 33.362
7.724 33.365
7.724 33.371
7.73 33.379
7.73 33.386
7.726 33.392
7.728 33.401
7.733 33.403
7.732 33.412
7.738 33.421
7.741 33.422
7.744 33.424
7.748 33.423
7.749 33.425
7.75 33.431
7.748 33.438
7.735 33.451
7.734 33.453
7.738 33.455
7.74 33.462
7.745 33.462
7.746 33.463
7.744 33.474
7.74 33.479
7.731 33.488
7.731 33.494
7.735 33.5
7.727 33.502
7.727 33.505
7.732 33.513
7.73 33.515
7.724 33.517
7.721 33.523
7.716 33.525
7.701 33.54
7.702 33.551
7.693 33.557
7.693 33.562
7.689 33.567
7.688 33.573
7.686 33.58
7.697 33.582
7.699 33.584
7.697 33.589
7.705 33.598
7.705 33.602
7.702 33.604
7.698 33.608
7.703 33.623
7.702 33.632
7.694 33.634
7.691 33.638
7.693 33.646
7.69 33.656
7.69 33.661
7.694 33.667
7.693 33.671
7.682 33.678
7.681 33.681
7.681 33.688
7.679 33.69
7.677 33.69
7.675 33.682
7.673 33.681
7.67 33.684
7.671 33.688
7.671 33.69
7.67 33.691
7.668 33.692
7.663 33.69
7.661 33.695
7.657 33.7
7.655 33.716
7.652 33.721
7.643 33.723
7.639 33.732
7.631 33.735
7.622 33.742
7.618 33.755
7.613 33.759
7.611 33.772
7.605 33.774
7.602 33.778
7.602 33.781
7.605 33.787
7.603 33.796
7.593 33.803
7.577 33.825
7.566 33.833
7.562 33.839
7.555 33.843
7.551 33.849
7.531 33.859
7.524 33.866
7.515 33.875
7.512 33.883
7.511 33.889
7.512 33.893
7.516 33.898
7.517 33.901
7.512 33.913
7.512 33.927
7.509 33.937
7.504 33.946
7.501 33.947
7.493 33.943
7.475 33.941
7.47 33.942
7.468 33.943
7.467 33.944
7.462 33.956
7.447 33.957
7.437 33.98
7.434 33.985
7.422 33.991
7.415 34
7.387 34.013
7.379 34.019
7.361 34.032
7.354 34.032
7.32 34.029
7.291 34.034
7.28 34.034
7.271 34.032
7.264 34.025
7.269 34.01
7.266 34.009
7.256 34.012
7.253 34.015
7.234 34.033
7.231 34.037
7.221 34.042
7.22 34.051
7.214 34.067
7.197 34.09
7.184 34.098
7.173 34.1
7.171 34.102
7.17 34.103
7.167 34.115
7.162 34.128
7.149 34.143
7.146 34.15
7.144 34.164
7.143 34.168
7.137 34.173
7.132 34.183
7.12 34.192
7.115 34.19
7.106 34.19
7.103 34.19
7.102 34.19
7.098 34.194
7.092 34.195
7.08 34.188
7.077 34.188
7.07 34.191
7.064 34.19
7.062 34.194
7.06 34.195
7.044 34.192
7.039 34.193
7.039 34.209
7.037 34.211
7.028 34.221
7.024 34.222
7.017 34.221
7.01 34.231
7.009 34.232
7.002 34.236
7.006 34.246
7.01 34.254
7.002 34.271
6.998 34.272
6.995 34.267
6.992 34.267
6.985 34.271
6.978 34.283
6.972 34.289
6.961 34.305
6.959 34.311
6.959 34.322
6.959 34.343
6.946 34.389
6.939 34.407
6.938 34.421
6.936 34.428
6.927 34.442
6.926 34.444
6.928 34.452
6.925 34.462
6.911 34.476
6.905 34.48
6.894 34.484
6.883 34.486
6.879 34.492
6.876 34.5
6.88 34.504
6.881 34.506
6.879 34.508
6.867 34.507
6.86 34.51
6.857 34.512
6.858 34.519
6.858 34.521
6.855 34.523
6.841 34.526
6.828 34.531
6.818 34.539
6.814 34.539
6.811 34.534
6.81 34.534
6.806 34.535
6.801 34.534
6.796 34.54
6.792 34.533
6.787 34.531
6.776 34.532
6.773 34.535
6.752 34.529
6.751 34.529
6.746 34.53
6.743 34.535
6.744 34.541
6.737 34.546
6.732 34.553
6.731 34.567
6.724 34.587
6.726 34.597
6.726 34.606
6.722 34.614
6.721 34.616
6.724 34.619
6.728 34.623
6.738 34.626
6.738 34.631
6.737 34.633
6.736 34.638
6.726 34.65
6.702 34.673
6.686 34.706
6.682 34.709
6.675 34.707
6.671 34.708
6.653 34.714
6.651 34.714
6.64 34.727
6.637 34.738
6.594 34.769
6.594 34.771
6.599 34.775
6.599 34.777
6.592 34.78
6.589 34.783
6.588 34.788
6.588 34.791
6.598 34.801
6.601 34.81
6.602 34.814
6.6 34.832
6.604 34.846
6.605 34.859
6.598 34.883
6.594 34.887
6.59 34.887
6.583 34.885
6.577 34.889
6.575 34.893
6.574 34.906
6.574 34.907
6.573 34.908
6.567 34.908
6.553 34.924
6.552 34.938
6.538 34.943
6.534 34.945
6.529 34.95
6.52 34.953
6.518 34.955
6.502 34.957
6.503 34.968
6.501 34.972
6.49 34.98
6.481 34.986
6.474 35
6.473 35.003
6.462 35.013
6.447 35.02
6.434 35.02
6.427 35.014
6.407 35.01
6.402 35.008
6.398 35.005
6.395 35
6.392 34.994
6.39 34.992
6.384 34.989
6.359 34.993
6.353 34.996
6.346 34.997
6.334 34.991
6.322 34.989
6.315 34.986
6.299 34.987
6.291 34.982
6.285 34.974
6.284 34.964
6.284 34.959
6.282 34.955
6.269 34.953
6.242 34.952
6.235 34.96
6.223 34.962
6.202 34.972
6.189 34.974
6.181 34.974
6.172 34.971
6.165 34.969
6.14 34.964
6.119 34.965
6.108 34.968
6.091 34.969
6.088 34.973
6.089 34.979
6.089 34.983
6.081 34.99
6.078 34.997
6.074 35
6.069 35.001
6.068 35
6.065 35
6.044 34.994
6.038 34.995
6.025 35
6 35.009
5.986 35.006
5.974 35
5.966 34.996
5.955 34.993
5.948 34.993
5.941 34.995
5.931 35
5.92 35.005
5.915 35.006
5.897 35.001
5.836 35.039
5.729 35.107
5.691 35.13
5.644 35.126
5.63 35.126
5.624 35.127
5.614 35.137
5.569 35.205
5.55 35.231
5.543 35.242
5.519 35.279
5.516 35.281
5.501 35.306
5.498 35.31
5.494 35.311
5.481 35.309
5.473 35.317
5.468 35.318
5.463 35.319
5.456 35.317
5.452 35.316
5.446 35.315
5.42 35.298
5.372 35.294
5.365 35.295
5.349 35.302
5.341 35.308
5.338 35.313
5.334 35.319
5.33 35.334
5.331 35.339
5.337 35.353
5.349 35.365
5.355 35.374
5.357 35.4
5.361 35.409
5.37 35.421
5.372 35.425
5.387 35.456
5.399 35.466
5.403 35.468
5.407 35.472
5.41 35.492
5.415 35.501
5.417 35.518
5.414 35.523
5.413 35.527
5.418 35.532
5.418 35.536
5.417 35.546
5.411 35.553
5.407 35.564
5.408 35.568
5.414 35.575
5.415 35.582
5.413 35.588
5.41 35.592
5.4 35.598
5.397 35.603
5.399 35.611
5.399 35.617
5.398 35.62
5.384 35.62
5.38 35.622
5.378 35.628
5.381 35.638
5.39 35.656
5.39 35.658
5.389 35.658
5.384 35.661
5.383 35.678
5.387 35.683
5.384 35.691
5.388 35.704
5.39 35.719
5.375 35.726
5.376 35.729
5.373 35.732
5.372 35.735
5.374 35.738
5.373 35.744
5.37 35.749
5.371 35.754
5.368 35.756
5.359 35.757
5.358 35.757
5.353 35.762
5.348 35.772
5.347 35.774
5.352 35.774
5.353 35.778
5.344 35.793
5.34 35.809
5.336 35.82
5.331 35.828
5.33 35.839
5.329 35.841
5.323 35.844
5.319 35.854
5.315 35.861
5.313 35.862
5.303 35.864
5.288 35.861
5.284 35.851
5.277 35.845
5.259 35.832
5.251 35.829
5.234 35.829
5.215 35.838
5.205 35.846
5.195 35.855
5.194 35.856
5.188 35.859
5.176 35.864
5.166 35.863
5.154 35.859
5.136 35.845
5.126 35.84
5.117 35.828
5.104 35.817
5.085 35.815
5.084 35.815
5.026 35.816
5 35.816
4.959 35.816
4.936 35.816
4.913 35.814
4.89 35.816
4.833 35.816
4.825 35.816
4.777 35.817
4.724 35.864
4.629 35.948
4.629 35.89
4.627 35.861
4.627 35.842
4.626 35.734
4.625 35.716
4.625 35.713
4.623 35.704
4.623 35.698
4.625 35.694
4.625 35.69
4.624 35.591
4.623 35.535
4.621 35.523
4.623 35.507
4.622 35.465
4.622 35.444
4.62 35.437
4.622 35.426
4.622 35.417
4.62 35.403
4.621 35.392
4.621 35.339
4.619 35.213
4.617 35.087
4.616 35
4.616 34.979
4.615 34.966
4.613 34.961
4.613 34.96
4.615 34.934
4.615 34.835
4.615 34.784
4.614 34.709
4.613 34.583
4.613 34.571
4.611 34.561
4.613 34.546
4.612 34.457
4.611 34.378
4.576 34.346
4.558 34.329
4.536 34.305
4.494 34.268
4.489 34.265
4.484 34.261
4.398 34.178
4.393 34.173
4.303 34.085
4.259 34.042
4.214 33.994
4.2 33.981
4.177 33.952
4.161 33.935
4.156 33.931
4.147 33.925
4.138 33.911
4.071 33.838
4 33.76
3.993 33.754
3.986 33.749
3.984 33.747
3.975 33.736
3.959 33.721
3.953 33.712
3.945 33.707
3.896 33.657
3.89 33.65
3.874 33.636
3.855 33.615
3.843 33.607
3.831 33.591
3.817 33.581
3.813 33.573
3.808 33.568
3.774 33.535
3.764 33.527
3.749 33.509
3.752 33.467
3.759 33.388
3.758 33.372
3.76 33.367
3.761 33.354
3.764 33.342
3.764 33.339
3.763 33.31
3.766 33.291
3.77 33.231
3.773 33.216
3.772 33.205
3.774 33.177
3.788 33.156
3.824 33.106
3.874 33.037
3.886 33.024
3.888 33.02
3.887 33.017
3.879 33.004
3.82 32.906
3.815 32.895
3.81 32.883
3.783 32.778
3.782 32.773
3.778 32.763
3.775 32.757
3.769 32.727
3.764 32.711
3.762 32.702
3.761 32.666
3.76 32.65
3.758 32.632
3.759 32.623
3.758 32.595
3.754 32.525
3.752 32.505
3.753 32.476
3.751 32.466
3.748 32.407
3.744 32.4
3.68 32.291
3.625 32.198
3.619 32.191
3.617 32.191
3.613 32.196
3.61 32.2
3.598 32.204
3.59 32.205
3.58 32.204
3.559 32.209
3.529 32.203
3.528 32.2
3.518 32.2
3.515 32.198
3.517 32.187
3.522 32.152
3.523 32.133
3.524 32.127
3.526 32.125
3.529 32.113
3.528 32.102
3.534 32.085
3.545 32.084
3.555 32.079
3.562 32.079
3.567 32.077
3.573 32.071
3.589 32.048
3.592 32.033
3.588 32.022
3.588 32.016
3.585 32.008
3.588 31.998
3.59 31.971
3.588 31.959
3.588 31.957
3.59 31.955
3.602 31.95
3.675 31.939
3.693 31.933
3.701 31.929
3.708 31.923
3.755 31.887
3.761 31.881
3.764 31.876
3.782 31.861
3.803 31.84
3.804 31.838
3.823 31.83
3.826 31.826
3.828 31.818
3.828 31.801
3.827 31.797
3.824 31.793
3.82 31.791
3.816 31.79
3.81 31.795
3.804 31.795
3.796 31.788
3.787 31.773
3.776 31.765
3.757 31.745
3.75 31.728
3.744 31.721
3.733 31.719
3.726 31.714
3.714 31.701
3.713 31.696
3.711 31.684
3.712 31.679
3.71 31.664
3.702 31.639
3.7 31.628
3.693 31.615
3.686 31.594
3.685 31.592
3.683 31.583
3.678 31.572
3.666 31.558
3.654 31.539
3.683 31.482
3.687 31.475
3.709 31.436
3.72 31.419
3.723 31.412
3.746 31.373
3.783 31.308
3.793 31.283
3.793 31.258
3.793 31.174
3.793 31.171
3.789 31.166
3.788 31.16
3.774 31.138
3.761 31.118
3.75 31.107
3.739 31.099
3.738 31.097
3.74 31.093
3.743 31.073
3.742 31.067
3.739 31.063
3.735 31.061
3.725 31.059
3.711 31.048
3.71 31.045
3.7 31.026
3.695 31.01
3.697 30.999
3.703 30.987
3.702 30.98
3.679 30.962
3.667 30.949
3.662 30.946
3.635 30.941
3.626 30.937
3.623 30.933
3.619 30.929
3.614 30.927
3.6 30.919
3.599 30.914
3.595 30.91
3.581 30.906
3.558 30.89
3.545 30.885
3.541 30.875
3.486 30.854
3.497 30.847
3.508 30.846
3.524 30.85
3.547 30.86
3.554 30.862
3.563 30.862
3.566 30.86
3.569 30.857
3.58 30.814
3.583 30.807
3.59 30.799
3.603 30.791
3.621 30.786
3.647 30.786
3.648 30.786
3.657 30.784
3.669 30.778
3.675 30.771
3.672 30.761
3.666 30.755
3.638 30.746
3.63 30.741
3.624 30.735
3.622 30.728
3.621 30.719
3.624 30.709
3.628 30.697
3.634 30.687
3.637 30.674
3.636 30.667
3.622 30.644
3.613 30.632
3.607 30.623
3.596 30.596
3.594 30.592
3.592 30.573
3.594 30.563
3.596 30.559
3.599 30.557
3.606 30.556
3.624 30.567
3.641 30.575
3.657 30.577
3.667 30.582
3.677 30.584
3.68 30.585
3.772 30.57
3.8 30.56
3.821 30.553
3.852 30.555
3.859 30.554
3.868 30.547
3.871 30.533
3.869 30.52
3.865 30.509
3.858 30.495
3.857 30.493
3.856 30.485
3.859 30.473
3.862 30.467
3.874 30.455
3.881 30.45
3.884 30.445
3.886 30.435
3.879 30.423
3.878 30.419
3.882 30.411
3.897 30.399
3.903 30.392
3.909 30.387
3.912 30.372
3.915 30.353
3.918 30.347
3.929 30.334
3.931 30.327
3.932 30.315
3.93 30.303
3.931 30.299
3.95 30.285
3.951 30.284
3.954 30.28
3.956 30.274
3.956 30.264
3.945 30.245
3.937 30.223
3.949 30.209
3.955 30.205
3.964 30.202
3.972 30.201
3.988 30.204
3.991 30.204
3.999 30.205
4.007 30.201
4.035 30.178
4.043 30.174
4.045 30.171
4.046 30.167
4.055 30.159
4.071 30.157
4.08 30.159
4.093 30.158
4.095 30.156
4.097 30.156
4.104 30.148
4.113 30.126
4.112 30.104
4.113 30.079
4.118 30.073
4.137 30.054
4.144 30.05
4.146 30.049
4.154 30.046
4.172 30.045
4.181 30.042
4.189 30.038
4.216 30
4.227 29.987
4.231 29.975
4.232 29.957
4.235 29.948
4.242 29.944
4.253 29.95
4.26 29.952
4.273 29.961
4.277 29.964
4.29 29.961
4.306 29.95
4.315 29.942
4.344 29.902
4.346 29.893
4.344 29.886
4.339 29.877
4.339 29.86
4.34 29.86
4.337 29.85
4.337 29.84
4.343 29.831
4.354 29.823
4.358 29.816
4.362 29.807
4.368 29.798
4.382 29.795
4.389 29.796
4.395 29.799
4.407 29.795
4.414 29.796
4.424 29.799
4.437 29.796
4.446 29.799
4.457 29.799
4.465 29.8
4.469 29.803
4.483 29.806
4.491 29.806
4.504 29.794
4.509 29.793
4.518 29.797
4.526 29.808
4.537 29.821
4.549 29.825
4.552 29.824
4.559 29.82
4.562 29.814
4.563 29.807
4.562 29.791
4.563 29.784
4.575 29.776
4.583 29.768
4.583 29.763
4.573 29.75
4.571 29.745
4.571 29.739
4.574 29.733
4.589 29.725
4.601 29.716
4.609 29.713
4.616 29.708
4.621 29.7
4.621 29.693
4.625 29.68
4.632 29.673
4.635 29.66
4.647 29.648
4.649 29.64
4.649 29.633
4.653 29.623
4.661 29.615
4.661 29.611
4.651 29.602
4.648 29.595
4.649 29.59
4.656 29.584
4.662 29.574
4.663 29.569
4.659 29.559
4.66 29.556
4.666 29.553
4.666 29.549
4.653 29.531
4.655 29.525
4.667 29.521
4.689 29.499
4.687 29.494
4.671 29.484
4.667 29.478
4.668 29.466
4.666 29.464
4.663 29.462
4.656 29.464
4.636 29.467
4.624 29.465
4.616 29.466
4.602 29.472
4.592 29.472
4.588 29.469
4.584 29.464
4.583 29.464
4.58 29.458
4.575 29.452
4.568 29.445
4.559 29.439
4.556 29.439
4.542 29.441
4.524 29.438
4.512 29.429
4.51 29.428
4.483 29.409
4.476 29.399
4.471 29.387
4.468 29.367
4.462 29.358
4.447 29.35
4.44 29.348
4.411 29.342
4.401 29.338
4.385 29.321
4.381 29.315
4.378 29.306
4.379 29.296
4.384 29.291
4.387 29.286
4.386 29.278
4.393 29.263
4.388 29.253
4.386 29.246
4.379 29.246
4.366 29.253
4.359 29.248
4.351 29.248
4.345 29.245
4.343 29.237
4.336 29.216
4.337 29.211
4.338 29.205
4.344 29.198
4.359 29.19
4.364 29.183
4.369 29.173
4.379 29.167
4.386 29.16
4.389 29.152
4.401 29.145
4.406 29.133
4.409 29.132
4.421 29.135
4.424 29.134
4.428 29.123
4.43 29.11
4.427 29.095
4.428 29.092
4.429 29.077
4.433 29.076
4.446 29.082
4.453 29.08
4.455 29.075
4.453 29.066
4.454 29.056
4.456 29.048
4.463 29.04
4.477 29.039
4.482 29.034
4.489 29.019
4.493 29.009
4.482 28.995
4.478 28.989
4.478 28.981
4.475 28.975
4.476 28.965
4.479 28.947
4.474 28.932
4.473 28.925
4.475 28.92
4.477 28.912
4.471 28.903
4.474 28.895
4.483 28.883
4.488 28.869
4.487 28.866
4.477 28.857
4.473 28.845
4.473 28.833
4.474 28.83
4.478 28.822
4.49 28.806
4.497 28.803
4.509 28.809
4.515 28.809
4.532 28.805
4.539 28.798
4.545 28.795
4.557 28.788
4.558 28.787
4.558 28.778
4.551 28.768
4.548 28.767
4.543 28.76
4.539 28.758
4.537 28.752
4.537 28.727
4.536 28.721
4.532 28.713
4.528 28.71
4.524 28.711
4.523 28.717
4.52 28.717
4.51 28.71
4.507 28.694
4.504 28.689
4.5 28.688
4.483 28.697
4.477 28.693
4.471 28.688
4.468 28.687
4.442 28.67
4.42 28.662
4.417 28.653
4.415 28.644
4.415 28.637
4.411 28.626
4.412 28.622
4.416 28.618
4.413 28.606
4.414 28.602
4.411 28.596
4.404 28.592
4.387 28.589
4.376 28.582
4.374 28.577
4.374 28.569
4.379 28.551
4.377 28.543
4.373 28.529
4.371 28.517
4.369 28.51
4.367 28.509
4.36 28.509
4.357 28.501
4.351 28.495
4.339 28.495
4.338 28.492
4.333 28.486
4.329 28.485
4.317 28.487
4.311 28.484
4.308 28.473
4.303 28.468
4.285 28.458
4.284 28.454
4.283 28.438
4.281 28.434
4.279 28.428
4.272 28.412
4.272 28.406
4.277 28.399
4.28 28.392
4.279 28.385
4.275 28.379
4.276 28.375
4.283 28.367
4.288 28.367
4.295 28.37
4.3 28.371
4.324 28.366
4.329 28.363
4.336 28.354
4.35 28.351
4.345 28.335
4.35 28.328
4.353 28.318
4.353 28.294
4.35 28.286
4.349 28.278
4.354 28.269
4.353 28.266
4.344 28.257
4.342 28.253
4.344 28.243
4.344 28.232
4.346 28.218
4.345 28.213
4.348 28.201
4.36 28.191
4.375 28.175
4.38 28.168
4.385 28.152
4.389 28.137
4.394 28.132
4.4 28.131
4.405 28.133
4.413 28.14
4.421 28.143
4.426 28.143
4.43 28.14
4.436 28.132
4.431 28.122
4.433 28.118
4.44 28.112
4.441 28.108
4.433 28.101
4.431 28.086
4.428 28.084
4.418 28.084
4.412 28.08
4.411 28.075
4.414 28.072
4.43 28.068
4.433 28.067
4.446 28.059
4.454 28.041
4.469 28.035
4.478 28.032
4.523 28.034
4.542 28.043
4.548 28.042
4.55 28.035
4.546 28.027
4.545 28.02
4.55 28.012
4.552 28.002
4.551 28.002
4.552 27.989
4.555 27.975
4.55 27.973
4.55 27.969
4.556 27.965
4.566 27.947
4.568 27.939
4.564 27.936
4.549 27.933
4.544 27.93
4.544 27.927
4.548 27.919
4.548 27.905
4.547 27.886
4.548 27.868
4.55 27.863
4.558 27.855
4.573 27.844
4.575 27.833
4.585 27.832
4.587 27.817
4.591 27.814
4.6 27.811
4.601 27.806
4.593 27.793
4.597 27.784
4.601 27.781
4.609 27.782
4.617 27.787
4.629 27.786
4.647 27.779
4.653 27.776
4.661 27.775
4.669 27.778
4.684 27.773
4.693 27.773
4.697 27.779
4.699 27.786
4.705 27.788
4.724 27.787
4.736 27.787
4.742 27.783
4.748 27.782
4.759 27.776
4.771 27.774
4.785 27.766
4.791 27.759
4.791 27.756
4.791 27.743
4.786 27.728
4.786 27.714
4.797 27.704
4.802 27.702
4.812 27.709
4.831 27.701
4.853 27.694
4.861 27.69
4.868 27.684
4.887 27.663
4.891 27.657
4.893 27.645
4.893 27.601
4.892 27.594
4.885 27.58
4.889 27.574
4.895 27.568
4.911 27.558
4.915 27.55
4.919 27.539
4.926 27.533
4.942 27.526
4.959 27.525
4.959 27.526
4.971 27.521
4.975 27.519
4.977 27.515
4.981 27.501
4.985 27.497
4.995 27.491
5 27.485
5.001 27.484
5.008 27.47
5.016 27.463
5.018 27.462
5.028 27.457
5.036 27.455
5.065 27.457
5.072 27.455
5.082 27.448
5.089 27.433
5.119 27.406
5.143 27.402
5.153 27.397
5.177 27.36
5.188 27.357
5.193 27.35
5.196 27.337
5.199 27.324
5.208 27.316
5.228 27.301
5.242 27.298
5.251 27.298
5.264 27.293
5.271 27.282
5.278 27.275
5.308 27.261
5.327 27.249
5.347 27.246
5.357 27.257
5.361 27.257
5.374 27.248
5.381 27.24
5.41 27.234
5.427 27.233
5.449 27.238
5.46 27.243
5.479 27.252
5.496 27.256
5.507 27.259
5.521 27.269
5.53 27.277
5.538 27.279
5.55 27.277
5.566 27.272
5.572 27.275
5.581 27.284
5.587 27.283
5.597 27.269
5.6 27.26
5.6 27.255
5.592 27.246
5.586 27.242
5.589 27.238
5.604 27.236
5.611 27.23
5.619 27.235
5.627 27.238
5.637 27.238
5.643 27.237
5.655 27.228
5.664 27.217
5.67 27.213
5.682 27.218
5.688 27.218
5.702 27.208
5.713 27.198
5.727 27.188
5.733 27.175
5.741 27.159
5.744 27.151
5.749 27.145
5.753 27.144
5.754 27.146
5.756 27.157
5.762 27.164
5.767 27.16
5.772 27.153
5.773 27.147
5.772 27.145
5.771 27.138
5.771 27.134
5.778 27.13
5.775 27.12
5.779 27.119
5.793 27.119
5.787 27.108
5.8 27.106
5.801 27.104
5.8 27.091
5.797 27.08
5.786 27.072
5.794 27.062
5.794 27.057
5.79 27.051
5.795 27.047
5.808 27.048
5.81 27.045
5.811 27.032
5.813 27.028
5.821 27.023
5.83 27.025
5.838 27.026
5.848 27.016
5.857 27.003
5.858 26.997
5.857 26.985
5.847 26.963
5.848 26.959
5.858 26.948
5.865 26.934
5.87 26.929
5.876 26.927
5.882 26.927
5.89 26.922
5.894 26.916
5.895 26.905
5.892 26.891
5.89 26.889
5.882 26.873
5.887 26.861
5.889 26.851
5.893 26.842
5.899 26.835
5.904 26.833
5.939 26.833
5.962 26.828
5.981 26.819
5.987 26.811
5.988 26.806
5.983 26.802
5.984 26.799
5.994 26.793
5.997 26.783
5.999 26.769
6.008 26.759
6.013 26.752
6.014 26.743
6.011 26.736
6.007 26.731
6.006 26.72
6.017 26.704
6.02 26.695
6.019 26.684
6.007 26.667
6.004 26.662
6.005 26.655
6.011 26.647
6.016 26.635
6.017 26.62
6.028 26.61
6.03 26.605
6.03 26.597
6.027 26.589
6.027 26.58
6.028 26.575
6.033 26.56
6.046 26.554
6.057 26.552
6.06 26.544
6.064 26.539
6.071 26.537
6.082 26.538
6.089 26.533
6.101 26.532
6.105 26.524
6.113 26.521
6.116 26.519
6.115 26.517
6.109 26.497
6.103 26.487
6.081 26.466
6.078 26.46
6.079 26.456
6.086 26.451
6.103 26.451
6.124 26.459
6.13 26.466
6.138 26.483
6.144 26.491
6.149 26.5
6.158 26.51
6.169 26.518
6.177 26.524
6.195 26.534
6.206 26.536
6.215 26.535
6.22 26.533
6.225 26.527
6.226 26.518
6.225 26.509
6.22 26.502
6.216 26.496
6.214 26.489
6.22 26.481
6.228 26.475
6.237 26.472
6.245 26.473
6.274 26.476
6.277 26.476
6.284 26.466
6.286 26.456
6.289 26.447
6.295 26.444
6.299 26.437
6.301 26.428
6.306 26.397
6.312 26.385
6.34 26.362
6.356 26.344
6.357 26.344
6.362 26.334
6.377 26.314
6.388 26.298
6.393 26.294
6.402 26.294
6.409 26.298
6.42 26.311
6.423 26.314
6.43 26.316
6.438 26.302
6.441 26.301
6.452 26.307
6.46 26.308
6.465 26.304
6.461 26.295
6.46 26.29
6.462 26.287
6.478 26.291
6.486 26.293
6.494 26.297
6.494 26.323
6.498 26.327
6.504 26.327
6.512 26.321
6.52 26.327
6.533 26.331
6.54 26.336
6.543 26.34
6.546 26.346
6.55 26.35
6.556 26.349
6.575 26.353
6.579 26.358
6.579 26.362
6.577 26.372
6.577 26.377
6.579 26.382
6.588 26.38
6.595 26.382
6.601 26.387
6.612 26.404
6.624 26.41
6.637 26.415
6.644 26.414
6.652 26.407
6.653 26.401
6.656 26.391
6.663 26.382
6.677 26.373
6.689 26.358
6.691 26.349
6.69 26.335
6.691 26.331
6.699 26.322
6.703 26.314
6.703 26.284
6.704 26.272
6.709 26.263
6.719 26.259
6.729 26.259
6.734 26.258
6.74 26.24
6.742 26.224
6.741 26.216
6.747 26.207
6.755 26.21
6.763 26.208
6.768 26.203
6.786 26.177
6.79 26.174
6.801 26.18
6.808 26.176
6.813 26.168
6.812 26.157
6.813 26.146
6.815 26.115
6.824 26.105
6.839 26.094
6.854 26.086
6.866 26.085
6.892 26.09
6.904 26.089
6.908 26.085
6.902 26.077
6.9 26.072
6.901 26.068
6.91 26.061
6.924 26.063
6.923 26.057
6.922 26.048
6.925 26.041
6.927 26.04
6.932 26.041
6.939 26.05
6.945 26.055
6.959 26.047
6.965 26.045
6.969 26.045
6.985 26.054
6.994 26.054
7.001 26.049
7.007 26.031
7.009 26.008
7.007 25.989
7.007 25.986
7.012 25.98
7.019 25.979
7.028 25.984
7.033 25.983
7.037 25.978
7.039 25.959
7.042 25.929
7.047 25.924
7.054 25.924
7.059 25.923
7.062 25.9
7.066 25.894
7.072 25.895
7.08 25.905
7.083 25.907
7.089 25.901
7.09 25.893
7.097 25.889
7.097 25.875
7.105 25.867
7.107 25.863
7.108 25.835
7.11 25.831
7.111 25.817
7.115 25.812
7.117 25.812
7.128 25.823
7.142 25.825
7.145 25.824
7.149 25.818
7.153 25.805
7.155 25.773
7.158 25.763
7.159 25.751
7.162 25.75
7.172 25.751
7.174 25.751
7.178 25.742
7.178 25.737
7.177 25.729
7.17 25.72
7.174 25.714
7.19 25.706
7.193 25.701
7.197 25.69
7.192 25.683
7.192 25.673
7.194 25.665
7.2 25.655
7.212 25.648
7.212 25.645
7.211 25.632
7.212 25.628
7.219 25.617
7.216 25.604
7.219 25.598
7.223 25.595
7.228 25.597
7.236 25.596
7.241 25.588
7.239 25.584
7.228 25.579
7.233 25.569
7.236 25.567
7.25 25.571
7.256 25.565
7.259 25.558
7.256 25.553
7.252 25.549
7.253 25.548
7.257 25.544
7.269 25.538
7.274 25.535
7.277 25.526
7.274 25.522
7.279 25.51
7.271 25.51
7.268 25.507
7.267 25.499
7.269 25.497
7.274 25.496
7.276 25.493
7.269 25.483
7.269 25.477
7.279 25.474
7.28 25.469
7.287 25.465
7.288 25.463
7.283 25.453
7.288 25.451
7.302 25.455
7.306 25.452
7.307 25.447
7.303 25.438
7.307 25.434
7.312 25.432
7.318 25.425
7.333 25.404
7.331 25.4
7.325 25.395
7.324 25.389
7.325 25.388
7.341 25.378
7.341 25.366
7.345 25.361
7.358 25.354
7.366 25.352
7.376 25.347
7.382 25.346
7.391 25.349
7.398 25.343
7.41 25.336
7.419 25.337
7.422 25.337
7.426 25.329
7.427 25.324
7.423 25.317
7.423 25.31
7.428 25.307
7.435 25.307
7.442 25.297
7.452 25.291
7.453 25.283
7.455 25.283
7.461 25.287
7.463 25.286
7.465 25.28
7.475 25.276
7.468 25.27
7.47 25.264
7.473 25.252
7.472 25.239
7.474 25.234
7.484 25.226
7.486 25.221
7.487 25.215
7.485 25.21
7.485 25.206
7.489 25.2
7.497 25.196
7.506 25.2
7.516 25.199
7.536 25.197
7.561 25.187
7.566 25.179
7.57 25.174
7.573 25.173
7.579 25.175
7.583 25.185
7.591 25.189
7.594 25.205
7.598 25.211
7.604 25.214
7.61 25.214
7.612 25.22
7.61 25.232
7.621 25.237
7.624 25.245
7.621 25.256
7.629 25.266
7.639 25.288
7.644 25.292
7.651 25.292
7.657 25.287
7.663 25.289
7.662 25.3
7.665 25.305
7.672 25.305
7.677 25.302
7.681 25.296
7.68 25.292
7.683 25.289
7.692 25.288
7.698 25.28
7.704 25.28
7.714 25.287
7.725 25.281
7.731 25.288
7.739 25.292
7.746 25.293
7.756 25.293
7.768 25.289
7.782 25.287
7.792 25.292
7.8 25.29
7.804 25.285
7.797 25.278
7.796 25.272
7.799 25.267
7.813 25.267
7.817 25.261
7.835 25.251
7.841 25.246
7.857 25.23
7.864 25.231
7.868 25.231
7.869 25.229
7.867 25.213
7.878 25.206
7.884 25.198
7.888 25.193
7.896 25.19
7.903 25.18
7.899 25.167
7.899 25.148
7.895 25.14
7.892 25.127
7.892 25.117
7.884 25.1
7.884 25.093
7.889 25.087
7.905 25.08
7.91 25.076
7.927 25.059
7.945 25.031
7.961 25.005
7.963 25
7.964 24.998
7.984 24.972
7.995 24.966
7.999 24.965
8 24.966
8.017 24.956
8.028 24.946
8.032 24.942
8.035 24.935
8.044 24.92
8.047 24.909
8.052 24.906
8.063 24.902
8.119 24.894
8.129 24.891
8.138 24.889
8.147 24.878
8.174 24.868
8.18 24.865
8.182 24.862
8.184 24.853
8.177 24.846
8.191 24.832
8.191 24.806
8.191 24.805
8.189 24.803
8.182 24.779
8.185 24.771
8.184 24.761
8.187 24.756
8.203 24.749
8.209 24.74
8.21 24.73
8.207 24.714
8.207 24.702
8.209 24.695
8.212 24.689
8.22 24.682
8.223 24.668
8.226 24.647
8.223 24.622
8.218 24.605
8.207 24.576
8.204 24.569
8.203 24.561
8.204 24.554
8.223 24.516
8.228 24.511
8.236 24.507
8.239 24.503
8.238 24.493
8.241 24.491
8.265 24.481
8.272 24.479
8.275 24.476
8.273 24.462
8.276 24.439
8.282 24.431
8.282 24.425
8.281 24.414
8.275 24.409
8.258 24.378
8.252 24.372
8.251 24.372
8.252 24.36
8.256 24.35
8.266 24.343
8.271 24.338
8.271 24.324
8.265 24.3
8.274 24.272
8.281 24.258
8.282 24.255
8.286 24.236
8.293 24.222
8.298 24.217
8.304 24.204
8.312 24.199
8.333 24.18
8.345 24.176
8.356 24.164
8.358 24.161
8.37 24.153
8.388 24.152
8.393 24.155
8.416 24.161
8.432 24.162
8.447 24.165
8.463 24.163
8.476 24.169
8.482 24.171
8.5 24.192
8.516 24.202
8.52 24.204
8.522 24.207
8.525 24.207
8.556 24.233
8.571 24.248
8.579 24.256
8.586 24.268
8.589 24.27
8.593 24.268
8.597 24.263
8.607 24.252
8.61 24.244
8.619 24.236
8.632 24.232
8.637 24.233
8.648 24.238
8.666 24.25
8.673 24.255
8.684 24.26
8.703 24.261
8.712 24.253
8.713 24.245
8.711 24.234
8.705 24.225
8.701 24.223
8.694 24.216
8.688 24.206
8.69 24.2
8.695 24.195
8.698 24.19
8.706 24.175
8.708 24.165
8.695 24.14
8.692 24.132
8.699 24.102
8.703 24.07
8.703 24.068
8.703 24.061
8.71 24.038
8.71 24.019
8.708 24.007
8.708 23.994
8.719 23.975
8.725 23.968
8.728 23.95
8.73 23.941
8.723 23.908
8.723 23.901
8.719 23.89
8.716 23.873
8.735 23.83
8.735 23.828
8.737 23.818
8.734 23.813
8.732 23.794
8.734 23.791
8.733 23.783
8.716 23.739
8.717 23.733
8.723 23.714
8.723 23.707
8.725 23.677
8.742 23.638
8.745 23.63
8.744 23.608
8.741 23.584
8.741 23.578
8.734 23.57
8.716 23.558
8.718 23.545
8.727 23.52
8.759 23.52
8.769 23.509
8.771 23.508
8.772 23.508
8.794 23.512
8.806 23.508
8.815 23.509
8.826 23.514
8.832 23.523
8.837 23.537
8.847 23.546
8.871 23.565
8.872 23.565
8.876 23.566
8.879 23.57
8.883 23.57
8.903 23.581
8.919 23.586
8.934 23.589
8.951 23.588
8.961 23.586
8.982 23.588
8.991 23.587
8.997 23.586
9.007 23.577
9.008 23.57
8.978 23.545
8.964 23.531
8.963 23.513
8.962 23.504
8.962 23.5
8.968 23.492
8.974 23.483
8.978 23.48
8.981 23.466
8.984 23.463
8.999 23.465
9.005 23.463
9.01 23.451
9.017 23.448
9.026 23.451
9.04 23.462
9.046 23.465
9.062 23.463
9.066 23.463
9.076 23.465
9.094 23.475
9.103 23.475
9.117 23.472
9.142 23.476
9.15 23.49
9.173 23.492
9.173 23.496
9.173 23.505
9.18 23.51
9.18 23.514
9.174 23.528
9.174 23.54
9.178 23.546
9.198 23.572
9.221 23.595
9.224 23.6
9.231 23.611
9.237 23.614
9.246 23.613
9.259 23.62
9.272 23.632
9.273 23.64
9.27 23.647
9.273 23.651
9.286 23.655
9.294 23.654
9.314 23.643
9.324 23.64
9.343 23.639
9.38 23.646
9.384 23.651
9.394 23.651
9.407 23.664
9.422 23.672
9.429 23.674
9.439 23.677
9.455 23.673
9.457 23.668
9.457 23.661
9.452 23.652
9.446 23.644
9.469 23.634
9.474 23.634
9.502 23.641
9.509 23.641
9.516 23.641
9.527 23.647
9.536 23.656
9.54 23.653
9.542 23.629
9.558 23.633
9.572 23.65
9.586 23.654
9.596 23.661
9.6 23.664
9.618 23.668
9.642 23.685
9.668 23.698
9.678 23.698
9.712 23.693
9.838 23.676
9.892 23.668
9.952 23.629
10 23.599
10.019 23.587
10.06 23.562
10.159 23.501
10.167 23.495
10.178 23.487
10.183 23.486
10.274 23.429
10.275 23.429
10.28 23.427
10.334 23.391
10.342 23.387
10.345 23.384
10.382 23.361
10.4 23.35
10.406 23.345
10.414 23.342
10.435 23.327
10.444 23.323
10.475 23.302
10.482 23.288
10.49 23.271
10.495 23.264
10.515 23.248
10.527 23.241
10.536 23.228
10.541 23.217
10.546 23.209
10.565 23.196
10.571 23.191
10.573 23.186
10.597 23.16
10.634 23.137
10.64 23.13
10.652 23.108
10.663 23.087
10.671 23.078
10.678 23.073
10.679 23.069
10.69 23.055
10.716 23.007
10.721 23.002
10.725 22.998
10.734 22.994
10.747 22.991
10.778 22.976
10.781 22.973
10.827 22.936
10.846 22.922
10.863 22.921
10.87 22.914
10.872 22.909
10.882 22.899
10.888 22.891
10.895 22.885
10.917 22.877
10.931 22.881
10.947 22.888
10.955 22.889
10.993 22.904
11.006 22.907
11.01 22.91
11.032 22.918
11.088 22.938
11.091 22.945
11.137 22.963
11.142 22.966
11.146 22.967
11.181 22.978
11.188 22.982
11.2 22.986
11.268 22.984
11.269 22.984
11.296 22.982
11.306 22.965
11.31 22.964
11.312 22.953
11.323 22.951
11.378 22.948
11.417 22.945
11.418 22.939
11.415 22.899
11.415 22.871
11.413 22.858
11.403 22.789
11.438 22.788
11.451 22.778
11.456 22.773
11.475 22.754
11.479 22.742
11.493 22.713
11.494 22.709
11.515 22.662
11.516 22.662
11.536 22.642
11.54 22.636
11.576 22.603
11.581 22.6
11.589 22.594
11.591 22.591
11.608 22.576
11.621 22.566
11.687 22.554
11.694 22.555
11.696 22.556
11.729 22.562
11.787 22.577
11.852 22.592
11.878 22.598
11.975 22.622
12.027 22.635
12.048 22.639
12.056 22.638
12.058 22.635
12.051 22.611
12.054 22.596
12.056 22.586
12.052 22.577
12.051 22.564
12.054 22.558
12.053 22.551
12.045 22.531
12.039 22.524
12.037 22.518
12.032 22.513
12.02 22.492
12.019 22.478
12.019 22.471
12.026 22.457
12.03 22.471
12.059 22.482
12.07 22.483
12.08 22.489
12.092 22.487
12.112 22.491
12.116 22.491
12.148 22.492
12.182 22.486
12.192 22.483
12.203 22.477
12.22 22.476
12.229 22.466
12.272 22.444
12.289 22.443
12.31 22.434
12.318 22.432
12.33 22.429
12.339 22.426
12.348 22.426
12.356 22.42
12.361 22.419
12.379 22.424
12.388 22.422
12.402 22.409
12.42 22.394
12.423 22.388
12.424 22.378
12.426 22.375
12.429 22.374
12.434 22.372
12.442 22.372
12.445 22.375
12.478 22.395
12.492 22.407
12.495 22.413
12.509 22.42
12.554 22.437
12.565 22.441
12.62 22.459
12.624 22.458
12.631 22.451
12.638 22.417
12.641 22.409
12.648 22.39
12.661 22.359
12.694 22.292
12.697 22.287
12.7 22.286
12.703 22.277
12.719 22.254
12.75 22.198
12.733 22.197
12.707 22.195
12.693 22.184
12.679 22.165
12.666 22.136
12.658 22.108
12.637 22.033
12.639 21.982
12.639 21.96
12.636 21.941
12.639 21.934
12.665 21.915
12.686 21.888
12.698 21.886
12.701 21.885
12.709 21.88
12.72 21.866
12.734 21.858
12.755 21.86
12.772 21.853
12.786 21.843
12.798 21.839
12.808 21.84
12.809 21.84
12.837 21.848
12.85 21.85
12.872 21.851
12.882 21.853
12.89 21.86
12.924 21.879
12.927 21.879
12.966 21.891
12.982 21.899
13.002 21.911
13.009 21.926
13.018 21.931
13.03 21.931
13.036 21.933
13.042 21.927
13.047 21.926
13.05 21.933
13.055 21.939
13.068 21.947
13.07 21.956
13.073 21.965
13.091 21.982
13.099 21.994
13.103 22.003
13.109 22.007
13.131 22.01
13.136 22.014
13.139 22.02
13.138 22.046
13.138 22.051
13.143 22.064
13.143 22.072
13.146 22.075
13.157 22.079
13.16 22.083
13.161 22.088
13.159 22.093
13.16 22.109
13.164 22.128
13.168 22.135
13.172 22.138
13.193 22.146
13.196 22.154
13.21 22.168
13.215 22.172
13.245 22.184
13.252 22.195
13.271 22.21
13.275 22.221
13.285 22.227
13.293 22.23
13.299 22.236
13.303 22.244
13.305 22.244
13.317 22.254
13.328 22.261
13.342 22.275
13.35 22.284
13.374 22.283
13.382 22.283
13.387 22.279
13.391 22.279
13.404 22.264
13.407 22.26
13.408 22.248
13.417 22.241
13.423 22.239
13.436 22.238
13.443 22.234
13.445 22.232
13.447 22.224
13.452 22.221
13.469 22.218
13.471 22.216
13.487 22.221
13.488 22.222
13.508 22.217
13.538 22.222
13.549 22.222
13.561 22.215
13.566 22.214
13.582 22.196
13.588 22.181
13.592 22.179
13.596 22.17
13.599 22.167
13.603 22.168
13.617 22.161
13.616 22.157
13.616 22.152
13.622 22.146
13.629 22.143
13.653 22.135
13.664 22.123
13.668 22.12
13.685 22.116
13.689 22.118
13.693 22.119
13.7 22.125
13.716 22.129
13.722 22.124
13.728 22.125
13.733 22.124
13.742 22.114
13.743 22.11
13.753 22.1
13.766 22.091
13.776 22.092
13.822 22.122
13.824 22.126
13.835 22.132
13.844 22.139
13.856 22.149
13.916 22.21
13.938 22.225
13.947 22.232
13.964 22.263
13.975 22.292
14.005 22.32
14.01 22.327
14.011 22.328
14.017 22.352
14.018 22.358
14.023 22.367
14.05 22.393
14.05 22.426
14.051 22.431
14.057 22.44
14.066 22.453
14.11 22.504
14.119 22.536
14.128 22.543
14.176 22.576
14.184 22.579
14.209 22.553
14.23 22.558
14.231 22.555
14.244 22.517
14.244 22.509
14.242 22.501
14.235 22.49
14.232 22.479
14.267 22.446
14.276 22.438
14.284 22.432
14.292 22.428
14.303 22.429
14.312 22.435
14.32 22.446
14.324 22.46
14.329 22.462
14.357 22.455
14.359 22.45
14.364 22.445
14.365 22.444
14.419 22.441
14.426 22.443
14.431 22.443
14.472 22.45
14.483 22.448
14.487 22.442
14.497 22.429
14.501 22.418
14.505 22.41
14.508 22.401
14.504 22.387
14.507 22.384
14.553 22.397
14.562 22.403
14.566 22.402
14.566 22.403
14.596 22.411
14.597 22.415
14.596 22.426
14.597 22.431
14.605 22.443
14.605 22.447
14.597 22.452
14.607 22.456
14.616 22.467
14.624 22.482
14.625 22.489
14.626 22.492
14.63 22.503
14.635 22.523
14.635 22.532
14.65 22.616
14.65 22.617
14.686 22.717
14.691 22.721
14.706 22.718
14.738 22.711
14.761 22.701
14.815 22.684
14.826 22.68
14.849 22.671
14.859 22.675
14.875 22.685
14.891 22.704
14.896 22.72
14.897 22.726
14.895 22.741
14.897 22.744
14.899 22.752
14.903 22.757
14.91 22.76
14.917 22.759
14.919 22.759
14.936 22.753
14.937 22.75
14.945 22.75
14.95 22.75
14.955 22.751
14.965 22.753
14.972 22.757
14.985 22.767
14.994 22.777
15 22.784
15.006 22.792
15.029 22.814
15.044 22.835
15.045 22.838
15.055 22.852
15.058 22.856
15.071 22.862
15.083 22.871
15.089 22.88
15.094 22.893
15.095 22.899
15.095 22.907
15.093 22.916
15.093 22.921
15.108 22.94
15.111 22.939
15.125 22.94
15.158 22.931
15.166 22.932
15.172 22.936
15.181 22.947
15.191 22.965
15.192 22.969
15.196 22.975
15.201 22.979
15.208 22.982
15.221 22.987
15.228 22.992
15.231 22.997
15.237 23
15.256 22.99
15.259 22.987
15.263 22.987
15.286 22.991
15.296 22.999
15.309 23.004
15.322 22.999
15.33 22.993
15.341 22.991
15.371 22.99
15.374 22.991
15.391 22.996
15.398 22.997
15.416 22.99
15.416 22.989
15.424 22.98
15.427 22.978
15.438 22.964
15.447 22.95
15.464 22.933
15.465 22.93
15.477 22.925
15.489 22.922
15.494 22.923
15.514 22.928
15.525 22.924
15.54 22.926
15.551 22.931
15.572 22.947
15.579 22.954
15.581 22.962
15.581 22.969
15.58 22.975
15.58 22.986
15.581 22.989
15.584 22.997
15.589 23.005
15.609 23.023
15.609 23.025
15.612 23.026
15.618 23.036
15.627 23.043
15.653 23.054
15.657 23.058
15.659 23.064
15.663 23.077
15.668 23.085
15.691 23.106
15.705 23.115
15.71 23.122
15.712 23.154
15.705 23.17
15.705 23.171
15.704 23.198
15.709 23.215
15.707 23.219
15.701 23.227
15.701 23.241
15.693 23.274
15.691 23.296
15.686 23.333
15.686 23.353
15.69 23.378
15.693 23.416
15.696 23.425
15.702 23.444
15.728 23.492
15.737 23.515
15.745 23.545
15.754 23.578
15.758 23.662
15.756 23.674
15.749 23.713
15.745 23.725
15.744 23.741
15.745 23.777
15.742 23.791
15.743 23.802
15.743 23.806
15.732 23.856
15.717 23.903
15.712 23.928
15.71 23.942
15.706 23.961
15.704 23.964
15.703 23.989
15.705 24.002
15.759 24.002
15.794 24.003
15.885 24.002
16 24
16.1 24
16.2 24
16.3 24
16.4 24
16.5 24
16.6 24
16.7 24
16.8 24
16.9 24
17 24
17.1 24
17.2 24
17.3 24
17.4 24
17.5 24
17.6 24
17.7 24
17.8 24
17.9 24
18 24
18.1 24
18.2 24
18.3 24
18.4 24
18.5 24
18.6 24
18.7 24
18.8 24
18.9 24
19 24
19.1 24
19.2 24
19.3 24
19.4 24
19.5 24
19.508 24
19.6 24
19.7 24
19.8 24
19.9 24
20 24
20 24.082
20 24.165
20 24.248
20 24.332
20 24.415
20 24.498
20 24.581
20 24.665
20 24.748
20 24.831
20 24.915
20 24.998
20 25
20.032 25
20.083 25
20.197 25
20.223 25
20.333 25
20.45 25
20.583 25
20.612 25
20.645 25
20.702 25
20.833 25
20.88 25
20.894 25
20.897 25
20.916 25
20.954 25
21.017 25
21.083 25
21.166 25
21.185 25
21.206 25
21.222 25
21.333 25
21.459 25
21.583 25
21.711 25
21.833 25
21.916 25
21.964 25
21.999 25
22.004 25.139
22.005 25.275
22.005 25.41
22.006 25.545
22.006 25.681
22.006 25.816
22.006 25.952
22.006 26.054
22.006 26.087
22.006 26.222
22.006 26.358
22.006 26.376
22.007 26.476
22.006 26.493
22.006 26.496
22.007 26.534
22.007 26.628
22.006 26.764
22.005 26.899
22.005 26.947
22.006 27.035
22.006 27.17
22.007 27.305
22.007 27.441
22.008 27.576
22.008 27.634
22.006 27.675
22.007 27.712
22.008 27.764
22.007 27.798
22.007 27.847
22.007 27.982
22.007 28.02
22.006 28.061
22.006 28.107
22.007 28.118
22.008 28.125
22.007 28.253
22.007 28.388
22.007 28.524
22.007 28.659
22.007 28.676
22.008 28.767
22.008 28.795
22.007 28.93
22.006 29.065
22.006 29.201
22.005 29.248
22.006 29.312
22.004 29.317
22.004 29.336
22.005 29.471
22.005 29.607
22.006 29.666
22.005 29.742
22.005 29.866
22.005 29.877
21.999 30
22.005 30
22.005 30.013
22.006 30.148
22.006 30.283
22.006 30.419
22.007 30.554
22.007 30.64
22.007 30.69
22.008 30.825
22.008 30.826
22.007 30.836
22.008 30.96
22.009 30.978
22.007 31.036
22.007 31.096
22.008 31.231
22.008 31.26
22.006 31.319
22.048 31.335
22.079 31.346
22.096 31.348
22.115 31.357
22.154 31.388
22.159 31.394
22.164 31.4
22.181 31.41
22.195 31.428
22.207 31.449
22.223 31.469
22.225 31.474
22.219 31.484
22.207 31.491
22.197 31.497
22.192 31.509
22.186 31.512
22.181 31.513
22.169 31.507
22.156 31.495
22.146 31.489
22.135 31.475
22.125 31.465
22.109 31.455
22.081 31.436
22.063 31.426
22.028 31.413
22.013 31.411
22.008 31.412
22.008 31.429
22.008 31.564
22.008 31.699
22.007 31.835
22.007 31.873
22.006 31.884
22.007 31.943
22.006 31.97
22.003 32.023
22.005 32.087
22.004 32.105
22.004 32.107
22.004 32.241
22.004 32.376
22.004 32.511
22.004 32.542
22.005 32.647
22.005 32.782
22.006 32.918
22.006 33.053
22.006 33.167
21.93 33.274
21.853 33.382
21.777 33.489
21.727 33.559
21.725 33.564
21.73 33.606
21.744 33.74
21.759 33.875
21.772 34.005
21.776 34.006
21.895 34.049
22.004 34.087
22.124 34.13
22.207 34.161
22.214 34.201
22.237 34.335
22.244 34.37
22.245 34.376
22.248 34.397
22.26 34.468
22.264 34.489
22.266 34.496
22.268 34.514
22.273 34.544
22.275 34.547
22.277 34.569
22.282 34.601
22.298 34.692
22.335 34.709
22.451 34.762
22.566 34.816
22.682 34.87
22.798 34.924
22.858 34.951
22.852 34.978
22.846 35
22.842 35.015
22.806 35.146
22.787 35.212
22.83 35.261
22.917 35.36
23.003 35.459
23.09 35.558
23.147 35.623
23.141 35.63
23.125 35.632
23.12 35.635
23.118 35.639
23.115 35.641
23.11 35.64
23.103 35.643
23.092 35.652
23.071 35.658
23.065 35.66
23.037 35.661
23.016 35.663
23.011 35.662
23.008 35.661
22.999 35.665
22.994 35.664
22.981 35.671
22.967 35.675
22.966 35.673
22.967 35.67
22.975 35.666
22.972 35.662
22.969 35.66
22.961 35.665
22.956 35.666
22.948 35.67
22.944 35.668
22.941 35.669
22.945 35.673
22.946 35.677
22.949 35.68
22.956 35.676
22.957 35.678
22.956 35.681
22.956 35.683
22.959 35.682
22.961 35.684
22.96 35.687
22.956 35.688
22.951 35.692
22.95 35.691
22.95 35.686
22.945 35.69
22.94 35.69
22.937 35.693
22.923 35.701
22.918 35.71
22.914 35.712
22.91 35.709
22.904 35.709
22.891 35.716
22.885 35.723
22.884 35.729
22.876 35.731
22.874 35.736
22.87 35.74
22.845 35.76
22.845 35.763
22.85 35.763
22.861 35.759
22.866 35.753
22.873 35.75
22.876 35.753
22.874 35.757
22.878 35.76
22.888 35.752
22.89 35.753
22.894 35.754
22.898 35.752
22.902 35.748
22.904 35.741
22.907 35.738
22.908 35.735
22.906 35.732
22.907 35.726
22.911 35.719
22.917 35.717
22.921 35.717
22.924 35.719
22.923 35.727
22.924 35.735
22.909 35.759
22.897 35.768
22.885 35.767
22.88 35.767
22.879 35.771
22.89 35.775
22.874 35.782
22.866 35.782
22.853 35.786
22.846 35.784
22.844 35.782
22.845 35.775
22.84 35.773
22.829 35.778
22.822 35.787
22.824 35.791
22.828 35.793
22.831 35.793
22.833 35.789
22.83 35.786
22.837 35.784
22.843 35.787
22.845 35.789
22.844 35.793
22.816 35.805
22.814 35.805
22.812 35.802
22.81 35.803
22.8 35.814
22.786 35.823
22.781 35.828
22.762 35.844
22.752 35.856
22.738 35.88
22.715 35.93
22.714 35.934
22.715 35.94
22.716 35.943
22.712 35.945
22.708 35.949
22.704 35.946
22.699 35.944
22.691 35.947
22.686 35.945
22.682 35.946
22.683 35.952
22.691 35.961
22.696 35.965
22.696 35.969
22.694 35.976
22.691 35.977
22.689 35.975
22.687 35.97
22.685 35.97
22.683 35.984
22.685 35.989
22.683 35.996
22.684 36
22.682 36.011
22.68 36.028
22.674 36.035
22.678 36.037
22.68 36.054
22.673 36.064
22.671 36.081
22.663 36.092
22.662 36.098
22.664 36.125
22.662 36.131
22.663 36.137
22.666 36.141
22.657 36.15
22.657 36.164
22.66 36.172
22.656 36.184
22.649 36.183
22.639 36.193
22.635 36.2
22.633 36.212
22.628 36.221
22.628 36.226
22.624 36.232
22.619 36.232
22.611 36.24
22.609 36.245
22.609 36.254
22.6 36.253
22.591 36.258
22.585 36.269
22.578 36.275
22.563 36.282
22.555 36.285
22.55 36.284
22.548 36.287
22.522 36.291
22.509 36.294
22.506 36.295
22.497 36.304
22.494 36.303
22.491 36.307
22.487 36.31
22.483 36.321
22.477 36.325
22.472 36.332
22.46 36.347
22.44 36.381
22.44 36.382
22.439 36.387
22.432 36.4
22.435 36.41
22.431 36.416
22.423 36.424
22.419 36.424
22.413 36.419
22.405 36.419
22.393 36.421
22.386 36.425
22.375 36.427
22.373 36.432
22.366 36.436
22.361 36.434
22.354 36.444
22.349 36.449
22.348 36.457
22.34 36.469
22.338 36.481
22.327 36.493
22.33 36.495
22.313 36.532
22.306 36.545
22.307 36.549
22.298 36.557
22.293 36.57
22.292 36.572
22.285 36.576
22.277 36.593
22.272 36.593
22.265 36.603
22.262 36.611
22.26 36.611
22.255 36.617
22.251 36.616
22.24 36.631
22.24 36.634
22.242 36.64
22.24 36.642
22.229 36.64
22.225 36.643
22.219 36.648
22.218 36.651
22.208 36.664
22.204 36.665
22.204 36.667
22.201 36.675
22.199 36.675
22.198 36.671
22.193 36.678
22.196 36.685
22.195 36.691
22.186 36.698
22.182 36.696
22.18 36.701
22.173 36.704
22.171 36.708
22.164 36.718
22.163 36.718
22.156 36.734
22.156 36.741
22.158 36.742
22.161 36.751
22.171 36.759
22.174 36.767
22.16 36.775
22.156 36.782
22.154 36.787
22.147 36.794
22.143 36.796
22.134 36.793
22.126 36.797
22.118 36.811
22.106 36.824
22.1 36.827
22.087 36.838
22.08 36.856
22.08 36.864
22.073 36.867
22.072 36.868
22.063 36.881
22.064 36.891
22.048 36.892
22.041 36.889
22.022 36.889
22.014 36.886
22.005 36.879
21.997 36.873
21.988 36.871
21.977 36.863
21.975 36.857
21.97 36.861
21.966 36.86
21.966 36.864
21.964 36.867
21.959 36.87
21.951 36.872
21.945 36.879
21.939 36.878
21.933 36.88
21.927 36.879
21.924 36.873
21.915 36.869
21.911 36.871
21.908 36.87
21.907 36.861
21.903 36.867
21.902 36.872
21.898 36.873
21.887 36.874
21.882 36.872
21.878 36.874
21.873 36.875
21.868 36.871
21.86 36.869
21.851 36.872
21.85 36.876
21.837 36.878
21.834 36.877
21.831 36.874
21.831 36.868
21.833 36.858
21.841 36.854
21.837 36.849
21.834 36.848
21.831 36.852
21.828 36.865
21.82 36.856
21.817 36.857
21.828 36.87
21.829 36.876
21.828 36.882
21.826 36.882
21.816 36.882
21.803 36.878
21.792 36.872
21.789 36.865
21.79 36.861
21.789 36.855
21.787 36.855
21.787 36.86
21.782 36.861
21.782 36.862
21.788 36.866
21.79 36.871
21.788 36.875
21.771 36.881
21.765 36.88
21.763 36.869
21.76 36.865
21.759 36.862
21.757 36.861
21.755 36.863
21.759 36.872
21.76 36.879
21.744 36.888
21.73 36.894
21.72 36.895
21.718 36.892
21.718 36.882
21.716 36.878
21.714 36.878
21.715 36.883
21.714 36.885
21.716 36.892
21.716 36.896
21.714 36.897
21.707 36.897
21.698 36.895
21.684 36.895
21.685 36.887
21.689 36.883
21.695 36.881
21.696 36.879
21.694 36.876
21.689 36.877
21.683 36.88
21.674 36.88
21.674 36.882
21.682 36.887
21.681 36.893
21.674 36.896
21.668 36.902
21.659 36.9
21.646 36.902
21.642 36.897
21.643 36.889
21.64 36.886
21.633 36.895
21.635 36.898
21.638 36.899
21.641 36.905
21.631 36.911
21.623 36.913
21.612 36.907
21.609 36.908
21.606 36.913
21.598 36.915
21.593 36.913
21.592 36.914
21.587 36.928
21.584 36.929
21.582 36.927
21.579 36.93
21.575 36.927
21.569 36.932
21.566 36.932
21.562 36.937
21.557 36.934
21.552 36.94
21.546 36.944
21.545 36.948
21.539 36.949
21.535 36.953
21.525 36.958
21.52 36.959
21.517 36.956
21.513 36.957
21.512 36.962
21.504 36.966
21.503 36.964
21.502 36.957
21.5 36.955
21.495 36.955
21.49 36.952
21.492 36.949
21.496 36.948
21.494 36.944
21.488 36.943
21.484 36.945
21.482 36.948
21.483 36.956
21.481 36.962
21.493 36.962
21.499 36.965
21.496 36.97
21.48 36.982
21.445 36.996
21.438 37.002
21.432 37.006
21.428 37.012
21.426 37.013
21.42 37.01
21.414 37
21.408 36.989
21.408 36.98
21.405 36.979
21.402 36.975
21.396 36.973
21.396 36.982
21.401 36.993
21.409 37.001
21.412 37.004
21.416 37.008
21.417 37.011
