segment Tanzania
-5.127 39.636
-5.124 39.634
-5.119 39.636
-5.114 39.635
-5.11 39.631
-5.106 39.63
-5.101 39.632
-5.099 39.636
-5.108 39.638
-5.108 39.643
-5.11 39.645
-5.113 39.645
-5.12 39.639
-5.126 39.639
-5.127 39.636
segment Tanzania
-5.145 39.637
-5.138 39.641
-5.135 39.649
-5.138 39.65
-5.153 39.642
-5.153 39.64
-5.145 39.637
segment Tanzania
-5.14 39.116
-5.143 39.119
-5.147 39.117
-5.145 39.114
-5.14 39.116
segment Tanzania
-5.15 39.617
-5.148 39.615
-5.146 39.616
-5.144 39.628
-5.147 39.631
-5.149 39.629
-5.15 39.617
segment Tanzania
-5.172 39.153
-5.175 39.153
-5.179 39.15
-5.194 39.149
-5.197 39.147
-5.2 39.14
-5.205 39.134
-5.192 39.143
-5.178 39.145
-5.174 39.147
-5.172 39.153
segment Tanzania
-5.246 39.599
-5.245 39.598
-5.236 39.605
-5.236 39.611
-5.239 39.614
-5.242 39.612
-5.243 39.606
-5.246 39.602
-5.246 39.599
segment Tanzania
-5.365 39.588
-5.363 39.59
-5.363 39.595
-5.365 39.597
-5.368 39.595
-5.368 39.588
-5.367 39.587
-5.365 39.588
segment Tanzania
-5.38 39.623
-5.377 39.62
-5.376 39.614
-5.373 39.611
-5.368 39.615
-5.368 39.62
-5.375 39.634
-5.381 39.635
-5.384 39.632
-5.384 39.628
-5.38 39.623
segment Tanzania
-5.389 39.804
-5.399 39.799
-5.4 39.797
-5.398 39.795
-5.399 39.791
-5.408 39.789
-5.412 39.782
-5.407 39.781
-5.389 39.788
-5.377 39.799
-5.376 39.803
-5.377 39.804
-5.383 39.803
-5.389 39.804
segment Tanzania
-5.418 39.608
-5.426 39.607
-5.428 39.609
-5.426 39.613
-5.426 39.617
-5.42 39.618
-5.417 39.619
-5.418 39.621
-5.421 39.623
-5.426 39.622
-5.427 39.627
-5.429 39.627
-5.431 39.624
-5.435 39.623
-5.436 39.618
-5.439 39.617
-5.445 39.621
-5.447 39.627
-5.44 39.63
-5.44 39.633
-5.447 39.636
-5.448 39.639
-5.447 39.641
-5.443 39.64
-5.441 39.642
-5.446 39.646
-5.443 39.651
-5.444 39.655
-5.449 39.659
-5.454 39.661
-5.458 39.659
-5.461 39.656
-5.466 39.656
-5.467 39.653
-5.469 39.653
-5.47 39.652
-5.47 39.656
-5.469 39.658
-5.472 39.657
-5.48 39.658
-5.481 39.655
-5.47 39.64
-5.467 39.641
-5.461 39.639
-5.458 39.634
-5.458 39.628
-5.45 39.62
-5.449 39.615
-5.451 39.614
-5.456 39.616
-5.458 39.614
-5.458 39.612
-5.456 39.61
-5.452 39.609
-5.447 39.61
-5.442 39.608
-5.438 39.609
-5.432 39.607
-5.431 39.602
-5.426 39.599
-5.425 39.596
-5.417 39.592
-5.411 39.578
-5.408 39.578
-5.406 39.58
-5.405 39.586
-5.405 39.59
-5.409 39.594
-5.419 39.597
-5.418 39.601
-5.414 39.602
-5.407 39.603
-5.409 39.605
-5.418 39.608
segment Tanzania
-5.462 39.735
-5.46 39.733
-5.453 39.731
-5.449 39.728
-5.446 39.73
-5.445 39.735
-5.442 39.741
-5.439 39.742
-5.432 39.739
-5.429 39.74
-5.429 39.743
-5.439 39.753
-5.442 39.751
-5.444 39.743
-5.452 39.737
-5.457 39.738
-5.462 39.737
-5.462 39.735
segment Tanzania
-5.464 39.674
-5.453 39.664
-5.45 39.666
-5.453 39.672
-5.458 39.673
-5.462 39.676
-5.464 39.674
segment Tanzania
-5.941 39.21
-5.939 39.212
-5.922 39.21
-5.917 39.211
-5.916 39.212
-5.904 39.222
-5.894 39.223
-5.876 39.236
-5.872 39.242
-5.873 39.251
-5.87 39.255
-5.87 39.264
-5.864 39.274
-5.86 39.279
-5.836 39.285
-5.831 39.287
-5.825 39.291
-5.816 39.291
-5.784 39.298
-5.773 39.298
-5.767 39.294
-5.759 39.292
-5.728 39.294
-5.721 39.296
-5.719 39.3
-5.72 39.308
-5.722 39.314
-5.731 39.32
-5.738 39.329
-5.749 39.333
-5.755 39.339
-5.769 39.343
-5.777 39.352
-5.795 39.36
-5.804 39.361
-5.819 39.36
-5.826 39.361
-5.837 39.364
-5.845 39.36
-5.883 39.355
-5.89 39.356
-5.911 39.358
-5.937 39.365
-5.949 39.371
-5.973 39.375
-5.997 39.382
-6.004 39.385
-6.017 39.396
-6.038 39.407
-6.043 39.408
-6.049 39.407
-6.055 39.409
-6.061 39.415
-6.061 39.427
-6.066 39.43
-6.075 39.432
-6.098 39.426
-6.111 39.428
-6.128 39.427
-6.145 39.43
-6.152 39.434
-6.158 39.437
-6.165 39.438
-6.17 39.437
-6.177 39.433
-6.188 39.416
-6.197 39.41
-6.199 39.412
-6.199 39.415
-6.189 39.428
-6.189 39.438
-6.184 39.44
-6.184 39.442
-6.191 39.449
-6.198 39.451
-6.208 39.45
-6.21 39.451
-6.216 39.453
-6.211 39.457
-6.21 39.46
-6.208 39.461
-6.202 39.457
-6.199 39.458
-6.197 39.461
-6.195 39.463
-6.192 39.461
-6.187 39.465
-6.183 39.47
-6.178 39.474
-6.181 39.479
-6.188 39.476
-6.19 39.479
-6.197 39.48
-6.2 39.489
-6.191 39.491
-6.189 39.497
-6.19 39.5
-6.195 39.502
-6.201 39.502
-6.204 39.506
-6.203 39.509
-6.196 39.508
-6.193 39.511
-6.19 39.507
-6.187 39.507
-6.183 39.51
-6.181 39.509
-6.18 39.505
-6.178 39.504
-6.166 39.503
-6.156 39.499
-6.148 39.491
-6.144 39.49
-6.126 39.495
-6.129 39.506
-6.132 39.51
-6.146 39.516
-6.151 39.517
-6.176 39.529
-6.192 39.534
-6.209 39.535
-6.23 39.533
-6.247 39.536
-6.269 39.537
-6.291 39.539
-6.312 39.544
-6.323 39.55
-6.349 39.559
-6.38 39.577
-6.386 39.579
-6.387 39.579
-6.428 39.567
-6.45 39.554
-6.467 39.533
-6.474 39.522
-6.476 39.513
-6.475 39.505
-6.472 39.486
-6.468 39.482
-6.457 39.476
-6.443 39.462
-6.421 39.452
-6.413 39.453
-6.41 39.451
-6.408 39.445
-6.404 39.44
-6.398 39.437
-6.384 39.436
-6.379 39.435
-6.34 39.427
-6.328 39.415
-6.322 39.412
-6.317 39.413
-6.304 39.422
-6.297 39.429
-6.29 39.431
-6.288 39.431
-6.288 39.426
-6.298 39.423
-6.3 39.421
-6.301 39.42
-6.302 39.413
-6.305 39.409
-6.314 39.404
-6.315 39.399
-6.313 39.395
-6.308 39.389
-6.307 39.386
-6.309 39.385
-6.313 39.387
-6.334 39.407
-6.346 39.414
-6.361 39.416
-6.374 39.414
-6.377 39.413
-6.385 39.409
-6.388 39.406
-6.388 39.401
-6.383 39.398
-6.375 39.402
-6.371 39.401
-6.366 39.395
-6.367 39.389
-6.366 39.386
-6.362 39.384
-6.346 39.387
-6.343 39.386
-6.342 39.383
-6.338 39.382
-6.328 39.383
-6.321 39.382
-6.32 39.379
-6.328 39.376
-6.328 39.374
-6.319 39.372
-6.301 39.355
-6.3 39.352
-6.301 39.351
-6.305 39.354
-6.308 39.354
-6.312 39.351
-6.299 39.345
-6.271 39.337
-6.255 39.325
-6.252 39.318
-6.241 39.313
-6.239 39.312
-6.239 39.309
-6.242 39.302
-6.241 39.296
-6.245 39.294
-6.262 39.304
-6.268 39.305
-6.273 39.304
-6.264 39.299
-6.259 39.295
-6.257 39.29
-6.257 39.286
-6.26 39.281
-6.263 39.281
-6.269 39.285
-6.282 39.286
-6.298 39.296
-6.306 39.298
-6.314 39.299
-6.32 39.299
-6.323 39.294
-6.318 39.276
-6.306 39.264
-6.277 39.249
-6.271 39.244
-6.255 39.222
-6.254 39.219
-6.253 39.216
-6.251 39.214
-6.238 39.214
-6.227 39.204
-6.222 39.203
-6.215 39.206
-6.209 39.202
-6.206 39.202
-6.202 39.207
-6.198 39.208
-6.19 39.206
-6.186 39.203
-6.179 39.193
-6.173 39.188
-6.165 39.185
-6.161 39.186
-6.158 39.189
-6.156 39.193
-6.158 39.199
-6.156 39.202
-6.138 39.212
-6.131 39.212
-6.119 39.21
-6.113 39.215
-6.109 39.215
-6.101 39.213
-6.094 39.216
-6.088 39.216
-6.079 39.213
-6.061 39.205
-6.041 39.202
-6.038 39.202
-6.03 39.199
-6.025 39.194
-6.012 39.189
-6.005 39.188
-5.997 39.19
-5.989 39.187
-5.979 39.188
-5.968 39.187
-5.957 39.189
-5.949 39.186
-5.927 39.193
-5.921 39.191
-5.914 39.188
-5.91 39.188
-5.898 39.193
-5.895 39.196
-5.895 39.199
-5.904 39.204
-5.912 39.201
-5.916 39.201
-5.925 39.206
-5.938 39.208
-5.941 39.21
segment Tanzania
-5.857 39.22
-5.855 39.216
-5.848 39.214
-5.837 39.217
-5.803 39.221
-5.791 39.221
-5.769 39.225
-5.768 39.229
-5.776 39.231
-5.78 39.231
-5.795 39.231
-5.805 39.234
-5.806 39.246
-5.807 39.247
-5.818 39.241
-5.818 39.238
-5.813 39.237
-5.812 39.236
-5.815 39.234
-5.819 39.234
-5.828 39.237
-5.833 39.236
-5.837 39.239
-5.85 39.24
-5.855 39.239
-5.854 39.227
-5.857 39.22
segment Tanzania
-5.824 39.254
-5.824 39.251
-5.82 39.249
-5.816 39.251
-5.813 39.254
-5.813 39.257
-5.817 39.257
-5.824 39.254
segment Tanzania
-6.264 39.327
-6.267 39.325
-6.268 39.311
-6.263 39.307
-6.259 39.31
-6.263 39.32
-6.262 39.325
-6.264 39.327
segment Tanzania
-6.274 39.191
-6.28 39.193
-6.283 39.197
-6.287 39.199
-6.29 39.198
-6.289 39.195
-6.279 39.186
-6.275 39.185
-6.274 39.191
segment Tanzania
-6.383 39.296
-6.382 39.291
-6.375 39.287
-6.371 39.289
-6.374 39.295
-6.377 39.297
-6.383 39.297
-6.383 39.296
segment Tanzania
-6.408 39.415
-6.406 39.412
-6.399 39.41
-6.393 39.412
-6.392 39.414
-6.393 39.416
-6.398 39.417
-6.408 39.415
segment Tanzania
-6.433 39.34
-6.427 39.333
-6.423 39.331
-6.418 39.332
-6.419 39.336
-6.428 39.34
-6.433 39.34
segment Tanzania
-6.655 39.252
-6.654 39.248
-6.65 39.246
-6.646 39.246
-6.646 39.25
-6.647 39.252
-6.651 39.254
-6.655 39.254
-6.655 39.252
segment Tanzania
-6.703 39.271
-6.692 39.259
-6.688 39.26
-6.691 39.267
-6.694 39.269
-6.701 39.272
-6.703 39.271
segment Tanzania
-7.413 39.411
-7.415 39.412
-7.417 39.417
-7.424 39.419
-7.426 39.417
-7.424 39.409
-7.424 39.404
-7.417 39.4
-7.418 39.393
-7.417 39.378
-7.41 39.389
-7.402 39.399
-7.402 39.406
-7.408 39.413
-7.41 39.413
-7.413 39.411
segment Tanzania
-7.781 39.782
-7.786 39.772
-7.785 39.769
-7.783 39.769
-7.779 39.771
-7.771 39.787
-7.771 39.794
-7.764 39.8
-7.759 39.799
-7.755 39.801
-7.754 39.806
-7.751 39.818
-7.746 39.828
-7.746 39.832
-7.761 39.839
-7.763 39.844
-7.752 39.843
-7.753 39.848
-7.75 39.85
-7.745 39.849
-7.746 39.839
-7.743 39.838
-7.733 39.841
-7.724 39.848
-7.717 39.851
-7.709 39.859
-7.705 39.863
-7.698 39.866
-7.683 39.867
-7.679 39.871
-7.675 39.879
-7.669 39.884
-7.641 39.899
-7.64 39.903
-7.641 39.905
-7.65 39.909
-7.66 39.91
-7.678 39.908
-7.724 39.902
-7.748 39.897
-7.8 39.879
-7.806 39.878
-7.838 39.864
-7.842 39.86
-7.844 39.853
-7.85 39.846
-7.855 39.844
-7.858 39.845
-7.866 39.853
-7.873 39.853
-7.881 39.851
-7.904 39.835
-7.912 39.83
-7.914 39.824
-7.922 39.815
-7.916 39.808
-7.914 39.802
-7.906 39.796
-7.904 39.793
-7.906 39.778
-7.905 39.773
-7.905 39.77
-7.91 39.765
-7.917 39.761
-7.922 39.749
-7.925 39.747
-7.929 39.748
-7.932 39.746
-7.929 39.742
-7.929 39.74
-7.929 39.739
-7.943 39.73
-7.951 39.727
-7.962 39.744
-7.966 39.747
-7.97 39.747
-7.978 39.745
-7.982 39.737
-7.986 39.71
-7.994 39.695
-7.995 39.685
-7.993 39.669
-7.995 39.66
-7.996 39.653
-7.989 39.639
-7.987 39.63
-7.984 39.623
-7.975 39.613
-7.963 39.606
-7.951 39.589
-7.945 39.588
-7.943 39.589
-7.943 39.593
-7.948 39.603
-7.949 39.61
-7.942 39.614
-7.937 39.619
-7.93 39.622
-7.927 39.627
-7.927 39.63
-7.933 39.632
-7.931 39.635
-7.924 39.637
-7.922 39.646
-7.917 39.652
-7.902 39.666
-7.889 39.675
-7.88 39.684
-7.872 39.69
-7.866 39.697
-7.863 39.701
-7.852 39.711
-7.851 39.715
-7.853 39.717
-7.853 39.721
-7.849 39.724
-7.846 39.723
-7.846 39.716
-7.844 39.715
-7.839 39.717
-7.838 39.712
-7.845 39.705
-7.839 39.701
-7.835 39.701
-7.825 39.706
-7.821 39.704
-7.818 39.706
-7.814 39.711
-7.814 39.716
-7.816 39.724
-7.816 39.735
-7.815 39.753
-7.813 39.758
-7.808 39.766
-7.8 39.788
-7.792 39.796
-7.791 39.812
-7.787 39.816
-7.79 39.819
-7.79 39.823
-7.785 39.829
-7.781 39.828
-7.779 39.823
-7.783 39.82
-7.781 39.814
-7.78 39.812
-7.772 39.816
-7.768 39.815
-7.78 39.806
-7.784 39.802
-7.785 39.786
-7.78 39.783
-7.781 39.782
segment Tanzania
-7.786 39.295
-7.774 39.306
-7.773 39.309
-7.775 39.311
-7.777 39.312
-7.781 39.308
-7.8 39.302
-7.805 39.296
-7.804 39.294
-7.786 39.295
segment Tanzania
-7.807 39.274
-7.804 39.271
-7.802 39.276
-7.801 39.284
-7.803 39.283
-7.807 39.274
segment Tanzania
-7.814 39.286
-7.809 39.293
-7.813 39.294
-7.821 39.29
-7.822 39.286
-7.822 39.285
-7.814 39.286
segment Tanzania
-7.934 39.812
-7.929 39.813
-7.927 39.814
-7.929 39.816
-7.938 39.816
-7.939 39.813
-7.947 39.809
-7.946 39.807
-7.936 39.808
-7.933 39.81
-7.934 39.812
segment Tanzania
-7.943 39.506
-7.943 39.513
-7.941 39.517
-7.946 39.527
-7.948 39.533
-7.95 39.533
-7.95 39.529
-7.949 39.524
-7.945 39.517
-7.946 39.513
-7.944 39.505
-7.943 39.506
segment Tanzania
-8 39.76
-7.993 39.757
-7.983 39.763
-7.979 39.769
-7.978 39.772
-7.98 39.774
-7.985 39.772
-7.987 39.775
-7.985 39.787
-7.979 39.795
-7.969 39.8
-7.965 39.805
-7.966 39.808
-7.973 39.808
-7.983 39.806
-8 39.797
-8.006 39.794
-8.014 39.785
-8.027 39.779
-8.026 39.776
-8.026 39.77
-8.022 39.765
-8.026 39.766
-8.029 39.764
-8.03 39.762
-8.025 39.756
-8.021 39.755
-8.009 39.761
-8.005 39.758
-8 39.76
segment Tanzania
-7.989 39.754
-7.987 39.752
-7.981 39.756
-7.972 39.754
-7.971 39.757
-7.972 39.762
-7.975 39.763
-7.979 39.762
-7.989 39.754
segment Tanzania
-8.05 39.714
-8.053 39.723
-8.053 39.731
-8.05 39.741
-8.053 39.742
-8.058 39.74
-8.063 39.73
-8.07 39.722
-8.069 39.72
-8.065 39.716
-8.05 39.714
segment Tanzania
-8.279 39.598
-8.277 39.598
-8.274 39.604
-8.271 39.606
-8.27 39.609
-8.273 39.611
-8.276 39.61
-8.278 39.605
-8.279 39.598
segment Tanzania
-8.543 39.52
-8.525 39.502
-8.519 39.503
-8.509 39.498
-8.505 39.5
-8.504 39.505
-8.512 39.513
-8.529 39.524
-8.535 39.526
-8.54 39.525
-8.543 39.52
segment Tanzania
-8.647 39.449
-8.646 39.445
-8.643 39.446
-8.631 39.468
-8.633 39.469
-8.637 39.467
-8.647 39.449
segment Tanzania
-9.014 39.535
-9.014 39.519
-8.995 39.513
-8.976 39.498
-8.969 39.493
-8.966 39.49
-8.963 39.491
-8.96 39.494
-8.957 39.496
-8.956 39.499
-8.961 39.508
-8.96 39.514
-8.951 39.527
-8.953 39.532
-8.956 39.534
-8.969 39.531
-8.971 39.528
-8.975 39.527
-8.983 39.529
-8.988 39.533
-8.99 39.538
-8.993 39.539
-9 39.535
-9.014 39.535
segment Tanzania
-9.061 39.528
-9.059 39.524
-9.055 39.522
-9.046 39.524
-9.045 39.53
-9.049 39.534
-9.054 39.536
-9.061 39.532
-9.061 39.528
segment Tanzania
-9.094 39.581
-9.098 39.583
-9.1 39.582
-9.1 39.576
-9.098 39.573
-9.094 39.572
-9.093 39.58
-9.094 39.581
segment Tanzania
-10.265 40.346
-10.262 40.34
-10.255 40.335
-10.258 40.332
-10.257 40.329
-10.251 40.327
-10.25 40.323
-10.244 40.32
-10.24 40.321
-10.238 40.324
-10.239 40.329
-10.242 40.336
-10.255 40.347
-10.261 40.35
-10.264 40.348
-10.265 40.346
segment Tanzania
-10.287 40.375
-10.286 40.371
-10.283 40.369
-10.274 40.37
-10.278 40.377
-10.282 40.379
-10.286 40.378
-10.287 40.375
segment Tanzania
-10.376 40.428
-10.378 40.429
-10.38 40.428
-10.381 40.423
-10.38 40.422
-10.378 40.421
-10.377 40.423
-10.376 40.428
segment Tanzania
-4.678 39.222
-4.678 39.219
-4.676 39.215
-4.678 39.208
-4.676 39.206
-4.67 39.206
-4.669 39.2
-4.673 39.197
-4.684 39.192
-4.688 39.194
-4.683 39.206
-4.682 39.211
-4.684 39.214
-4.694 39.213
-4.703 39.214
-4.717 39.22
-4.734 39.218
-4.75 39.218
-4.764 39.215
-4.769 39.21
-4.769 39.205
-4.77 39.202
-4.764 39.197
-4.749 39.197
-4.744 39.194
-4.731 39.195
-4.724 39.191
-4.727 39.188
-4.737 39.188
-4.749 39.19
-4.756 39.189
-4.758 39.189
-4.763 39.181
-4.774 39.178
-4.777 39.176
-4.776 39.171
-4.778 39.168
-4.789 39.163
-4.796 39.161
-4.816 39.163
-4.818 39.166
-4.813 39.169
-4.801 39.165
-4.787 39.17
-4.785 39.173
-4.79 39.178
-4.789 39.183
-4.794 39.185
-4.793 39.193
-4.792 39.195
-4.797 39.197
-4.794 39.2
-4.792 39.205
-4.794 39.211
-4.79 39.216
-4.79 39.219
-4.796 39.222
-4.807 39.224
-4.816 39.222
-4.821 39.218
-4.823 39.217
-4.825 39.211
-4.829 39.209
-4.831 39.21
-4.837 39.219
-4.841 39.22
-4.854 39.213
-4.871 39.208
-4.873 39.207
-4.884 39.202
-4.903 39.191
-4.919 39.188
-4.923 39.186
-4.936 39.185
-4.938 39.182
-4.937 39.178
-4.924 39.171
-4.917 39.165
-4.91 39.165
-4.903 39.167
-4.89 39.169
-4.886 39.17
-4.877 39.177
-4.869 39.172
-4.852 39.181
-4.848 39.18
-4.847 39.177
-4.854 39.173
-4.848 39.17
-4.837 39.17
-4.833 39.168
-4.831 39.164
-4.835 39.163
-4.842 39.166
-4.859 39.167
-4.868 39.162
-4.872 39.151
-4.888 39.146
-4.892 39.147
-4.895 39.153
-4.898 39.154
-4.903 39.154
-4.905 39.152
-4.908 39.144
-4.911 39.141
-4.92 39.14
-4.923 39.136
-4.919 39.132
-4.916 39.123
-4.918 39.122
-4.92 39.122
-4.924 39.129
-4.93 39.132
-4.935 39.14
-4.942 39.143
-4.974 39.145
-4.976 39.145
-4.973 39.139
-4.981 39.135
-4.98 39.13
-4.976 39.125
-4.975 39.12
-4.977 39.116
-4.981 39.117
-4.982 39.121
-4.989 39.127
-4.992 39.13
-4.991 39.135
-4.992 39.139
-4.999 39.142
-5 39.141
-5.011 39.138
-5.021 39.138
-5.025 39.135
-5.024 39.13
-5.022 39.125
-5.023 39.119
-5.023 39.101
-5.025 39.097
-5.028 39.096
-5.033 39.097
-5.035 39.105
-5.038 39.106
-5.046 39.099
-5.056 39.096
-5.059 39.095
-5.066 39.109
-5.062 39.113
-5.059 39.122
-5.051 39.126
-5.051 39.129
-5.053 39.132
-5.064 39.132
-5.077 39.136
-5.091 39.138
-5.1 39.143
-5.106 39.144
-5.113 39.143
-5.117 39.141
-5.118 39.124
-5.122 39.119
-5.133 39.112
-5.143 39.111
-5.151 39.108
-5.157 39.106
-5.161 39.107
-5.163 39.112
-5.167 39.116
-5.17 39.114
-5.166 39.101
-5.169 39.1
-5.173 39.105
-5.176 39.105
-5.181 39.099
-5.188 39.095
-5.195 39.092
-5.197 39.089
-5.197 39.086
-5.194 39.082
-5.194 39.08
-5.2 39.084
-5.204 39.077
-5.209 39.073
-5.212 39.072
-5.222 39.068
-5.225 39.064
-5.224 39.054
-5.229 39.052
-5.233 39.054
-5.237 39.058
-5.236 39.061
-5.232 39.059
-5.23 39.062
-5.229 39.068
-5.222 39.073
-5.222 39.075
-5.227 39.077
-5.228 39.082
-5.225 39.084
-5.222 39.083
-5.221 39.079
-5.219 39.078
-5.218 39.082
-5.221 39.092
-5.22 39.096
-5.224 39.097
-5.233 39.09
-5.249 39.086
-5.26 39.078
-5.27 39.076
-5.286 39.072
-5.298 39.065
-5.314 39.062
-5.33 39.053
-5.337 39.051
-5.348 39.052
-5.359 39.048
-5.37 39.04
-5.381 39.037
-5.401 39.026
-5.404 39.022
-5.404 39.019
-5.4 39.016
-5.402 39.011
-5.407 39.005
-5.407 38.998
-5.408 38.994
-5.425 38.981
-5.425 38.978
-5.421 38.968
-5.419 38.962
-5.418 38.957
-5.408 38.952
-5.399 38.953
-5.398 38.95
-5.399 38.947
-5.404 38.945
-5.419 38.947
-5.426 38.951
-5.43 38.957
-5.429 38.977
-5.432 38.982
-5.443 38.99
-5.441 39.007
-5.446 39.009
-5.457 39.005
-5.466 38.997
-5.484 38.994
-5.493 38.987
-5.505 38.982
-5.523 38.978
-5.529 38.972
-5.536 38.969
-5.547 38.97
-5.553 38.968
-5.557 38.961
-5.561 38.957
-5.575 38.947
-5.617 38.932
-5.622 38.92
-5.626 38.916
-5.636 38.914
-5.637 38.912
-5.632 38.907
-5.632 38.898
-5.634 38.895
-5.637 38.893
-5.644 38.892
-5.647 38.892
-5.649 38.895
-5.643 38.901
-5.643 38.905
-5.646 38.907
-5.65 38.905
-5.658 38.899
-5.67 38.895
-5.682 38.894
-5.695 38.897
-5.708 38.896
-5.729 38.882
-5.743 38.876
-5.768 38.858
-5.783 38.851
-5.784 38.85
-5.8 38.839
-5.843 38.822
-5.86 38.818
-5.87 38.817
-5.897 38.819
-5.924 38.819
-5.933 38.818
-5.938 38.816
-5.944 38.807
-5.963 38.797
-5.965 38.798
-5.978 38.796
-5.986 38.793
-5.998 38.785
-6.003 38.782
-6.012 38.783
-6.031 38.779
-6.042 38.779
-6.047 38.781
-6.059 38.782
-6.076 38.793
-6.092 38.798
-6.109 38.808
-6.11 38.812
-6.114 38.814
-6.123 38.811
-6.13 38.812
-6.134 38.81
-6.137 38.803
-6.142 38.801
-6.147 38.801
-6.147 38.805
-6.146 38.805
-6.14 38.812
-6.14 38.816
-6.133 38.818
-6.131 38.82
-6.127 38.818
-6.124 38.82
-6.124 38.824
-6.13 38.829
-6.141 38.833
-6.161 38.852
-6.164 38.852
-6.168 38.845
-6.171 38.847
-6.171 38.852
-6.16 38.86
-6.159 38.862
-6.163 38.864
-6.215 38.862
-6.231 38.864
-6.244 38.857
-6.243 38.851
-6.245 38.85
-6.251 38.853
-6.252 38.854
-6.255 38.855
-6.274 38.848
-6.301 38.842
-6.317 38.842
-6.333 38.843
-6.343 38.846
-6.357 38.857
-6.365 38.861
-6.369 38.861
-6.371 38.86
-6.384 38.85
-6.388 38.851
-6.395 38.858
-6.398 38.858
-6.401 38.857
-6.394 38.852
-6.395 38.848
-6.407 38.835
-6.412 38.833
-6.419 38.838
-6.422 38.835
-6.42 38.828
-6.423 38.827
-6.428 38.83
-6.439 38.832
-6.442 38.834
-6.442 38.843
-6.444 38.843
-6.448 38.847
-6.443 38.849
-6.439 38.845
-6.431 38.841
-6.433 38.836
-6.425 38.834
-6.425 38.842
-6.422 38.843
-6.414 38.84
-6.404 38.844
-6.402 38.848
-6.406 38.851
-6.407 38.855
-6.406 38.859
-6.401 38.865
-6.397 38.867
-6.393 38.866
-6.39 38.865
-6.389 38.859
-6.385 38.857
-6.382 38.858
-6.379 38.86
-6.378 38.864
-6.381 38.868
-6.395 38.874
-6.397 38.877
-6.401 38.896
-6.405 38.9
-6.425 38.904
-6.436 38.908
-6.443 38.913
-6.45 38.921
-6.454 38.932
-6.455 38.946
-6.453 38.956
-6.456 38.959
-6.464 38.964
-6.47 38.97
-6.472 38.985
-6.473 39
-6.475 39.005
-6.48 39.01
-6.486 39.016
-6.491 39.025
-6.49 39.032
-6.485 39.038
-6.487 39.047
-6.484 39.05
-6.482 39.049
-6.479 39.042
-6.47 39.035
-6.468 39.03
-6.462 39.025
-6.462 39.011
-6.457 39
-6.457 38.989
-6.454 38.981
-6.452 38.974
-6.447 38.976
-6.447 38.979
-6.452 38.99
-6.453 39
-6.456 39.01
-6.456 39.019
-6.459 39.029
-6.467 39.039
-6.47 39.046
-6.473 39.05
-6.492 39.064
-6.498 39.063
-6.501 39.064
-6.497 39.07
-6.498 39.074
-6.501 39.077
-6.507 39.08
-6.511 39.084
-6.528 39.09
-6.536 39.095
-6.537 39.097
-6.534 39.1
-6.536 39.104
-6.557 39.115
-6.563 39.121
-6.565 39.127
-6.571 39.135
-6.571 39.139
-6.57 39.144
-6.572 39.148
-6.597 39.167
-6.611 39.17
-6.619 39.175
-6.627 39.183
-6.628 39.187
-6.625 39.193
-6.636 39.203
-6.651 39.213
-6.654 39.208
-6.659 39.207
-6.657 39.215
-6.661 39.219
-6.665 39.221
-6.669 39.219
-6.674 39.212
-6.677 39.212
-6.683 39.22
-6.683 39.221
-6.679 39.223
-6.672 39.222
-6.671 39.224
-6.677 39.226
-6.684 39.226
-6.687 39.227
-6.724 39.237
-6.75 39.245
-6.753 39.25
-6.757 39.268
-6.756 39.272
-6.752 39.274
-6.747 39.273
-6.742 39.276
-6.733 39.276
-6.733 39.279
-6.74 39.284
-6.748 39.288
-6.753 39.289
-6.765 39.284
-6.769 39.285
-6.772 39.287
-6.777 39.291
-6.782 39.29
-6.788 39.282
-6.794 39.28
-6.798 39.274
-6.81 39.267
-6.816 39.26
-6.819 39.262
-6.819 39.264
-6.819 39.266
-6.812 39.271
-6.809 39.277
-6.798 39.284
-6.797 39.287
-6.807 39.298
-6.812 39.301
-6.815 39.298
-6.815 39.294
-6.817 39.291
-6.821 39.289
-6.825 39.289
-6.837 39.296
-6.847 39.298
-6.856 39.297
-6.864 39.289
-6.872 39.287
-6.873 39.291
-6.87 39.295
-6.876 39.3
-6.872 39.307
-6.869 39.306
-6.865 39.299
-6.858 39.303
-6.851 39.305
-6.84 39.304
-6.826 39.299
-6.823 39.3
-6.822 39.306
-6.817 39.31
-6.815 39.315
-6.816 39.321
-6.825 39.329
-6.83 39.336
-6.828 39.347
-6.83 39.351
-6.832 39.352
-6.843 39.356
-6.849 39.361
-6.852 39.366
-6.851 39.372
-6.855 39.376
-6.85 39.38
-6.85 39.386
-6.848 39.389
-6.847 39.391
-6.859 39.409
-6.863 39.422
-6.866 39.435
-6.863 39.457
-6.857 39.461
-6.856 39.464
-6.859 39.467
-6.865 39.462
-6.868 39.472
-6.866 39.474
-6.867 39.477
-6.883 39.483
-6.884 39.484
-6.885 39.489
-6.891 39.493
-6.899 39.497
-6.919 39.5
-6.925 39.502
-6.93 39.504
-6.94 39.506
-6.946 39.512
-6.956 39.514
-6.964 39.52
-6.979 39.529
-6.984 39.534
-6.984 39.54
-6.986 39.543
-7.014 39.548
-7.022 39.552
-7.028 39.552
-7.031 39.551
-7.038 39.547
-7.052 39.546
-7.072 39.548
-7.076 39.547
-7.079 39.543
-7.087 39.542
-7.1 39.545
-7.113 39.552
-7.123 39.558
-7.131 39.556
-7.137 39.549
-7.134 39.544
-7.13 39.539
-7.129 39.534
-7.132 39.529
-7.136 39.524
-7.141 39.523
-7.145 39.524
-7.152 39.519
-7.16 39.518
-7.169 39.52
-7.188 39.513
-7.191 39.51
-7.192 39.498
-7.189 39.494
-7.184 39.491
-7.163 39.489
-7.163 39.483
-7.163 39.477
-7.166 39.478
-7.17 39.484
-7.174 39.483
-7.171 39.478
-7.172 39.473
-7.187 39.453
-7.187 39.447
-7.182 39.441
-7.184 39.432
-7.186 39.432
-7.189 39.433
-7.189 39.435
-7.19 39.44
-7.192 39.442
-7.201 39.435
-7.21 39.434
-7.229 39.427
-7.246 39.427
-7.255 39.422
-7.256 39.42
-7.258 39.416
-7.253 39.415
-7.243 39.42
-7.235 39.418
-7.234 39.416
-7.247 39.412
-7.249 39.402
-7.254 39.398
-7.253 39.41
-7.257 39.41
-7.275 39.396
-7.28 39.392
-7.283 39.386
-7.282 39.385
-7.275 39.392
-7.272 39.39
-7.272 39.388
-7.276 39.383
-7.265 39.382
-7.269 39.379
-7.276 39.377
-7.276 39.375
-7.28 39.373
-7.287 39.375
-7.296 39.373
-7.293 39.376
-7.293 39.378
-7.296 39.379
-7.313 39.371
-7.325 39.366
-7.326 39.364
-7.319 39.363
-7.326 39.353
-7.326 39.349
-7.313 39.345
-7.314 39.342
-7.32 39.337
-7.326 39.336
-7.332 39.337
-7.335 39.339
-7.335 39.345
-7.339 39.347
-7.347 39.342
-7.351 39.341
-7.36 39.337
-7.366 39.34
-7.355 39.343
-7.34 39.353
-7.342 39.357
-7.346 39.358
-7.353 39.354
-7.375 39.351
-7.384 39.351
-7.388 39.352
-7.401 39.347
-7.407 39.347
-7.412 39.343
-7.418 39.335
-7.411 39.327
-7.41 39.324
-7.412 39.321
-7.416 39.323
-7.419 39.329
-7.424 39.332
-7.435 39.321
-7.463 39.308
-7.471 39.307
-7.476 39.306
-7.485 39.301
-7.492 39.299
-7.499 39.3
-7.504 39.299
-7.505 39.295
-7.503 39.292
-7.505 39.287
-7.504 39.281
-7.507 39.28
-7.511 39.282
-7.512 39.285
-7.509 39.288
-7.513 39.291
-7.513 39.294
-7.51 39.296
-7.514 39.298
-7.546 39.29
-7.554 39.286
-7.594 39.274
-7.609 39.276
-7.623 39.273
-7.647 39.281
-7.664 39.291
-7.679 39.296
-7.684 39.299
-7.69 39.299
-7.712 39.29
-7.718 39.287
-7.721 39.284
-7.723 39.285
-7.727 39.282
-7.73 39.284
-7.727 39.289
-7.728 39.293
-7.741 39.301
-7.743 39.299
-7.743 39.293
-7.744 39.293
-7.745 39.294
-7.751 39.304
-7.752 39.305
-7.754 39.305
-7.764 39.301
-7.767 39.296
-7.771 39.293
-7.782 39.291
-7.788 39.287
-7.792 39.284
-7.795 39.272
-7.798 39.265
-7.804 39.268
-7.806 39.267
-7.81 39.259
-7.807 39.252
-7.808 39.25
-7.813 39.255
-7.818 39.251
-7.824 39.261
-7.822 39.263
-7.825 39.273
-7.823 39.28
-7.825 39.28
-7.825 39.293
-7.823 39.295
-7.819 39.297
-7.812 39.296
-7.807 39.3
-7.805 39.305
-7.799 39.311
-7.792 39.308
-7.779 39.315
-7.762 39.318
-7.757 39.321
-7.751 39.318
-7.735 39.322
-7.732 39.326
-7.732 39.332
-7.733 39.334
-7.747 39.344
-7.75 39.349
-7.758 39.354
-7.762 39.355
-7.769 39.353
-7.775 39.359
-7.772 39.366
-7.772 39.37
-7.775 39.377
-7.788 39.402
-7.794 39.405
-7.798 39.404
-7.806 39.412
-7.804 39.419
-7.807 39.425
-7.814 39.431
-7.822 39.43
-7.824 39.435
-7.817 39.439
-7.816 39.442
-7.818 39.444
-7.833 39.446
-7.838 39.442
-7.844 39.44
-7.85 39.443
-7.86 39.436
-7.883 39.426
-7.905 39.413
-7.915 39.407
-7.923 39.386
-7.924 39.4
-7.922 39.402
-7.922 39.416
-7.925 39.418
-7.933 39.417
-7.936 39.418
-7.936 39.424
-7.941 39.427
-7.948 39.43
-7.959 39.43
-7.973 39.425
-7.974 39.428
-7.977 39.431
-7.984 39.432
-8 39.448
-8.007 39.449
-8.023 39.443
-8.051 39.429
-8.066 39.424
-8.068 39.421
-8.075 39.419
-8.083 39.419
-8.087 39.413
-8.089 39.409
-8.093 39.407
-8.101 39.409
-8.107 39.407
-8.119 39.397
-8.123 39.392
-8.128 39.39
-8.145 39.386
-8.148 39.382
-8.147 39.38
-8.153 39.378
-8.154 39.379
-8.164 39.373
-8.21 39.363
-8.212 39.361
-8.212 39.356
-8.203 39.344
-8.198 39.331
-8.204 39.329
-8.206 39.335
-8.215 39.342
-8.22 39.341
-8.224 39.342
-8.227 39.338
-8.227 39.345
-8.234 39.347
-8.244 39.344
-8.25 39.339
-8.256 39.339
-8.267 39.343
-8.273 39.349
-8.278 39.35
-8.281 39.348
-8.281 39.34
-8.29 39.342
-8.292 39.341
-8.293 39.347
-8.295 39.349
-8.298 39.347
-8.296 39.326
-8.298 39.323
-8.296 39.32
-8.276 39.304
-8.269 39.302
-8.268 39.296
-8.279 39.294
-8.281 39.299
-8.289 39.304
-8.297 39.307
-8.3 39.306
-8.302 39.295
-8.305 39.296
-8.312 39.292
-8.313 39.287
-8.312 39.285
-8.309 39.284
-8.309 39.28
-8.307 39.279
-8.312 39.277
-8.315 39.272
-8.322 39.268
-8.343 39.28
-8.368 39.291
-8.372 39.296
-8.374 39.3
-8.376 39.302
-8.379 39.301
-8.38 39.303
-8.379 39.308
-8.381 39.31
-8.396 39.305
-8.399 39.301
-8.416 39.304
-8.419 39.302
-8.421 39.304
-8.426 39.311
-8.43 39.31
-8.442 39.298
-8.456 39.294
-8.457 39.292
-8.461 39.292
-8.464 39.296
-8.469 39.298
-8.474 39.296
-8.476 39.298
-8.497 39.3
-8.51 39.295
-8.512 39.295
-8.516 39.299
-8.519 39.306
-8.525 39.308
-8.529 39.312
-8.532 39.31
-8.541 39.309
-8.543 39.311
-8.549 39.306
-8.551 39.306
-8.55 39.31
-8.545 39.315
-8.539 39.316
-8.538 39.319
-8.546 39.319
-8.545 39.325
-8.547 39.333
-8.55 39.337
-8.552 39.338
-8.558 39.337
-8.563 39.339
-8.566 39.342
-8.568 39.342
-8.571 39.339
-8.574 39.347
-8.576 39.348
-8.58 39.342
-8.584 39.342
-8.587 39.348
-8.593 39.352
-8.627 39.364
-8.635 39.365
-8.673 39.357
-8.681 39.357
-8.693 39.361
-8.703 39.366
-8.708 39.371
-8.713 39.373
-8.716 39.371
-8.719 39.362
-8.715 39.358
-8.72 39.356
-8.725 39.359
-8.724 39.37
-8.725 39.375
-8.724 39.385
-8.728 39.391
-8.738 39.398
-8.743 39.407
-8.748 39.41
-8.748 39.415
-8.743 39.427
-8.744 39.431
-8.753 39.438
-8.763 39.443
-8.783 39.448
-8.797 39.453
-8.806 39.458
-8.817 39.462
-8.82 39.465
-8.821 39.469
-8.829 39.475
-8.829 39.483
-8.819 39.494
-8.82 39.497
-8.823 39.497
-8.827 39.493
-8.83 39.494
-8.841 39.499
-8.863 39.506
-8.864 39.506
-8.876 39.512
-8.892 39.514
-8.901 39.518
-8.914 39.536
-8.916 39.546
-8.929 39.556
-8.932 39.553
-8.934 39.54
-8.934 39.526
-8.931 39.52
-8.931 39.519
-8.933 39.517
-8.945 39.515
-8.945 39.511
-8.942 39.507
-8.939 39.506
-8.933 39.509
-8.928 39.503
-8.911 39.494
-8.902 39.483
-8.885 39.473
-8.882 39.469
-8.882 39.459
-8.875 39.457
-8.886 39.451
-8.89 39.449
-8.89 39.448
-8.903 39.443
-8.904 39.448
-8.916 39.482
-8.918 39.483
-8.92 39.482
-8.925 39.481
-8.93 39.476
-8.933 39.477
-8.932 39.479
-8.93 39.488
-8.933 39.494
-8.937 39.49
-8.939 39.487
-8.951 39.494
-8.951 39.493
-8.951 39.486
-8.962 39.481
-8.969 39.481
-8.99 39.485
-8.998 39.488
-9.002 39.494
-9.01 39.501
-9.021 39.502
-9.025 39.501
-9.036 39.505
-9.044 39.503
-9.045 39.501
-9.046 39.5
-9.052 39.498
-9.054 39.497
-9.057 39.498
-9.06 39.496
-9.061 39.502
-9.065 39.511
-9.069 39.511
-9.072 39.503
-9.076 39.496
-9.083 39.492
-9.084 39.488
-9.092 39.481
-9.097 39.481
-9.101 39.484
-9.1 39.491
-9.103 39.494
-9.105 39.508
-9.112 39.509
-9.117 39.507
-9.121 39.503
-9.126 39.513
-9.122 39.514
-9.116 39.522
-9.104 39.529
-9.104 39.532
-9.108 39.536
-9.108 39.543
-9.106 39.545
-9.095 39.546
-9.093 39.549
-9.1 39.566
-9.113 39.582
-9.117 39.585
-9.124 39.588
-9.122 39.597
-9.108 39.6
-9.106 39.602
-9.103 39.601
-9.096 39.593
-9.097 39.589
-9.092 39.583
-9.089 39.578
-9.089 39.561
-9.088 39.56
-9.087 39.559
-9.064 39.551
-9.061 39.552
-9.059 39.556
-9.056 39.558
-9.036 39.549
-9.032 39.547
-9.031 39.549
-9.037 39.555
-9.038 39.569
-9.042 39.574
-9.043 39.586
-9.053 39.594
-9.06 39.602
-9.066 39.615
-9.072 39.617
-9.086 39.617
-9.09 39.614
-9.095 39.615
-9.099 39.614
-9.105 39.614
-9.108 39.615
-9.115 39.613
-9.117 39.608
-9.125 39.605
-9.126 39.605
-9.13 39.602
-9.135 39.607
-9.144 39.611
-9.152 39.618
-9.154 39.619
-9.163 39.624
-9.168 39.63
-9.18 39.639
-9.201 39.642
-9.212 39.639
-9.215 39.638
-9.225 39.641
-9.24 39.641
-9.244 39.638
-9.248 39.631
-9.253 39.63
-9.26 39.631
-9.265 39.637
-9.271 39.646
-9.276 39.647
-9.287 39.647
-9.289 39.649
-9.309 39.649
-9.318 39.647
-9.327 39.649
-9.338 39.649
-9.341 39.65
-9.359 39.653
-9.369 39.652
-9.378 39.646
-9.383 39.629
-9.411 39.607
-9.412 39.602
-9.409 39.595
-9.409 39.588
-9.405 39.58
-9.403 39.575
-9.412 39.564
-9.426 39.562
-9.43 39.564
-9.435 39.569
-9.434 39.583
-9.438 39.587
-9.437 39.59
-9.427 39.603
-9.427 39.609
-9.428 39.611
-9.427 39.623
-9.429 39.633
-9.447 39.644
-9.451 39.651
-9.462 39.654
-9.473 39.653
-9.479 39.652
-9.495 39.662
-9.498 39.665
-9.498 39.674
-9.496 39.679
-9.506 39.684
-9.522 39.688
-9.523 39.689
-9.524 39.697
-9.529 39.697
-9.539 39.695
-9.546 39.697
-9.56 39.703
-9.571 39.712
-9.581 39.71
-9.586 39.712
-9.611 39.727
-9.614 39.728
-9.62 39.722
-9.63 39.717
-9.643 39.718
-9.648 39.723
-9.652 39.732
-9.66 39.741
-9.673 39.742
-9.682 39.738
-9.687 39.739
-9.689 39.735
-9.692 39.734
-9.695 39.73
-9.703 39.737
-9.705 39.742
-9.71 39.746
-9.718 39.74
-9.719 39.735
-9.728 39.724
-9.729 39.718
-9.736 39.713
-9.74 39.707
-9.75 39.724
-9.751 39.729
-9.748 39.733
-9.754 39.749
-9.758 39.753
-9.763 39.754
-9.77 39.754
-9.782 39.758
-9.787 39.763
-9.789 39.762
-9.792 39.764
-9.793 39.768
-9.805 39.779
-9.804 39.784
-9.808 39.785
-9.815 39.786
-9.827 39.794
-9.84 39.798
-9.86 39.797
-9.865 39.799
-9.869 39.804
-9.871 39.802
-9.874 39.797
-9.887 39.785
-9.895 39.772
-9.905 39.779
-9.908 39.785
-9.922 39.787
-9.928 39.785
-9.932 39.779
-9.933 39.776
-9.934 39.766
-9.931 39.757
-9.932 39.75
-9.942 39.742
-9.947 39.727
-9.952 39.722
-9.954 39.715
-9.958 39.711
-9.969 39.706
-9.972 39.706
-9.982 39.708
-9.986 39.712
-9.989 39.712
-9.991 39.714
-9.999 39.716
-10 39.718
-10.004 39.724
-10.001 39.724
-10 39.725
-9.996 39.73
-9.981 39.738
-9.982 39.752
-9.978 39.757
-9.978 39.767
-9.981 39.776
-9.981 39.784
-9.983 39.788
-9.985 39.818
-9.986 39.819
-9.988 39.822
-9.999 39.825
-10 39.826
-10.011 39.834
-10.014 39.841
-10.013 39.861
-10.014 39.868
-10.017 39.875
-10.025 39.885
-10.028 39.886
-10.034 39.896
-10.05 39.914
-10.053 39.916
-10.086 39.935
-10.093 39.94
-10.099 39.943
-10.101 39.948
-10.109 39.955
-10.113 39.956
-10.119 39.962
-10.119 39.964
-10.126 39.975
-10.139 39.967
-10.15 39.957
-10.158 39.962
-10.159 39.965
-10.158 39.971
-10.164 39.981
-10.173 39.982
-10.2 39.97
-10.203 39.972
-10.202 39.982
-10.209 39.985
-10.212 39.99
-10.209 40
-10.207 39.997
-10.207 39.992
-10.201 39.989
-10.185 39.991
-10.18 39.989
-10.176 39.993
-10.172 39.995
-10.162 39.991
-10.149 39.976
-10.146 39.974
-10.136 39.978
-10.127 39.987
-10.127 39.994
-10.129 40
-10.133 40.007
-10.145 40.031
-10.152 40.06
-10.159 40.069
-10.168 40.108
-10.176 40.126
-10.185 40.134
-10.193 40.136
-10.198 40.134
-10.208 40.125
-10.215 40.124
-10.254 40.129
-10.258 40.127
-10.254 40.122
-10.259 40.116
-10.268 40.111
-10.276 40.11
-10.279 40.113
-10.279 40.117
-10.277 40.134
-10.276 40.136
-10.272 40.135
-10.264 40.128
-10.26 40.13
-10.261 40.133
-10.27 40.139
-10.279 40.148
-10.276 40.153
-10.275 40.152
-10.263 40.158
-10.257 40.173
-10.253 40.187
-10.255 40.188
-10.259 40.186
-10.263 40.188
-10.268 40.193
-10.268 40.197
-10.277 40.213
-10.28 40.214
-10.278 40.22
-10.275 40.219
-10.276 40.232
-10.278 40.237
-10.283 40.247
-10.28 40.258
-10.281 40.26
-10.292 40.266
-10.294 40.271
-10.282 40.272
-10.28 40.27
-10.277 40.264
-10.275 40.262
-10.268 40.266
-10.266 40.263
-10.267 40.255
-10.263 40.249
-10.262 40.239
-10.258 40.233
-10.251 40.23
-10.249 40.225
-10.249 40.222
-10.25 40.209
-10.259 40.194
-10.254 40.194
-10.244 40.201
-10.227 40.219
-10.219 40.223
-10.211 40.232
-10.211 40.236
-10.214 40.237
-10.225 40.235
-10.241 40.24
-10.242 40.241
-10.256 40.256
-10.262 40.267
-10.27 40.291
-10.285 40.296
-10.286 40.299
-10.293 40.298
-10.299 40.307
-10.31 40.308
-10.327 40.315
-10.34 40.318
-10.357 40.327
-10.357 40.334
-10.361 40.337
-10.361 40.341
-10.357 40.345
-10.356 40.35
-10.358 40.351
-10.361 40.35
-10.367 40.342
-10.369 40.342
-10.369 40.346
-10.371 40.349
-10.372 40.353
-10.369 40.355
-10.37 40.36
-10.362 40.36
-10.362 40.362
-10.367 40.364
-10.368 40.369
-10.376 40.376
-10.376 40.377
-10.376 40.386
-10.379 40.388
-10.378 40.393
-10.375 40.394
-10.37 40.388
-10.368 40.389
-10.363 40.399
-10.361 40.408
-10.343 40.411
-10.336 40.409
-10.33 40.41
-10.331 40.405
-10.328 40.403
-10.328 40.397
-10.323 40.396
-10.322 40.393
-10.327 40.383
-10.319 40.387
-10.306 40.394
-10.301 40.398
-10.3 40.402
-10.307 40.411
-10.319 40.422
-10.338 40.432
-10.343 40.439
-10.349 40.443
-10.355 40.443
-10.365 40.439
-10.369 40.434
-10.372 40.425
-10.373 40.423
-10.375 40.421
-10.376 40.419
-10.383 40.41
-10.387 40.414
-10.388 40.417
-10.389 40.421
-10.393 40.421
-10.403 40.42
-10.416 40.421
-10.422 40.416
-10.423 40.415
-10.428 40.404
-10.424 40.403
-10.424 40.401
-10.427 40.397
-10.433 40.4
-10.433 40.403
-10.431 40.406
-10.429 40.409
-10.429 40.411
-10.428 40.414
-10.43 40.417
-10.439 40.42
-10.443 40.416
-10.45 40.417
-10.45 40.421
-10.46 40.426
-10.479 40.422
-10.483 40.419
-10.49 40.413
-10.506 40.397
-10.509 40.394
-10.518 40.394
-10.528 40.38
-10.535 40.374
-10.559 40.366
-10.566 40.359
-10.576 40.34
-10.577 40.336
-10.577 40.333
-10.574 40.325
-10.576 40.306
-10.578 40.301
-10.58 40.284
-10.582 40.28
-10.593 40.262
-10.607 40.234
-10.656 40.187
-10.659 40.181
-10.66 40.175
-10.683 40.148
-10.698 40.135
-10.708 40.12
-10.729 40.099
-10.737 40.085
-10.738 40.083
-10.755 40.063
-10.767 40.052
-10.789 40.03
-10.806 40.008
-10.811 40
-10.816 39.991
-10.816 39.988
-10.817 39.985
-10.825 39.966
-10.826 39.956
-10.829 39.945
-10.83 39.943
-10.83 39.933
-10.846 39.888
-10.856 39.871
-10.86 39.867
-10.868 39.86
-10.88 39.843
-10.88 39.84
-10.893 39.821
-10.905 39.799
-10.911 39.786
-10.911 39.776
-10.92 39.757
-10.936 39.725
-10.946 39.695
-10.947 39.681
-10.946 39.663
-10.948 39.656
-10.949 39.635
-10.95 39.629
-10.956 39.606
-10.962 39.593
-10.97 39.581
-10.979 39.558
-10.985 39.53
-10.99 39.521
-10.991 39.52
-10.995 39.517
-11.011 39.5
-11.023 39.48
-11.058 39.433
-11.062 39.411
-11.063 39.407
-11.063 39.404
-11.078 39.381
-11.084 39.366
-11.091 39.356
-11.107 39.341
-11.135 39.309
-11.151 39.292
-11.168 39.268
-11.176 39.254
-11.18 39.242
-11.182 39.224
-11.18 39.213
-11.172 39.198
-11.164 39.19
-11.162 39.186
-11.16 39.163
-11.159 39.156
-11.151 39.136
-11.159 39.096
-11.171 39.061
-11.174 39.045
-11.173 39.04
-11.171 39.027
-11.173 39.006
-11.173 38.976
-11.174 38.97
-11.174 38.968
-11.173 38.947
-11.169 38.927
-11.171 38.913
-11.176 38.885
-11.194 38.856
-11.202 38.848
-11.21 38.843
-11.212 38.841
-11.22 38.829
-11.23 38.813
-11.234 38.806
-11.245 38.783
-11.254 38.774
-11.278 38.744
-11.277 38.726
-11.273 38.713
-11.274 38.694
-11.276 38.667
-11.279 38.652
-11.294 38.626
-11.334 38.587
-11.347 38.574
-11.352 38.568
-11.352 38.562
-11.356 38.554
-11.365 38.541
-11.369 38.531
-11.374 38.526
-11.386 38.518
-11.395 38.511
-11.399 38.502
-11.401 38.5
-11.411 38.49
-11.415 38.486
-11.417 38.48
-11.413 38.469
-11.413 38.454
-11.411 38.448
-11.407 38.441
-11.391 38.427
-11.388 38.414
-11.388 38.395
-11.387 38.393
-11.383 38.378
-11.38 38.376
-11.368 38.364
-11.339 38.34
-11.329 38.329
-11.325 38.321
-11.329 38.289
-11.324 38.283
-11.315 38.28
-11.297 38.274
-11.288 38.262
-11.287 38.25
-11.283 38.224
-11.275 38.21
-11.274 38.203
-11.278 38.182
-11.277 38.171
-11.275 38.152
-11.273 38.14
-11.261 38.116
-11.26 38.113
-11.261 38.103
-11.271 38.075
-11.274 38.058
-11.271 38.05
-11.268 38.03
-11.272 38.014
-11.284 37.992
-11.285 37.987
-11.28 37.967
-11.285 37.943
-11.289 37.935
-11.291 37.928
-11.31 37.896
-11.318 37.889
-11.325 37.887
-11.328 37.886
-11.334 37.878
-11.333 37.863
-11.335 37.86
-11.34 37.858
-11.354 37.858
-11.365 37.86
-11.375 37.86
-11.379 37.86
-11.382 37.858
-11.39 37.858
-11.395 37.854
-11.421 37.844
-11.43 37.84
-11.435 37.837
-11.451 37.825
-11.474 37.818
-11.484 37.818
-11.49 37.821
-11.501 37.827
-11.52 37.827
-11.528 37.826
-11.534 37.82
-11.551 37.811
-11.568 37.794
-11.572 37.788
-11.577 37.769
-11.58 37.761
-11.601 37.71
-11.616 37.694
-11.619 37.688
-11.62 37.687
-11.629 37.679
-11.646 37.654
-11.647 37.653
-11.653 37.642
-11.654 37.634
-11.652 37.63
-11.652 37.62
-11.649 37.602
-11.646 37.594
-11.646 37.586
-11.65 37.58
-11.652 37.574
-11.65 37.56
-11.665 37.533
-11.682 37.502
-11.693 37.494
-11.702 37.491
-11.722 37.476
-11.731 37.463
-11.735 37.452
-11.735 37.443
-11.733 37.436
-11.722 37.39
-11.711 37.375
-11.698 37.364
-11.689 37.347
-11.688 37.341
-11.688 37.332
-11.692 37.321
-11.704 37.294
-11.707 37.282
-11.704 37.254
-11.692 37.211
-11.691 37.198
-11.691 37.187
-11.691 37.177
-11.691 37.167
-11.689 37.155
-11.69 37.133
-11.685 37.124
-11.664 37.104
-11.657 37.091
-11.65 37.086
-11.649 37.086
-11.638 37.084
-11.636 37.081
-11.621 37.069
-11.615 37.064
-11.58 37.041
-11.573 37.033
-11.569 37.025
-11.572 37.017
-11.58 37.012
-11.585 37.011
-11.599 37.009
-11.603 37.007
-11.6 36.985
-11.605 36.961
-11.603 36.945
-11.606 36.898
-11.606 36.889
-11.604 36.882
-11.592 36.866
-11.592 36.861
-11.59 36.858
-11.59 36.841
-11.588 36.838
-11.583 36.836
-11.578 36.827
-11.58 36.821
-11.587 36.811
-11.609 36.794
-11.632 36.776
-11.635 36.769
-11.641 36.762
-11.656 36.756
-11.686 36.728
-11.693 36.719
-11.698 36.707
-11.702 36.699
-11.702 36.69
-11.709 36.685
-11.718 36.673
-11.723 36.663
-11.726 36.651
-11.726 36.636
-11.723 36.604
-11.729 36.588
-11.731 36.582
-11.746 36.56
-11.746 36.55
-11.73 36.537
-11.729 36.536
-11.726 36.517
-11.72 36.509
-11.708 36.504
-11.693 36.501
-11.69 36.5
-11.69 36.498
-11.688 36.493
-11.686 36.475
-11.689 36.441
-11.692 36.42
-11.69 36.411
-11.682 36.392
-11.681 36.383
-11.684 36.378
-11.688 36.375
-11.698 36.367
-11.704 36.365
-11.704 36.342
-11.702 36.317
-11.709 36.293
-11.708 36.284
-11.71 36.276
-11.718 36.267
-11.717 36.26
-11.717 36.255
-11.715 36.251
-11.707 36.24
-11.709 36.217
-11.716 36.201
-11.716 36.19
-11.714 36.184
-11.708 36.182
-11.697 36.189
-11.689 36.188
-11.676 36.173
-11.665 36.17
-11.646 36.178
-11.639 36.181
-11.624 36.175
-11.614 36.178
-11.607 36.175
-11.598 36.177
-11.59 36.172
-11.582 36.16
-11.577 36.158
-11.573 36.152
-11.572 36.145
-11.57 36.139
-11.566 36.133
-11.552 36.124
-11.553 36.113
-11.549 36.106
-11.548 36.104
-11.547 36.099
-11.537 36.089
-11.515 36.051
-11.51 36.04
-11.503 36.025
-11.499 36.016
-11.498 35.995
-11.483 35.957
-11.477 35.954
-11.458 35.962
-11.445 35.961
-11.443 35.961
-11.437 35.958
-11.425 35.942
-11.424 35.926
-11.426 35.91
-11.422 35.884
-11.424 35.858
-11.423 35.854
-11.415 35.848
-11.41 35.845
-11.407 35.834
-11.407 35.824
-11.41 35.82
-11.429 35.812
-11.45 35.795
-11.457 35.786
-11.471 35.777
-11.473 35.772
-11.476 35.758
-11.477 35.754
-11.476 35.75
-11.476 35.739
-11.481 35.725
-11.481 35.712
-11.491 35.703
-11.514 35.705
-11.519 35.704
-11.52 35.694
-11.525 35.688
-11.546 35.682
-11.547 35.681
-11.556 35.675
-11.559 35.666
-11.563 35.661
-11.568 35.659
-11.572 35.657
-11.579 35.65
-11.593 35.647
-11.593 35.644
-11.586 35.639
-11.586 35.634
-11.591 35.623
-11.596 35.605
-11.597 35.597
-11.594 35.592
-11.592 35.59
-11.588 35.587
-11.585 35.583
-11.599 35.579
-11.603 35.576
-11.599 35.568
-11.604 35.564
-11.603 35.56
-11.595 35.548
-11.599 35.546
-11.592 35.539
-11.593 35.535
-11.599 35.533
-11.604 35.534
-11.612 35.539
-11.611 35.532
-11.604 35.519
-11.602 35.518
-11.598 35.516
-11.588 35.514
-11.583 35.511
-11.575 35.494
-11.576 35.489
-11.58 35.489
-11.587 35.495
-11.591 35.493
-11.595 35.489
-11.595 35.475
-11.591 35.465
-11.584 35.457
-11.591 35.455
-11.587 35.449
-11.586 35.443
-11.586 35.439
-11.587 35.436
-11.584 35.431
-11.567 35.424
-11.566 35.42
-11.574 35.414
-11.574 35.407
-11.58 35.398
-11.582 35.396
-11.58 35.39
-11.577 35.386
-11.571 35.384
-11.57 35.381
-11.57 35.38
-11.568 35.359
-11.561 35.35
-11.557 35.341
-11.561 35.212
-11.561 35.197
-11.563 35.186
-11.562 35.181
-11.562 35.154
-11.563 35.154
-11.564 35.126
-11.565 35.085
-11.566 35.06
-11.569 35.039
-11.568 35.025
-11.571 35
-11.569 34.992
-11.572 34.969
-11.571 34.958
-11.55 34.954
-11.538 34.948
-11.53 34.947
-11.516 34.949
-11.483 34.936
-11.449 34.931
-11.429 34.928
-11.415 34.926
-11.402 34.922
-11.378 34.91
-11.368 34.898
-11.366 34.891
-11.355 34.883
-11.349 34.869
-11.332 34.834
-11.321 34.805
-11.321 34.796
-11.326 34.783
-11.319 34.783
-11.312 34.778
-11.303 34.776
-11.298 34.776
-11.294 34.779
-11.291 34.781
-11.292 34.786
-11.29 34.788
-11.283 34.791
-11.28 34.789
-11.272 34.785
-11.265 34.777
-11.262 34.773
-11.262 34.766
-11.26 34.763
-11.243 34.76
-11.232 34.751
-11.224 34.747
-11.213 34.738
-11.198 34.733
-11.191 34.731
-11.182 34.724
-11.174 34.711
-11.159 34.704
-11.151 34.698
-11.141 34.686
-11.131 34.662
-11.126 34.646
-11.122 34.64
-11.119 34.639
-11.119 34.638
-11.118 34.633
-11.114 34.633
-11.106 34.629
-11.102 34.628
-11.095 34.633
-11.089 34.631
-11.08 34.637
-11.074 34.634
-11.068 34.629
-11.064 34.63
-11.069 34.636
-11.068 34.638
-11.053 34.635
-11.051 34.625
-11.048 34.62
-11.05 34.613
-11.049 34.611
-11.044 34.607
-11.043 34.607
-11.031 34.603
-11.008 34.601
-10.99 34.604
-10.981 34.609
-10.974 34.615
-10.961 34.621
-10.947 34.636
-10.94 34.64
-10.931 34.641
-10.929 34.642
-10.92 34.646
-10.916 34.646
-10.912 34.65
-10.908 34.649
-10.896 34.641
-10.879 34.646
-10.856 34.642
-10.844 34.643
-10.832 34.648
-10.815 34.65
-10.811 34.65
-10.786 34.645
-10.776 34.647
-10.769 34.65
-10.758 34.652
-10.748 34.649
-10.729 34.638
-10.721 34.63
-10.717 34.622
-10.706 34.616
-10.699 34.619
-10.681 34.625
-10.673 34.622
-10.661 34.62
-10.645 34.611
-10.639 34.611
-10.631 34.607
-10.625 34.598
-10.605 34.587
-10.591 34.592
-10.59 34.592
-10.589 34.595
-10.589 34.598
-10.582 34.594
-10.564 34.566
-10.556 34.559
-10.549 34.555
-10.536 34.556
-10.528 34.553
-10.522 34.548
-10.522 34.558
-10.52 34.561
-10.517 34.558
-10.51 34.547
-10.505 34.549
-10.498 34.553
-10.48 34.571
-10.472 34.575
-10.467 34.576
-10.462 34.574
-10.457 34.568
-10.454 34.568
-10.448 34.571
-10.444 34.569
-10.439 34.563
-10.445 34.553
-10.441 34.551
-10.42 34.546
-10.416 34.542
-10.415 34.542
-10.388 34.542
-10.382 34.548
-10.353 34.552
-10.346 34.556
-10.327 34.56
-10.325 34.559
-10.308 34.57
-10.304 34.568
-10.296 34.57
-10.293 34.571
-10.271 34.568
-10.262 34.565
-10.255 34.558
-10.231 34.553
-10.209 34.556
-10.188 34.555
-10.175 34.551
-10.167 34.548
-10.158 34.543
-10.158 34.542
-10.144 34.536
-10.133 34.534
-10.122 34.528
-10.114 34.521
-10.113 34.521
-10.103 34.521
-10.101 34.518
-10.098 34.517
-10.093 34.52
-10.08 34.53
-10.064 34.539
-10.061 34.535
-10.057 34.535
-10.052 34.539
-10.048 34.536
-10.016 34.524
-10.001 34.514
-10 34.514
-9.994 34.51
-9.983 34.507
-9.976 34.502
-9.972 34.493
-9.967 34.489
-9.961 34.481
-9.959 34.478
-9.95 34.471
-9.941 34.458
-9.931 34.453
-9.901 34.429
-9.868 34.396
-9.865 34.394
-9.819 34.362
-9.806 34.345
-9.795 34.336
-9.787 34.331
-9.771 34.327
-9.766 34.325
-9.756 34.319
-9.74 34.306
-9.71 34.27
-9.687 34.248
-9.684 34.247
-9.682 34.246
-9.675 34.238
-9.642 34.204
-9.638 34.196
-9.612 34.175
-9.607 34.166
-9.597 34.155
-9.59 34.145
-9.586 34.138
-9.581 34.136
-9.558 34.112
-9.549 34.103
-9.543 34.092
-9.527 34.076
-9.524 34.067
-9.521 34.062
-9.512 34.058
-9.507 34.054
-9.506 34.053
-9.496 34.043
-9.492 34.036
-9.495 34.015
-9.495 34.014
-9.511 33.986
-9.528 33.965
-9.546 33.955
-9.548 33.954
-9.572 33.945
-9.581 33.946
-9.597 33.956
-9.598 33.956
-9.601 33.959
-9.605 33.959
-9.622 33.967
-9.627 33.967
-9.643 33.957
-9.664 33.955
-9.669 33.954
-9.678 33.95
-9.705 33.944
-9.706 33.943
-9.712 33.939
-9.707 33.931
-9.709 33.921
-9.703 33.914
-9.695 33.919
-9.691 33.917
-9.685 33.899
-9.677 33.888
-9.658 33.862
-9.656 33.858
-9.645 33.847
-9.642 33.843
-9.638 33.836
-9.637 33.828
-9.629 33.816
-9.621 33.815
-9.607 33.803
-9.605 33.791
-9.604 33.791
-9.588 33.776
-9.583 33.764
-9.583 33.755
-9.585 33.739
-9.587 33.73
-9.59 33.723
-9.6 33.714
-9.618 33.702
-9.611 33.692
-9.61 33.69
-9.608 33.685
-9.608 33.675
-9.609 33.669
-9.608 33.661
-9.602 33.651
-9.602 33.646
-9.606 33.629
-9.598 33.622
-9.597 33.614
-9.59 33.605
-9.588 33.598
-9.581 33.593
-9.581 33.588
-9.583 33.582
-9.587 33.577
-9.591 33.572
-9.591 33.553
-9.614 33.542
-9.618 33.532
-9.622 33.531
-9.622 33.525
-9.627 33.52
-9.627 33.513
-9.62 33.498
-9.625 33.489
-9.622 33.474
-9.619 33.465
-9.62 33.46
-9.613 33.44
-9.604 33.43
-9.6 33.429
-9.597 33.423
-9.593 33.419
-9.587 33.423
-9.578 33.423
-9.569 33.419
-9.558 33.41
-9.549 33.398
-9.543 33.395
-9.539 33.393
-9.536 33.389
-9.536 33.383
-9.524 33.371
-9.523 33.362
-9.522 33.358
-9.518 33.354
-9.508 33.348
-9.503 33.34
-9.492 33.33
-9.49 33.325
-9.491 33.317
-9.489 33.313
-9.488 33.308
-9.493 33.301
-9.492 33.292
-9.499 33.287
-9.501 33.282
-9.498 33.268
-9.488 33.261
-9.486 33.256
-9.489 33.252
-9.489 33.245
-9.493 33.238
-9.494 33.229
-9.496 33.225
-9.503 33.221
-9.509 33.21
-9.508 33.202
-9.506 33.197
-9.497 33.187
-9.498 33.174
-9.494 33.17
-9.495 33.153
-9.49 33.143
-9.483 33.135
-9.483 33.127
-9.48 33.123
-9.475 33.121
-9.464 33.111
-9.463 33.104
-9.454 33.096
-9.449 33.08
-9.448 33.078
-9.439 33.066
-9.419 33.047
-9.414 33.035
-9.408 33.027
-9.403 33.023
-9.394 33.02
-9.385 33.012
-9.378 33.011
-9.369 33.001
-9.368 32.996
-9.369 32.991
-9.371 32.989
-9.39 32.968
-9.395 32.967
-9.401 32.954
-9.4 32.932
-9.397 32.925
-9.379 32.911
-9.391 32.904
-9.389 32.896
-9.384 32.893
-9.366 32.892
-9.367 32.883
-9.374 32.867
-9.373 32.865
-9.372 32.861
-9.364 32.849
-9.354 32.828
-9.343 32.81
-9.328 32.8
-9.322 32.79
-9.318 32.784
-9.319 32.776
-9.318 32.768
-9.312 32.768
-9.307 32.766
-9.296 32.761
-9.285 32.752
-9.281 32.746
-9.28 32.736
-9.274 32.721
-9.273 32.709
-9.275 32.662
-9.274 32.654
-9.272 32.647
-9.258 32.619
-9.249 32.596
-9.246 32.584
-9.246 32.574
-9.254 32.551
-9.255 32.541
-9.248 32.539
-9.24 32.535
-9.191 32.499
-9.172 32.487
-9.153 32.494
-9.145 32.482
-9.141 32.476
-9.134 32.461
-9.132 32.448
-9.118 32.431
-9.121 32.412
-9.122 32.409
-9.121 32.402
-9.125 32.387
-9.126 32.373
-9.129 32.365
-9.13 32.362
-9.132 32.326
-9.13 32.309
-9.132 32.274
-9.134 32.267
-9.131 32.258
-9.125 32.247
-9.125 32.243
-9.123 32.241
-9.112 32.226
-9.103 32.207
-9.08 32.179
-9.075 32.171
-9.062 32.161
-9.064 32.147
-9.063 32.136
-9.061 32.122
-9.056 32.109
-9.051 32.091
-9.051 32.061
-9.057 32.032
-9.062 32.016
-9.066 32.015
-9.068 32.015
-9.072 32.009
-9.076 31.996
-9.071 31.984
-9.065 31.973
-9.06 31.97
-9.053 31.961
-9.037 31.954
-9.028 31.945
-9.018 31.937
-9.012 31.939
-9.006 31.939
-9.001 31.937
-8.983 31.931
-8.959 31.938
-8.942 31.947
-8.937 31.947
-8.913 31.894
-8.913 31.893
-8.904 31.868
-8.893 31.83
-8.892 31.83
-8.89 31.822
-8.889 31.804
-8.891 31.78
-8.894 31.771
-8.895 31.766
-8.903 31.757
-8.915 31.749
-8.919 31.739
-8.92 31.738
-8.923 31.735
-8.916 31.729
-8.915 31.725
-8.917 31.709
-8.916 31.7
-8.912 31.692
-8.911 31.68
-8.905 31.674
-8.897 31.669
-8.88 31.659
-8.868 31.629
-8.858 31.61
-8.847 31.6
-8.846 31.598
-8.839 31.585
-8.824 31.576
-8.82 31.575
-8.809 31.57
-8.787 31.579
-8.761 31.583
-8.746 31.582
-8.71 31.57
-8.702 31.563
-8.69 31.552
-8.688 31.542
-8.684 31.536
-8.681 31.527
-8.683 31.504
-8.685 31.497
-8.684 31.49
-8.663 31.475
-8.655 31.474
-8.647 31.465
-8.64 31.459
-8.638 31.452
-8.64 31.44
-8.638 31.413
-8.633 31.405
-8.631 31.398
-8.622 31.392
-8.605 31.386
-8.599 31.378
-8.587 31.375
-8.588 31.372
-8.589 31.364
-8.593 31.362
-8.6 31.364
-8.607 31.363
-8.608 31.361
-8.608 31.357
-8.616 31.35
-8.616 31.347
-8.612 31.335
-8.618 31.328
-8.612 31.324
-8.609 31.32
-8.613 31.31
-8.63 31.294
-8.631 31.281
-8.632 31.275
-8.624 31.266
-8.619 31.264
-8.614 31.259
-8.605 31.257
-8.601 31.253
-8.599 31.248
-8.598 31.237
-8.59 31.227
-8.587 31.211
-8.588 31.21
-8.594 31.193
-8.597 31.188
-8.606 31.184
-8.607 31.183
-8.61 31.18
-8.626 31.16
-8.631 31.15
-8.633 31.136
-8.63 31.1
-8.622 31.078
-8.615 31.069
-8.608 31.059
-8.606 31.05
-8.592 31.028
-8.577 31.011
-8.538 30.978
-8.534 30.976
-8.53 30.974
-8.506 30.953
-8.498 30.95
-8.474 30.932
-8.451 30.911
-8.434 30.899
-8.418 30.887
-8.409 30.878
-8.333 30.823
-8.311 30.807
-8.26 30.789
-8.224 30.774
-8.213 30.769
-8.185 30.756
-8.179 30.757
-8.142 30.749
-8.11 30.739
-8.103 30.733
-8.095 30.728
-8.065 30.711
-8.007 30.684
-8 30.68
-7.981 30.652
-7.958 30.646
-7.933 30.639
-7.897 30.627
-7.838 30.606
-7.751 30.575
-7.719 30.562
-7.667 30.541
-7.661 30.54
-7.62 30.522
-7.603 30.514
-7.534 30.479
-7.489 30.459
-7.479 30.454
-7.418 30.423
-7.375 30.405
-7.361 30.399
-7.292 30.375
-7.282 30.369
-7.257 30.362
-7.248 30.359
-7.155 30.309
-7.144 30.306
-7.136 30.303
-7.075 30.271
-7.049 30.255
-7.033 30.245
-7.022 30.239
-7.017 30.233
-6.995 30.221
-6.94 30.184
-6.929 30.174
-6.89 30.141
-6.848 30.095
-6.838 30.087
-6.836 30.085
-6.793 30.023
-6.775 30
-6.764 29.985
-6.762 29.982
-6.751 29.963
-6.708 29.906
-6.689 29.883
-6.643 29.827
-6.609 29.792
-6.605 29.789
-6.597 29.783
-6.587 29.774
-6.554 29.747
-6.504 29.713
-6.442 29.672
-6.426 29.664
-6.413 29.655
-6.396 29.648
-6.338 29.624
-6.323 29.621
-6.304 29.612
-6.279 29.603
-6.252 29.595
-6.22 29.589
-6.155 29.58
-6.147 29.579
-6.102 29.578
-6.028 29.578
-5.963 29.578
-5.942 29.581
-5.903 29.589
-5.856 29.6
-5.809 29.605
-5.778 29.607
-5.768 29.607
-5.751 29.605
-5.664 29.599
-5.652 29.596
-5.619 29.588
-5.556 29.576
-5.536 29.568
-5.53 29.567
-5.515 29.564
-5.508 29.561
-5.502 29.558
-5.475 29.55
-5.415 29.53
-5.41 29.527
-5.399 29.522
-5.344 29.501
-5.337 29.495
-5.295 29.476
-5.271 29.466
-5.203 29.439
-5.177 29.429
-5.124 29.41
-5.092 29.401
-5.069 29.392
-5.058 29.389
-5 29.371
-4.956 29.358
-4.936 29.354
-4.854 29.337
-4.812 29.333
-4.774 29.329
-4.699 29.327
-4.686 29.33
-4.651 29.336
-4.568 29.372
-4.567 29.372
-4.541 29.386
-4.505 29.394
-4.445 29.391
-4.445 29.472
-4.444 29.563
-4.444 29.598
-4.445 29.655
-4.449 29.672
-4.454 29.687
-4.457 29.697
-4.453 29.719
-4.454 29.722
-4.455 29.725
-4.463 29.738
-4.466 29.75
-4.465 29.757
-4.459 29.765
-4.454 29.766
-4.433 29.763
-4.429 29.765
-4.413 29.775
-4.399 29.796
-4.395 29.797
-4.384 29.8
-4.376 29.8
-4.371 29.801
-4.365 29.805
-4.361 29.81
-4.359 29.815
-4.359 29.821
-4.365 29.83
-4.363 29.836
-4.364 29.838
-4.376 29.844
-4.377 29.846
-4.378 29.855
-4.375 29.868
-4.366 29.872
-4.363 29.875
-4.363 29.879
-4.361 29.88
-4.355 29.885
-4.354 29.888
-4.355 29.898
-4.345 29.919
-4.339 29.935
-4.331 29.943
-4.322 29.954
-4.307 29.962
-4.3 29.968
-4.298 29.98
-4.298 29.983
-4.3 29.985
-4.295 29.99
-4.296 29.996
-4.293 30
-4.293 30.001
-4.277 30.016
-4.273 30.035
-4.268 30.035
-4.261 30.04
-4.253 30.04
-4.256 30.05
-4.252 30.052
-4.244 30.046
-4.242 30.047
-4.239 30.053
-4.234 30.052
-4.232 30.053
-4.231 30.053
-4.222 30.051
-4.217 30.052
-4.213 30.056
-4.207 30.055
-4.203 30.057
-4.198 30.063
-4.194 30.063
-4.189 30.07
-4.182 30.071
-4.177 30.074
-4.165 30.075
-4.159 30.083
-4.154 30.1
-4.143 30.119
-4.138 30.127
-4.093 30.17
-4.093 30.171
-4.092 30.173
-4.086 30.177
-4.051 30.193
-4.042 30.209
-4.027 30.22
-4.017 30.221
-4.005 30.218
-3.995 30.218
-3.986 30.223
-3.984 30.224
-3.963 30.229
-3.95 30.234
-3.934 30.238
-3.93 30.24
-3.921 30.252
-3.888 30.26
-3.884 30.264
-3.879 30.275
-3.879 30.276
-3.865 30.291
-3.86 30.301
-3.843 30.31
-3.829 30.311
-3.823 30.319
-3.82 30.321
-3.806 30.322
-3.792 30.324
-3.785 30.33
-3.78 30.338
-3.779 30.341
-3.772 30.348
-3.77 30.351
-3.775 30.361
-3.772 30.373
-3.775 30.376
-3.774 30.379
-3.779 30.383
-3.785 30.384
-3.785 30.388
-3.789 30.393
-3.789 30.397
-3.793 30.399
-3.789 30.402
-3.785 30.402
-3.777 30.405
-3.768 30.406
-3.752 30.403
-3.749 30.402
-3.716 30.391
-3.711 30.394
-3.706 30.394
-3.69 30.398
-3.679 30.405
-3.671 30.404
-3.665 30.406
-3.664 30.411
-3.662 30.412
-3.656 30.41
-3.653 30.413
-3.645 30.414
-3.642 30.417
-3.636 30.42
-3.631 30.425
-3.623 30.428
-3.616 30.434
-3.615 30.439
-3.603 30.445
-3.584 30.448
-3.577 30.448
-3.565 30.443
-3.556 30.443
-3.549 30.457
-3.537 30.468
-3.536 30.468
-3.52 30.48
-3.52 30.484
-3.512 30.488
-3.511 30.492
-3.515 30.5
-3.521 30.507
-3.522 30.512
-3.509 30.526
-3.497 30.533
-3.494 30.536
-3.49 30.558
-3.488 30.564
-3.482 30.574
-3.467 30.588
-3.463 30.597
-3.461 30.614
-3.43 30.654
-3.424 30.664
-3.42 30.667
-3.4 30.668
-3.391 30.665
-3.386 30.662
-3.378 30.646
-3.373 30.642
-3.361 30.637
-3.354 30.641
-3.334 30.661
-3.329 30.671
-3.324 30.675
-3.321 30.678
-3.318 30.684
-3.31 30.704
-3.306 30.723
-3.303 30.728
-3.297 30.732
-3.289 30.733
-3.284 30.735
-3.284 30.74
-3.289 30.748
-3.29 30.755
-3.28 30.779
-3.279 30.781
-3.275 30.798
-3.272 30.806
-3.259 30.83
-3.254 30.837
-3.249 30.836
-3.232 30.828
-3.222 30.827
-3.216 30.829
-3.209 30.836
-3.199 30.841
-3.198 30.841
-3.189 30.842
-3.164 30.848
-3.155 30.848
-3.139 30.842
-3.121 30.829
-3.109 30.827
-3.099 30.829
-3.091 30.829
-3.083 30.818
-3.078 30.808
-3.054 30.792
-3.05 30.792
-3.048 30.796
-3.041 30.801
-3.038 30.807
-3.024 30.813
-3.017 30.818
-2.998 30.831
-2.985 30.838
-2.977 30.846
-2.976 30.844
-2.973 30.835
-2.977 30.821
-2.978 30.813
-2.983 30.806
-2.982 30.8
-2.987 30.788
-2.987 30.78
-2.99 30.774
-2.993 30.769
-2.992 30.759
-2.997 30.744
-2.995 30.736
-2.991 30.723
-2.987 30.716
-2.973 30.702
-2.972 30.699
-2.98 30.683
-2.987 30.678
-2.993 30.672
-2.994 30.668
-2.992 30.666
-2.984 30.66
-2.981 30.656
-2.977 30.647
-2.974 30.646
-2.971 30.644
-2.957 30.644
-2.949 30.643
-2.929 30.612
-2.92 30.596
-2.916 30.587
-2.897 30.572
-2.896 30.569
-2.895 30.567
-2.904 30.562
-2.921 30.547
-2.94 30.526
-2.952 30.509
-2.953 30.504
-2.953 30.502
-2.948 30.485
-2.945 30.482
-2.926 30.468
-2.924 30.466
-2.922 30.459
-2.921 30.458
-2.916 30.462
-2.914 30.461
-2.912 30.458
-2.912 30.449
-2.903 30.438
-2.894 30.437
-2.887 30.434
-2.876 30.433
-2.874 30.43
-2.872 30.427
-2.874 30.422
-2.874 30.416
-2.87 30.412
-2.863 30.411
-2.862 30.405
-2.86 30.403
-2.857 30.407
-2.827 30.424
-2.824 30.425
-2.822 30.425
-2.817 30.423
-2.812 30.425
-2.812 30.431
-2.801 30.434
-2.8 30.437
-2.796 30.44
-2.782 30.444
-2.774 30.442
-2.768 30.443
-2.763 30.442
-2.756 30.436
-2.745 30.441
-2.738 30.455
-2.732 30.46
-2.726 30.461
-2.725 30.463
-2.719 30.465
-2.716 30.474
-2.719 30.479
-2.719 30.484
-2.718 30.486
-2.712 30.492
-2.696 30.503
-2.689 30.517
-2.677 30.525
-2.66 30.527
-2.656 30.526
-2.652 30.52
-2.653 30.515
-2.658 30.509
-2.669 30.498
-2.674 30.488
-2.684 30.469
-2.693 30.458
-2.691 30.452
-2.681 30.443
-2.678 30.432
-2.674 30.424
-2.669 30.42
-2.658 30.42
-2.654 30.422
-2.647 30.429
-2.635 30.436
-2.631 30.438
-2.582 30.465
-2.57 30.476
-2.547 30.484
-2.525 30.495
-2.52 30.497
-2.5 30.503
-2.469 30.516
-2.454 30.528
-2.433 30.54
-2.418 30.564
-2.417 30.572
-2.404 30.593
-2.398 30.608
-2.401 30.621
-2.402 30.632
-2.407 30.64
-2.412 30.649
-2.413 30.655
-2.411 30.66
-2.401 30.664
-2.391 30.676
-2.366 30.689
-2.363 30.693
-2.362 30.699
-2.357 30.708
-2.356 30.714
-2.361 30.728
-2.368 30.733
-2.376 30.739
-2.379 30.744
-2.382 30.757
-2.389 30.765
-2.389 30.77
-2.385 30.781
-2.376 30.79
-2.367 30.802
-2.367 30.816
-2.364 30.819
-2.351 30.827
-2.343 30.831
-2.328 30.84
-2.328 30.845
-2.323 30.847
-2.322 30.851
-2.317 30.855
-2.316 30.854
-2.314 30.849
-2.304 30.846
-2.289 30.852
-2.285 30.851
-2.275 30.847
-2.267 30.846
-2.23 30.843
-2.224 30.845
-2.214 30.845
-2.21 30.848
-2.202 30.847
-2.194 30.848
-2.183 30.852
-2.169 30.859
-2.151 30.864
-2.147 30.867
-2.141 30.873
-2.132 30.877
-2.112 30.881
-2.09 30.895
-2.079 30.896
-2.042 30.877
-2.039 30.874
-2.036 30.871
-2.021 30.86
-1.99 30.838
-1.928 30.805
-1.93 30.801
-1.931 30.794
-1.94 30.792
-1.937 30.787
-1.939 30.781
-1.937 30.78
-1.929 30.784
-1.925 30.788
-1.919 30.794
-1.919 30.801
-1.912 30.808
-1.902 30.811
-1.895 30.816
-1.889 30.817
-1.879 30.815
-1.868 30.824
-1.866 30.825
-1.862 30.827
-1.857 30.828
-1.846 30.826
-1.844 30.818
-1.841 30.814
-1.838 30.813
-1.829 30.822
-1.827 30.823
-1.812 30.824
-1.788 30.82
-1.781 30.821
-1.769 30.828
-1.761 30.831
-1.755 30.83
-1.749 30.829
-1.743 30.826
-1.734 30.812
-1.719 30.823
-1.713 30.821
-1.696 30.821
-1.682 30.818
-1.671 30.823
-1.667 30.831
-1.664 30.833
-1.647 30.83
-1.635 30.822
-1.595 30.795
-1.532 30.748
-1.527 30.744
-1.47 30.738
-1.456 30.735
-1.448 30.733
-1.433 30.72
-1.422 30.703
-1.419 30.699
-1.402 30.681
-1.4 30.673
-1.392 30.67
-1.391 30.663
-1.374 30.614
-1.355 30.606
-1.354 30.605
-1.349 30.601
-1.348 30.598
-1.349 30.587
-1.343 30.574
-1.339 30.56
-1.329 30.558
-1.309 30.547
-1.302 30.548
-1.29 30.551
-1.283 30.547
-1.271 30.539
-1.257 30.536
-1.245 30.533
-1.223 30.52
-1.209 30.517
-1.205 30.512
-1.198 30.511
-1.195 30.506
-1.19 30.506
-1.185 30.504
-1.173 30.498
-1.171 30.494
-1.169 30.469
-1.168 30.467
-1.152 30.464
-1.126 30.474
-1.124 30.472
-1.123 30.464
-1.12 30.457
-1.114 30.453
-1.111 30.452
-1.103 30.455
-1.092 30.458
-1.088 30.457
-1.062 30.477
-1.068 30.5
-1.077 30.521
-1.077 30.529
-1.071 30.558
-1.073 30.57
-1.07 30.59
-1.07 30.599
-1.071 30.614
-1.074 30.622
-1.075 30.629
-1.072 30.642
-1.066 30.654
-1.061 30.659
-1.046 30.666
-1.033 30.675
-1.022 30.687
-1.016 30.698
-1.017 30.714
-1.013 30.727
-1.006 30.738
-1.005 30.745
-0.995 30.757
-0.991 30.769
-0.991 30.781
-1 30.8
-1 30.802
-0.998 30.885
-1 30.906
-0.998 30.918
-0.999 30.923
-0.999 30.927
-0.993 31
-0.993 31.033
-0.992 31.036
-0.993 31.122
-0.993 31.195
-0.991 31.204
-0.993 31.22
-0.992 31.247
-0.992 31.248
-0.993 31.262
-0.991 31.269
-0.994 31.292
-0.993 31.373
-0.993 31.424
-0.994 31.498
-0.995 31.541
-0.993 31.584
-0.993 31.624
-0.993 31.676
-0.995 31.692
-0.993 31.701
-0.994 31.749
-0.994 31.812
-0.993 31.829
-0.995 31.832
-0.993 31.86
-0.993 31.874
-0.993 31.939
-0.992 31.96
-0.993 31.96
-0.993 31.999
-0.993 32.005
-0.995 32.013
-0.993 32.032
-0.993 32.111
-0.993 32.124
-0.992 32.14
-0.993 32.25
-0.993 32.29
-0.994 32.313
-0.995 32.316
-0.994 32.331
-0.993 32.331
-0.993 32.374
-0.993 32.444
-0.995 32.471
-0.993 32.488
-0.994 32.499
-0.995 32.564
-0.994 32.564
-0.993 32.589
-0.993 32.624
-0.993 32.711
-0.992 32.724
-0.994 32.729
-0.993 32.749
-0.993 32.79
-0.993 32.874
-0.994 32.875
-0.996 32.888
-0.994 32.905
-0.995 32.94
-0.993 32.966
-0.993 33
-0.992 33.047
-0.993 33.125
-0.994 33.192
-0.993 33.251
-0.992 33.334
-0.994 33.341
-0.994 33.376
-0.994 33.464
-0.995 33.477
-0.994 33.477
-0.994 33.494
-0.995 33.498
-0.995 33.501
-0.994 33.527
-0.996 33.535
-0.993 33.558
-0.994 33.617
-0.994 33.626
-0.993 33.635
-0.997 33.658
-0.994 33.676
-0.995 33.689
-0.994 33.7
-0.996 33.751
-0.996 33.764
-0.994 33.78
-0.995 33.799
-0.995 33.805
-0.994 33.84
-0.994 33.925
-0.994 34.024
-0.996 34.029
-1.006 34.032
-1.011 34.028
-1.027 34.027
-1.033 34.028
-1.039 34.036
-1.039 34.044
-1.025 34.08
-1.023 34.099
-1.025 34.105
-1.031 34.116
-1.032 34.119
-1.063 34.17
-1.068 34.181
-1.095 34.227
-1.106 34.246
-1.11 34.257
-1.134 34.295
-1.157 34.337
-1.219 34.446
-1.249 34.501
-1.266 34.528
-1.282 34.555
-1.324 34.631
-1.344 34.665
-1.349 34.673
-1.357 34.691
-1.406 34.774
-1.421 34.8
-1.432 34.822
-1.468 34.883
-1.481 34.908
-1.482 34.911
-1.485 34.914
-1.5 34.938
-1.507 34.955
-1.519 34.973
-1.53 34.992
-1.534 35
-1.567 35.058
-1.575 35.071
-1.582 35.087
-1.592 35.102
-1.593 35.103
-1.636 35.181
-1.644 35.198
-1.651 35.208
-1.653 35.211
-1.694 35.283
-1.714 35.321
-1.714 35.322
-1.726 35.341
-1.729 35.348
-1.748 35.379
-1.766 35.412
-1.77 35.421
-1.776 35.431
-1.784 35.443
-1.793 35.463
-1.797 35.466
-1.812 35.492
-1.838 35.54
-1.859 35.58
-1.862 35.587
-1.878 35.612
-1.898 35.65
-1.935 35.719
-1.942 35.731
-1.95 35.74
-1.959 35.757
-1.961 35.759
-2.003 35.837
-2.01 35.853
-2.021 35.869
-2.024 35.874
-2.067 35.953
-2.084 35.978
-2.085 35.981
-2.146 36.088
-2.15 36.094
-2.155 36.107
-2.171 36.132
-2.207 36.198
-2.234 36.246
-2.238 36.251
-2.241 36.257
-2.255 36.277
-2.291 36.346
-2.3 36.36
-2.314 36.382
-2.326 36.408
-2.344 36.437
-2.361 36.47
-2.365 36.477
-2.41 36.554
-2.424 36.579
-2.432 36.593
-2.437 36.606
-2.445 36.619
-2.447 36.621
-2.453 36.634
-2.48 36.677
-2.486 36.688
-2.53 36.771
-2.536 36.779
-2.547 36.798
-2.588 36.872
-2.602 36.896
-2.607 36.901
-2.61 36.907
-2.624 36.937
-2.659 36.996
-2.666 37.005
-2.667 37.012
-2.67 37.017
-2.696 37.064
-2.734 37.132
-2.735 37.138
-2.748 37.157
-2.754 37.169
-2.756 37.174
-2.81 37.272
-2.817 37.284
-2.833 37.31
-2.839 37.325
-2.878 37.394
-2.885 37.407
-2.911 37.458
-2.918 37.467
-2.927 37.484
-2.94 37.504
-2.989 37.582
-3 37.595
-3.008 37.609
-3.009 37.609
-3.048 37.665
-3.057 37.675
-3.101 37.683
-3.192 37.698
-3.21 37.7
-3.225 37.704
-3.23 37.705
-3.295 37.716
-3.309 37.711
-3.354 37.667
-3.373 37.645
-3.396 37.624
-3.405 37.614
-3.409 37.612
-3.415 37.606
-3.428 37.598
-3.44 37.592
-3.448 37.59
-3.453 37.591
-3.458 37.595
-3.457 37.602
-3.455 37.618
-3.461 37.627
-3.466 37.627
-3.473 37.626
-3.497 37.608
-3.506 37.605
-3.515 37.605
-3.52 37.608
-3.52 37.617
-3.512 37.64
-3.505 37.665
-3.505 37.679
-3.509 37.693
-3.519 37.7
-3.536 37.738
-3.545 37.749
-3.554 37.755
-3.564 37.758
-3.689 37.811
-3.744 37.894
-3.759 37.914
-3.767 37.923
-3.81 37.987
-3.812 37.992
-3.816 37.994
-3.832 38.016
-3.906 38.118
-3.917 38.133
-3.918 38.138
-3.936 38.159
-3.98 38.22
-4.002 38.251
-4.007 38.262
-4.024 38.282
-4.047 38.316
-4.053 38.323
-4.086 38.367
-4.111 38.404
-4.115 38.406
-4.127 38.425
-4.145 38.454
-4.196 38.53
-4.202 38.539
-4.269 38.633
-4.27 38.635
-4.327 38.718
-4.332 38.729
-4.339 38.738
-4.346 38.746
-4.356 38.762
-4.371 38.78
-4.412 38.841
-4.448 38.893
-4.484 38.945
-4.535 39.018
-4.552 39.04
-4.557 39.047
-4.592 39.099
-4.595 39.106
-4.608 39.122
-4.613 39.132
-4.623 39.144
-4.628 39.151
-4.678 39.222
segment Tanzania
-4.913 39.722
-4.909 39.723
-4.906 39.726
-4.905 39.735
-4.907 39.742
-4.917 39.755
-4.928 39.763
-4.932 39.769
-4.933 39.771
-4.928 39.778
-4.931 39.781
-4.932 39.786
-4.943 39.789
-4.963 39.8
-4.965 39.802
-4.964 39.804
-4.964 39.807
-4.97 39.813
-4.974 39.814
-4.985 39.812
-4.984 39.814
-4.987 39.824
-4.985 39.828
-4.979 39.827
-4.975 39.824
-4.972 39.818
-4.965 39.816
-4.956 39.821
-4.956 39.826
-4.952 39.829
-4.943 39.83
-4.941 39.833
-4.944 39.838
-4.946 39.839
-4.953 39.835
-4.955 39.833
-4.959 39.832
-4.962 39.834
-4.966 39.834
-4.968 39.829
-4.971 39.83
-4.968 39.837
-4.965 39.84
-4.961 39.842
-4.959 39.844
-4.96 39.845
-4.966 39.845
-4.967 39.846
-4.965 39.848
-4.958 39.851
-4.952 39.851
-4.942 39.85
-4.933 39.853
-4.924 39.849
-4.919 39.851
-4.917 39.856
-4.915 39.858
-4.911 39.857
-4.904 39.862
-4.901 39.862
-4.891 39.861
-4.89 39.864
-4.899 39.872
-4.905 39.874
-4.926 39.87
-4.941 39.87
-4.953 39.87
-4.981 39.876
-4.994 39.875
-5 39.873
-5.013 39.871
-5.02 39.868
-5.023 39.865
-5.022 39.86
-5.014 39.853
-5.018 39.849
-5.024 39.851
-5.028 39.85
-5.03 39.847
-5.029 39.845
-5.025 39.845
-5.019 39.845
-5.015 39.843
-5.016 39.84
-5.034 39.84
-5.042 39.837
-5.058 39.834
-5.064 39.834
-5.072 39.836
-5.077 39.838
-5.081 39.836
-5.084 39.83
-5.096 39.827
-5.103 39.827
-5.106 39.828
-5.107 39.833
-5.119 39.835
-5.127 39.83
-5.134 39.828
-5.138 39.835
-5.137 39.848
-5.134 39.85
-5.123 39.846
-5.109 39.852
-5.108 39.856
-5.112 39.859
-5.112 39.865
-5.117 39.867
-5.144 39.866
-5.148 39.863
-5.155 39.864
-5.162 39.862
-5.169 39.858
-5.172 39.856
-5.175 39.861
-5.179 39.862
-5.187 39.86
-5.194 39.863
-5.2 39.86
-5.206 39.863
-5.22 39.857
-5.235 39.857
-5.25 39.851
-5.251 39.842
-5.255 39.838
-5.259 39.843
-5.264 39.844
-5.267 39.842
-5.268 39.834
-5.271 39.827
-5.272 39.819
-5.275 39.816
-5.277 39.821
-5.274 39.839
-5.276 39.842
-5.28 39.843
-5.293 39.836
-5.305 39.832
-5.308 39.827
-5.312 39.826
-5.322 39.817
-5.333 39.816
-5.327 39.811
-5.327 39.809
-5.335 39.808
-5.339 39.809
-5.347 39.815
-5.368 39.811
-5.367 39.805
-5.368 39.799
-5.375 39.796
-5.384 39.79
-5.387 39.786
-5.389 39.777
-5.393 39.781
-5.401 39.776
-5.401 39.772
-5.398 39.768
-5.398 39.763
-5.401 39.76
-5.41 39.774
-5.416 39.778
-5.422 39.772
-5.436 39.763
-5.435 39.76
-5.429 39.756
-5.428 39.751
-5.419 39.743
-5.423 39.737
-5.427 39.736
-5.428 39.733
-5.423 39.728
-5.422 39.724
-5.423 39.722
-5.429 39.722
-5.429 39.72
-5.427 39.715
-5.428 39.712
-5.43 39.71
-5.433 39.713
-5.435 39.719
-5.437 39.72
-5.441 39.719
-5.445 39.711
-5.445 39.708
-5.44 39.709
-5.436 39.708
-5.435 39.706
-5.436 39.698
-5.434 39.692
-5.426 39.687
-5.424 39.685
-5.424 39.677
-5.424 39.672
-5.426 39.657
-5.428 39.653
-5.427 39.649
-5.422 39.645
-5.413 39.641
-5.4 39.641
-5.395 39.64
-5.388 39.642
-5.382 39.647
-5.371 39.646
-5.361 39.651
-5.357 39.649
-5.346 39.654
-5.344 39.653
-5.342 39.648
-5.339 39.648
-5.336 39.652
-5.335 39.653
-5.327 39.658
-5.328 39.66
-5.334 39.662
-5.336 39.664
-5.334 39.68
-5.335 39.683
-5.347 39.687
-5.349 39.692
-5.346 39.693
-5.343 39.691
-5.34 39.697
-5.335 39.697
-5.331 39.688
-5.327 39.684
-5.319 39.683
-5.316 39.678
-5.307 39.681
-5.304 39.681
-5.304 39.679
-5.309 39.676
-5.308 39.673
-5.295 39.669
-5.289 39.661
-5.285 39.664
-5.284 39.67
-5.287 39.679
-5.291 39.681
-5.291 39.685
-5.285 39.691
-5.282 39.695
-5.282 39.705
-5.286 39.711
-5.285 39.717
-5.292 39.725
-5.29 39.727
-5.287 39.727
-5.279 39.721
-5.279 39.717
-5.281 39.713
-5.28 39.711
-5.275 39.707
-5.279 39.701
-5.276 39.698
-5.272 39.696
-5.264 39.695
-5.257 39.691
-5.254 39.691
-5.252 39.694
-5.255 39.702
-5.254 39.707
-5.26 39.709
-5.26 39.712
-5.257 39.715
-5.259 39.721
-5.251 39.72
-5.248 39.721
-5.241 39.727
-5.24 39.73
-5.242 39.731
-5.248 39.735
-5.244 39.738
-5.245 39.743
-5.251 39.75
-5.252 39.754
-5.255 39.757
-5.263 39.761
-5.264 39.763
-5.263 39.767
-5.262 39.766
-5.257 39.767
-5.254 39.767
-5.249 39.757
-5.246 39.757
-5.248 39.765
-5.25 39.771
-5.248 39.774
-5.245 39.772
-5.242 39.766
-5.24 39.756
-5.239 39.742
-5.234 39.742
-5.23 39.743
-5.23 39.738
-5.235 39.732
-5.234 39.728
-5.211 39.702
-5.212 39.694
-5.217 39.679
-5.216 39.674
-5.206 39.66
-5.203 39.656
-5.202 39.652
-5.198 39.65
-5.193 39.651
-5.189 39.648
-5.188 39.653
-5.189 39.662
-5.192 39.665
-5.2 39.663
-5.205 39.666
-5.208 39.674
-5.212 39.677
-5.212 39.682
-5.207 39.686
-5.207 39.689
-5.202 39.692
-5.205 39.699
-5.204 39.707
-5.207 39.712
-5.206 39.717
-5.21 39.719
-5.211 39.721
-5.201 39.725
-5.2 39.73
-5.208 39.737
-5.209 39.741
-5.206 39.743
-5.2 39.742
-5.194 39.742
-5.191 39.742
-5.19 39.739
-5.188 39.739
-5.186 39.741
-5.186 39.747
-5.181 39.751
-5.179 39.751
-5.177 39.752
-5.173 39.751
-5.172 39.745
-5.17 39.745
-5.158 39.748
-5.154 39.747
-5.155 39.745
-5.152 39.743
-5.151 39.745
-5.146 39.742
-5.146 39.74
-5.154 39.736
-5.156 39.738
-5.158 39.736
-5.156 39.733
-5.165 39.723
-5.169 39.719
-5.169 39.716
-5.164 39.717
-5.158 39.717
-5.143 39.723
-5.14 39.722
-5.147 39.712
-5.145 39.709
-5.141 39.71
-5.135 39.716
-5.132 39.716
-5.13 39.714
-5.132 39.704
-5.136 39.697
-5.134 39.692
-5.134 39.691
-5.123 39.687
-5.119 39.692
-5.117 39.698
-5.114 39.701
-5.111 39.696
-5.1 39.689
-5.096 39.69
-5.088 39.696
-5.077 39.698
-5.078 39.702
-5.076 39.703
-5.069 39.704
-5.07 39.712
-5.071 39.714
-5.076 39.714
-5.077 39.715
-5.074 39.725
-5.076 39.732
-5.075 39.736
-5.072 39.736
-5.069 39.732
-5.068 39.726
-5.07 39.72
-5.063 39.72
-5.058 39.716
-5.059 39.711
-5.053 39.708
-5.048 39.7
-5.052 39.694
-5.051 39.69
-5.047 39.684
-5.047 39.678
-5.042 39.675
-5.039 39.677
-5.037 39.683
-5.031 39.685
-5.03 39.687
-5.032 39.694
-5.029 39.696
-5.017 39.696
-5.01 39.694
-5.011 39.691
-5.017 39.689
-5.014 39.685
-5.016 39.678
-5.013 39.675
-5.009 39.675
-5.007 39.673
-5.004 39.672
-5.003 39.673
-5 39.675
-4.992 39.68
-4.985 39.676
-4.985 39.683
-4.98 39.684
-4.982 39.689
-4.978 39.691
-4.977 39.693
-4.983 39.695
-4.985 39.698
-4.983 39.702
-4.985 39.704
-4.984 39.708
-4.99 39.712
-4.992 39.715
-4.988 39.716
-4.978 39.713
-4.971 39.715
-4.971 39.706
-4.968 39.696
-4.966 39.701
-4.962 39.698
-4.962 39.688
-4.95 39.681
-4.955 39.678
-4.952 39.675
-4.926 39.675
-4.921 39.676
-4.896 39.682
-4.881 39.679
-4.876 39.679
-4.869 39.681
-4.865 39.685
-4.866 39.686
-4.869 39.687
-4.879 39.686
-4.884 39.686
-4.907 39.701
-4.91 39.707
-4.91 39.717
-4.912 39.72
-4.916 39.715
-4.918 39.707
-4.914 39.695
-4.915 39.692
-4.917 39.691
-4.92 39.692
-4.919 39.697
-4.923 39.703
-4.921 39.713
-4.924 39.717
-4.921 39.72
-4.913 39.722
segment Tanzania
-4.938 39.839
-4.934 39.837
-4.931 39.838
-4.927 39.836
-4.922 39.839
-4.914 39.835
-4.908 39.839
-4.911 39.842
-4.915 39.843
-4.922 39.842
-4.928 39.844
-4.937 39.84
-4.938 39.839
segment Tanzania
-4.951 39.821
-4.951 39.818
-4.946 39.818
-4.94 39.814
-4.936 39.816
-4.928 39.816
-4.93 39.823
-4.932 39.825
-4.937 39.824
-4.941 39.826
-4.951 39.821
segment Tanzania
-5 39.668
-4.998 39.661
-4.992 39.659
-4.98 39.661
-4.968 39.665
-4.962 39.667
-4.96 39.67
-4.968 39.673
-4.977 39.671
-4.988 39.667
-4.997 39.669
-5 39.668
segment Tanzania
-5.015 39.166
-5.013 39.163
-5.011 39.163
-5.006 39.163
-5.005 39.167
-5.011 39.17
-5.014 39.169
-5.015 39.166
segment Tanzania
-5.081 39.643
-5.092 39.644
-5.093 39.64
-5.088 39.637
-5.081 39.637
-5.068 39.641
-5.042 39.648
-5.03 39.648
-5.016 39.656
-5.011 39.655
-5.007 39.656
-5.005 39.658
-5.005 39.662
-5.01 39.664
-5.019 39.661
-5.032 39.656
-5.041 39.656
-5.066 39.651
-5.078 39.643
-5.081 39.643
segment Tanzania
-5.057 39.85
-5.041 39.859
-5.039 39.862
-5.057 39.863
-5.061 39.865
-5.063 39.873
-5.066 39.874
-5.067 39.874
-5.076 39.873
-5.103 39.863
-5.103 39.86
-5.099 39.856
-5.102 39.852
-5.098 39.846
-5.1 39.842
-5.098 39.839
-5.096 39.84
-5.094 39.843
-5.083 39.854
-5.074 39.86
-5.069 39.86
-5.064 39.857
-5.056 39.857
-5.058 39.853
-5.057 39.85
segment Tanzania
-5.044 39.661
-5.044 39.663
-5.049 39.664
-5.057 39.662
-5.058 39.657
-5.056 39.657
-5.049 39.661
-5.046 39.66
-5.044 39.661
segment Tanzania
-5.11 39.158
-5.108 39.158
-5.105 39.156
-5.102 39.156
-5.099 39.16
-5.087 39.165
-5.086 39.169
-5.089 39.17
-5.102 39.168
-5.117 39.171
-5.122 39.171
-5.125 39.168
-5.125 39.163
-5.114 39.158
-5.11 39.158
segment Tanzania
-6.903 39.928
-6.9 39.929
-6.899 39.932
-6.9 39.934
-6.904 39.935
-6.906 39.934
-6.908 39.931
-6.907 39.929
-6.903 39.928
