segment Western Sahara
23.553 -16.011
23.555 -16.013
23.56 -16.008
23.565 -16.007
23.566 -16.005
23.562 -16.003
23.557 -16.005
23.554 -16.008
23.553 -16.011
segment Western Sahara
23.53 -16.008
23.542 -16.013
23.544 -16.012
23.54 -16.007
23.533 -16.005
23.53 -16.006
23.53 -16.008
segment Western Sahara
23.507 -15.994
23.508 -15.996
23.519 -16.002
23.523 -16.003
23.522 -15.998
23.511 -15.993
23.507 -15.994
segment Western Sahara
27.667 -13.169
27.667 -13.027
27.668 -12.885
27.668 -12.743
27.668 -12.601
27.668 -12.5
27.668 -12.46
27.669 -12.318
27.669 -12.176
27.67 -12.034
27.67 -11.892
27.67 -11.784
27.669 -11.75
27.667 -11.609
27.666 -11.546
27.666 -11.467
27.668 -11.325
27.668 -11.307
27.667 -11.183
27.666 -11.067
27.666 -11.041
27.667 -10.899
27.667 -10.828
27.666 -10.758
27.666 -10.708
27.666 -10.616
27.667 -10.474
27.667 -10.332
27.667 -10.19
27.667 -10.048
27.667 -10
27.667 -9.907
27.666 -9.765
27.666 -9.631
27.666 -9.623
27.664 -9.512
27.664 -9.481
27.665 -9.339
27.665 -9.197
27.665 -9.056
27.665 -8.914
27.665 -8.772
27.665 -8.73
27.662 -8.67
27.608 -8.672
27.551 -8.672
27.447 -8.671
27.424 -8.672
27.298 -8.674
27.288 -8.672
27.208 -8.673
27.172 -8.672
27.127 -8.671
27.046 -8.673
26.919 -8.673
26.793 -8.673
26.667 -8.672
26.541 -8.672
26.414 -8.672
26.304 -8.672
26.288 -8.672
26.162 -8.673
26.036 -8.674
25.998 -8.674
25.997 -8.772
25.997 -8.911
25.997 -8.979
25.998 -9.051
25.999 -9.191
25.999 -9.284
25.999 -9.33
25.998 -9.47
25.998 -9.487
26 -9.563
25.999 -9.61
25.998 -9.686
25.999 -9.697
25.999 -9.749
25.998 -9.888
25.998 -9.889
25.998 -10
25.999 -10.029
25.999 -10.168
26 -10.218
25.999 -10.308
25.999 -10.374
25.999 -10.448
26 -10.587
26 -10.686
26 -10.727
25.998 -10.841
25.999 -10.867
25.999 -11.006
25.999 -11.146
25.998 -11.286
25.998 -11.305
25.999 -11.426
25.999 -11.565
25.998 -11.705
25.998 -11.845
25.998 -11.919
25.998 -11.984
25.999 -12.004
25.89 -12.005
25.863 -12.005
25.764 -12.004
25.729 -12.003
25.638 -12.004
25.512 -12.004
25.385 -12.004
25.259 -12.005
25.133 -12.005
25.007 -12.006
25 -12.006
24.881 -12.006
24.787 -12.006
24.755 -12.006
24.629 -12.004
24.513 -12.003
24.503 -12.003
24.379 -12.005
24.376 -12.005
24.25 -12.003
24.239 -12.003
24.124 -12.004
24.105 -12.004
24.003 -12.001
24 -12
23.9 -12
23.8 -12
23.7 -12
23.6 -12
23.5 -12
23.455 -12
23.448 -12.038
23.446 -12.06
23.444 -12.076
23.444 -12.124
23.435 -12.196
23.435 -12.202
23.43 -12.258
23.428 -12.31
23.426 -12.333
23.422 -12.37
23.415 -12.464
23.415 -12.469
23.403 -12.605
23.391 -12.74
23.391 -12.741
23.388 -12.76
23.384 -12.768
23.378 -12.774
23.379 -12.776
23.362 -12.807
23.35 -12.825
23.329 -12.85
23.326 -12.853
23.286 -12.892
23.282 -12.899
23.231 -12.942
23.213 -12.957
23.127 -13.018
23.127 -13.019
23.083 -13.046
23.059 -13.059
23.014 -13.077
22.995 -13.085
22.892 -13.111
22.786 -13.138
22.769 -13.142
22.752 -13.145
22.731 -13.146
22.649 -13.138
22.643 -13.137
22.628 -13.134
22.558 -13.129
22.518 -13.124
22.392 -13.112
22.336 -13.106
22.267 -13.098
22.209 -13.092
22.141 -13.086
22.115 -13.084
22.091 -13.08
22.015 -13.072
21.929 -13.064
21.89 -13.06
21.874 -13.058
21.86 -13.059
21.854 -13.056
21.84 -13.055
21.82 -13.055
21.814 -13.053
21.765 -13.049
21.744 -13.047
21.73 -13.044
21.71 -13.045
21.703 -13.042
21.64 -13.036
21.593 -13.032
21.542 -13.025
21.521 -13.025
21.517 -13.023
21.514 -13.023
21.451 -13.014
21.389 -13.008
21.331 -13.002
21.332 -13.074
21.333 -13.109
21.333 -13.143
21.332 -13.15
21.334 -13.202
21.334 -13.209
21.336 -13.344
21.337 -13.43
21.337 -13.478
21.338 -13.613
21.339 -13.748
21.34 -13.883
21.341 -14.018
21.342 -14.152
21.342 -14.223
21.341 -14.233
21.342 -14.287
21.342 -14.422
21.343 -14.548
21.343 -14.557
21.342 -14.582
21.344 -14.596
21.343 -14.644
21.342 -14.652
21.343 -14.691
21.343 -14.723
21.342 -14.737
21.344 -14.826
21.344 -14.828
21.344 -14.961
21.344 -15
21.344 -15.096
21.343 -15.231
21.343 -15.365
21.343 -15.5
21.342 -15.635
21.342 -15.77
21.341 -15.877
21.341 -15.905
21.34 -16.039
21.338 -16.174
21.337 -16.309
21.335 -16.444
21.334 -16.579
21.332 -16.713
21.331 -16.829
21.331 -16.848
21.33 -16.919
21.327 -16.94
21.288 -16.951
21.221 -16.97
21.202 -16.977
21.183 -16.983
21.17 -16.987
21.105 -17.003
21.093 -17.009
21.07 -17.026
21.066 -17.028
21.04 -17.04
20.98 -17.049
20.944 -17.06
20.923 -17.066
20.84 -17.067
20.8 -17.058
20.774 -17.052
20.776 -17.054
20.828 -17.083
20.83 -17.093
20.835 -17.1
20.843 -17.103
20.849 -17.102
20.858 -17.092
20.86 -17.09
20.876 -17.08
20.885 -17.076
20.89 -17.076
20.903 -17.081
20.91 -17.088
20.919 -17.092
20.936 -17.089
20.948 -17.089
20.955 -17.086
20.967 -17.077
20.974 -17.073
20.989 -17.065
21.003 -17.06
21.018 -17.063
21.036 -17.058
21.055 -17.062
21.069 -17.056
21.081 -17.06
21.092 -17.056
21.094 -17.056
21.105 -17.054
21.115 -17.05
21.124 -17.05
21.146 -17.046
21.164 -17.039
21.169 -17.039
21.178 -17.046
21.185 -17.048
21.215 -17.043
21.237 -17.039
21.259 -17.033
21.273 -17.034
21.295 -17.024
21.309 -17.028
21.335 -17.028
21.338 -17.027
21.38 -17.018
21.394 -17.012
21.403 -17.01
21.422 -17.014
21.43 -17.013
21.453 -17.006
21.461 -17.005
21.472 -17.003
21.488 -16.991
21.524 -16.99
21.556 -16.982
21.573 -16.979
21.582 -16.979
21.603 -16.982
21.617 -16.98
21.638 -16.973
21.656 -16.971
21.666 -16.972
21.692 -16.98
21.706 -16.981
21.719 -16.979
21.738 -16.962
21.757 -16.949
21.762 -16.948
21.769 -16.95
21.772 -16.953
21.773 -16.96
21.778 -16.962
21.794 -16.964
21.805 -16.962
21.815 -16.959
21.834 -16.953
21.859 -16.933
21.87 -16.916
21.887 -16.907
21.902 -16.896
21.92 -16.889
21.924 -16.891
21.929 -16.896
21.934 -16.898
21.94 -16.897
21.97 -16.879
21.979 -16.878
21.995 -16.87
22.005 -16.87
22.034 -16.855
22.06 -16.842
22.104 -16.834
22.123 -16.822
22.153 -16.813
22.156 -16.812
22.163 -16.809
22.166 -16.804
22.17 -16.791
22.176 -16.78
22.188 -16.77
22.192 -16.77
22.199 -16.772
22.207 -16.781
22.209 -16.775
22.216 -16.767
22.226 -16.76
22.235 -16.742
22.25 -16.722
22.26 -16.713
22.281 -16.698
22.291 -16.684
22.295 -16.672
22.295 -16.657
22.292 -16.651
22.279 -16.641
22.272 -16.635
22.268 -16.63
22.266 -16.622
22.267 -16.614
22.277 -16.581
22.296 -16.533
22.304 -16.52
22.317 -16.5
22.325 -16.494
22.333 -16.491
22.348 -16.494
22.351 -16.492
22.353 -16.485
22.358 -16.479
22.38 -16.468
22.388 -16.459
22.391 -16.457
22.403 -16.459
22.404 -16.459
22.42 -16.457
22.437 -16.449
22.459 -16.451
22.477 -16.44
22.5 -16.436
22.517 -16.428
22.521 -16.425
22.522 -16.423
22.542 -16.394
22.551 -16.377
22.562 -16.367
22.574 -16.36
22.579 -16.358
22.594 -16.359
22.611 -16.355
22.619 -16.353
22.627 -16.351
22.649 -16.342
22.654 -16.343
22.66 -16.348
22.677 -16.341
22.684 -16.34
22.689 -16.339
22.699 -16.339
22.718 -16.345
22.729 -16.34
22.756 -16.334
22.763 -16.326
22.772 -16.329
22.777 -16.323
22.8 -16.311
22.801 -16.31
22.818 -16.295
22.828 -16.289
22.84 -16.287
22.849 -16.289
22.851 -16.297
22.854 -16.3
22.86 -16.302
22.866 -16.3
22.892 -16.287
22.904 -16.286
22.904 -16.283
22.902 -16.281
22.896 -16.276
22.896 -16.271
22.905 -16.257
22.907 -16.243
22.917 -16.213
22.944 -16.18
22.956 -16.171
22.971 -16.158
22.993 -16.146
23.003 -16.142
23.021 -16.139
23.04 -16.14
23.06 -16.146
23.072 -16.152
23.075 -16.153
23.085 -16.162
23.093 -16.171
23.095 -16.177
23.095 -16.183
23.092 -16.187
23.094 -16.193
23.082 -16.205
23.084 -16.207
23.095 -16.201
23.127 -16.187
23.135 -16.179
23.141 -16.166
23.145 -16.161
23.16 -16.151
23.186 -16.125
23.199 -16.117
23.209 -16.112
23.226 -16.114
23.232 -16.113
23.235 -16.111
23.255 -16.097
23.271 -16.083
23.288 -16.072
23.305 -16.058
23.313 -16.056
23.328 -16.06
23.334 -16.059
23.339 -16.049
23.34 -16.048
23.357 -16.03
23.361 -16.02
23.366 -16.014
23.382 -16
23.405 -15.986
23.429 -15.974
23.439 -15.969
23.459 -15.957
23.473 -15.952
23.479 -15.953
23.483 -15.956
23.486 -15.961
23.491 -15.965
23.495 -15.964
23.5 -15.966
23.503 -15.973
23.505 -15.974
23.509 -15.972
23.513 -15.968
23.523 -15.941
23.531 -15.935
23.538 -15.929
23.555 -15.919
23.56 -15.915
23.565 -15.902
23.584 -15.895
23.602 -15.886
23.614 -15.875
23.62 -15.876
23.625 -15.875
23.63 -15.862
23.634 -15.857
23.646 -15.85
23.653 -15.842
23.66 -15.838
23.667 -15.832
23.685 -15.82
23.69 -15.813
23.709 -15.8
23.724 -15.793
23.727 -15.794
23.724 -15.801
23.725 -15.801
23.726 -15.802
23.737 -15.787
23.75 -15.777
23.773 -15.747
23.778 -15.743
23.795 -15.736
23.805 -15.73
23.81 -15.725
23.816 -15.712
23.817 -15.711
23.824 -15.708
23.829 -15.71
23.831 -15.714
23.831 -15.718
23.829 -15.727
23.821 -15.739
23.822 -15.742
23.827 -15.742
23.862 -15.73
23.895 -15.713
23.896 -15.712
23.911 -15.738
23.913 -15.745
23.912 -15.75
23.886 -15.764
23.879 -15.769
23.88 -15.772
23.891 -15.774
23.912 -15.766
23.916 -15.767
23.91 -15.772
23.898 -15.782
23.897 -15.785
23.898 -15.791
23.885 -15.796
23.871 -15.804
23.869 -15.807
23.871 -15.809
23.877 -15.809
23.879 -15.811
23.877 -15.82
23.873 -15.824
23.868 -15.833
23.855 -15.847
23.849 -15.849
23.845 -15.853
23.841 -15.855
23.829 -15.862
23.823 -15.873
23.81 -15.883
23.801 -15.886
23.794 -15.891
23.786 -15.895
23.77 -15.898
23.763 -15.905
23.759 -15.904
23.738 -15.908
23.731 -15.912
23.72 -15.919
23.717 -15.918
23.716 -15.916
23.714 -15.915
23.707 -15.921
23.696 -15.923
23.692 -15.93
23.678 -15.938
23.674 -15.945
23.669 -15.957
23.662 -15.966
23.652 -15.973
23.641 -15.977
23.635 -15.983
23.633 -15.984
23.626 -15.981
23.624 -15.983
23.631 -15.991
23.632 -15.997
23.639 -16.003
23.645 -16.005
23.654 -16.001
23.667 -15.988
23.682 -15.981
23.691 -15.969
23.701 -15.96
23.708 -15.957
23.713 -15.957
23.724 -15.957
23.755 -15.925
23.76 -15.922
23.772 -15.924
23.785 -15.917
23.796 -15.913
23.821 -15.903
23.821 -15.901
23.838 -15.882
23.866 -15.856
23.888 -15.841
23.912 -15.808
23.914 -15.806
23.922 -15.802
23.933 -15.785
23.95 -15.762
23.966 -15.729
23.973 -15.719
23.981 -15.696
23.986 -15.684
24 -15.661
24.016 -15.645
24.02 -15.634
24.027 -15.622
24.037 -15.612
24.043 -15.602
24.052 -15.592
24.071 -15.582
24.077 -15.58
24.085 -15.583
24.09 -15.582
24.09 -15.581
24.096 -15.575
24.102 -15.561
24.11 -15.549
24.116 -15.545
24.128 -15.533
24.131 -15.526
24.146 -15.523
24.15 -15.52
24.164 -15.503
24.171 -15.49
24.174 -15.487
24.209 -15.455
24.255 -15.408
24.265 -15.392
24.281 -15.366
24.305 -15.341
24.315 -15.329
24.353 -15.295
24.359 -15.29
24.392 -15.264
24.405 -15.257
24.429 -15.239
24.435 -15.23
24.442 -15.226
24.448 -15.22
24.451 -15.212
24.452 -15.207
24.459 -15.203
24.468 -15.192
24.478 -15.187
24.484 -15.181
24.499 -15.158
24.512 -15.136
24.514 -15.123
24.519 -15.11
24.521 -15.103
24.523 -15.092
24.534 -15.065
24.539 -15.038
24.543 -15.032
24.567 -15.008
24.575 -15.009
24.579 -15.008
24.589 -15.002
24.59 -15
24.591 -15
24.602 -14.995
24.624 -14.989
24.634 -14.984
24.638 -14.981
24.639 -14.974
24.654 -14.95
24.669 -14.929
24.679 -14.916
24.693 -14.898
24.7 -14.891
24.711 -14.887
24.73 -14.884
24.744 -14.886
24.76 -14.884
24.805 -14.873
24.814 -14.869
24.862 -14.847
24.907 -14.831
24.923 -14.828
24.933 -14.831
24.951 -14.835
24.977 -14.827
25 -14.827
25.008 -14.827
25.029 -14.822
25.057 -14.822
25.061 -14.822
25.073 -14.825
25.087 -14.84
25.124 -14.844
25.177 -14.839
25.185 -14.839
25.212 -14.843
25.223 -14.841
25.239 -14.836
25.251 -14.829
25.263 -14.825
25.275 -14.823
25.295 -14.829
25.299 -14.829
25.307 -14.828
25.319 -14.821
25.325 -14.815
25.329 -14.814
25.343 -14.814
25.362 -14.802
25.381 -14.794
25.394 -14.791
25.417 -14.787
25.43 -14.786
25.435 -14.783
25.462 -14.765
25.482 -14.748
25.498 -14.73
25.523 -14.716
25.571 -14.689
25.59 -14.685
25.614 -14.687
25.624 -14.685
25.641 -14.676
25.645 -14.674
25.681 -14.66
25.71 -14.657
25.762 -14.639
25.764 -14.639
25.784 -14.627
25.794 -14.615
25.801 -14.611
25.82 -14.59
25.832 -14.583
25.844 -14.574
25.859 -14.566
25.865 -14.562
25.908 -14.534
25.978 -14.502
25.979 -14.501
26.004 -14.492
26.024 -14.49
26.052 -14.483
26.062 -14.485
26.088 -14.478
26.096 -14.479
26.102 -14.48
26.107 -14.481
26.13 -14.494
26.136 -14.496
26.146 -14.493
26.212 -14.446
26.229 -14.434
26.253 -14.413
26.262 -14.401
26.264 -14.397
26.265 -14.379
26.276 -14.341
26.278 -14.336
26.294 -14.305
26.337 -14.252
26.352 -14.243
26.361 -14.232
26.371 -14.22
26.388 -14.205
26.424 -14.185
26.428 -14.179
26.429 -14.173
26.428 -14.132
26.428 -14.13
26.432 -14.091
26.436 -14.071
26.444 -14.043
26.462 -13.998
26.464 -13.994
26.473 -13.975
26.484 -13.958
26.522 -13.911
26.528 -13.9
26.534 -13.884
26.538 -13.875
26.546 -13.859
26.561 -13.84
26.568 -13.821
26.596 -13.763
26.599 -13.757
26.623 -13.722
26.635 -13.695
26.654 -13.673
26.666 -13.646
26.686 -13.62
26.732 -13.574
26.76 -13.554
26.769 -13.548
26.789 -13.541
26.806 -13.528
26.832 -13.517
26.855 -13.511
26.874 -13.498
26.877 -13.496
26.902 -13.488
26.922 -13.486
26.994 -13.457
27.051 -13.433
27.075 -13.426
27.09 -13.416
27.098 -13.415
27.113 -13.415
27.125 -13.416
27.145 -13.411
27.152 -13.411
27.16 -13.409
27.178 -13.404
27.184 -13.391
27.195 -13.389
27.201 -13.385
27.216 -13.374
27.225 -13.368
27.234 -13.367
27.24 -13.364
27.256 -13.344
27.261 -13.342
27.272 -13.338
27.285 -13.323
27.293 -13.321
27.316 -13.308
27.325 -13.299
27.327 -13.3
27.327 -13.305
27.328 -13.307
27.331 -13.308
27.339 -13.3
27.358 -13.293
27.363 -13.289
27.373 -13.282
27.392 -13.275
27.412 -13.27
27.463 -13.244
27.48 -13.238
27.523 -13.222
27.546 -13.216
27.564 -13.207
27.59 -13.2
27.601 -13.2
27.606 -13.2
27.626 -13.186
27.645 -13.181
27.664 -13.171
27.667 -13.169
