219
197
24
73
158
18
192	191	200
66
87
169
170
94
165
5	4	55
88
173
176
153
34
172
129
214
238
124
81
23
184
3
121
157
163
125
245	45	46	246
51
249	255	256
96
103	297	296	102	298	299	402
196	146
95
20
43
204
159
341	48	49
33
160
86
131	138	139	140	142	141	133	132	383	134	381	135	382	136	137	151
71	1
6	7
40
37
68	69
167
84
41
108
228
14
30	208
50
72
97
65
91
168
104
207
92
85
35
76
144
16	17
154
74
201
166
149
22
221	220
164
21
155
250
78
39
8
11
188	187
2
190
156
122	235
83	82
199
322
130
211
116
175
9
64
47
109
244
162
186
193
93
89
215	212
58
52
240
54
152
118
161
232
205
10
38
25
123
42
287	300	285	295	57	286	301	27	26	32	67	282	283	284	56	194	13
80
178
179	177
247	248
12	29
293	291	99	292	101	119	289	290	28	401
143
107
31
75
181
183
198
180
111
185
226
110
227
79	77
209
182
114	113
210
115
202
90
63
189
98
36
15
145
174
19
117
112
70
321
44
253	254
237
206
53
