North Channel
mag	mean	min	max
5.0	9.487268822377336E-4	0.0	0.002407298450904543
5.1	9.487268822377336E-4	0.0	0.002407298450904543
5.2	9.487268822377336E-4	0.0	0.002407298450904543
5.3	9.487268822377336E-4	0.0	0.002407298450904543
5.3999999999999995	9.487268822377336E-4	0.0	0.002407298450904543
5.5	9.487268822377336E-4	0.0	0.002407298450904543
5.6	9.487268822377336E-4	0.0	0.002407298450904543
5.699999999999999	9.487268822377336E-4	0.0	0.002407298450904543
5.8	9.487268822377336E-4	0.0	0.002407298450904543
5.8999999999999995	9.487268822377336E-4	0.0	0.002407298450904543
6.0	9.487268822377336E-4	0.0	0.002407298450904543
6.1	9.487268822377336E-4	0.0	0.002407298450904543
6.199999999999999	9.487268822377336E-4	0.0	0.002407298450904543
6.3	9.487268822377336E-4	0.0	0.002407298450904543
6.3999999999999995	9.345998524614578E-4	0.0	0.002350790331799437
6.5	8.779449311132927E-4	0.0	0.0021241706464067787
6.6	4.647741728513772E-4	0.0	0.001133900489290441
6.699999999999999	2.691568231047463E-4	0.0	8.08563479822362E-4
6.799999999999999	1.0646520535891177E-4	0.0	3.693527023305412E-4
6.8999999999999995	3.547501027481573E-5	0.0	1.4190004109926297E-4
6.999999999999999	7.080286972931556E-6	0.0	2.8321147891726235E-5
7.1	0.0	0.0	0.0
7.199999999999999	0.0	0.0	0.0
7.299999999999999	0.0	0.0	0.0
7.399999999999999	0.0	0.0	0.0
7.499999999999999	0.0	0.0	0.0
7.6	0.0	0.0	0.0
7.699999999999999	0.0	0.0	0.0
7.799999999999999	0.0	0.0	0.0
7.899999999999999	0.0	0.0	0.0
7.999999999999999	0.0	0.0	0.0
8.099999999999998	0.0	0.0	0.0
8.2	0.0	0.0	0.0
8.299999999999999	0.0	0.0	0.0
8.399999999999999	0.0	0.0	0.0
8.499999999999998	0.0	0.0	0.0
8.599999999999998	0.0	0.0	0.0
8.7	0.0	0.0	0.0
8.799999999999999	0.0	0.0	0.0
8.899999999999999	0.0	0.0	0.0
