Table Bluff
mag	mean	min	max
5.05	0.0	0.0	0.0
5.1499999999999995	0.0	0.0	0.0
5.25	0.0	0.0	0.0
5.35	0.0	0.0	0.0
5.45	0.0	0.0	0.0
5.55	0.0	0.0	0.0
5.6499999999999995	0.0	0.0	0.0
5.75	0.0	0.0	0.0
5.85	0.0	0.0	0.0
5.949999999999999	0.0	0.0	0.0
6.05	0.0	0.0	0.0
6.1499999999999995	0.0	0.0	0.0
6.25	0.0	0.0	0.0
6.35	0.0	0.0	0.0
6.449999999999999	0.0	0.0	0.0
6.55	5.672513301156618E-5	2.5839121624465224E-5	9.038225942455064E-5
6.6499999999999995	5.067101318124652E-5	2.58391216244308E-5	7.517668893999636E-5
6.75	5.0502758384798806E-5	2.583912162422476E-5	7.226393178047329E-5
6.85	6.096693842811603E-5	2.583912162440455E-5	9.615800314801417E-5
6.949999999999999	7.949323444314016E-5	3.0514829738638436E-5	1.3529925975919622E-4
7.05	6.066426841514465E-5	4.088933739088384E-5	7.818115738720104E-5
7.1499999999999995	5.0005362315199076E-5	3.9039900776055136E-5	6.502251961701137E-5
7.25	2.4459041740841914E-5	9.734685488948738E-6	3.918339799273498E-5
7.35	9.783149935507858E-6	0.0	1.9566299871015703E-5
7.449999999999999	2.4394500452449433E-6	0.0	4.878900090489883E-6
7.55	0.0	0.0	0.0
7.6499999999999995	0.0	0.0	0.0
7.75	0.0	0.0	0.0
7.85	0.0	0.0	0.0
7.949999999999999	0.0	0.0	0.0
8.049999999999999	0.0	0.0	0.0
8.149999999999999	0.0	0.0	0.0
8.25	0.0	0.0	0.0
8.35	0.0	0.0	0.0
8.45	0.0	0.0	0.0
8.549999999999999	0.0	0.0	0.0
8.649999999999999	0.0	0.0	0.0
8.75	0.0	0.0	0.0
8.85	0.0	0.0	0.0
8.95	0.0	0.0	0.0
