Rose Canyon
mag	mean	min	max
5.05	0.0	0.0	0.0
5.1499999999999995	0.0	0.0	0.0
5.25	0.0	0.0	0.0
5.35	0.0	0.0	0.0
5.45	0.0	0.0	0.0
5.55	0.0	0.0	0.0
5.6499999999999995	0.0	0.0	0.0
5.75	0.0	0.0	0.0
5.85	0.0	0.0	0.0
5.949999999999999	0.0	0.0	0.0
6.05	0.0	0.0	0.0
6.1499999999999995	0.0	0.0	0.0
6.25	0.0	0.0	0.0
6.35	0.0	0.0	0.0
6.449999999999999	1.0275104544574616E-5	0.0	4.1100418178298395E-5
6.55	2.0616093824363206E-4	1.9234683386682288E-5	6.057474683500935E-4
6.6499999999999995	2.3735717035923857E-4	1.980040936775383E-5	7.275727568577318E-4
6.75	1.5284948774227247E-4	2.103793495409398E-5	3.3008547281016497E-4
6.85	1.2856716780854842E-4	2.2440463951312703E-5	2.9813995835134197E-4
6.949999999999999	6.755425437223688E-5	2.4933848833733832E-5	1.6543462497833547E-4
7.05	3.608885725954891E-5	0.0	8.261007587916775E-5
7.1499999999999995	2.17857848824341E-5	0.0	3.449097085863435E-5
7.25	2.327578939060277E-5	0.0	4.88068450241205E-5
7.35	3.767977253985161E-5	0.0	8.133964360627387E-5
7.449999999999999	5.4426542411270166E-5	0.0	1.1771092326269012E-4
7.55	3.625098806186576E-5	0.0	7.264837630139681E-5
7.6499999999999995	1.8101995727184596E-5	0.0	3.627709664492769E-5
7.75	4.513772617860722E-6	0.0	9.045774176437894E-6
7.85	0.0	0.0	0.0
7.949999999999999	0.0	0.0	0.0
8.049999999999999	0.0	0.0	0.0
8.149999999999999	0.0	0.0	0.0
8.25	0.0	0.0	0.0
8.35	0.0	0.0	0.0
8.45	0.0	0.0	0.0
8.549999999999999	0.0	0.0	0.0
8.649999999999999	0.0	0.0	0.0
8.75	0.0	0.0	0.0
8.85	0.0	0.0	0.0
8.95	0.0	0.0	0.0
