Direct Cumulative Rates are given as the minimum magnitude (>=) , followed by the count, duration, mean rate, and the rate quantiles at 0.025, 0.16, 0.84, and 0.975 quantiles 
Region and catalog names preceed each set of data 
Uses the corrected magnitudes in the NSHM catalog 
Data from 1930 to before 2023 
Region: IMW Catalog: wmm_104_c2_imw.txt.RData 
Region: PNW Catalog: wmm_104_c2_pacnw.txt.RData 
Region: UCERF3 Catalog: wmm_104_c2_ucerf3.txt.RData 
Region: Combined Catalogs: All 
6 86 93 0.9354839 0.7492839 0.8279347 1.034993 1.142036 
6.1 67 93 0.7311828 0.5677913 0.6362198 0.8191055 0.9149214 
6.2 56 93 0.6129032 0.4642062 0.5260506 0.6933598 0.781943 
6.3 51 93 0.5591398 0.4175916 0.4762338 0.6359634 0.7210278 
6.4 43 93 0.4731183 0.3437685 0.3969478 0.5437414 0.6228039 
6.5 32 93 0.3548387 0.2442542 0.2890359 0.4159178 0.4857472 
6.6 22 93 0.2473118 0.156774 0.1925956 0.2981854 0.3581536 
6.7 19 93 0.2150538 0.1313598 0.1641263 0.2624396 0.3190419 
6.8 14 93 0.1612903 0.09027248 0.1173892 0.2022088 0.2525766 
6.9 12 93 0.1397849 0.07442911 0.09902686 0.1778102 0.2253937 
7 10 93 0.1182796 0.05904468 0.08092428 0.1531732 0.197746 
7.1 9 93 0.1075269 0.0515628 0.07199283 0.1407443 0.1837078 
7.2 5 93 0.06451613 0.02367571 0.03743945 0.08995167 0.1254662 
7.3 1 93 0.02150538 0.002604115 0.00703272 0.03536052 0.0599102 
7.4 1 93 0.02150538 0.002604115 0.00703272 0.03536052 0.0599102 
7.5 0 93 0.01075269 0.0002723683 0.001621792 0.01970528 0.03966542 
7.6 0 93 0.01075269 0.0002723683 0.001621792 0.01970528 0.03966542 
7.7 0 93 0.01075269 0.0002723683 0.001621792 0.01970528 0.03966542 
7.8 0 93 0.01075269 0.0002723683 0.001621792 0.01970528 0.03966542 
7.9 0 93 0.01075269 0.0002723683 0.001621792 0.01970528 0.03966542 
8 0 93 0.01075269 0.0002723683 0.001621792 0.01970528 0.03966542 
