Direct Cumulative Rates are given as the magnitude in the middle of the magnitude bin, followed by the count, duration, mean rate, and the rate quantiles at 0.025, 0.16, 0.84, and 0.975 quantiles 
Region and catalog names preceed each set of data 
Uses the corrected magnitudes in the NSHM catalog 
Data from 1850 to before 2023 
Magnitudes binned to 0.1 magnitude units 
Region: IMW Catalog: wmm_104_c2_imw.txt.RData 
Region: PNW Catalog: wmm_104_c2_pacnw.txt.RData 
Region: UCERF3 Catalog: wmm_104_c2_ucerf3.txt.RData 
Region: Combined Catalogs: All 
6 208 173 1.208092 1.049848 1.118207 1.291108 1.377282 
6.1 159 173 0.9248555 0.7871005 0.8462685 0.9974699 1.073555 
6.2 136 173 0.7919075 0.6648579 0.7192246 0.859087 0.9299008 
6.3 119 173 0.6936416 0.5750973 0.6256497 0.7565028 0.8231288 
6.4 88 173 0.5144509 0.4131459 0.4559685 0.568558 0.6266965 
6.5 71 173 0.416185 0.3256387 0.363639 0.4648274 0.51767 
6.6 50 173 0.2947977 0.219496 0.2506663 0.3356941 0.3810336 
6.7 40 173 0.2369942 0.1700708 0.1974897 0.2736313 0.3148479 
6.8 36 173 0.2138728 0.1505862 0.1763773 0.2486606 0.2880879 
6.9 26 173 0.1560694 0.1028506 0.124139 0.185734 0.2202084 
7 20 173 0.1213873 0.07514052 0.09331487 0.1475005 0.1785458 
7.1 17 173 0.1040462 0.06166409 0.07811467 0.1281889 0.1573334 
7.2 13 173 0.08092486 0.04424225 0.05815413 0.102158 0.1284996 
7.3 9 173 0.05780347 0.02771873 0.03870135 0.07566025 0.09875621 
7.4 4 173 0.02890173 0.009384045 0.01571935 0.04131213 0.05919997 
7.5 3 173 0.02312139 0.006299586 0.01146814 0.03412586 0.05067796 
7.6 3 173 0.02312139 0.006299586 0.01146814 0.03412586 0.05067796 
7.7 2 173 0.01734104 0.003576132 0.00744169 0.02673408 0.04176124 
7.8 2 173 0.01734104 0.003576132 0.00744169 0.02673408 0.04176124 
7.9 1 173 0.01156069 0.0013999 0.003780595 0.01900884 0.03220606 
