Malibu Coast, alt 2
mag	mean	min	max
5.0	2.3786743303367096E-4	0.0	6.982477192327787E-4
5.1	2.3786743303367096E-4	0.0	6.982477192327787E-4
5.2	2.3786743303367096E-4	0.0	6.982477192327787E-4
5.3	2.3786743303367096E-4	0.0	6.982477192327787E-4
5.3999999999999995	2.3786743303367096E-4	0.0	6.982477192327787E-4
5.5	2.3786743303367096E-4	0.0	6.982477192327787E-4
5.6	2.3786743303367096E-4	0.0	6.982477192327787E-4
5.699999999999999	2.3786743303367096E-4	0.0	6.982477192327787E-4
5.8	2.3786743303367096E-4	0.0	6.982477192327787E-4
5.8999999999999995	2.3786743303367096E-4	0.0	6.982477192327787E-4
6.0	2.3786743303367096E-4	0.0	6.982477192327787E-4
6.1	2.3786743303367096E-4	0.0	6.982477192327787E-4
6.199999999999999	2.3786743303367096E-4	0.0	6.982477192327787E-4
6.3	2.3786743303367096E-4	0.0	6.982477192327787E-4
6.3999999999999995	2.3786743303367096E-4	0.0	6.982477192327787E-4
6.5	2.3786743303367096E-4	0.0	6.982477192327787E-4
6.6	1.9766073560918302E-4	0.0	5.650312102393967E-4
6.699999999999999	1.517440923170014E-4	0.0	4.029133119479712E-4
6.799999999999999	9.500495988572203E-5	0.0	2.604175107116779E-4
6.8999999999999995	5.563055236135582E-5	0.0	1.9055054897610304E-4
6.999999999999999	2.3091693285304182E-5	0.0	9.224413770540186E-5
7.1	7.694326552971592E-6	0.0	3.543888226343368E-5
7.199999999999999	1.5356736935776372E-6	0.0	7.07307635659183E-6
7.299999999999999	0.0	0.0	0.0
7.399999999999999	0.0	0.0	0.0
7.499999999999999	0.0	0.0	0.0
7.6	0.0	0.0	0.0
7.699999999999999	0.0	0.0	0.0
7.799999999999999	0.0	0.0	0.0
7.899999999999999	0.0	0.0	0.0
7.999999999999999	0.0	0.0	0.0
8.099999999999998	0.0	0.0	0.0
8.2	0.0	0.0	0.0
8.299999999999999	0.0	0.0	0.0
8.399999999999999	0.0	0.0	0.0
8.499999999999998	0.0	0.0	0.0
8.599999999999998	0.0	0.0	0.0
8.7	0.0	0.0	0.0
8.799999999999999	0.0	0.0	0.0
8.899999999999999	0.0	0.0	0.0
