Owl Lake
mag	mean	min	max
5.0	0.001897860601636857	0.0013989008638413943	0.002392068309601622
5.1	0.001897860601636857	0.0013989008638413943	0.002392068309601622
5.2	0.001897860601636857	0.0013989008638413943	0.002392068309601622
5.3	0.001897860601636857	0.0013989008638413943	0.002392068309601622
5.3999999999999995	0.001897860601636857	0.0013989008638413943	0.002392068309601622
5.5	0.001897860601636857	0.0013989008638413943	0.002392068309601622
5.6	0.001897860601636857	0.0013989008638413943	0.002392068309601622
5.699999999999999	0.001897860601636857	0.0013989008638413943	0.002392068309601622
5.8	0.001897860601636857	0.0013989008638413943	0.002392068309601622
5.8999999999999995	0.001897860601636857	0.0013989008638413943	0.002392068309601622
6.0	0.001897860601636857	0.0013989008638413943	0.002392068309601622
6.1	0.001897860601636857	0.0013989008638413943	0.002392068309601622
6.199999999999999	0.001897860601636857	0.0013989008638413943	0.002392068309601622
6.3	0.0018520059754652026	0.0013989008638413943	0.0023003590572583197
6.3999999999999995	0.0016681109684928807	0.0013989008638413943	0.001932569043313672
6.5	0.0012844457495656324	0.001196034154800811	0.0013776093741611395
6.6	6.973778680475567E-4	4.5949926628795017E-4	9.467754936939651E-4
6.699999999999999	2.4666603771005734E-4	9.170925234330237E-5	4.016228230768126E-4
6.799999999999999	7.714888065177202E-5	0.0	1.5429776130354456E-4
6.8999999999999995	1.5397774670816493E-5	0.0	3.0795549341632966E-5
6.999999999999999	0.0	0.0	0.0
7.1	0.0	0.0	0.0
7.199999999999999	0.0	0.0	0.0
7.299999999999999	0.0	0.0	0.0
7.399999999999999	0.0	0.0	0.0
7.499999999999999	0.0	0.0	0.0
7.6	0.0	0.0	0.0
7.699999999999999	0.0	0.0	0.0
7.799999999999999	0.0	0.0	0.0
7.899999999999999	0.0	0.0	0.0
7.999999999999999	0.0	0.0	0.0
8.099999999999998	0.0	0.0	0.0
8.2	0.0	0.0	0.0
8.299999999999999	0.0	0.0	0.0
8.399999999999999	0.0	0.0	0.0
8.499999999999998	0.0	0.0	0.0
8.599999999999998	0.0	0.0	0.0
8.7	0.0	0.0	0.0
8.799999999999999	0.0	0.0	0.0
8.899999999999999	0.0	0.0	0.0
