San Jacinto (Anza) rev
mag	mean	min	max
5.05	0.0	0.0	0.0
5.1499999999999995	0.0	0.0	0.0
5.25	0.0	0.0	0.0
5.35	0.0	0.0	0.0
5.45	0.0	0.0	0.0
5.55	0.0	0.0	0.0
5.6499999999999995	0.0	0.0	0.0
5.75	0.0	0.0	0.0
5.85	0.0	0.0	0.0
5.949999999999999	0.0	0.0	0.0
6.05	0.0	0.0	0.0
6.1499999999999995	0.0	0.0	0.0
6.25	0.0	0.0	0.0
6.35	0.0	0.0	0.0
6.449999999999999	0.0	0.0	0.0
6.55	3.570873985512065E-5	0.0	5.242351444147646E-4
6.6499999999999995	3.9847889914243546E-5	0.0	5.827725674885856E-4
6.75	4.4275159266942495E-5	0.0	6.452124854339165E-4
6.85	5.192929865989705E-5	0.0	7.564560174053382E-4
6.949999999999999	6.08863083737845E-5	0.0	8.602833139116822E-4
7.05	7.024524054852427E-5	0.0	9.291059790261148E-4
7.1499999999999995	8.509068209647366E-5	0.0	0.001009897803288253
7.25	2.6165221498643E-4	6.0177319846899376E-5	0.001167527354595652
7.35	6.802513952031028E-4	1.977824347629247E-4	0.0015577852220704678
7.449999999999999	0.001149553447292552	3.950102968579231E-4	0.0024903414255291684
7.55	0.001173819194495258	4.730917028762277E-4	0.002553922922978788
7.6499999999999995	8.651846150446323E-4	3.7734237957057746E-4	0.0018314539469257375
7.75	5.123642344964261E-4	0.0	0.0010318361184449905
7.85	2.7458167996295175E-4	0.0	5.797170667626807E-4
7.949999999999999	9.620099898724885E-5	0.0	2.4612492457082454E-4
8.049999999999999	1.4998651823371866E-5	0.0	5.2288790964155106E-5
8.149999999999999	4.981798002868936E-7	0.0	4.021705283435583E-6
8.25	0.0	0.0	0.0
8.35	0.0	0.0	0.0
8.45	0.0	0.0	0.0
8.549999999999999	0.0	0.0	0.0
8.649999999999999	0.0	0.0	0.0
8.75	0.0	0.0	0.0
8.85	0.0	0.0	0.0
8.95	0.0	0.0	0.0
