Elsinore (Coyote Mountain)
mag	mean	min	max
5.0	0.0016192976817944378	0.001074180946754114	0.0028027991525029394
5.1	0.0016192976817944378	0.001074180946754114	0.0028027991525029394
5.2	0.0016192976817944378	0.001074180946754114	0.0028027991525029394
5.3	0.0016192976817944378	0.001074180946754114	0.0028027991525029394
5.3999999999999995	0.0016192976817944378	0.001074180946754114	0.0028027991525029394
5.5	0.0016192976817944378	0.001074180946754114	0.0028027991525029394
5.6	0.0016192976817944378	0.001074180946754114	0.0028027991525029394
5.699999999999999	0.0016192976817944378	0.001074180946754114	0.0028027991525029394
5.8	0.0016192976817944378	0.001074180946754114	0.0028027991525029394
5.8999999999999995	0.0016192976817944378	0.001074180946754114	0.0028027991525029394
6.0	0.0016192976817944378	0.001074180946754114	0.0028027991525029394
6.1	0.0016192976817944378	0.001074180946754114	0.0028027991525029394
6.199999999999999	0.0016192976817944378	0.001074180946754114	0.0028027991525029394
6.3	0.0016192976817944378	0.001074180946754114	0.0028027991525029394
6.3999999999999995	0.0016192976817944378	0.001074180946754114	0.0028027991525029394
6.5	0.00159359657198905	0.0010498335902858434	0.0027129193542806056
6.6	0.0014899469815467339	9.563571347172974E-4	0.0023678451374559407
6.699999999999999	0.001284794477175361	7.771483608206894E-4	0.00170628467365409
6.799999999999999	0.0010503222139911085	6.055856458517301E-4	0.0015337371113361526
6.8999999999999995	8.524718202824442E-4	5.235706698992008E-4	0.001230956279257302
6.999999999999999	7.096644332540016E-4	5.039925933036718E-4	9.517843831516597E-4
7.1	6.396588664365602E-4	5.039925933036718E-4	8.909704046045869E-4
7.199999999999999	6.154914367034941E-4	5.023174254125043E-4	8.246278825524338E-4
7.299999999999999	6.013450463144376E-4	5.023174254125043E-4	7.540051977877276E-4
7.399999999999999	5.683016560458614E-4	4.964972413229607E-4	6.729198930577873E-4
7.499999999999999	4.938484148547218E-4	4.5869622286673974E-4	5.77732796201285E-4
7.6	3.678206408335054E-4	3.271885553425828E-4	4.561048391061381E-4
7.699999999999999	2.059712686640342E-4	1.785373676226285E-4	2.736629034636519E-4
7.799999999999999	6.556712553983062E-5	0.0	9.160456955007457E-5
7.899999999999999	1.2531345191744035E-5	0.0	1.7808398934058354E-5
7.999999999999999	6.442774081720498E-7	0.0	2.1400129468819604E-6
8.099999999999998	0.0	0.0	0.0
8.2	0.0	0.0	0.0
8.299999999999999	0.0	0.0	0.0
8.399999999999999	0.0	0.0	0.0
8.499999999999998	0.0	0.0	0.0
8.599999999999998	0.0	0.0	0.0
8.7	0.0	0.0	0.0
8.799999999999999	0.0	0.0	0.0
8.899999999999999	0.0	0.0	0.0
