Collayomi
mag	mean	min	max
5.0	6.758643048403743E-4	3.9538292202650745E-4	9.550025821571872E-4
5.1	6.758643048403743E-4	3.9538292202650745E-4	9.550025821571872E-4
5.2	6.758643048403743E-4	3.9538292202650745E-4	9.550025821571872E-4
5.3	6.758643048403743E-4	3.9538292202650745E-4	9.550025821571872E-4
5.3999999999999995	6.758643048403743E-4	3.9538292202650745E-4	9.550025821571872E-4
5.5	6.758643048403743E-4	3.9538292202650745E-4	9.550025821571872E-4
5.6	6.758643048403743E-4	3.9538292202650745E-4	9.550025821571872E-4
5.699999999999999	6.758643048403743E-4	3.9538292202650745E-4	9.550025821571872E-4
5.8	6.758643048403743E-4	3.9538292202650745E-4	9.550025821571872E-4
5.8999999999999995	6.758643048403743E-4	3.9538292202650745E-4	9.550025821571872E-4
6.0	6.758643048403743E-4	3.9538292202650745E-4	9.550025821571872E-4
6.1	6.758643048403743E-4	3.9538292202650745E-4	9.550025821571872E-4
6.199999999999999	6.575574336603086E-4	3.9538292202650745E-4	9.183888397970566E-4
6.3	5.841397115160805E-4	3.9538292202650745E-4	7.715533955086013E-4
6.3999999999999995	4.3711365930107715E-4	3.9538292202650745E-4	4.775012910785936E-4
6.5	2.857356066695845E-4	1.8344918664858594E-4	3.893651321876331E-4
6.6	1.5047650715455606E-4	3.661374236013057E-5	2.6759498894863085E-4
6.699999999999999	5.6756990236116267E-5	0.0	1.1351398047223236E-4
6.799999999999999	2.180522626842764E-5	0.0	4.361045253685524E-5
6.8999999999999995	4.352000416488259E-6	0.0	8.704000832976495E-6
6.999999999999999	0.0	0.0	0.0
7.1	0.0	0.0	0.0
7.199999999999999	0.0	0.0	0.0
7.299999999999999	0.0	0.0	0.0
7.399999999999999	0.0	0.0	0.0
7.499999999999999	0.0	0.0	0.0
7.6	0.0	0.0	0.0
7.699999999999999	0.0	0.0	0.0
7.799999999999999	0.0	0.0	0.0
7.899999999999999	0.0	0.0	0.0
7.999999999999999	0.0	0.0	0.0
8.099999999999998	0.0	0.0	0.0
8.2	0.0	0.0	0.0
8.299999999999999	0.0	0.0	0.0
8.399999999999999	0.0	0.0	0.0
8.499999999999998	0.0	0.0	0.0
8.599999999999998	0.0	0.0	0.0
8.7	0.0	0.0	0.0
8.799999999999999	0.0	0.0	0.0
8.899999999999999	0.0	0.0	0.0
