Lenwood-Lockhart-Old Woman Springs
mag	mean	min	max
5.05	0.0	0.0	0.0
5.1499999999999995	0.0	0.0	0.0
5.25	0.0	0.0	0.0
5.35	0.0	0.0	0.0
5.45	0.0	0.0	0.0
5.55	0.0	0.0	0.0
5.6499999999999995	0.0	0.0	0.0
5.75	0.0	0.0	0.0
5.85	0.0	0.0	0.0
5.949999999999999	0.0	0.0	0.0
6.05	0.0	0.0	0.0
6.1499999999999995	0.0	0.0	0.0
6.25	0.0	0.0	0.0
6.35	0.0	0.0	0.0
6.449999999999999	0.0	0.0	0.0
6.55	6.653625123837123E-5	2.7599098925251933E-5	1.0971620649652977E-4
6.6499999999999995	5.8165288220351966E-5	2.7599098924822535E-5	9.125796566780212E-5
6.75	5.120262445286886E-5	2.759909892603223E-5	7.590506966704969E-5
6.85	4.541133297998978E-5	2.7599098926469682E-5	6.313508699028598E-5
6.949999999999999	4.059434654546817E-5	2.7599098926174318E-5	5.2513478044529665E-5
7.05	3.658775174307389E-5	2.7599098925231228E-5	4.367880853217331E-5
7.1499999999999995	3.716807679260798E-5	2.7599098925521998E-5	4.734285286699801E-5
7.25	4.894554425330432E-5	3.01389196725595E-5	7.090136733067901E-5
7.35	7.071192784220503E-5	4.26786736961812E-5	1.0236709283176367E-4
7.449999999999999	6.482648633152584E-5	6.151253274160404E-5	7.209347084998654E-5
7.55	3.7939308645051435E-5	3.138424536597046E-5	4.449437192413232E-5
7.6499999999999995	1.5022037552891026E-5	7.82573090285525E-6	2.221834420292681E-5
7.75	2.7700966012162443E-6	0.0	5.5401932024324785E-6
7.85	0.0	0.0	0.0
7.949999999999999	0.0	0.0	0.0
8.049999999999999	0.0	0.0	0.0
8.149999999999999	0.0	0.0	0.0
8.25	0.0	0.0	0.0
8.35	0.0	0.0	0.0
8.45	0.0	0.0	0.0
8.549999999999999	0.0	0.0	0.0
8.649999999999999	0.0	0.0	0.0
8.75	0.0	0.0	0.0
8.85	0.0	0.0	0.0
8.95	0.0	0.0	0.0
