0 !hazSUBXnga with the danno atten and mega M9.2
24.6 50. .1
-125. -100. .1
760.
3 periods
0. PGA
SUB.mid.pga.88N.z
1
7 1 1000. 0.237 0  zhao
19
.005 .007 .0098 .0137 .0192 .0269 .0376 .0527 .0738 .103 .145 .203 .284 .397 .556 .778 1.09 1.52 2.13 
1.0  sec PSA
SUB.mid.1hz.88N.z
1
7 1 1000. 0.237 0  
20
.0025 .00375 .00563 .00844 .0127 .0190 .0285 .0427 .0641 .0961 .144 .216 .324 .487 .730 1.09 1.64 2.46 3.69 5.54
0.2 sec PSA
SUB.mid.5hz.88N.z
1
7 1 1000. 0.237 0  
19
.005 .0075 0.0113 .0169 .0253 .0380 .0570 .0854 .128 .192 .288 .432 .649 .973 1.46 2.19 3.28 4.92 7.38 
5.
1. 1000.
2  2   Cascadia Megathrust
6.101 1. 8.8 8.8 0.1
16    top
40.363  -124.704  0.5493260E+01
41.214  -124.977  0.4988560E+01
42.096  -125.140  0.4897340E+01
42.965  -125.219  0.4847610E+01
43.852  -125.257  0.4871280E+01
44.718  -125.313  0.4782420E+01
45.458  -125.416  0.4410880E+01
46.337  -125.623  0.4028170E+01
46.642  -125.746  0.3797400E+01
46.965  -125.874  0.3649880E+01
47.289  -126.015  0.3650670E+01
47.661  -126.240  0.3675160E+01
47.994  -126.422  0.3907950E+01
48.287  -126.660  0.4125160E+01
48.711  -127.037  0.4583670E+01
49.279  -127.605  0.4761580E+01
16 bottom
40.347000 -124.041500 15.550000
41.214000 -124.330000 13.460000
42.109500 -124.474000 13.440000
42.977500 -124.537500 13.320000
43.861000 -124.515000 14.190000
44.737000 -124.495500 14.890000
45.487000 -124.434000 16.570000
46.361000 -124.289500 19.000000
46.774500 -124.169000 20.000000
47.214500 -124.051000 20.350000
47.669000 -124.095500 20.100000
48.086500 -124.597500 19.470000
48.416000 -125.199000 19.090000
48.723000 -125.734500 18.900000
49.111000 -126.354000 18.460000
49.594500 -127.084000 17.370000
