0
24.6 50. .1
-125. -100. .1
760.	1	!vs30 may be used by hazSUBXnga
3 periods
0. PGA
SUB.top.pga.92N.z
1
7 1 1000. 1. 0 Zhao may 07
19
.005 .007 .0098 .0137 .0192 .0269 .0376 .0527 .0738 .103 .145 .203 .284 .397 .556 .778 1.09 1.52 2.13 
1.0  sec PSA
SUB.top.1hz.92N.z
1
7 1 1000. 1. 0 
20
.0025 .00375 .00563 .00844 .0127 .0190 .0285 .0427 .0641 .0961 .144 .216 .324 .487 .730 1.09 1.64 2.46 3.69 5.54
0.2 sec PSA
SUB.top.5hz.92N.z
1
7 1 1000. 1. 0 
19
.005 .0075 0.0113 .0169 .0253 .0380 .0570 .0854 .128 .192 .288 .432 .649 .973 1.46 2.19 3.28 4.92 7.38 
5.
1. 1000.
2  2   Cascadia Megathrust
6.501 1. 9.2 9.2 0.1
16    top
40.363  -124.704  0.5493260E+01
41.214  -124.977  0.4988560E+01
42.096  -125.140  0.4897340E+01
42.965  -125.219  0.4847610E+01
43.852  -125.257  0.4871280E+01
44.718  -125.313  0.4782420E+01
45.458  -125.416  0.4410880E+01
46.337  -125.623  0.4028170E+01
46.642  -125.746  0.3797400E+01
46.965  -125.874  0.3649880E+01
47.289  -126.015  0.3650670E+01
47.661  -126.240  0.3675160E+01
47.994  -126.422  0.3907950E+01
48.287  -126.660  0.4125160E+01
48.711  -127.037  0.4583670E+01
49.279  -127.605  0.4761580E+01
16 bottom
40.347  -124.254  0.1070590E+02
41.210  -124.523  0.9509350E+01
42.104  -124.696  0.9359680E+01
42.971  -124.762  0.9353820E+01
43.854  -124.767  0.9811810E+01
44.734  -124.778  0.1000610E+02
45.480  -124.769  0.1083090E+02
46.353  -124.726  0.1224920E+02
46.738  -124.694  0.1287620E+02
47.129  -124.679  0.1308290E+02
47.546  -124.751  0.1268600E+02
47.952  -125.120  0.1290940E+02
48.272  -125.625  0.1244630E+02
48.573  -126.060  0.1234990E+02
48.978  -126.591  0.1220040E+02
49.502  -127.257  0.1198910E+02
