segment Christmas Island
-10.416 105.677
-10.416 105.69
-10.418 105.708
-10.428 105.708
-10.438 105.715
-10.445 105.716
-10.449 105.715
-10.46 105.709
-10.467 105.716
-10.471 105.719
-10.473 105.72
-10.476 105.705
-10.479 105.698
-10.488 105.696
-10.489 105.694
-10.493 105.688
-10.499 105.686
-10.504 105.681
-10.525 105.683
-10.531 105.677
-10.536 105.674
-10.543 105.673
-10.559 105.673
-10.566 105.675
-10.569 105.675
-10.572 105.673
-10.576 105.66
-10.574 105.654
-10.571 105.651
-10.562 105.648
-10.547 105.643
-10.528 105.64
-10.524 105.638
-10.52 105.635
-10.518 105.616
-10.514 105.604
-10.514 105.595
-10.508 105.589
-10.506 105.586
-10.508 105.564
-10.51 105.558
-10.511 105.557
-10.516 105.553
-10.52 105.543
-10.519 105.54
-10.517 105.539
-10.505 105.542
-10.499 105.549
-10.493 105.553
-10.49 105.56
-10.481 105.562
-10.474 105.565
-10.471 105.565
-10.466 105.556
-10.463 105.554
-10.455 105.554
-10.452 105.556
-10.448 105.564
-10.458 105.576
-10.466 105.585
-10.468 105.624
-10.465 105.638
-10.453 105.657
-10.443 105.669
-10.43 105.671
-10.427 105.677
-10.423 105.677
-10.416 105.677
