segment Cocos Islands
-12.06 96.884
-12.061 96.886
-12.061 96.888
-12.063 96.89
-12.064 96.892
-12.065 96.892
-12.066 96.891
-12.066 96.89
-12.065 96.887
-12.065 96.885
-12.065 96.882
-12.066 96.878
-12.067 96.876
-12.066 96.876
-12.064 96.877
-12.063 96.878
-12.061 96.88
-12.06 96.882
-12.06 96.884
segment Cocos Islands
-12.082 96.892
-12.083 96.895
-12.086 96.899
-12.087 96.904
-12.09 96.909
-12.091 96.912
-12.094 96.911
-12.094 96.905
-12.095 96.901
-12.093 96.898
-12.089 96.896
-12.082 96.892
segment Cocos Islands
-12.115 96.825
-12.116 96.827
-12.117 96.828
-12.122 96.83
-12.128 96.831
-12.132 96.833
-12.137 96.838
-12.141 96.839
-12.148 96.837
-12.15 96.836
-12.151 96.833
-12.148 96.833
-12.143 96.834
-12.138 96.832
-12.138 96.83
-12.143 96.827
-12.148 96.827
-12.155 96.828
-12.156 96.83
-12.156 96.834
-12.157 96.837
-12.16 96.839
-12.166 96.841
-12.172 96.843
-12.177 96.845
-12.176 96.849
-12.174 96.85
-12.173 96.854
-12.173 96.859
-12.171 96.861
-12.168 96.863
-12.17 96.866
-12.174 96.867
-12.178 96.859
-12.182 96.85
-12.183 96.845
-12.181 96.839
-12.18 96.836
-12.174 96.835
-12.169 96.834
-12.167 96.83
-12.163 96.827
-12.16 96.825
-12.153 96.825
-12.147 96.824
-12.142 96.825
-12.134 96.826
-12.13 96.825
-12.127 96.823
-12.122 96.821
-12.118 96.823
-12.116 96.823
-12.115 96.825
segment Cocos Islands
-12.171 96.896
-12.173 96.899
-12.177 96.902
-12.179 96.906
-12.178 96.91
-12.176 96.913
-12.173 96.914
-12.172 96.917
-12.172 96.92
-12.172 96.924
-12.172 96.925
-12.171 96.925
-12.168 96.926
-12.165 96.927
-12.16 96.929
-12.156 96.931
-12.152 96.929
-12.147 96.927
-12.141 96.925
-12.139 96.926
-12.139 96.927
-12.141 96.929
-12.142 96.931
-12.145 96.933
-12.151 96.935
-12.155 96.936
-12.159 96.936
-12.163 96.934
-12.168 96.932
-12.173 96.928
-12.176 96.924
-12.178 96.919
-12.181 96.914
-12.184 96.909
-12.185 96.902
-12.184 96.897
-12.181 96.893
-12.177 96.891
-12.173 96.892
-12.171 96.894
-12.171 96.896
segment Cocos Islands
-11.804 96.833
-11.804 96.834
-11.805 96.836
-11.805 96.838
-11.808 96.84
-11.81 96.839
-11.813 96.837
-11.814 96.836
-11.814 96.834
-11.813 96.834
-11.812 96.834
-11.808 96.836
-11.808 96.835
-11.808 96.834
-11.809 96.833
-11.81 96.832
-11.811 96.832
-11.815 96.83
-11.818 96.831
-11.819 96.832
-11.82 96.832
-11.822 96.831
-11.821 96.829
-11.819 96.827
-11.817 96.826
-11.815 96.827
-11.81 96.828
-11.809 96.829
-11.806 96.831
-11.804 96.833
segment Cocos Islands
-12.057 96.851
-12.057 96.847
-12.055 96.844
-12.055 96.842
-12.054 96.84
-12.052 96.84
-12.05 96.84
-12.05 96.842
-12.049 96.844
-12.05 96.849
-12.052 96.852
-12.054 96.853
-12.057 96.851
