segment Cook Islands
-20.179 -157.322
-20.182 -157.329
-20.178 -157.339
-20.175 -157.342
-20.17 -157.348
-20.159 -157.35
-20.147 -157.352
-20.136 -157.348
-20.133 -157.337
-20.139 -157.32
-20.143 -157.315
-20.157 -157.312
-20.173 -157.318
-20.179 -157.322
segment Cook Islands
-21.261 -159.727
-21.266 -159.737
-21.265 -159.741
-21.259 -159.765
-21.26 -159.771
-21.26 -159.777
-21.257 -159.784
-21.251 -159.802
-21.25 -159.809
-21.247 -159.815
-21.242 -159.819
-21.22 -159.822
-21.212 -159.825
-21.203 -159.822
-21.198 -159.817
-21.194 -159.813
-21.193 -159.801
-21.189 -159.79
-21.195 -159.772
-21.195 -159.756
-21.196 -159.747
-21.199 -159.74
-21.201 -159.737
-21.226 -159.72
-21.233 -159.718
-21.24 -159.721
-21.251 -159.721
-21.256 -159.725
-21.261 -159.727
segment Cook Islands
-21.936 -157.954
-21.93 -157.966
-21.925 -157.969
-21.915 -157.969
-21.895 -157.962
-21.883 -157.949
-21.88 -157.935
-21.876 -157.922
-21.877 -157.912
-21.887 -157.904
-21.903 -157.895
-21.913 -157.887
-21.922 -157.876
-21.932 -157.873
-21.937 -157.876
-21.938 -157.886
-21.937 -157.896
-21.938 -157.909
-21.941 -157.919
-21.944 -157.939
-21.942 -157.945
-21.936 -157.954
segment Cook Islands
-18.888 -159.785
-18.894 -159.791
-18.894 -159.794
-18.893 -159.796
-18.88 -159.802
-18.873 -159.805
-18.868 -159.809
-18.864 -159.808
-18.86 -159.804
-18.856 -159.802
-18.848 -159.801
-18.842 -159.797
-18.834 -159.789
-18.826 -159.777
-18.829 -159.77
-18.836 -159.764
-18.843 -159.763
-18.845 -159.768
-18.843 -159.771
-18.833 -159.775
-18.843 -159.778
-18.852 -159.784
-18.867 -159.781
-18.871 -159.779
-18.875 -159.777
-18.881 -159.778
-18.888 -159.785
segment Cook Islands
-18.866 -159.755
-18.872 -159.754
-18.872 -159.756
-18.869 -159.76
-18.864 -159.76
-18.861 -159.757
-18.866 -159.755
segment Cook Islands
-18.912 -159.831
-18.91 -159.826
-18.912 -159.823
-18.916 -159.826
-18.918 -159.833
-18.916 -159.839
-18.912 -159.837
-18.912 -159.831
segment Cook Islands
-18.927 -159.731
-18.931 -159.731
-18.932 -159.734
-18.923 -159.736
-18.92 -159.733
-18.922 -159.731
-18.927 -159.731
segment Cook Islands
-19.243 -158.898
-19.248 -158.895
-19.252 -158.892
-19.26 -158.895
-19.261 -158.899
-19.259 -158.907
-19.256 -158.912
-19.248 -158.909
-19.249 -158.915
-19.246 -158.915
-19.246 -158.919
-19.233 -158.912
-19.234 -158.905
-19.243 -158.898
segment Cook Islands
-19.259 -158.95
-19.254 -158.955
-19.25 -158.957
-19.243 -158.952
-19.243 -158.943
-19.248 -158.941
-19.257 -158.941
-19.265 -158.934
-19.267 -158.929
-19.264 -158.926
-19.258 -158.923
-19.257 -158.921
-19.259 -158.917
-19.265 -158.918
-19.272 -158.932
-19.272 -158.934
-19.269 -158.938
-19.259 -158.95
segment Cook Islands
-19.809 -157.705
-19.83 -157.705
-19.853 -157.706
-19.857 -157.71
-19.855 -157.714
-19.837 -157.717
-19.834 -157.718
-19.827 -157.727
-19.816 -157.733
-19.808 -157.735
-19.802 -157.734
-19.78 -157.716
-19.762 -157.712
-19.761 -157.708
-19.765 -157.705
-19.782 -157.705
-19.788 -157.705
-19.809 -157.705
segment Cook Islands
-19.819 -158.297
-19.814 -158.303
-19.812 -158.302
-19.807 -158.293
-19.806 -158.289
-19.817 -158.284
-19.82 -158.287
-19.82 -158.292
-19.819 -158.297
segment Cook Islands
-20 -158.131
-19.996 -158.134
-19.988 -158.135
-19.975 -158.132
-19.966 -158.127
-19.97 -158.119
-19.969 -158.114
-19.969 -158.109
-19.972 -158.103
-19.979 -158.095
-19.985 -158.085
-19.991 -158.081
-20 -158.075
-20.002 -158.074
-20.012 -158.083
-20.015 -158.089
-20.019 -158.094
-20.022 -158.099
-20.023 -158.102
-20.027 -158.108
-20.021 -158.116
-20.017 -158.119
-20 -158.131
