segment Fiji
-20.643 -178.708
-20.642 -178.705
-20.649 -178.695
-20.651 -178.697
-20.651 -178.7
-20.649 -178.704
-20.643 -178.708
segment Fiji
-20.661 -178.735
-20.646 -178.731
-20.644 -178.728
-20.645 -178.724
-20.65 -178.724
-20.659 -178.727
-20.663 -178.725
-20.667 -178.718
-20.667 -178.711
-20.673 -178.707
-20.675 -178.709
-20.676 -178.712
-20.673 -178.724
-20.668 -178.732
-20.661 -178.735
segment Fiji
-20.665 -178.694
-20.663 -178.699
-20.66 -178.701
-20.657 -178.701
-20.657 -178.692
-20.659 -178.69
-20.665 -178.694
segment Fiji
-15.563 -175.625
-15.565 -175.618
-15.57 -175.611
-15.582 -175.6
-15.59 -175.598
-15.601 -175.601
-15.608 -175.599
-15.615 -175.6
-15.63 -175.614
-15.633 -175.62
-15.637 -175.63
-15.635 -175.636
-15.636 -175.654
-15.634 -175.657
-15.623 -175.662
-15.619 -175.671
-15.609 -175.677
-15.605 -175.682
-15.601 -175.682
-15.594 -175.68
-15.59 -175.675
-15.58 -175.668
-15.574 -175.661
-15.57 -175.642
-15.564 -175.635
-15.563 -175.625
segment Fiji
-16.082 -179.176
-16.08 -179.178
-16.078 -179.177
-16.075 -179.168
-16.077 -179.166
-16.079 -179.168
-16.082 -179.176
segment Fiji
-16.099 -179.155
-16.091 -179.156
-16.084 -179.16
-16.082 -179.159
-16.088 -179.149
-16.091 -179.147
-16.096 -179.15
-16.099 -179.155
segment Fiji
-16.508 -179.687
-16.506 -179.693
-16.499 -179.695
-16.501 -179.686
-16.503 -179.684
-16.507 -179.685
-16.508 -179.687
segment Fiji
-16.731 -179.744
-16.734 -179.74
-16.735 -179.737
-16.729 -179.735
-16.728 -179.732
-16.73 -179.731
-16.735 -179.733
-16.738 -179.741
-16.735 -179.744
-16.731 -179.744
segment Fiji
-16.788 -179.69
-16.787 -179.691
-16.781 -179.694
-16.775 -179.693
-16.77 -179.688
-16.762 -179.685
-16.749 -179.695
-16.746 -179.696
-16.742 -179.692
-16.743 -179.686
-16.739 -179.678
-16.738 -179.667
-16.742 -179.662
-16.75 -179.658
-16.754 -179.659
-16.757 -179.665
-16.764 -179.669
-16.777 -179.671
-16.78 -179.673
-16.788 -179.69
segment Fiji
-16.806 -179.774
-16.806 -179.778
-16.801 -179.781
-16.792 -179.794
-16.79 -179.795
-16.788 -179.792
-16.782 -179.791
-16.78 -179.788
-16.772 -179.783
-16.769 -179.774
-16.765 -179.77
-16.763 -179.771
-16.764 -179.781
-16.761 -179.788
-16.757 -179.791
-16.755 -179.791
-16.754 -179.787
-16.75 -179.787
-16.744 -179.782
-16.749 -179.779
-16.748 -179.775
-16.749 -179.771
-16.749 -179.77
-16.747 -179.768
-16.746 -179.762
-16.74 -179.762
-16.738 -179.757
-16.741 -179.756
-16.747 -179.759
-16.75 -179.757
-16.749 -179.75
-16.752 -179.748
-16.754 -179.743
-16.758 -179.742
-16.76 -179.731
-16.756 -179.729
-16.754 -179.724
-16.755 -179.719
-16.751 -179.71
-16.744 -179.707
-16.749 -179.705
-16.752 -179.701
-16.764 -179.706
-16.769 -179.705
-16.772 -179.706
-16.778 -179.709
-16.782 -179.708
-16.786 -179.709
-16.785 -179.711
-16.786 -179.714
-16.772 -179.729
-16.775 -179.738
-16.78 -179.741
-16.781 -179.746
-16.783 -179.749
-16.796 -179.741
-16.799 -179.742
-16.801 -179.759
-16.795 -179.765
-16.793 -179.771
-16.796 -179.774
-16.806 -179.774
segment Fiji
-17.032 -179.268
-17.032 -179.276
-17.023 -179.291
-17.011 -179.292
-17.009 -179.289
-17.004 -179.288
-17.002 -179.286
-17.007 -179.274
-17.007 -179.267
-17.009 -179.264
-17.01 -179.256
-17.014 -179.253
-17.019 -179.256
-17.022 -179.261
-17.029 -179.263
-17.032 -179.268
segment Fiji
-17.162 -179.005
-17.176 -178.996
-17.183 -178.997
-17.183 -178.994
-17.181 -178.99
-17.177 -178.991
-17.176 -178.988
-17.18 -178.986
-17.182 -178.98
-17.181 -178.968
-17.183 -178.965
-17.189 -178.964
-17.191 -178.96
-17.196 -178.96
-17.197 -178.958
-17.195 -178.956
-17.19 -178.957
-17.187 -178.954
-17.188 -178.952
-17.193 -178.949
-17.202 -178.949
-17.204 -178.946
-17.203 -178.944
-17.198 -178.946
-17.194 -178.945
-17.191 -178.945
-17.189 -178.941
-17.2 -178.936
-17.204 -178.928
-17.208 -178.925
-17.212 -178.924
-17.212 -178.917
-17.218 -178.917
-17.223 -178.919
-17.23 -178.925
-17.242 -178.931
-17.246 -178.93
-17.248 -178.932
-17.248 -178.938
-17.258 -178.943
-17.252 -178.952
-17.252 -178.956
-17.262 -178.965
-17.267 -178.97
-17.282 -178.973
-17.289 -178.98
-17.308 -178.985
-17.317 -178.987
-17.322 -178.986
-17.324 -178.988
-17.315 -178.991
-17.311 -178.996
-17.303 -178.998
-17.296 -178.995
-17.284 -178.997
-17.275 -178.997
-17.27 -178.993
-17.267 -178.99
-17.267 -178.984
-17.264 -178.983
-17.256 -178.983
-17.242 -178.972
-17.241 -178.967
-17.236 -178.962
-17.224 -178.969
-17.223 -178.967
-17.222 -178.963
-17.21 -178.962
-17.206 -178.963
-17.202 -178.969
-17.195 -178.972
-17.191 -178.979
-17.191 -178.982
-17.193 -178.984
-17.191 -178.993
-17.195 -178.995
-17.196 -178.995
-17.192 -179.006
-17.183 -179.008
-17.177 -179.008
-17.179 -179.012
-17.17 -179.017
-17.168 -179.027
-17.165 -179.03
-17.159 -179.027
-17.163 -179.018
-17.161 -179.012
-17.162 -179.005
segment Fiji
-17.172 -179.039
-17.168 -179.042
-17.163 -179.039
-17.163 -179.035
-17.164 -179.033
-17.168 -179.034
-17.171 -179.037
-17.172 -179.039
segment Fiji
-17.195 -178.905
-17.19 -178.907
-17.186 -178.905
-17.172 -178.89
-17.176 -178.885
-17.19 -178.891
-17.193 -178.897
-17.195 -178.905
segment Fiji
-17.185 -179.019
-17.181 -179.028
-17.178 -179.025
-17.18 -179.019
-17.183 -179.016
-17.185 -179.019
segment Fiji
-17.267 -179.514
-17.265 -179.519
-17.261 -179.523
-17.257 -179.535
-17.254 -179.537
-17.252 -179.535
-17.249 -179.53
-17.248 -179.522
-17.245 -179.519
-17.245 -179.516
-17.246 -179.51
-17.246 -179.497
-17.249 -179.495
-17.252 -179.496
-17.254 -179.499
-17.261 -179.502
-17.266 -179.508
-17.267 -179.514
segment Fiji
-17.287 -179.148
-17.284 -179.154
-17.273 -179.157
-17.266 -179.162
-17.256 -179.164
-17.251 -179.163
-17.247 -179.157
-17.246 -179.152
-17.249 -179.148
-17.25 -179.141
-17.255 -179.129
-17.258 -179.126
-17.264 -179.129
-17.274 -179.125
-17.28 -179.131
-17.284 -179.136
-17.283 -179.144
-17.287 -179.148
segment Fiji
-17.261 -179.47
-17.26 -179.474
-17.251 -179.483
-17.248 -179.483
-17.251 -179.475
-17.253 -179.472
-17.259 -179.47
-17.261 -179.47
segment Fiji
-17.29 -178.785
-17.289 -178.789
-17.282 -178.793
-17.275 -178.787
-17.271 -178.785
-17.271 -178.774
-17.279 -178.773
-17.285 -178.775
-17.289 -178.778
-17.29 -178.785
segment Fiji
-17.328 -178.98
-17.343 -178.973
-17.345 -178.974
-17.344 -178.976
-17.337 -178.982
-17.334 -178.983
-17.328 -178.98
segment Fiji
-17.354 -178.957
-17.35 -178.964
-17.345 -178.968
-17.343 -178.967
-17.342 -178.963
-17.345 -178.953
-17.342 -178.95
-17.339 -178.935
-17.342 -178.931
-17.345 -178.943
-17.354 -178.954
-17.354 -178.957
segment Fiji
-17.371 -178.867
-17.38 -178.875
-17.383 -178.884
-17.38 -178.886
-17.379 -178.889
-17.374 -178.889
-17.372 -178.885
-17.367 -178.881
-17.355 -178.877
-17.351 -178.873
-17.347 -178.865
-17.35 -178.864
-17.371 -178.867
segment Fiji
-17.436 -179.526
-17.436 -179.531
-17.428 -179.533
-17.42 -179.529
-17.417 -179.521
-17.42 -179.515
-17.434 -179.513
-17.435 -179.514
-17.431 -179.517
-17.434 -179.519
-17.436 -179.526
segment Fiji
-17.423 -179.159
-17.425 -179.148
-17.428 -179.144
-17.431 -179.145
-17.436 -179.143
-17.44 -179.144
-17.442 -179.143
-17.438 -179.134
-17.439 -179.13
-17.442 -179.129
-17.459 -179.129
-17.465 -179.132
-17.476 -179.144
-17.477 -179.147
-17.473 -179.161
-17.468 -179.168
-17.466 -179.174
-17.459 -179.176
-17.453 -179.178
-17.436 -179.176
-17.429 -179.172
-17.425 -179.167
-17.423 -179.159
segment Fiji
-17.531 -178.713
-17.531 -178.716
-17.527 -178.719
-17.523 -178.719
-17.519 -178.716
-17.518 -178.713
-17.521 -178.712
-17.531 -178.713
segment Fiji
-17.68 -178.831
-17.678 -178.83
-17.673 -178.835
-17.666 -178.836
-17.662 -178.84
-17.655 -178.835
-17.654 -178.823
-17.658 -178.812
-17.664 -178.808
-17.67 -178.81
-17.673 -178.809
-17.676 -178.805
-17.684 -178.802
-17.69 -178.797
-17.696 -178.799
-17.697 -178.807
-17.694 -178.814
-17.691 -178.816
-17.683 -178.822
-17.68 -178.831
segment Fiji
-17.742 -179.334
-17.729 -179.329
-17.722 -179.31
-17.727 -179.291
-17.732 -179.285
-17.733 -179.281
-17.74 -179.278
-17.753 -179.277
-17.756 -179.275
-17.767 -179.282
-17.773 -179.282
-17.778 -179.296
-17.781 -179.299
-17.781 -179.3
-17.773 -179.312
-17.772 -179.319
-17.774 -179.328
-17.769 -179.335
-17.765 -179.338
-17.759 -179.338
-17.752 -179.335
-17.742 -179.334
segment Fiji
-18.006 -179.04
-18.003 -179.047
-17.996 -179.057
-17.992 -179.061
-17.978 -179.074
-17.971 -179.076
-17.964 -179.074
-17.957 -179.068
-17.954 -179.06
-17.963 -179.044
-17.962 -179.039
-17.966 -179.036
-17.986 -179.029
-17.995 -179.031
-17.999 -179.027
-18.005 -179.035
-18.006 -179.04
segment Fiji
-18.214 -178.735
-18.22 -178.737
-18.226 -178.743
-18.227 -178.749
-18.232 -178.756
-18.234 -178.759
-18.239 -178.777
-18.249 -178.783
-18.253 -178.794
-18.252 -178.796
-18.246 -178.799
-18.239 -178.797
-18.237 -178.798
-18.237 -178.808
-18.227 -178.82
-18.226 -178.829
-18.219 -178.835
-18.215 -178.836
-18.202 -178.832
-18.2 -178.83
-18.197 -178.828
-18.191 -178.83
-18.186 -178.827
-18.185 -178.823
-18.177 -178.815
-18.177 -178.811
-18.179 -178.807
-18.176 -178.79
-18.177 -178.78
-18.18 -178.771
-18.184 -178.765
-18.186 -178.756
-18.191 -178.748
-18.198 -178.744
-18.201 -178.744
-18.203 -178.739
-18.214 -178.735
segment Fiji
-18.32 -178.698
-18.322 -178.688
-18.325 -178.686
-18.326 -178.695
-18.325 -178.7
-18.321 -178.701
-18.32 -178.698
segment Fiji
-18.385 -179.272
-18.38 -179.278
-18.371 -179.279
-18.366 -179.277
-18.363 -179.274
-18.362 -179.269
-18.365 -179.259
-18.376 -179.259
-18.384 -179.265
-18.385 -179.272
segment Fiji
-18.45 -178.467
-18.448 -178.487
-18.445 -178.491
-18.439 -178.482
-18.438 -178.471
-18.433 -178.468
-18.432 -178.465
-18.439 -178.45
-18.444 -178.463
-18.45 -178.467
segment Fiji
-18.669 -178.495
-18.674 -178.5
-18.658 -178.519
-18.653 -178.516
-18.646 -178.519
-18.638 -178.512
-18.637 -178.501
-18.643 -178.497
-18.638 -178.494
-18.639 -178.491
-18.655 -178.484
-18.658 -178.486
-18.659 -178.489
-18.663 -178.494
-18.666 -178.496
-18.669 -178.495
segment Fiji
-18.676 -178.611
-18.679 -178.61
-18.681 -178.611
-18.687 -178.619
-18.688 -178.635
-18.686 -178.637
-18.68 -178.631
-18.676 -178.611
segment Fiji
-18.862 -178.589
-18.861 -178.594
-18.867 -178.609
-18.872 -178.613
-18.868 -178.615
-18.864 -178.614
-18.861 -178.616
-18.858 -178.623
-18.86 -178.627
-18.863 -178.628
-18.867 -178.627
-18.869 -178.629
-18.865 -178.632
-18.864 -178.633
-18.864 -178.639
-18.861 -178.648
-18.862 -178.655
-18.86 -178.661
-18.855 -178.659
-18.848 -178.665
-18.849 -178.655
-18.847 -178.647
-18.849 -178.641
-18.848 -178.631
-18.85 -178.628
-18.85 -178.599
-18.852 -178.591
-18.856 -178.588
-18.862 -178.589
segment Fiji
-18.89 -178.919
-18.889 -178.921
-18.882 -178.919
-18.871 -178.913
-18.867 -178.909
-18.867 -178.903
-18.858 -178.893
-18.859 -178.885
-18.857 -178.88
-18.86 -178.879
-18.863 -178.88
-18.88 -178.898
-18.889 -178.914
-18.89 -178.919
segment Fiji
-18.995 -178.957
-18.991 -178.964
-18.983 -178.971
-18.978 -178.972
-18.975 -178.975
-18.967 -178.978
-18.962 -178.979
-18.955 -178.982
-18.946 -178.978
-18.944 -178.977
-18.938 -178.973
-18.931 -178.964
-18.925 -178.956
-18.924 -178.95
-18.926 -178.945
-18.932 -178.94
-18.945 -178.934
-18.951 -178.935
-18.958 -178.933
-18.977 -178.933
-18.984 -178.94
-18.991 -178.945
-18.992 -178.951
-18.995 -178.957
segment Fiji
-18.939 -178.514
-18.938 -178.525
-18.929 -178.521
-18.927 -178.517
-18.928 -178.513
-18.931 -178.512
-18.939 -178.514
segment Fiji
-19.01 -179.86
-19.01 -179.867
-19.01 -179.868
-19.007 -179.873
-19.002 -179.875
-18.956 -179.87
-18.951 -179.863
-18.938 -179.86
-18.935 -179.856
-18.928 -179.852
-18.928 -179.848
-18.93 -179.845
-18.929 -179.838
-18.934 -179.831
-18.932 -179.823
-18.935 -179.819
-18.94 -179.811
-18.942 -179.804
-18.941 -179.797
-18.95 -179.786
-18.957 -179.785
-18.962 -179.781
-18.967 -179.782
-18.982 -179.797
-18.989 -179.811
-18.972 -179.81
-18.968 -179.813
-18.962 -179.812
-18.954 -179.814
-18.946 -179.82
-18.947 -179.823
-18.946 -179.83
-18.947 -179.833
-18.951 -179.836
-18.952 -179.838
-18.947 -179.842
-18.948 -179.845
-18.954 -179.853
-18.958 -179.856
-18.964 -179.864
-18.982 -179.86
-18.987 -179.861
-18.99 -179.858
-18.995 -179.857
-19 -179.852
-19.001 -179.846
-19.006 -179.851
-19.01 -179.86
segment Fiji
-18.958 -178.444
-18.955 -178.446
-18.949 -178.444
-18.946 -178.441
-18.94 -178.441
-18.935 -178.435
-18.935 -178.433
-18.939 -178.429
-18.943 -178.431
-18.947 -178.436
-18.951 -178.436
-18.958 -178.444
segment Fiji
-18.979 -178.475
-18.975 -178.48
-18.975 -178.487
-18.973 -178.488
-18.966 -178.485
-18.964 -178.482
-18.964 -178.477
-18.972 -178.471
-18.976 -178.466
-18.978 -178.467
-18.979 -178.475
segment Fiji
-18.996 -178.826
-18.994 -178.83
-18.991 -178.831
-18.988 -178.827
-18.988 -178.818
-18.989 -178.817
-18.995 -178.82
-18.996 -178.826
segment Fiji
-19.178 -178.553
-19.178 -178.557
-19.171 -178.564
-19.162 -178.566
-19.158 -178.569
-19.159 -178.584
-19.166 -178.586
-19.166 -178.59
-19.163 -178.597
-19.16 -178.599
-19.153 -178.601
-19.136 -178.602
-19.132 -178.601
-19.13 -178.601
-19.118 -178.593
-19.115 -178.588
-19.105 -178.581
-19.104 -178.577
-19.108 -178.573
-19.109 -178.567
-19.112 -178.563
-19.116 -178.562
-19.119 -178.564
-19.118 -178.569
-19.114 -178.572
-19.114 -178.58
-19.123 -178.589
-19.138 -178.594
-19.146 -178.591
-19.148 -178.588
-19.144 -178.583
-19.146 -178.58
-19.148 -178.575
-19.146 -178.563
-19.152 -178.563
-19.155 -178.556
-19.165 -178.546
-19.165 -178.544
-19.157 -178.532
-19.153 -178.533
-19.142 -178.531
-19.144 -178.527
-19.15 -178.528
-19.155 -178.527
-19.159 -178.53
-19.166 -178.531
-19.168 -178.538
-19.172 -178.542
-19.178 -178.553
segment Fiji
-19.183 -178.418
-19.177 -178.424
-19.167 -178.42
-19.165 -178.421
-19.159 -178.419
-19.155 -178.413
-19.157 -178.41
-19.154 -178.408
-19.149 -178.411
-19.14 -178.407
-19.136 -178.408
-19.13 -178.406
-19.129 -178.402
-19.121 -178.395
-19.129 -178.391
-19.136 -178.392
-19.144 -178.389
-19.151 -178.391
-19.163 -178.391
-19.173 -178.397
-19.176 -178.395
-19.177 -178.397
-19.178 -178.405
-19.176 -178.408
-19.173 -178.406
-19.17 -178.406
-19.17 -178.409
-19.166 -178.412
-19.171 -178.418
-19.178 -178.415
-19.183 -178.418
segment Fiji
-19.221 -178.419
-19.213 -178.425
-19.203 -178.421
-19.201 -178.419
-19.203 -178.416
-19.201 -178.403
-19.203 -178.401
-19.209 -178.397
-19.213 -178.398
-19.216 -178.401
-19.217 -178.407
-19.22 -178.413
-19.221 -178.419
segment Fiji
-15.714 -179.991
-15.714 -179.989
-15.714 -179.987
-15.715 -179.985
-15.717 -179.975
-15.726 -179.956
-15.73 -179.94
-15.735 -179.931
-15.752 -179.904
-15.758 -179.901
-15.765 -179.902
-15.767 -179.908
-15.762 -179.919
-15.751 -179.929
-15.743 -179.945
-15.739 -179.95
-15.732 -179.98
-15.728 -179.983
-15.726 -179.985
-15.724 -179.986
-15.722 -179.988
-15.721 -179.989
-15.719 -179.99
-15.716 -179.993
-15.714 -179.991
segment Fiji
-16.146 -180
-16.146 -179.999
-16.146 -179.998
-16.146 -179.997
-16.146 -179.996
-16.145 -179.996
-16.145 -179.995
-16.144 -179.995
-16.144 -179.994
-16.143 -179.994
-16.143 -179.993
-16.142 -179.993
-16.141 -179.992
-16.14 -179.992
-16.139 -179.991
-16.138 -179.991
-16.138 -179.99
-16.137 -179.989
-16.137 -179.988
-16.136 -179.987
-16.136 -179.986
-16.135 -179.986
-16.135 -179.985
-16.134 -179.982
-16.132 -179.969
-16.135 -179.964
-16.129 -179.962
-16.127 -179.953
-16.129 -179.946
-16.137 -179.952
-16.14 -179.951
-16.145 -179.952
-16.146 -179.954
-16.144 -179.958
-16.158 -179.974
-16.159 -179.981
-16.163 -179.985
-16.163 -179.986
-16.164 -179.986
-16.164 -179.987
-16.165 -179.987
-16.165 -179.988
-16.167 -179.99
-16.168 -180
-16.146 -180
segment Fiji
-16.529 -180
-16.501 -180
-16.493 -180
-16.493 -179.999
-16.492 -179.999
-16.491 -179.998
-16.49 -179.997
-16.489 -179.997
-16.489 -179.996
-16.488 -179.996
-16.487 -179.995
-16.486 -179.995
-16.486 -179.994
-16.485 -179.994
-16.484 -179.994
-16.484 -179.993
-16.483 -179.993
-16.482 -179.992
-16.481 -179.992
-16.481 -179.991
-16.48 -179.991
-16.48 -179.99
-16.48 -179.989
-16.479 -179.988
-16.479 -179.987
-16.478 -179.987
-16.478 -179.986
-16.478 -179.985
-16.477 -179.985
-16.47 -179.981
-16.467 -179.977
-16.464 -179.972
-16.467 -179.963
-16.466 -179.959
-16.456 -179.956
-16.455 -179.95
-16.454 -179.948
-16.451 -179.942
-16.451 -179.931
-16.445 -179.926
-16.445 -179.921
-16.441 -179.918
-16.445 -179.905
-16.447 -179.904
-16.448 -179.906
-16.45 -179.914
-16.455 -179.916
-16.459 -179.915
-16.463 -179.911
-16.465 -179.915
-16.473 -179.918
-16.473 -179.921
-16.469 -179.925
-16.468 -179.93
-16.478 -179.93
-16.479 -179.932
-16.48 -179.939
-16.483 -179.943
-16.485 -179.943
-16.489 -179.935
-16.507 -179.928
-16.512 -179.928
-16.529 -179.929
-16.53 -179.938
-16.529 -179.942
-16.531 -179.945
-16.53 -179.949
-16.533 -179.953
-16.535 -179.962
-16.535 -179.967
-16.54 -179.972
-16.539 -179.978
-16.535 -179.984
-16.527 -179.983
-16.525 -179.981
-16.524 -179.982
-16.524 -179.985
-16.524 -179.986
-16.525 -179.987
-16.525 -179.988
-16.525 -179.989
-16.525 -179.99
-16.526 -179.991
-16.526 -179.992
-16.526 -179.993
-16.526 -179.994
-16.527 -179.995
-16.527 -179.996
-16.528 -179.997
-16.528 -179.998
-16.529 -179.999
-16.529 -180
segment Fiji
-16.973 -180
-16.918 -180
-16.835 -180
-16.797 -180
-16.797 -179.998
-16.796 -179.998
-16.796 -179.997
-16.795 -179.997
-16.795 -179.996
-16.794 -179.996
-16.794 -179.995
-16.793 -179.995
-16.793 -179.994
-16.792 -179.994
-16.791 -179.993
-16.79 -179.992
-16.789 -179.991
-16.789 -179.99
-16.788 -179.99
-16.788 -179.989
-16.788 -179.988
-16.787 -179.987
-16.787 -179.986
-16.787 -179.985
-16.786 -179.985
-16.784 -179.98
-16.775 -179.974
-16.764 -179.959
-16.751 -179.951
-16.748 -179.946
-16.74 -179.944
-16.733 -179.936
-16.721 -179.929
-16.718 -179.925
-16.71 -179.909
-16.709 -179.907
-16.698 -179.897
-16.696 -179.891
-16.695 -179.881
-16.689 -179.877
-16.686 -179.873
-16.688 -179.871
-16.688 -179.866
-16.692 -179.862
-16.705 -179.855
-16.717 -179.854
-16.73 -179.848
-16.735 -179.848
-16.742 -179.853
-16.747 -179.851
-16.754 -179.852
-16.757 -179.85
-16.77 -179.837
-16.772 -179.833
-16.771 -179.83
-16.779 -179.823
-16.785 -179.82
-16.788 -179.821
-16.79 -179.823
-16.79 -179.833
-16.793 -179.838
-16.795 -179.844
-16.801 -179.844
-16.802 -179.846
-16.803 -179.847
-16.804 -179.846
-16.803 -179.842
-16.804 -179.838
-16.809 -179.838
-16.81 -179.844
-16.817 -179.857
-16.825 -179.862
-16.836 -179.864
-16.841 -179.869
-16.857 -179.874
-16.866 -179.873
-16.872 -179.875
-16.87 -179.887
-16.871 -179.893
-16.878 -179.902
-16.881 -179.907
-16.886 -179.91
-16.89 -179.915
-16.894 -179.916
-16.896 -179.919
-16.896 -179.92
-16.902 -179.922
-16.906 -179.928
-16.91 -179.939
-16.914 -179.945
-16.923 -179.95
-16.927 -179.96
-16.928 -179.961
-16.931 -179.964
-16.939 -179.969
-16.94 -179.973
-16.949 -179.985
-16.949 -179.986
-16.95 -179.986
-16.951 -179.986
-16.952 -179.987
-16.953 -179.987
-16.954 -179.987
-16.954 -179.988
-16.955 -179.988
-16.956 -179.988
-16.957 -179.989
-16.958 -179.989
-16.959 -179.989
-16.959 -179.99
-16.96 -179.99
-16.961 -179.99
-16.962 -179.991
-16.963 -179.991
-16.964 -179.991
-16.964 -179.992
-16.965 -179.992
-16.965 -179.993
-16.966 -179.993
-16.967 -179.994
-16.968 -179.995
-16.969 -179.995
-16.969 -179.996
-16.97 -179.996
-16.971 -179.997
-16.973 -180
segment Fiji
-19.645 -175.022
-19.646 -175.02
-19.648 -175.017
-19.652 -175.014
-19.658 -175.01
-19.666 -175.011
-19.672 -175.013
-19.677 -175.017
-19.679 -175.02
-19.68 -175.025
-19.679 -175.03
-19.677 -175.032
-19.674 -175.034
-19.67 -175.036
-19.668 -175.037
-19.663 -175.037
-19.658 -175.036
-19.655 -175.036
-19.65 -175.034
-19.649 -175.032
-19.647 -175.028
-19.645 -175.022
segment Fiji
-16.164 179.936
-16.161 179.934
-16.16 179.94
-16.157 179.942
-16.157 179.949
-16.159 179.95
-16.162 179.947
-16.164 179.936
segment Fiji
-16.175 179.654
-16.182 179.666
-16.183 179.657
-16.18 179.655
-16.182 179.65
-16.175 179.65
-16.175 179.654
segment Fiji
-16.192 179.586
-16.193 179.58
-16.186 179.581
-16.181 179.584
-16.181 179.587
-16.192 179.586
segment Fiji
-16.208 179.624
-16.208 179.622
-16.202 179.618
-16.2 179.614
-16.197 179.611
-16.194 179.614
-16.189 179.613
-16.183 179.617
-16.182 179.62
-16.187 179.624
-16.186 179.627
-16.187 179.628
-16.207 179.629
-16.206 179.625
-16.208 179.624
segment Fiji
-16.21 179.758
-16.207 179.754
-16.205 179.754
-16.206 179.761
-16.203 179.765
-16.205 179.766
-16.209 179.762
-16.21 179.758
segment Fiji
-16.223 179.614
-16.222 179.609
-16.216 179.606
-16.213 179.606
-16.212 179.608
-16.216 179.613
-16.223 179.614
segment Fiji
-16.238 179.094
-16.237 179.092
-16.233 179.094
-16.225 179.092
-16.216 179.101
-16.221 179.102
-16.226 179.1
-16.229 179.102
-16.231 179.101
-16.235 179.104
-16.236 179.103
-16.235 179.099
-16.238 179.094
segment Fiji
-16.25 179.578
-16.244 179.577
-16.243 179.575
-16.237 179.573
-16.231 179.574
-16.225 179.578
-16.23 179.584
-16.24 179.586
-16.248 179.582
-16.25 179.578
segment Fiji
-16.355 179.341
-16.35 179.34
-16.345 179.334
-16.342 179.335
-16.338 179.343
-16.34 179.347
-16.336 179.349
-16.338 179.36
-16.337 179.372
-16.339 179.378
-16.337 179.383
-16.34 179.384
-16.347 179.38
-16.348 179.377
-16.353 179.371
-16.353 179.368
-16.35 179.364
-16.35 179.359
-16.349 179.352
-16.353 179.346
-16.355 179.341
segment Fiji
-16.348 179.328
-16.345 179.323
-16.345 179.314
-16.343 179.315
-16.34 179.322
-16.343 179.324
-16.346 179.33
-16.348 179.328
segment Fiji
-16.435 179.071
-16.433 179.066
-16.428 179.063
-16.424 179.063
-16.422 179.069
-16.416 179.076
-16.417 179.083
-16.419 179.084
-16.428 179.08
-16.431 179.075
-16.435 179.071
segment Fiji
-16.578 178.636
-16.585 178.616
-16.592 178.612
-16.602 178.594
-16.601 178.591
-16.596 178.583
-16.598 178.573
-16.597 178.564
-16.593 178.562
-16.586 178.575
-16.584 178.587
-16.578 178.593
-16.578 178.599
-16.578 178.601
-16.58 178.607
-16.577 178.611
-16.577 178.62
-16.575 178.634
-16.578 178.636
segment Fiji
-16.621 178.698
-16.614 178.689
-16.611 178.689
-16.608 178.695
-16.621 178.698
segment Fiji
-16.627 179.95
-16.633 179.946
-16.638 179.945
-16.641 179.941
-16.647 179.941
-16.648 179.936
-16.651 179.936
-16.655 179.934
-16.657 179.929
-16.672 179.918
-16.672 179.915
-16.67 179.906
-16.673 179.902
-16.675 179.894
-16.673 179.885
-16.67 179.88
-16.668 179.881
-16.658 179.892
-16.658 179.901
-16.656 179.903
-16.654 179.905
-16.645 179.902
-16.641 179.903
-16.635 179.907
-16.636 179.91
-16.634 179.916
-16.628 179.922
-16.633 179.933
-16.64 179.936
-16.641 179.938
-16.632 179.944
-16.623 179.94
-16.614 179.941
-16.613 179.943
-16.614 179.947
-16.624 179.947
-16.627 179.95
segment Fiji
-16.848 177.444
-16.842 177.441
-16.833 177.446
-16.82 177.442
-16.819 177.444
-16.816 177.446
-16.813 177.45
-16.832 177.456
-16.834 177.459
-16.827 177.467
-16.826 177.47
-16.82 177.474
-16.812 177.481
-16.81 177.486
-16.805 177.489
-16.801 177.493
-16.799 177.499
-16.793 177.502
-16.792 177.506
-16.78 177.515
-16.778 177.521
-16.776 177.524
-16.771 177.524
-16.764 177.541
-16.756 177.545
-16.756 177.546
-16.754 177.55
-16.745 177.552
-16.741 177.555
-16.74 177.558
-16.743 177.562
-16.738 177.568
-16.73 177.571
-16.722 177.58
-16.716 177.582
-16.706 177.576
-16.705 177.569
-16.703 177.567
-16.7 177.569
-16.701 177.578
-16.705 177.582
-16.705 177.587
-16.708 177.591
-16.711 177.59
-16.713 177.594
-16.718 177.592
-16.719 177.591
-16.726 177.585
-16.734 177.581
-16.737 177.576
-16.752 177.568
-16.753 177.562
-16.757 177.56
-16.763 177.562
-16.765 177.555
-16.771 177.547
-16.771 177.54
-16.78 177.53
-16.783 177.529
-16.786 177.531
-16.788 177.528
-16.792 177.528
-16.793 177.524
-16.797 177.522
-16.803 177.525
-16.804 177.522
-16.805 177.519
-16.811 177.513
-16.808 177.509
-16.806 177.5
-16.808 177.496
-16.816 177.492
-16.822 177.485
-16.824 177.487
-16.829 177.497
-16.833 177.5
-16.834 177.496
-16.83 177.491
-16.831 177.487
-16.843 177.475
-16.844 177.456
-16.848 177.444
segment Fiji
-16.767 178.439
-16.761 178.434
-16.759 178.437
-16.763 178.439
-16.765 178.444
-16.767 178.446
-16.769 178.444
-16.767 178.439
segment Fiji
-16.836 178.323
-16.833 178.312
-16.834 178.308
-16.827 178.3
-16.826 178.294
-16.823 178.292
-16.823 178.289
-16.828 178.285
-16.825 178.282
-16.821 178.283
-16.82 178.29
-16.814 178.292
-16.812 178.292
-16.811 178.285
-16.805 178.283
-16.801 178.278
-16.796 178.282
-16.806 178.295
-16.802 178.297
-16.798 178.302
-16.802 178.303
-16.803 178.302
-16.804 178.303
-16.806 178.304
-16.804 178.31
-16.806 178.315
-16.804 178.317
-16.807 178.32
-16.801 178.326
-16.801 178.329
-16.811 178.33
-16.815 178.325
-16.817 178.324
-16.823 178.334
-16.827 178.335
-16.835 178.331
-16.835 178.33
-16.831 178.327
-16.831 178.324
-16.836 178.323
segment Fiji
-16.837 179.064
-16.834 179.063
-16.83 179.065
-16.823 179.062
-16.82 179.064
-16.819 179.067
-16.821 179.071
-16.821 179.078
-16.827 179.087
-16.829 179.086
-16.83 179.079
-16.835 179.077
-16.835 179.074
-16.83 179.07
-16.836 179.067
-16.837 179.064
segment Fiji
-16.86 177.469
-16.855 177.469
-16.85 177.472
-16.854 177.482
-16.856 177.48
-16.86 177.469
segment Fiji
-16.857 177.444
-16.87 177.44
-16.87 177.443
-16.878 177.449
-16.879 177.448
-16.88 177.448
-16.882 177.44
-16.884 177.438
-16.886 177.439
-16.887 177.448
-16.89 177.45
-16.895 177.444
-16.902 177.44
-16.903 177.438
-16.9 177.435
-16.911 177.427
-16.911 177.424
-16.907 177.421
-16.909 177.418
-16.907 177.415
-16.909 177.412
-16.913 177.411
-16.912 177.408
-16.922 177.409
-16.918 177.415
-16.921 177.418
-16.928 177.411
-16.934 177.408
-16.932 177.406
-16.927 177.401
-16.924 177.394
-16.925 177.388
-16.923 177.387
-16.915 177.392
-16.9 177.393
-16.899 177.395
-16.894 177.398
-16.895 177.418
-16.892 177.419
-16.885 177.418
-16.878 177.422
-16.867 177.425
-16.863 177.43
-16.862 177.435
-16.856 177.441
-16.857 177.444
segment Fiji
-16.936 177.364
-16.934 177.359
-16.929 177.358
-16.921 177.366
-16.92 177.37
-16.923 177.371
-16.928 177.37
-16.936 177.364
segment Fiji
-16.936 179.019
-16.932 179.002
-16.929 179.004
-16.928 179.009
-16.924 179.012
-16.925 179.016
-16.926 179.019
-16.934 179.023
-16.936 179.019
segment Fiji
-16.981 177.348
-16.979 177.345
-16.978 177.34
-16.98 177.329
-16.976 177.328
-16.972 177.333
-16.967 177.329
-16.963 177.33
-16.958 177.333
-16.953 177.338
-16.951 177.337
-16.941 177.341
-16.94 177.347
-16.946 177.353
-16.942 177.358
-16.948 177.363
-16.954 177.364
-16.963 177.361
-16.959 177.358
-16.958 177.349
-16.961 177.346
-16.967 177.351
-16.971 177.348
-16.976 177.349
-16.979 177.353
-16.981 177.348
segment Fiji
-16.974 177.37
-16.972 177.373
-16.958 177.38
-16.957 177.384
-16.969 177.383
-16.974 177.376
-16.974 177.37
segment Fiji
-17 177.331
-16.998 177.336
-16.995 177.335
-16.989 177.34
-16.988 177.343
-16.992 177.347
-16.992 177.352
-16.996 177.353
-17.004 177.349
-17.004 177.342
-17.006 177.34
-17.013 177.337
-17.012 177.331
-17.017 177.331
-17.024 177.333
-17.026 177.333
-17.027 177.325
-17.036 177.315
-17.03 177.311
-17.024 177.316
-17.017 177.312
-17.015 177.313
-17.015 177.314
-17.015 177.317
-17.011 177.32
-17.011 177.325
-17 177.331
segment Fiji
-17.097 177.294
-17.115 177.275
-17.114 177.268
-17.123 177.262
-17.126 177.254
-17.132 177.247
-17.142 177.241
-17.151 177.239
-17.15 177.236
-17.13 177.232
-17.129 177.229
-17.129 177.226
-17.142 177.219
-17.143 177.219
-17.147 177.22
-17.154 177.217
-17.164 177.219
-17.163 177.212
-17.158 177.212
-17.16 177.199
-17.162 177.196
-17.152 177.196
-17.141 177.206
-17.139 177.211
-17.133 177.211
-17.131 177.213
-17.127 177.211
-17.124 177.212
-17.122 177.219
-17.115 177.223
-17.112 177.23
-17.107 177.234
-17.105 177.231
-17.104 177.23
-17.104 177.227
-17.102 177.226
-17.097 177.236
-17.093 177.237
-17.089 177.235
-17.079 177.24
-17.072 177.25
-17.066 177.255
-17.069 177.259
-17.08 177.261
-17.083 177.258
-17.084 177.25
-17.088 177.248
-17.093 177.255
-17.091 177.264
-17.094 177.265
-17.101 177.263
-17.105 177.268
-17.105 177.273
-17.101 177.276
-17.087 177.281
-17.084 177.28
-17.086 177.284
-17.085 177.287
-17.083 177.289
-17.074 177.292
-17.068 177.291
-17.065 177.298
-17.065 177.301
-17.078 177.301
-17.097 177.294
segment Fiji
-17.104 179.112
-17.108 179.113
-17.113 179.104
-17.112 179.099
-17.108 179.101
-17.104 179.112
segment Fiji
-17.165 176.903
-17.162 176.9
-17.162 176.891
-17.159 176.888
-17.142 176.879
-17.139 176.88
-17.137 176.883
-17.139 176.889
-17.134 176.893
-17.134 176.897
-17.145 176.903
-17.149 176.908
-17.153 176.91
-17.165 176.903
segment Fiji
-17.175 177.189
-17.182 177.188
-17.193 177.191
-17.197 177.188
-17.192 177.184
-17.175 177.187
-17.175 177.189
segment Fiji
-17.25 179.389
-17.244 179.423
-17.245 179.429
-17.25 179.436
-17.255 179.439
-17.262 179.44
-17.283 179.438
-17.301 179.445
-17.308 179.443
-17.315 179.445
-17.32 179.447
-17.325 179.441
-17.336 179.438
-17.359 179.426
-17.362 179.423
-17.371 179.422
-17.372 179.421
-17.381 179.417
-17.386 179.407
-17.385 179.401
-17.391 179.394
-17.398 179.389
-17.401 179.373
-17.372 179.383
-17.352 179.38
-17.338 179.374
-17.334 179.373
-17.319 179.374
-17.306 179.367
-17.284 179.366
-17.278 179.368
-17.275 179.367
-17.274 179.359
-17.27 179.359
-17.262 179.352
-17.26 179.354
-17.262 179.358
-17.261 179.365
-17.253 179.373
-17.254 179.378
-17.25 179.389
segment Fiji
-17.318 177.114
-17.308 177.109
-17.293 177.114
-17.286 177.111
-17.272 177.116
-17.268 177.115
-17.269 177.11
-17.267 177.107
-17.265 177.108
-17.262 177.112
-17.256 177.114
-17.268 177.119
-17.272 177.126
-17.268 177.135
-17.267 177.141
-17.266 177.142
-17.257 177.149
-17.256 177.152
-17.259 177.156
-17.263 177.158
-17.272 177.158
-17.285 177.162
-17.29 177.157
-17.294 177.156
-17.297 177.151
-17.304 177.149
-17.309 177.154
-17.316 177.145
-17.317 177.141
-17.311 177.137
-17.306 177.13
-17.308 177.126
-17.318 177.114
segment Fiji
-17.296 178.227
-17.3 178.228
-17.304 178.223
-17.297 178.223
-17.297 178.221
-17.291 178.221
-17.288 178.219
-17.287 178.214
-17.282 178.209
-17.281 178.206
-17.278 178.205
-17.277 178.21
-17.28 178.215
-17.28 178.221
-17.277 178.227
-17.284 178.229
-17.292 178.224
-17.296 178.227
segment Fiji
-17.305 178.232
-17.303 178.232
-17.306 178.237
-17.31 178.243
-17.314 178.243
-17.318 178.24
-17.325 178.239
-17.326 178.235
-17.324 178.233
-17.327 178.23
-17.327 178.226
-17.326 178.225
-17.31 178.235
-17.305 178.232
segment Fiji
-17.313 178.135
-17.312 178.142
-17.315 178.147
-17.308 178.154
-17.307 178.159
-17.31 178.162
-17.317 178.16
-17.32 178.157
-17.327 178.156
-17.329 178.154
-17.33 178.147
-17.325 178.137
-17.321 178.132
-17.316 178.131
-17.313 178.135
segment Fiji
-17.366 178.116
-17.364 178.119
-17.354 178.125
-17.352 178.148
-17.35 178.155
-17.353 178.166
-17.349 178.169
-17.345 178.169
-17.341 178.172
-17.341 178.175
-17.341 178.177
-17.338 178.183
-17.335 178.184
-17.33 178.184
-17.322 178.186
-17.313 178.182
-17.311 178.183
-17.31 178.186
-17.311 178.189
-17.316 178.19
-17.322 178.193
-17.321 178.197
-17.324 178.2
-17.325 178.203
-17.319 178.207
-17.32 178.211
-17.323 178.214
-17.329 178.211
-17.332 178.212
-17.33 178.215
-17.333 178.219
-17.335 178.217
-17.338 178.21
-17.34 178.207
-17.345 178.207
-17.346 178.211
-17.345 178.215
-17.343 178.217
-17.339 178.221
-17.338 178.226
-17.341 178.229
-17.35 178.232
-17.353 178.241
-17.357 178.247
-17.371 178.251
-17.38 178.257
-17.384 178.262
-17.388 178.262
-17.391 178.266
-17.393 178.263
-17.398 178.265
-17.41 178.258
-17.408 178.254
-17.414 178.245
-17.41 178.237
-17.411 178.237
-17.416 178.231
-17.422 178.234
-17.428 178.232
-17.437 178.235
-17.441 178.232
-17.445 178.235
-17.454 178.236
-17.459 178.232
-17.47 178.239
-17.467 178.244
-17.477 178.248
-17.484 178.247
-17.486 178.242
-17.488 178.243
-17.488 178.246
-17.486 178.251
-17.478 178.255
-17.47 178.254
-17.468 178.253
-17.458 178.247
-17.456 178.249
-17.457 178.253
-17.461 178.257
-17.46 178.261
-17.454 178.264
-17.437 178.278
-17.435 178.283
-17.435 178.289
-17.444 178.319
-17.449 178.326
-17.452 178.335
-17.454 178.337
-17.458 178.333
-17.461 178.336
-17.462 178.337
-17.466 178.338
-17.47 178.334
-17.474 178.338
-17.48 178.338
-17.479 178.346
-17.48 178.346
-17.487 178.344
-17.49 178.341
-17.495 178.344
-17.497 178.341
-17.499 178.342
-17.497 178.349
-17.49 178.357
-17.491 178.359
-17.495 178.361
-17.502 178.354
-17.507 178.354
-17.508 178.348
-17.511 178.345
-17.513 178.347
-17.51 178.351
-17.51 178.359
-17.512 178.368
-17.513 178.369
-17.516 178.373
-17.527 178.365
-17.528 178.368
-17.523 178.375
-17.524 178.38
-17.527 178.384
-17.531 178.383
-17.539 178.374
-17.549 178.377
-17.544 178.384
-17.539 178.387
-17.54 178.39
-17.545 178.392
-17.542 178.396
-17.542 178.403
-17.544 178.405
-17.547 178.403
-17.551 178.416
-17.557 178.417
-17.558 178.418
-17.56 178.42
-17.559 178.424
-17.564 178.425
-17.565 178.427
-17.563 178.431
-17.564 178.437
-17.566 178.443
-17.566 178.449
-17.562 178.455
-17.563 178.461
-17.568 178.466
-17.57 178.473
-17.574 178.479
-17.576 178.488
-17.583 178.492
-17.587 178.49
-17.591 178.491
-17.596 178.496
-17.603 178.498
-17.605 178.503
-17.61 178.501
-17.614 178.505
-17.615 178.506
-17.62 178.516
-17.619 178.518
-17.619 178.522
-17.62 178.526
-17.618 178.531
-17.624 178.543
-17.632 178.553
-17.643 178.58
-17.645 178.582
-17.65 178.582
-17.656 178.579
-17.662 178.585
-17.673 178.584
-17.678 178.58
-17.688 178.58
-17.698 178.572
-17.7 178.572
-17.708 178.571
-17.718 178.565
-17.719 178.562
-17.722 178.561
-17.733 178.563
-17.737 178.561
-17.738 178.557
-17.74 178.555
-17.745 178.56
-17.748 178.558
-17.747 178.553
-17.752 178.552
-17.753 178.549
-17.756 178.548
-17.762 178.549
-17.762 178.544
-17.774 178.543
-17.775 178.541
-17.773 178.539
-17.776 178.533
-17.782 178.54
-17.777 178.543
-17.777 178.545
-17.776 178.55
-17.771 178.551
-17.772 178.555
-17.778 178.554
-17.784 178.557
-17.789 178.553
-17.791 178.546
-17.793 178.545
-17.795 178.55
-17.792 178.555
-17.792 178.559
-17.782 178.563
-17.781 178.566
-17.789 178.574
-17.788 178.58
-17.79 178.586
-17.794 178.587
-17.801 178.584
-17.806 178.586
-17.808 178.588
-17.815 178.582
-17.817 178.579
-17.821 178.574
-17.825 178.571
-17.826 178.565
-17.822 178.563
-17.823 178.56
-17.827 178.556
-17.84 178.554
-17.839 178.556
-17.835 178.56
-17.831 178.56
-17.829 178.564
-17.829 178.576
-17.832 178.581
-17.839 178.584
-17.839 178.586
-17.833 178.591
-17.833 178.596
-17.836 178.599
-17.829 178.608
-17.833 178.611
-17.837 178.607
-17.838 178.61
-17.84 178.611
-17.844 178.608
-17.848 178.608
-17.851 178.602
-17.851 178.597
-17.854 178.595
-17.856 178.588
-17.858 178.589
-17.857 178.593
-17.858 178.596
-17.856 178.599
-17.856 178.6
-17.857 178.605
-17.853 178.608
-17.855 178.611
-17.849 178.624
-17.852 178.625
-17.856 178.62
-17.866 178.618
-17.873 178.619
-17.873 178.617
-17.871 178.614
-17.873 178.605
-17.871 178.603
-17.881 178.591
-17.882 178.594
-17.879 178.602
-17.881 178.604
-17.89 178.6
-17.9 178.607
-17.902 178.606
-17.901 178.604
-17.89 178.589
-17.893 178.582
-17.896 178.573
-17.896 178.567
-17.897 178.565
-17.899 178.566
-17.899 178.571
-17.901 178.579
-17.904 178.58
-17.91 178.577
-17.91 178.574
-17.911 178.569
-17.92 178.573
-17.92 178.576
-17.917 178.581
-17.919 178.582
-17.924 178.582
-17.928 178.573
-17.932 178.57
-17.933 178.567
-17.93 178.564
-17.932 178.561
-17.939 178.569
-17.936 178.575
-17.931 178.577
-17.929 178.583
-17.929 178.586
-17.931 178.587
-17.934 178.584
-17.935 178.588
-17.941 178.588
-17.942 178.592
-17.944 178.593
-17.949 178.589
-17.95 178.594
-17.956 178.597
-17.96 178.601
-17.96 178.607
-17.963 178.609
-17.967 178.608
-17.968 178.605
-17.967 178.601
-17.98 178.596
-17.98 178.59
-17.977 178.584
-17.974 178.584
-17.971 178.587
-17.969 178.586
-17.972 178.58
-17.972 178.576
-17.966 178.573
-17.97 178.568
-17.971 178.572
-17.975 178.574
-17.977 178.578
-17.98 178.58
-17.983 178.578
-17.991 178.581
-17.994 178.584
-17.991 178.589
-17.994 178.591
-17.989 178.595
-17.993 178.599
-17.989 178.601
-17.984 178.6
-17.978 178.603
-17.978 178.604
-17.978 178.619
-17.985 178.631
-17.984 178.633
-17.983 178.636
-17.989 178.635
-17.991 178.64
-18.006 178.644
-18.013 178.649
-18.02 178.65
-18.02 178.66
-18.032 178.658
-18.033 178.651
-18.028 178.641
-18.031 178.64
-18.035 178.644
-18.038 178.655
-18.031 178.666
-18.027 178.665
-18.023 178.671
-18.022 178.673
-18.003 178.69
-18.003 178.693
-18.006 178.694
-18.019 178.686
-18.02 178.682
-18.039 178.671
-18.044 178.672
-18.047 178.671
-18.049 178.673
-18.05 178.677
-18.047 178.681
-18.052 178.684
-18.055 178.681
-18.055 178.676
-18.061 178.669
-18.07 178.664
-18.072 178.663
-18.078 178.662
-18.083 178.653
-18.088 178.65
-18.096 178.642
-18.101 178.631
-18.098 178.626
-18.098 178.62
-18.1 178.612
-18.102 178.61
-18.103 178.611
-18.107 178.614
-18.116 178.61
-18.116 178.608
-18.11 178.604
-18.111 178.602
-18.116 178.603
-18.121 178.596
-18.127 178.592
-18.129 178.588
-18.13 178.582
-18.129 178.582
-18.122 178.578
-18.108 178.575
-18.097 178.563
-18.095 178.559
-18.084 178.563
-18.08 178.568
-18.068 178.577
-18.063 178.573
-18.057 178.574
-18.044 178.56
-18.036 178.547
-18.034 178.542
-18.034 178.541
-18.024 178.53
-18.017 178.526
-17.993 178.521
-18 178.519
-18.012 178.522
-18.022 178.525
-18.033 178.533
-18.039 178.543
-18.041 178.546
-18.054 178.563
-18.062 178.568
-18.068 178.569
-18.08 178.561
-18.09 178.558
-18.101 178.547
-18.096 178.541
-18.097 178.537
-18.096 178.531
-18.099 178.525
-18.1 178.521
-18.097 178.519
-18.09 178.518
-18.092 178.513
-18.088 178.51
-18.092 178.507
-18.093 178.504
-18.098 178.511
-18.099 178.51
-18.102 178.506
-18.101 178.5
-18.103 178.496
-18.103 178.491
-18.106 178.49
-18.106 178.487
-18.115 178.475
-18.114 178.472
-18.113 178.469
-18.114 178.467
-18.119 178.468
-18.12 178.473
-18.127 178.471
-18.133 178.464
-18.147 178.456
-18.149 178.45
-18.156 178.447
-18.158 178.442
-18.16 178.435
-18.153 178.424
-18.148 178.425
-18.14 178.424
-18.13 178.427
-18.126 178.43
-18.115 178.43
-18.112 178.426
-18.112 178.423
-18.114 178.413
-18.112 178.404
-18.107 178.398
-18.104 178.393
-18.104 178.391
-18.108 178.387
-18.107 178.383
-18.11 178.379
-18.11 178.376
-18.114 178.369
-18.117 178.368
-18.119 178.369
-18.113 178.377
-18.114 178.382
-18.113 178.386
-18.116 178.387
-18.119 178.383
-18.124 178.383
-18.127 178.38
-18.137 178.364
-18.137 178.362
-18.13 178.357
-18.127 178.351
-18.12 178.348
-18.117 178.343
-18.119 178.338
-18.12 178.335
-18.119 178.329
-18.128 178.319
-18.132 178.318
-18.136 178.31
-18.143 178.308
-18.142 178.299
-18.146 178.294
-18.151 178.292
-18.156 178.297
-18.156 178.299
-18.16 178.298
-18.164 178.296
-18.164 178.294
-18.163 178.291
-18.157 178.291
-18.155 178.289
-18.151 178.277
-18.158 178.276
-18.156 178.271
-18.153 178.267
-18.156 178.263
-18.157 178.26
-18.161 178.26
-18.169 178.264
-18.17 178.261
-18.167 178.256
-18.17 178.25
-18.175 178.259
-18.177 178.259
-18.18 178.245
-18.184 178.247
-18.195 178.238
-18.192 178.236
-18.192 178.229
-18.194 178.216
-18.192 178.212
-18.186 178.21
-18.187 178.207
-18.178 178.208
-18.173 178.206
-18.183 178.204
-18.189 178.2
-18.194 178.2
-18.198 178.204
-18.201 178.2
-18.202 178.204
-18.199 178.21
-18.203 178.212
-18.205 178.208
-18.205 178.206
-18.211 178.203
-18.213 178.198
-18.217 178.193
-18.216 178.187
-18.22 178.187
-18.228 178.183
-18.255 178.158
-18.253 178.157
-18.248 178.155
-18.239 178.161
-18.232 178.162
-18.237 178.157
-18.236 178.152
-18.238 178.15
-18.242 178.152
-18.248 178.146
-18.252 178.152
-18.255 178.151
-18.259 178.154
-18.262 178.139
-18.268 178.129
-18.264 178.125
-18.262 178.126
-18.262 178.131
-18.258 178.135
-18.257 178.146
-18.253 178.144
-18.256 178.131
-18.254 178.132
-18.249 178.139
-18.246 178.138
-18.236 178.134
-18.238 178.129
-18.24 178.13
-18.244 178.129
-18.246 178.13
-18.252 178.129
-18.259 178.123
-18.252 178.114
-18.249 178.109
-18.246 178.113
-18.242 178.115
-18.236 178.113
-18.235 178.11
-18.237 178.109
-18.241 178.112
-18.243 178.11
-18.243 178.105
-18.248 178.096
-18.248 178.082
-18.254 178.071
-18.257 178.066
-18.257 178.063
-18.259 178.063
-18.257 178.057
-18.257 178.053
-18.26 178.049
-18.258 178.044
-18.262 178.035
-18.262 178.027
-18.258 178.012
-18.256 178
-18.255 177.99
-18.255 177.985
-18.254 177.984
-18.251 177.98
-18.252 177.974
-18.255 177.971
-18.262 177.954
-18.262 177.942
-18.264 177.932
-18.263 177.921
-18.264 177.915
-18.267 177.911
-18.267 177.908
-18.27 177.904
-18.272 177.898
-18.268 177.891
-18.264 177.887
-18.263 177.888
-18.262 177.893
-18.26 177.892
-18.258 177.888
-18.254 177.885
-18.248 177.885
-18.246 177.872
-18.247 177.869
-18.257 177.862
-18.257 177.859
-18.254 177.853
-18.251 177.851
-18.247 177.852
-18.243 177.851
-18.25 177.845
-18.246 177.834
-18.242 177.834
-18.237 177.838
-18.234 177.837
-18.232 177.832
-18.236 177.827
-18.237 177.82
-18.237 177.819
-18.234 177.81
-18.233 177.801
-18.226 177.79
-18.225 177.782
-18.221 177.777
-18.218 177.767
-18.219 177.761
-18.215 177.74
-18.209 177.734
-18.211 177.724
-18.205 177.715
-18.204 177.708
-18.198 177.705
-18.199 177.7
-18.2 177.697
-18.198 177.692
-18.2 177.678
-18.192 177.668
-18.193 177.652
-18.189 177.648
-18.186 177.635
-18.186 177.624
-18.184 177.619
-18.179 177.615
-18.182 177.609
-18.181 177.604
-18.176 177.601
-18.171 177.601
-18.172 177.597
-18.177 177.593
-18.179 177.588
-18.176 177.582
-18.175 177.577
-18.179 177.569
-18.174 177.55
-18.171 177.547
-18.167 177.546
-18.165 177.54
-18.167 177.533
-18.17 177.53
-18.166 177.528
-18.165 177.525
-18.158 177.524
-18.149 177.517
-18.149 177.514
-18.156 177.515
-18.159 177.518
-18.163 177.517
-18.17 177.522
-18.165 177.499
-18.166 177.491
-18.17 177.485
-18.165 177.483
-18.165 177.479
-18.167 177.475
-18.164 177.458
-18.153 177.451
-18.154 177.446
-18.145 177.436
-18.141 177.435
-18.138 177.435
-18.134 177.427
-18.129 177.423
-18.13 177.419
-18.134 177.418
-18.134 177.414
-18.129 177.415
-18.121 177.412
-18.122 177.41
-18.13 177.406
-18.132 177.403
-18.128 177.388
-18.122 177.384
-18.12 177.381
-18.123 177.377
-18.122 177.374
-18.123 177.366
-18.121 177.361
-18.122 177.349
-18.119 177.341
-18.118 177.338
-18.109 177.332
-18.107 177.329
-18.094 177.325
-18.09 177.315
-18.077 177.306
-18.061 177.312
-18.042 177.312
-18.038 177.311
-18.034 177.307
-18.03 177.294
-18.026 177.295
-18.019 177.296
-18.01 177.293
-17.992 177.267
-17.987 177.265
-17.986 177.262
-17.982 177.262
-17.981 177.265
-17.969 177.273
-17.967 177.272
-17.967 177.264
-17.965 177.257
-17.961 177.253
-17.957 177.253
-17.951 177.256
-17.939 177.268
-17.931 177.27
-17.926 177.272
-17.92 177.278
-17.919 177.28
-17.919 177.285
-17.927 177.288
-17.927 177.29
-17.926 177.292
-17.911 177.284
-17.906 177.277
-17.896 177.267
-17.89 177.265
-17.886 177.266
-17.88 177.272
-17.859 177.283
-17.856 177.292
-17.855 177.294
-17.853 177.3
-17.852 177.304
-17.854 177.307
-17.855 177.312
-17.86 177.316
-17.862 177.325
-17.86 177.327
-17.855 177.327
-17.857 177.332
-17.86 177.333
-17.868 177.33
-17.871 177.331
-17.87 177.334
-17.864 177.335
-17.861 177.341
-17.845 177.345
-17.838 177.363
-17.826 177.372
-17.823 177.375
-17.815 177.376
-17.812 177.372
-17.809 177.371
-17.806 177.371
-17.786 177.371
-17.783 177.371
-17.779 177.374
-17.773 177.374
-17.768 177.385
-17.774 177.389
-17.773 177.393
-17.765 177.403
-17.765 177.406
-17.768 177.414
-17.771 177.426
-17.762 177.437
-17.759 177.44
-17.754 177.442
-17.747 177.438
-17.742 177.437
-17.731 177.431
-17.726 177.431
-17.721 177.429
-17.71 177.432
-17.7 177.431
-17.694 177.427
-17.691 177.423
-17.69 177.417
-17.686 177.412
-17.683 177.399
-17.684 177.395
-17.669 177.392
-17.665 177.394
-17.662 177.399
-17.658 177.398
-17.656 177.393
-17.652 177.391
-17.647 177.393
-17.643 177.392
-17.64 177.395
-17.646 177.396
-17.647 177.403
-17.645 177.407
-17.646 177.413
-17.642 177.418
-17.641 177.424
-17.637 177.428
-17.636 177.429
-17.635 177.432
-17.632 177.431
-17.632 177.429
-17.629 177.428
-17.624 177.431
-17.625 177.435
-17.62 177.436
-17.608 177.448
-17.607 177.452
-17.603 177.463
-17.597 177.468
-17.592 177.476
-17.589 177.476
-17.586 177.482
-17.58 177.481
-17.578 177.472
-17.574 177.47
-17.571 177.47
-17.569 177.474
-17.565 177.474
-17.562 177.476
-17.565 177.482
-17.581 177.493
-17.578 177.506
-17.571 177.511
-17.568 177.511
-17.55 177.505
-17.547 177.512
-17.536 177.51
-17.528 177.511
-17.517 177.517
-17.51 177.523
-17.51 177.526
-17.517 177.527
-17.521 177.53
-17.526 177.531
-17.53 177.535
-17.53 177.538
-17.524 177.547
-17.518 177.551
-17.513 177.557
-17.507 177.572
-17.503 177.578
-17.497 177.584
-17.49 177.585
-17.49 177.59
-17.486 177.594
-17.487 177.616
-17.478 177.616
-17.477 177.617
-17.473 177.616
-17.469 177.622
-17.466 177.623
-17.457 177.621
-17.454 177.622
-17.452 177.641
-17.447 177.643
-17.447 177.646
-17.454 177.655
-17.474 177.656
-17.486 177.661
-17.49 177.664
-17.499 177.662
-17.5 177.662
-17.503 177.662
-17.507 177.663
-17.506 177.667
-17.512 177.671
-17.512 177.677
-17.508 177.675
-17.505 177.674
-17.504 177.672
-17.501 177.673
-17.499 177.671
-17.496 177.67
-17.488 177.671
-17.485 177.665
-17.476 177.661
-17.472 177.659
-17.455 177.659
-17.449 177.662
-17.447 177.667
-17.448 177.668
-17.458 177.667
-17.457 177.669
-17.45 177.674
-17.449 177.676
-17.454 177.682
-17.445 177.683
-17.438 177.694
-17.435 177.703
-17.435 177.706
-17.44 177.716
-17.437 177.72
-17.437 177.723
-17.443 177.73
-17.45 177.733
-17.449 177.735
-17.445 177.735
-17.444 177.737
-17.447 177.748
-17.448 177.751
-17.446 177.759
-17.444 177.758
-17.442 177.754
-17.439 177.753
-17.436 177.757
-17.442 177.763
-17.438 177.765
-17.434 177.765
-17.431 177.762
-17.426 177.765
-17.423 177.763
-17.427 177.759
-17.42 177.757
-17.417 177.758
-17.413 177.765
-17.406 177.764
-17.405 177.766
-17.41 177.771
-17.409 177.773
-17.406 177.771
-17.402 177.769
-17.399 177.77
-17.397 177.774
-17.399 177.785
-17.398 177.788
-17.401 177.79
-17.401 177.802
-17.4 177.804
-17.386 177.807
-17.376 177.819
-17.372 177.827
-17.379 177.826
-17.387 177.828
-17.39 177.826
-17.395 177.828
-17.4 177.826
-17.402 177.818
-17.405 177.817
-17.408 177.821
-17.41 177.825
-17.415 177.825
-17.413 177.816
-17.416 177.815
-17.419 177.817
-17.428 177.816
-17.43 177.821
-17.43 177.836
-17.428 177.844
-17.419 177.849
-17.416 177.854
-17.408 177.857
-17.404 177.857
-17.41 177.87
-17.414 177.884
-17.419 177.89
-17.427 177.898
-17.424 177.905
-17.425 177.914
-17.423 177.92
-17.426 177.922
-17.426 177.928
-17.426 177.943
-17.425 177.948
-17.422 177.954
-17.419 177.955
-17.409 177.971
-17.409 177.986
-17.403 178.009
-17.402 178.013
-17.397 178.018
-17.393 178.016
-17.389 178.018
-17.384 178.017
-17.377 178.021
-17.366 178.024
-17.365 178.026
-17.37 178.031
-17.371 178.039
-17.368 178.045
-17.369 178.05
-17.368 178.055
-17.371 178.057
-17.362 178.082
-17.363 178.085
-17.37 178.088
-17.372 178.093
-17.371 178.096
-17.371 178.097
-17.366 178.101
-17.367 178.111
-17.366 178.116
segment Fiji
-17.351 177.146
-17.349 177.142
-17.345 177.137
-17.337 177.133
-17.334 177.134
-17.328 177.14
-17.321 177.142
-17.322 177.155
-17.325 177.157
-17.327 177.155
-17.331 177.158
-17.339 177.159
-17.344 177.163
-17.346 177.162
-17.347 177.156
-17.35 177.151
-17.351 177.146
segment Fiji
-17.379 177.141
-17.373 177.138
-17.37 177.138
-17.362 177.144
-17.362 177.149
-17.372 177.154
-17.374 177.152
-17.374 177.148
-17.378 177.145
-17.379 177.141
segment Fiji
-17.379 178.783
-17.384 178.786
-17.39 178.786
-17.379 178.78
-17.379 178.783
segment Fiji
-17.434 178.952
-17.431 178.948
-17.427 178.951
-17.421 178.951
-17.42 178.954
-17.416 178.955
-17.422 178.959
-17.425 178.956
-17.434 178.952
segment Fiji
-17.432 178.98
-17.433 178.981
-17.441 178.985
-17.444 178.985
-17.446 178.982
-17.451 178.984
-17.452 178.982
-17.459 178.98
-17.459 178.978
-17.467 178.974
-17.468 178.972
-17.471 178.968
-17.47 178.965
-17.471 178.962
-17.47 178.96
-17.467 178.959
-17.458 178.955
-17.454 178.959
-17.452 178.958
-17.451 178.954
-17.449 178.953
-17.446 178.958
-17.435 178.96
-17.435 178.967
-17.438 178.969
-17.439 178.97
-17.436 178.973
-17.435 178.977
-17.432 178.98
segment Fiji
-17.498 177.278
-17.496 177.275
-17.489 177.271
-17.486 177.266
-17.483 177.269
-17.485 177.271
-17.487 177.276
-17.489 177.276
-17.496 177.28
-17.498 177.278
segment Fiji
-17.594 178.68
-17.592 178.678
-17.589 178.671
-17.586 178.669
-17.58 178.674
-17.577 178.686
-17.58 178.688
-17.582 178.687
-17.585 178.682
-17.588 178.681
-17.594 178.683
-17.594 178.68
segment Fiji
-17.599 177.072
-17.594 177.068
-17.592 177.065
-17.585 177.058
-17.583 177.06
-17.589 177.066
-17.588 177.07
-17.589 177.071
-17.595 177.073
-17.599 177.072
segment Fiji
-17.64 179.02
-17.634 179.018
-17.634 179.012
-17.63 179.009
-17.63 179.006
-17.626 179.002
-17.616 178.995
-17.603 178.99
-17.596 178.991
-17.595 178.993
-17.598 178.996
-17.599 178.998
-17.595 179.003
-17.6 179.011
-17.614 179.014
-17.619 179.019
-17.625 179.021
-17.628 179.019
-17.632 179.022
-17.637 179.021
-17.641 179.024
-17.647 179.028
-17.652 179.029
-17.656 179.032
-17.659 179.031
-17.655 179.027
-17.655 179.024
-17.644 179.018
-17.641 179.021
-17.64 179.02
segment Fiji
-17.623 177.1
-17.621 177.095
-17.616 177.09
-17.606 177.096
-17.607 177.099
-17.615 177.101
-17.616 177.106
-17.623 177.1
segment Fiji
-17.711 178.755
-17.709 178.752
-17.701 178.75
-17.697 178.747
-17.694 178.748
-17.687 178.744
-17.683 178.746
-17.673 178.743
-17.671 178.744
-17.666 178.741
-17.655 178.748
-17.646 178.75
-17.645 178.757
-17.643 178.758
-17.636 178.759
-17.626 178.775
-17.623 178.784
-17.621 178.793
-17.621 178.795
-17.622 178.802
-17.626 178.811
-17.629 178.816
-17.635 178.817
-17.639 178.824
-17.649 178.83
-17.681 178.839
-17.686 178.837
-17.695 178.84
-17.701 178.84
-17.719 178.834
-17.724 178.831
-17.729 178.827
-17.733 178.821
-17.732 178.819
-17.737 178.814
-17.737 178.811
-17.729 178.805
-17.729 178.797
-17.732 178.794
-17.738 178.794
-17.748 178.778
-17.746 178.776
-17.738 178.776
-17.737 178.774
-17.734 178.765
-17.731 178.761
-17.726 178.76
-17.722 178.757
-17.717 178.757
-17.711 178.755
segment Fiji
-17.657 179.269
-17.653 179.264
-17.638 179.263
-17.638 179.265
-17.643 179.27
-17.651 179.272
-17.652 179.276
-17.655 179.278
-17.656 179.277
-17.657 179.269
segment Fiji
-17.679 177.121
-17.675 177.117
-17.673 177.11
-17.675 177.106
-17.672 177.103
-17.669 177.103
-17.67 177.119
-17.676 177.126
-17.679 177.124
-17.679 177.121
segment Fiji
-17.733 178.729
-17.746 178.74
-17.748 178.746
-17.756 178.751
-17.761 178.759
-17.77 178.762
-17.77 178.765
-17.767 178.768
-17.769 178.771
-17.77 178.776
-17.78 178.773
-17.786 178.765
-17.787 178.761
-17.781 178.758
-17.78 178.75
-17.778 178.744
-17.773 178.743
-17.767 178.737
-17.763 178.738
-17.762 178.738
-17.755 178.735
-17.75 178.736
-17.746 178.732
-17.734 178.726
-17.729 178.721
-17.722 178.719
-17.72 178.724
-17.724 178.725
-17.733 178.729
segment Fiji
-17.737 177.146
-17.733 177.141
-17.733 177.135
-17.731 177.135
-17.729 177.142
-17.735 177.148
-17.737 177.146
segment Fiji
-17.74 177.154
-17.739 177.157
-17.739 177.16
-17.735 177.161
-17.735 177.168
-17.734 177.175
-17.736 177.178
-17.74 177.179
-17.74 177.181
-17.738 177.183
-17.736 177.182
-17.735 177.184
-17.737 177.187
-17.747 177.189
-17.756 177.197
-17.762 177.2
-17.764 177.199
-17.763 177.196
-17.759 177.192
-17.758 177.186
-17.762 177.182
-17.76 177.18
-17.761 177.174
-17.76 177.169
-17.755 177.166
-17.754 177.162
-17.752 177.161
-17.748 177.165
-17.746 177.165
-17.744 177.165
-17.744 177.158
-17.74 177.154
segment Fiji
-17.784 177.196
-17.781 177.195
-17.776 177.198
-17.776 177.202
-17.769 177.204
-17.767 177.201
-17.764 177.214
-17.769 177.214
-17.771 177.21
-17.776 177.212
-17.779 177.21
-17.784 177.196
segment Fiji
-17.805 179.145
-17.804 179.143
-17.795 179.147
-17.79 179.146
-17.787 179.144
-17.787 179.139
-17.781 179.137
-17.778 179.14
-17.776 179.149
-17.777 179.165
-17.787 179.172
-17.795 179.171
-17.8 179.163
-17.798 179.159
-17.799 179.155
-17.804 179.151
-17.805 179.145
segment Fiji
-17.851 179.417
-17.848 179.406
-17.835 179.398
-17.827 179.389
-17.816 179.392
-17.809 179.389
-17.804 179.392
-17.8 179.39
-17.8 179.388
-17.803 179.384
-17.802 179.383
-17.795 179.386
-17.79 179.388
-17.786 179.394
-17.794 179.397
-17.794 179.409
-17.792 179.414
-17.792 179.417
-17.797 179.42
-17.799 179.424
-17.798 179.43
-17.8 179.431
-17.802 179.43
-17.803 179.421
-17.807 179.419
-17.809 179.419
-17.815 179.416
-17.821 179.419
-17.825 179.419
-17.829 179.42
-17.832 179.426
-17.835 179.427
-17.843 179.424
-17.851 179.417
segment Fiji
-17.822 177.371
-17.827 177.368
-17.826 177.366
-17.814 177.368
-17.814 177.371
-17.822 177.371
segment Fiji
-17.942 178.614
-17.937 178.61
-17.936 178.613
-17.936 178.62
-17.939 178.622
-17.941 178.619
-17.942 178.614
segment Fiji
-18.042 179.354
-18.05 179.36
-18.056 179.358
-18.063 179.363
-18.063 179.367
-18.066 179.367
-18.075 179.365
-18.083 179.37
-18.096 179.371
-18.1 179.37
-18.106 179.363
-18.116 179.357
-18.118 179.352
-18.118 179.336
-18.103 179.324
-18.101 179.322
-18.092 179.318
-18.088 179.313
-18.084 179.315
-18.068 179.313
-18.058 179.309
-18.054 179.303
-18.05 179.299
-18.045 179.292
-18.043 179.279
-18.038 179.282
-18.033 179.28
-18.024 179.268
-18.015 179.261
-18.016 179.257
-18.017 179.256
-18.018 179.256
-18.035 179.262
-18.039 179.259
-18.039 179.257
-18.037 179.253
-18.037 179.249
-18.034 179.247
-18.031 179.251
-18.029 179.248
-18.03 179.242
-18.025 179.242
-18.023 179.245
-18.016 179.242
-18.01 179.245
-18.007 179.245
-18.006 179.242
-18.003 179.24
-17.998 179.242
-17.996 179.248
-17.988 179.251
-17.993 179.254
-17.993 179.256
-17.978 179.259
-17.977 179.259
-17.97 179.257
-17.963 179.247
-17.96 179.248
-17.958 179.253
-17.961 179.264
-17.959 179.269
-17.952 179.273
-17.943 179.284
-17.945 179.292
-17.944 179.306
-17.946 179.309
-17.958 179.317
-17.962 179.323
-17.964 179.323
-17.967 179.319
-17.972 179.325
-17.975 179.328
-17.98 179.33
-17.988 179.336
-17.998 179.347
-18.008 179.347
-18.011 179.353
-18.025 179.358
-18.031 179.357
-18.034 179.359
-18.039 179.357
-18.042 179.354
segment Fiji
-18.132 178.544
-18.13 178.554
-18.126 178.56
-18.126 178.567
-18.124 178.57
-18.127 178.572
-18.135 178.559
-18.144 178.561
-18.146 178.565
-18.148 178.564
-18.147 178.56
-18.135 178.551
-18.134 178.547
-18.139 178.539
-18.136 178.534
-18.131 178.532
-18.128 178.532
-18.124 178.539
-18.122 178.544
-18.119 178.548
-18.118 178.545
-18.117 178.541
-18.114 178.541
-18.098 178.559
-18.102 178.562
-18.11 178.572
-18.122 178.572
-18.12 178.564
-18.12 178.557
-18.13 178.541
-18.132 178.54
-18.132 178.544
segment Fiji
-18.11 178.536
-18.103 178.527
-18.101 178.533
-18.103 178.538
-18.102 178.541
-18.105 178.544
-18.109 178.539
-18.11 178.536
segment Fiji
-18.143 178.577
-18.141 178.574
-18.137 178.573
-18.131 178.576
-18.131 178.579
-18.134 178.58
-18.143 178.577
segment Fiji
-18.155 178.523
-18.15 178.521
-18.148 178.518
-18.144 178.516
-18.133 178.52
-18.131 178.522
-18.136 178.523
-18.138 178.527
-18.141 178.528
-18.155 178.523
segment Fiji
-18.428 178.121
-18.426 178.114
-18.424 178.112
-18.424 178.107
-18.42 178.103
-18.42 178.097
-18.418 178.095
-18.409 178.098
-18.407 178.102
-18.41 178.11
-18.406 178.113
-18.403 178.112
-18.4 178.106
-18.398 178.105
-18.394 178.105
-18.387 178.109
-18.384 178.109
-18.381 178.113
-18.376 178.113
-18.361 178.125
-18.363 178.137
-18.365 178.153
-18.376 178.154
-18.382 178.157
-18.388 178.153
-18.39 178.155
-18.393 178.154
-18.397 178.15
-18.4 178.152
-18.398 178.157
-18.404 178.159
-18.407 178.156
-18.406 178.152
-18.408 178.15
-18.415 178.151
-18.419 178.147
-18.418 178.142
-18.42 178.14
-18.424 178.141
-18.426 178.136
-18.423 178.134
-18.423 178.131
-18.427 178.125
-18.428 178.121
segment Fiji
-18.408 178.167
-18.405 178.163
-18.394 178.161
-18.391 178.163
-18.384 178.162
-18.376 178.158
-18.373 178.159
-18.37 178.162
-18.371 178.165
-18.378 178.171
-18.387 178.173
-18.393 178.177
-18.407 178.171
-18.408 178.167
segment Fiji
-18.391 177.998
-18.388 177.991
-18.385 177.991
-18.383 177.995
-18.378 177.996
-18.376 178.008
-18.378 178.01
-18.384 178.007
-18.385 178.003
-18.39 178.003
-18.391 177.998
segment Fiji
-18.603 177.657
-18.599 177.653
-18.595 177.651
-18.584 177.645
-18.575 177.637
-18.566 177.637
-18.557 177.631
-18.55 177.624
-18.54 177.621
-18.523 177.61
-18.516 177.608
-18.513 177.609
-18.507 177.62
-18.495 177.629
-18.495 177.635
-18.497 177.639
-18.503 177.643
-18.509 177.65
-18.517 177.652
-18.543 177.648
-18.552 177.648
-18.562 177.653
-18.574 177.653
-18.588 177.665
-18.594 177.665
-18.602 177.664
-18.603 177.657
segment Fiji
-18.605 179.85
-18.601 179.842
-18.593 179.838
-18.587 179.837
-18.585 179.838
-18.581 179.851
-18.574 179.855
-18.569 179.865
-18.565 179.87
-18.565 179.875
-18.561 179.88
-18.561 179.884
-18.563 179.889
-18.559 179.895
-18.56 179.902
-18.557 179.905
-18.559 179.913
-18.556 179.918
-18.556 179.923
-18.552 179.931
-18.555 179.939
-18.551 179.95
-18.556 179.957
-18.563 179.959
-18.568 179.957
-18.574 179.952
-18.575 179.946
-18.579 179.942
-18.58 179.933
-18.578 179.928
-18.578 179.925
-18.579 179.925
-18.583 179.922
-18.586 179.924
-18.594 179.916
-18.593 179.911
-18.595 179.908
-18.595 179.904
-18.6 179.901
-18.6 179.897
-18.603 179.894
-18.606 179.892
-18.61 179.893
-18.609 179.898
-18.612 179.9
-18.612 179.905
-18.607 179.91
-18.606 179.919
-18.602 179.923
-18.603 179.927
-18.607 179.928
-18.612 179.927
-18.62 179.921
-18.628 179.909
-18.631 179.908
-18.641 179.905
-18.647 179.907
-18.655 179.901
-18.658 179.896
-18.651 179.889
-18.642 179.887
-18.635 179.883
-18.633 179.878
-18.628 179.875
-18.618 179.883
-18.615 179.881
-18.615 179.878
-18.62 179.875
-18.621 179.872
-18.619 179.87
-18.61 179.867
-18.609 179.859
-18.606 179.856
-18.605 179.85
segment Fiji
-18.761 178.53
-18.775 178.525
-18.774 178.52
-18.771 178.519
-18.76 178.525
-18.761 178.53
segment Fiji
-18.812 178.528
-18.81 178.526
-18.801 178.529
-18.8 178.531
-18.807 178.534
-18.811 178.532
-18.812 178.528
segment Fiji
-18.839 178.526
-18.84 178.53
-18.836 178.536
-18.841 178.539
-18.842 178.543
-18.845 178.546
-18.846 178.544
-18.846 178.539
-18.85 178.535
-18.851 178.531
-18.847 178.528
-18.844 178.529
-18.839 178.526
segment Fiji
-18.884 178.465
-18.885 178.472
-18.879 178.478
-18.879 178.485
-18.876 178.488
-18.867 178.492
-18.869 178.499
-18.871 178.501
-18.876 178.498
-18.879 178.498
-18.88 178.5
-18.876 178.502
-18.874 178.51
-18.875 178.516
-18.882 178.517
-18.887 178.516
-18.89 178.518
-18.894 178.517
-18.899 178.52
-18.899 178.523
-18.901 178.524
-18.906 178.523
-18.909 178.52
-18.914 178.52
-18.915 178.517
-18.918 178.514
-18.919 178.513
-18.918 178.51
-18.916 178.508
-18.909 178.51
-18.905 178.508
-18.904 178.506
-18.908 178.501
-18.912 178.5
-18.918 178.502
-18.922 178.502
-18.926 178.496
-18.93 178.494
-18.936 178.496
-18.939 178.496
-18.939 178.488
-18.936 178.484
-18.926 178.484
-18.923 178.48
-18.922 178.468
-18.918 178.464
-18.914 178.465
-18.91 178.461
-18.902 178.459
-18.899 178.46
-18.892 178.462
-18.893 178.471
-18.892 178.474
-18.889 178.474
-18.887 178.466
-18.884 178.465
segment Fiji
-18.956 178.308
-18.951 178.313
-18.938 178.317
-18.939 178.328
-18.936 178.336
-18.941 178.341
-18.941 178.344
-18.942 178.355
-18.938 178.364
-18.938 178.37
-18.943 178.372
-18.947 178.379
-18.957 178.382
-18.949 178.389
-18.951 178.395
-18.95 178.405
-18.952 178.407
-18.952 178.416
-18.956 178.42
-18.959 178.419
-18.969 178.422
-18.976 178.422
-18.985 178.414
-18.988 178.415
-18.99 178.417
-18.986 178.418
-18.985 178.422
-18.99 178.423
-18.991 178.426
-18.989 178.428
-18.982 178.427
-18.981 178.429
-18.986 178.433
-18.985 178.434
-18.981 178.434
-18.975 178.436
-18.969 178.43
-18.961 178.442
-18.963 178.445
-18.958 178.447
-18.959 178.454
-18.971 178.461
-18.971 178.474
-18.978 178.476
-18.98 178.48
-18.992 178.481
-18.994 178.485
-19.003 178.49
-19.004 178.485
-18.999 178.472
-19 178.471
-19.002 178.468
-19.003 178.471
-19.007 178.472
-19.007 178.475
-19.011 178.478
-19.018 178.473
-19.027 178.471
-19.022 178.461
-19.025 178.459
-19.024 178.454
-19.019 178.451
-19.018 178.447
-19.021 178.445
-19.022 178.442
-19.026 178.442
-19.029 178.453
-19.033 178.458
-19.037 178.459
-19.043 178.454
-19.038 178.449
-19.037 178.446
-19.04 178.445
-19.039 178.44
-19.035 178.44
-19.034 178.439
-19.03 178.43
-19.033 178.427
-19.032 178.423
-19.027 178.422
-19.02 178.414
-19.024 178.411
-19.023 178.408
-19.025 178.407
-19.027 178.409
-19.027 178.413
-19.029 178.413
-19.033 178.41
-19.048 178.417
-19.053 178.414
-19.048 178.411
-19.048 178.406
-19.045 178.391
-19.04 178.385
-19.049 178.385
-19.051 178.381
-19.053 178.379
-19.061 178.372
-19.054 178.366
-19.057 178.358
-19.06 178.355
-19.057 178.353
-19.053 178.355
-19.051 178.353
-19.051 178.351
-19.047 178.346
-19.043 178.346
-19.046 178.342
-19.05 178.339
-19.053 178.335
-19.061 178.328
-19.061 178.325
-19.059 178.323
-19.055 178.325
-19.042 178.339
-19.035 178.343
-19.028 178.341
-19.027 178.343
-19.032 178.323
-19.027 178.321
-19.026 178.319
-19.032 178.314
-19.032 178.311
-19.028 178.308
-19.024 178.306
-19.02 178.308
-19.018 178.311
-19.019 178.321
-19.016 178.324
-19.011 178.32
-19.011 178.315
-19.005 178.311
-19.004 178.306
-19.006 178.303
-19.005 178.3
-19.002 178.296
-19 178.295
-18.997 178.294
-18.99 178.286
-18.992 178.285
-19.001 178.289
-19.004 178.288
-19.001 178.282
-18.997 178.279
-18.997 178.277
-18.999 178.276
-19.003 178.276
-18.999 178.27
-19.009 178.271
-19.014 178.273
-19.015 178.27
-19.02 178.27
-19.021 178.264
-19.015 178.262
-19.021 178.254
-19.021 178.251
-19.017 178.246
-19.022 178.239
-19.028 178.239
-19.035 178.239
-19.04 178.243
-19.043 178.239
-19.041 178.236
-19.045 178.23
-19.044 178.227
-19.049 178.224
-19.05 178.221
-19.056 178.22
-19.057 178.218
-19.056 178.214
-19.049 178.211
-19.05 178.208
-19.056 178.205
-19.05 178.192
-19.051 178.189
-19.048 178.184
-19.053 178.181
-19.054 178.177
-19.056 178.176
-19.062 178.184
-19.066 178.184
-19.066 178.179
-19.069 178.176
-19.065 178.166
-19.063 178.163
-19.065 178.162
-19.071 178.167
-19.076 178.168
-19.088 178.168
-19.094 178.169
-19.098 178.168
-19.102 178.169
-19.108 178.175
-19.113 178.178
-19.114 178.18
-19.114 178.183
-19.116 178.186
-19.12 178.193
-19.123 178.193
-19.139 178.19
-19.15 178.183
-19.159 178.168
-19.158 178.158
-19.159 178.156
-19.16 178.152
-19.157 178.149
-19.155 178.149
-19.151 178.156
-19.148 178.158
-19.139 178.16
-19.136 178.157
-19.131 178.16
-19.123 178.155
-19.123 178.145
-19.136 178.137
-19.145 178.13
-19.144 178.128
-19.139 178.128
-19.136 178.125
-19.13 178.125
-19.132 178.121
-19.129 178.118
-19.132 178.114
-19.137 178.111
-19.138 178.108
-19.142 178.111
-19.147 178.108
-19.146 178.104
-19.151 178.106
-19.154 178.104
-19.158 178.098
-19.166 178.091
-19.166 178.088
-19.164 178.086
-19.154 178.085
-19.152 178.082
-19.153 178.076
-19.163 178.074
-19.163 178.071
-19.16 178.067
-19.161 178.064
-19.157 178.06
-19.159 178.057
-19.159 178.052
-19.156 178.05
-19.15 178.054
-19.147 178.052
-19.149 178.05
-19.149 178.047
-19.147 178.044
-19.146 178.033
-19.15 178.026
-19.147 178.018
-19.148 178.013
-19.154 178.014
-19.157 178.017
-19.155 178.02
-19.162 178.022
-19.165 178.021
-19.166 178.017
-19.159 178.01
-19.156 178.011
-19.148 178.009
-19.145 178
-19.142 177.995
-19.142 177.988
-19.146 177.982
-19.149 177.978
-19.148 177.976
-19.145 177.977
-19.14 177.975
-19.141 177.968
-19.136 177.968
-19.129 177.963
-19.119 177.961
-19.113 177.966
-19.115 177.976
-19.109 177.987
-19.11 178.001
-19.107 178.006
-19.106 178.018
-19.095 178.029
-19.089 178.03
-19.08 178.035
-19.076 178.048
-19.079 178.051
-19.073 178.055
-19.071 178.064
-19.077 178.066
-19.073 178.071
-19.074 178.076
-19.073 178.081
-19.071 178.086
-19.073 178.095
-19.081 178.098
-19.08 178.109
-19.078 178.113
-19.083 178.122
-19.083 178.126
-19.079 178.127
-19.066 178.124
-19.054 178.126
-19.049 178.132
-19.047 178.137
-19.047 178.144
-19.055 178.153
-19.057 178.158
-19.055 178.162
-19.051 178.165
-19.044 178.164
-19.026 178.167
-19.02 178.165
-19.016 178.166
-19.007 178.168
-19.001 178.164
-18.999 178.164
-18.992 178.168
-18.992 178.172
-18.984 178.179
-18.984 178.191
-18.982 178.193
-18.981 178.201
-18.982 178.205
-18.981 178.21
-18.973 178.218
-18.968 178.228
-18.968 178.243
-18.973 178.254
-18.969 178.256
-18.967 178.258
-18.965 178.261
-18.965 178.264
-18.968 178.264
-18.975 178.261
-18.978 178.262
-18.978 178.265
-18.974 178.271
-18.982 178.276
-18.985 178.28
-18.975 178.282
-18.969 178.28
-18.965 178.284
-18.964 178.286
-18.95 178.287
-18.95 178.29
-18.955 178.296
-18.956 178.308
segment Fiji
-19.09 178.186
-19.088 178.183
-19.084 178.181
-19.078 178.186
-19.077 178.184
-19.07 178.181
-19.069 178.187
-19.075 178.192
-19.075 178.195
-19.078 178.198
-19.08 178.205
-19.083 178.198
-19.086 178.197
-19.089 178.194
-19.09 178.186
segment Fiji
-19.201 179.763
-19.201 179.757
-19.197 179.752
-19.197 179.75
-19.195 179.743
-19.185 179.734
-19.181 179.733
-19.177 179.734
-19.176 179.736
-19.177 179.739
-19.181 179.739
-19.183 179.74
-19.181 179.745
-19.177 179.747
-19.17 179.747
-19.166 179.75
-19.165 179.753
-19.171 179.761
-19.17 179.762
-19.167 179.762
-19.159 179.758
-19.158 179.754
-19.154 179.752
-19.151 179.746
-19.147 179.744
-19.141 179.745
-19.135 179.747
-19.132 179.752
-19.131 179.754
-19.131 179.759
-19.123 179.765
-19.123 179.767
-19.133 179.771
-19.135 179.775
-19.143 179.785
-19.154 179.787
-19.156 179.783
-19.16 179.78
-19.162 179.782
-19.162 179.787
-19.169 179.79
-19.175 179.791
-19.18 179.786
-19.187 179.784
-19.191 179.781
-19.201 179.763
segment Fiji
-19.18 178.114
-19.179 178.108
-19.174 178.104
-19.169 178.106
-19.164 178.104
-19.162 178.104
-19.159 178.111
-19.164 178.113
-19.166 178.117
-19.17 178.118
-19.178 178.116
-19.18 178.114
segment Fiji
-16.626 178.762
-16.622 178.766
-16.62 178.769
-16.61 178.773
-16.607 178.788
-16.604 178.795
-16.605 178.801
-16.61 178.809
-16.614 178.812
-16.621 178.809
-16.627 178.808
-16.637 178.8
-16.64 178.806
-16.637 178.812
-16.633 178.814
-16.634 178.818
-16.641 178.821
-16.638 178.826
-16.638 178.83
-16.636 178.83
-16.631 178.823
-16.627 178.822
-16.625 178.817
-16.62 178.821
-16.615 178.818
-16.611 178.819
-16.609 178.822
-16.602 178.824
-16.594 178.841
-16.595 178.827
-16.592 178.824
-16.588 178.823
-16.585 178.825
-16.576 178.834
-16.566 178.842
-16.563 178.841
-16.564 178.838
-16.562 178.836
-16.557 178.842
-16.555 178.847
-16.558 178.848
-16.57 178.844
-16.571 178.844
-16.581 178.847
-16.584 178.85
-16.581 178.852
-16.572 178.85
-16.567 178.851
-16.567 178.855
-16.557 178.857
-16.555 178.862
-16.557 178.865
-16.567 178.868
-16.569 178.87
-16.566 178.876
-16.568 178.879
-16.567 178.882
-16.574 178.883
-16.568 178.888
-16.569 178.89
-16.572 178.889
-16.573 178.89
-16.573 178.894
-16.577 178.895
-16.578 178.898
-16.575 178.9
-16.574 178.904
-16.576 178.907
-16.574 178.908
-16.569 178.905
-16.57 178.901
-16.57 178.896
-16.564 178.89
-16.56 178.888
-16.554 178.892
-16.541 178.89
-16.534 178.897
-16.528 178.909
-16.522 178.916
-16.519 178.918
-16.513 178.918
-16.508 178.914
-16.504 178.915
-16.505 178.908
-16.502 178.906
-16.497 178.908
-16.494 178.912
-16.491 178.911
-16.488 178.912
-16.485 178.917
-16.49 178.919
-16.491 178.921
-16.49 178.924
-16.482 178.931
-16.481 178.937
-16.477 178.932
-16.473 178.931
-16.472 178.935
-16.475 178.941
-16.469 178.943
-16.464 178.948
-16.463 178.952
-16.465 178.961
-16.468 178.956
-16.478 178.953
-16.48 178.954
-16.482 178.963
-16.484 178.966
-16.484 178.97
-16.474 178.978
-16.469 178.991
-16.47 178.996
-16.467 179.009
-16.467 179.014
-16.472 179.019
-16.473 179.024
-16.476 179.029
-16.475 179.041
-16.469 179.05
-16.466 179.049
-16.462 179.048
-16.458 179.052
-16.454 179.067
-16.455 179.07
-16.451 179.076
-16.453 179.079
-16.454 179.084
-16.447 179.086
-16.448 179.096
-16.453 179.101
-16.452 179.104
-16.446 179.107
-16.442 179.112
-16.44 179.124
-16.44 179.128
-16.437 179.138
-16.437 179.144
-16.44 179.148
-16.44 179.155
-16.44 179.164
-16.437 179.168
-16.431 179.17
-16.419 179.182
-16.418 179.187
-16.413 179.195
-16.407 179.212
-16.417 179.221
-16.42 179.226
-16.419 179.228
-16.42 179.231
-16.416 179.236
-16.415 179.243
-16.417 179.25
-16.426 179.261
-16.427 179.263
-16.417 179.262
-16.419 179.27
-16.423 179.279
-16.423 179.288
-16.429 179.295
-16.428 179.303
-16.429 179.312
-16.427 179.313
-16.424 179.311
-16.422 179.302
-16.419 179.3
-16.414 179.303
-16.412 179.308
-16.413 179.312
-16.42 179.312
-16.423 179.316
-16.424 179.319
-16.422 179.326
-16.418 179.329
-16.418 179.332
-16.408 179.328
-16.404 179.33
-16.403 179.348
-16.404 179.351
-16.414 179.352
-16.413 179.356
-16.415 179.358
-16.42 179.357
-16.423 179.361
-16.431 179.366
-16.433 179.369
-16.43 179.37
-16.425 179.368
-16.424 179.369
-16.419 179.37
-16.419 179.377
-16.425 179.379
-16.424 179.382
-16.428 179.385
-16.426 179.387
-16.42 179.385
-16.414 179.388
-16.406 179.38
-16.399 179.378
-16.394 179.372
-16.389 179.369
-16.385 179.362
-16.38 179.36
-16.371 179.364
-16.361 179.378
-16.366 179.385
-16.368 179.385
-16.373 179.387
-16.375 179.391
-16.38 179.393
-16.369 179.396
-16.364 179.395
-16.358 179.397
-16.36 179.402
-16.369 179.403
-16.372 179.408
-16.371 179.412
-16.364 179.413
-16.359 179.412
-16.356 179.415
-16.345 179.405
-16.339 179.412
-16.336 179.413
-16.331 179.412
-16.329 179.408
-16.325 179.41
-16.321 179.416
-16.323 179.42
-16.327 179.418
-16.333 179.423
-16.336 179.422
-16.34 179.428
-16.318 179.43
-16.328 179.442
-16.328 179.443
-16.315 179.445
-16.304 179.449
-16.304 179.452
-16.301 179.454
-16.292 179.462
-16.282 179.454
-16.279 179.457
-16.284 179.469
-16.293 179.473
-16.294 179.482
-16.291 179.485
-16.289 179.49
-16.284 179.49
-16.281 179.488
-16.279 179.492
-16.288 179.493
-16.292 179.495
-16.292 179.498
-16.284 179.507
-16.294 179.509
-16.294 179.513
-16.293 179.516
-16.29 179.523
-16.287 179.523
-16.281 179.515
-16.274 179.516
-16.271 179.515
-16.27 179.511
-16.263 179.506
-16.261 179.507
-16.259 179.511
-16.26 179.514
-16.256 179.519
-16.259 179.521
-16.262 179.519
-16.265 179.523
-16.264 179.529
-16.265 179.529
-16.27 179.523
-16.275 179.526
-16.279 179.525
-16.288 179.528
-16.288 179.533
-16.293 179.538
-16.295 179.548
-16.286 179.551
-16.281 179.549
-16.28 179.543
-16.276 179.541
-16.265 179.548
-16.261 179.544
-16.256 179.544
-16.252 179.54
-16.246 179.539
-16.244 179.541
-16.238 179.54
-16.235 179.542
-16.24 179.545
-16.24 179.547
-16.242 179.549
-16.246 179.55
-16.25 179.55
-16.261 179.557
-16.259 179.56
-16.259 179.569
-16.269 179.572
-16.271 179.574
-16.269 179.579
-16.271 179.581
-16.279 179.581
-16.273 179.585
-16.27 179.585
-16.265 179.58
-16.261 179.582
-16.253 179.58
-16.254 179.587
-16.252 179.59
-16.258 179.595
-16.264 179.593
-16.27 179.596
-16.274 179.602
-16.268 179.6
-16.26 179.601
-16.25 179.603
-16.247 179.607
-16.249 179.623
-16.244 179.621
-16.243 179.624
-16.244 179.627
-16.241 179.631
-16.236 179.631
-16.236 179.629
-16.234 179.627
-16.227 179.627
-16.228 179.631
-16.227 179.635
-16.231 179.636
-16.238 179.64
-16.237 179.646
-16.241 179.651
-16.236 179.654
-16.224 179.654
-16.224 179.658
-16.222 179.658
-16.218 179.657
-16.212 179.655
-16.202 179.659
-16.201 179.665
-16.197 179.674
-16.199 179.678
-16.211 179.67
-16.215 179.671
-16.223 179.679
-16.218 179.68
-16.215 179.687
-16.208 179.691
-16.201 179.701
-16.201 179.705
-16.206 179.715
-16.204 179.718
-16.203 179.717
-16.198 179.719
-16.198 179.722
-16.199 179.73
-16.196 179.738
-16.199 179.74
-16.203 179.738
-16.205 179.739
-16.21 179.736
-16.21 179.741
-16.206 179.745
-16.21 179.752
-16.212 179.753
-16.214 179.753
-16.215 179.745
-16.223 179.738
-16.228 179.739
-16.233 179.735
-16.235 179.738
-16.229 179.744
-16.229 179.747
-16.232 179.752
-16.231 179.76
-16.233 179.767
-16.239 179.77
-16.223 179.781
-16.224 179.783
-16.232 179.789
-16.231 179.792
-16.224 179.787
-16.222 179.788
-16.221 179.789
-16.216 179.785
-16.211 179.788
-16.212 179.791
-16.218 179.792
-16.219 179.798
-16.217 179.801
-16.217 179.809
-16.211 179.805
-16.206 179.809
-16.203 179.812
-16.204 179.816
-16.203 179.818
-16.204 179.823
-16.202 179.826
-16.202 179.827
-16.206 179.826
-16.21 179.828
-16.214 179.823
-16.22 179.821
-16.225 179.814
-16.228 179.812
-16.232 179.812
-16.233 179.807
-16.241 179.804
-16.242 179.806
-16.242 179.81
-16.241 179.813
-16.238 179.815
-16.238 179.825
-16.231 179.826
-16.229 179.829
-16.222 179.83
-16.219 179.833
-16.22 179.837
-16.224 179.838
-16.227 179.838
-16.235 179.841
-16.24 179.839
-16.243 179.84
-16.24 179.848
-16.226 179.849
-16.226 179.853
-16.223 179.855
-16.223 179.861
-16.217 179.856
-16.208 179.857
-16.212 179.861
-16.215 179.862
-16.218 179.863
-16.218 179.864
-16.216 179.866
-16.21 179.863
-16.206 179.864
-16.203 179.862
-16.2 179.865
-16.201 179.87
-16.206 179.872
-16.207 179.876
-16.203 179.877
-16.198 179.872
-16.193 179.879
-16.194 179.883
-16.186 179.885
-16.182 179.888
-16.183 179.894
-16.185 179.898
-16.184 179.9
-16.196 179.904
-16.191 179.909
-16.189 179.913
-16.185 179.916
-16.185 179.922
-16.183 179.923
-16.178 179.927
-16.179 179.931
-16.177 179.932
-16.177 179.936
-16.17 179.944
-16.172 179.949
-16.171 179.951
-16.167 179.949
-16.165 179.949
-16.164 179.955
-16.159 179.963
-16.164 179.966
-16.16 179.969
-16.159 179.973
-16.161 179.977
-16.16 179.985
-16.16 179.989
-16.159 179.99
-16.158 179.99
-16.158 179.989
-16.155 179.986
-16.15 179.99
-16.151 179.992
-16.152 179.993
-16.154 179.994
-16.157 179.996
-16.156 179.997
-16.155 179.998
-16.153 179.997
-16.149 179.996
-16.146 179.997
-16.146 179.999
-16.17 180
-16.171 179.997
-16.172 179.996
-16.173 179.995
-16.173 179.994
-16.174 179.994
-16.174 179.993
-16.175 179.993
-16.175 179.992
-16.175 179.991
-16.176 179.991
-16.176 179.99
-16.176 179.989
-16.177 179.989
-16.177 179.988
-16.177 179.987
-16.177 179.986
-16.177 179.985
-16.176 179.983
-16.18 179.979
-16.183 179.971
-16.191 179.962
-16.192 179.958
-16.198 179.953
-16.198 179.95
-16.207 179.939
-16.208 179.935
-16.212 179.931
-16.213 179.928
-16.211 179.923
-16.214 179.921
-16.212 179.915
-16.213 179.914
-16.216 179.915
-16.219 179.91
-16.223 179.907
-16.225 179.906
-16.228 179.907
-16.236 179.901
-16.237 179.896
-16.235 179.889
-16.236 179.885
-16.244 179.884
-16.247 179.879
-16.254 179.875
-16.258 179.869
-16.262 179.867
-16.26 179.859
-16.269 179.857
-16.276 179.841
-16.284 179.841
-16.287 179.839
-16.29 179.842
-16.296 179.841
-16.3 179.837
-16.301 179.833
-16.305 179.831
-16.306 179.837
-16.308 179.837
-16.312 179.832
-16.318 179.83
-16.336 179.817
-16.343 179.814
-16.349 179.815
-16.356 179.809
-16.361 179.807
-16.366 179.799
-16.371 179.795
-16.375 179.795
-16.381 179.787
-16.384 179.787
-16.388 179.781
-16.386 179.775
-16.387 179.775
-16.388 179.775
-16.39 179.777
-16.392 179.777
-16.395 179.775
-16.398 179.771
-16.399 179.771
-16.4 179.775
-16.403 179.775
-16.411 179.772
-16.413 179.764
-16.419 179.762
-16.43 179.754
-16.435 179.753
-16.438 179.749
-16.455 179.746
-16.459 179.742
-16.467 179.732
-16.471 179.723
-16.481 179.715
-16.483 179.713
-16.482 179.708
-16.486 179.699
-16.487 179.694
-16.49 179.69
-16.493 179.688
-16.497 179.682
-16.499 179.672
-16.503 179.66
-16.504 179.649
-16.508 179.645
-16.509 179.641
-16.516 179.64
-16.516 179.637
-16.514 179.636
-16.516 179.634
-16.519 179.635
-16.524 179.632
-16.526 179.635
-16.53 179.627
-16.528 179.618
-16.528 179.617
-16.531 179.611
-16.541 179.602
-16.541 179.595
-16.548 179.588
-16.548 179.582
-16.56 179.58
-16.564 179.572
-16.57 179.568
-16.575 179.569
-16.583 179.579
-16.585 179.58
-16.586 179.577
-16.579 179.564
-16.585 179.569
-16.589 179.57
-16.597 179.569
-16.6 179.568
-16.602 179.565
-16.597 179.556
-16.603 179.551
-16.606 179.55
-16.606 179.552
-16.606 179.556
-16.612 179.558
-16.617 179.569
-16.618 179.568
-16.619 179.562
-16.622 179.56
-16.621 179.557
-16.622 179.555
-16.626 179.552
-16.63 179.553
-16.631 179.55
-16.635 179.547
-16.635 179.536
-16.639 179.533
-16.637 179.529
-16.64 179.526
-16.641 179.523
-16.643 179.522
-16.649 179.527
-16.652 179.525
-16.654 179.524
-16.657 179.518
-16.655 179.514
-16.657 179.51
-16.661 179.512
-16.669 179.511
-16.67 179.507
-16.677 179.505
-16.681 179.5
-16.694 179.496
-16.696 179.481
-16.698 179.478
-16.704 179.474
-16.707 179.475
-16.713 179.486
-16.716 179.488
-16.719 179.488
-16.724 179.484
-16.737 179.488
-16.741 179.485
-16.749 179.484
-16.752 179.481
-16.758 179.479
-16.762 179.476
-16.771 179.477
-16.77 179.487
-16.763 179.5
-16.762 179.505
-16.757 179.52
-16.758 179.524
-16.755 179.53
-16.761 179.531
-16.761 179.538
-16.756 179.545
-16.763 179.548
-16.765 179.544
-16.763 179.54
-16.764 179.536
-16.767 179.535
-16.77 179.536
-16.768 179.543
-16.768 179.559
-16.763 179.565
-16.746 179.569
-16.744 179.574
-16.74 179.575
-16.739 179.586
-16.739 179.588
-16.741 179.591
-16.735 179.597
-16.734 179.607
-16.729 179.618
-16.723 179.619
-16.716 179.625
-16.705 179.629
-16.694 179.637
-16.688 179.644
-16.687 179.65
-16.685 179.652
-16.68 179.664
-16.672 179.671
-16.67 179.684
-16.664 179.683
-16.659 179.687
-16.659 179.694
-16.657 179.697
-16.648 179.701
-16.638 179.709
-16.624 179.71
-16.614 179.715
-16.61 179.719
-16.604 179.724
-16.6 179.733
-16.595 179.737
-16.59 179.744
-16.582 179.748
-16.58 179.757
-16.573 179.764
-16.569 179.774
-16.565 179.779
-16.556 179.784
-16.547 179.794
-16.541 179.797
-16.538 179.804
-16.531 179.811
-16.53 179.814
-16.526 179.826
-16.521 179.833
-16.519 179.849
-16.506 179.874
-16.501 179.877
-16.501 179.89
-16.489 179.895
-16.486 179.9
-16.48 179.899
-16.48 179.903
-16.482 179.908
-16.477 179.91
-16.477 179.914
-16.475 179.916
-16.474 179.917
-16.475 179.922
-16.469 179.927
-16.47 179.93
-16.474 179.932
-16.479 179.931
-16.482 179.933
-16.485 179.936
-16.487 179.934
-16.492 179.934
-16.5 179.932
-16.506 179.934
-16.508 179.931
-16.507 179.926
-16.511 179.924
-16.518 179.927
-16.525 179.924
-16.531 179.914
-16.54 179.909
-16.545 179.902
-16.554 179.899
-16.556 179.9
-16.561 179.904
-16.563 179.901
-16.569 179.9
-16.575 179.895
-16.578 179.89
-16.584 179.888
-16.591 179.89
-16.593 179.885
-16.597 179.883
-16.599 179.877
-16.606 179.876
-16.614 179.867
-16.616 179.868
-16.617 179.871
-16.621 179.872
-16.625 179.876
-16.634 179.876
-16.637 179.874
-16.638 179.863
-16.642 179.857
-16.643 179.854
-16.643 179.85
-16.657 179.849
-16.658 179.846
-16.663 179.834
-16.666 179.829
-16.669 179.825
-16.672 179.825
-16.676 179.829
-16.676 179.837
-16.672 179.844
-16.676 179.859
-16.675 179.868
-16.676 179.874
-16.679 179.879
-16.683 179.881
-16.69 179.881
-16.696 179.879
-16.7 179.882
-16.712 179.893
-16.715 179.894
-16.729 179.889
-16.736 179.887
-16.737 179.888
-16.735 179.891
-16.723 179.895
-16.716 179.899
-16.72 179.905
-16.726 179.901
-16.73 179.902
-16.731 179.905
-16.724 179.908
-16.721 179.913
-16.725 179.919
-16.73 179.92
-16.735 179.932
-16.739 179.929
-16.747 179.933
-16.751 179.929
-16.754 179.928
-16.76 179.932
-16.76 179.929
-16.759 179.927
-16.759 179.926
-16.763 179.92
-16.762 179.917
-16.757 179.913
-16.751 179.913
-16.751 179.907
-16.745 179.903
-16.746 179.893
-16.748 179.889
-16.752 179.885
-16.762 179.891
-16.765 179.897
-16.767 179.897
-16.769 179.895
-16.774 179.894
-16.776 179.89
-16.774 179.886
-16.763 179.883
-16.765 179.88
-16.775 179.876
-16.775 179.871
-16.772 179.869
-16.771 179.869
-16.771 179.863
-16.767 179.861
-16.768 179.856
-16.758 179.85
-16.757 179.857
-16.748 179.861
-16.747 179.857
-16.751 179.855
-16.751 179.853
-16.745 179.853
-16.743 179.849
-16.748 179.843
-16.746 179.831
-16.748 179.824
-16.741 179.817
-16.74 179.812
-16.736 179.809
-16.731 179.809
-16.731 179.802
-16.725 179.795
-16.724 179.792
-16.725 179.785
-16.721 179.781
-16.724 179.776
-16.726 179.766
-16.73 179.757
-16.731 179.755
-16.73 179.744
-16.725 179.739
-16.723 179.734
-16.719 179.732
-16.72 179.729
-16.716 179.723
-16.716 179.716
-16.72 179.713
-16.721 179.708
-16.724 179.703
-16.729 179.705
-16.733 179.702
-16.735 179.696
-16.739 179.699
-16.742 179.696
-16.745 179.668
-16.74 179.664
-16.742 179.658
-16.743 179.658
-16.752 179.662
-16.758 179.653
-16.758 179.646
-16.757 179.645
-16.755 179.649
-16.753 179.65
-16.749 179.649
-16.746 179.645
-16.745 179.64
-16.747 179.636
-16.756 179.642
-16.762 179.633
-16.77 179.625
-16.776 179.613
-16.784 179.609
-16.785 179.604
-16.796 179.598
-16.8 179.595
-16.799 179.59
-16.796 179.592
-16.792 179.591
-16.794 179.586
-16.794 179.575
-16.795 179.574
-16.8 179.574
-16.799 179.578
-16.804 179.58
-16.809 179.571
-16.807 179.569
-16.803 179.571
-16.8 179.566
-16.783 179.555
-16.792 179.545
-16.791 179.542
-16.793 179.54
-16.791 179.535
-16.792 179.531
-16.784 179.526
-16.79 179.526
-16.796 179.528
-16.802 179.516
-16.799 179.506
-16.801 179.5
-16.799 179.495
-16.801 179.489
-16.799 179.487
-16.8 179.48
-16.799 179.474
-16.801 179.473
-16.805 179.476
-16.804 179.47
-16.808 179.47
-16.809 179.47
-16.81 179.466
-16.806 179.465
-16.808 179.456
-16.812 179.448
-16.809 179.447
-16.808 179.438
-16.8 179.432
-16.798 179.414
-16.803 179.414
-16.801 179.391
-16.799 179.387
-16.8 179.384
-16.802 179.385
-16.804 179.388
-16.805 179.385
-16.799 179.373
-16.795 179.372
-16.8 179.368
-16.803 179.362
-16.807 179.359
-16.809 179.352
-16.804 179.346
-16.802 179.34
-16.805 179.333
-16.81 179.331
-16.819 179.31
-16.815 179.292
-16.812 179.293
-16.803 179.302
-16.796 179.307
-16.79 179.315
-16.789 179.316
-16.778 179.326
-16.774 179.341
-16.776 179.345
-16.774 179.349
-16.769 179.355
-16.768 179.36
-16.761 179.362
-16.758 179.364
-16.756 179.364
-16.756 179.36
-16.751 179.358
-16.745 179.363
-16.739 179.366
-16.736 179.364
-16.735 179.36
-16.733 179.357
-16.729 179.344
-16.733 179.335
-16.727 179.333
-16.724 179.332
-16.728 179.324
-16.727 179.321
-16.725 179.319
-16.718 179.322
-16.715 179.322
-16.715 179.316
-16.711 179.311
-16.713 179.304
-16.712 179.301
-16.705 179.298
-16.702 179.292
-16.701 179.284
-16.697 179.278
-16.699 179.277
-16.697 179.269
-16.7 179.248
-16.697 179.231
-16.699 179.209
-16.7 179.201
-16.704 179.198
-16.704 179.194
-16.712 179.186
-16.713 179.177
-16.715 179.175
-16.718 179.176
-16.716 179.18
-16.718 179.182
-16.725 179.176
-16.725 179.171
-16.728 179.17
-16.732 179.17
-16.743 179.161
-16.749 179.149
-16.748 179.14
-16.753 179.136
-16.757 179.125
-16.76 179.126
-16.759 179.13
-16.768 179.123
-16.776 179.121
-16.779 179.12
-16.782 179.117
-16.787 179.119
-16.792 179.115
-16.794 179.109
-16.797 179.106
-16.798 179.1
-16.797 179.095
-16.798 179.091
-16.797 179.088
-16.8 179.079
-16.799 179.073
-16.807 179.06
-16.8 179.051
-16.798 179.046
-16.81 179.059
-16.812 179.06
-16.815 179.058
-16.811 179.048
-16.813 179.045
-16.818 179.044
-16.822 179.048
-16.826 179.045
-16.836 179.042
-16.845 179.044
-16.856 179.039
-16.859 179.035
-16.867 179.032
-16.87 179.029
-16.876 179.03
-16.879 179.027
-16.884 179.027
-16.89 179.024
-16.891 179.024
-16.893 179.02
-16.902 179.016
-16.9 179.025
-16.894 179.031
-16.892 179.03
-16.887 179.033
-16.878 179.033
-16.879 179.038
-16.873 179.039
-16.874 179.042
-16.88 179.046
-16.884 179.051
-16.883 179.054
-16.886 179.063
-16.882 179.065
-16.88 179.07
-16.881 179.074
-16.887 179.077
-16.896 179.073
-16.903 179.073
-16.903 179.071
-16.902 179.05
-16.903 179.045
-16.911 179.037
-16.912 179.031
-16.919 179.029
-16.923 179.025
-16.927 179.026
-16.927 179.024
-16.914 179.019
-16.919 179.012
-16.919 179.008
-16.916 179.003
-16.908 179.001
-16.908 178.993
-16.902 178.992
-16.9 178.987
-16.903 178.981
-16.909 178.97
-16.909 178.966
-16.899 178.956
-16.888 178.953
-16.881 178.944
-16.877 178.929
-16.874 178.927
-16.858 178.925
-16.851 178.921
-16.845 178.922
-16.842 178.92
-16.84 178.914
-16.858 178.919
-16.867 178.917
-16.87 178.919
-16.873 178.921
-16.879 178.923
-16.882 178.922
-16.882 178.918
-16.878 178.913
-16.874 178.911
-16.869 178.913
-16.865 178.908
-16.865 178.902
-16.861 178.895
-16.856 178.895
-16.858 178.89
-16.856 178.876
-16.86 178.872
-16.86 178.866
-16.862 178.866
-16.865 178.871
-16.871 178.867
-16.871 178.862
-16.876 178.861
-16.882 178.857
-16.884 178.851
-16.89 178.853
-16.893 178.846
-16.893 178.83
-16.9 178.836
-16.905 178.833
-16.906 178.828
-16.91 178.825
-16.909 178.816
-16.911 178.808
-16.918 178.8
-16.921 178.8
-16.925 178.808
-16.929 178.807
-16.932 178.812
-16.938 178.815
-16.937 178.811
-16.938 178.804
-16.941 178.802
-16.948 178.809
-16.953 178.804
-16.955 178.801
-16.955 178.794
-16.958 178.784
-16.957 178.778
-16.959 178.774
-16.962 178.773
-16.962 178.775
-16.967 178.78
-16.969 178.792
-16.972 178.8
-16.976 178.8
-16.978 178.797
-16.983 178.8
-16.988 178.8
-16.995 178.795
-16.997 178.788
-16.997 178.785
-16.992 178.776
-16.989 178.775
-16.989 178.766
-16.996 178.767
-17 178.77
-17.003 178.769
-17.007 178.774
-17.008 178.774
-17.009 178.772
-17.006 178.767
-17.005 178.761
-17.007 178.758
-17.009 178.752
-17.007 178.74
-17.011 178.732
-17.01 178.716
-17.007 178.709
-17.001 178.705
-16.992 178.693
-16.981 178.691
-16.972 178.682
-16.967 178.681
-16.966 178.677
-16.957 178.674
-16.947 178.676
-16.943 178.675
-16.942 178.675
-16.936 178.669
-16.924 178.667
-16.922 178.672
-16.919 178.665
-16.915 178.662
-16.907 178.664
-16.901 178.66
-16.896 178.66
-16.895 178.653
-16.888 178.65
-16.883 178.643
-16.881 178.646
-16.879 178.645
-16.875 178.637
-16.867 178.636
-16.861 178.626
-16.85 178.621
-16.846 178.625
-16.843 178.629
-16.841 178.627
-16.841 178.623
-16.838 178.621
-16.834 178.621
-16.835 178.625
-16.83 178.628
-16.822 178.622
-16.819 178.627
-16.824 178.633
-16.818 178.634
-16.816 178.638
-16.812 178.631
-16.807 178.626
-16.806 178.622
-16.808 178.62
-16.808 178.617
-16.806 178.615
-16.808 178.611
-16.806 178.607
-16.796 178.598
-16.795 178.6
-16.788 178.597
-16.79 178.592
-16.79 178.588
-16.796 178.583
-16.795 178.576
-16.796 178.572
-16.794 178.565
-16.801 178.562
-16.802 178.557
-16.808 178.554
-16.819 178.535
-16.819 178.532
-16.815 178.527
-16.817 178.522
-16.816 178.518
-16.818 178.513
-16.814 178.511
-16.815 178.509
-16.821 178.511
-16.824 178.509
-16.823 178.506
-16.819 178.503
-16.817 178.498
-16.811 178.495
-16.805 178.495
-16.802 178.499
-16.795 178.493
-16.792 178.495
-16.789 178.495
-16.785 178.49
-16.783 178.49
-16.78 178.499
-16.777 178.498
-16.779 178.495
-16.778 178.491
-16.774 178.49
-16.769 178.486
-16.764 178.488
-16.757 178.484
-16.75 178.487
-16.748 178.491
-16.751 178.495
-16.75 178.497
-16.745 178.496
-16.742 178.492
-16.738 178.492
-16.739 178.503
-16.736 178.505
-16.732 178.5
-16.73 178.499
-16.727 178.502
-16.728 178.505
-16.722 178.506
-16.724 178.51
-16.726 178.512
-16.731 178.515
-16.727 178.517
-16.725 178.514
-16.719 178.51
-16.716 178.518
-16.71 178.523
-16.71 178.534
-16.714 178.535
-16.722 178.534
-16.729 178.529
-16.734 178.529
-16.74 178.532
-16.74 178.537
-16.735 178.543
-16.728 178.547
-16.721 178.552
-16.719 178.551
-16.72 178.545
-16.718 178.542
-16.715 178.541
-16.713 178.544
-16.711 178.543
-16.709 178.543
-16.706 178.545
-16.705 178.552
-16.71 178.556
-16.714 178.555
-16.716 178.56
-16.714 178.565
-16.711 178.567
-16.705 178.565
-16.696 178.57
-16.695 178.575
-16.689 178.57
-16.685 178.574
-16.677 178.575
-16.67 178.584
-16.667 178.584
-16.662 178.588
-16.655 178.586
-16.652 178.581
-16.653 178.578
-16.662 178.575
-16.663 178.565
-16.668 178.565
-16.668 178.561
-16.672 178.554
-16.67 178.543
-16.667 178.539
-16.663 178.54
-16.654 178.537
-16.651 178.532
-16.647 178.532
-16.645 178.533
-16.64 178.544
-16.636 178.551
-16.634 178.556
-16.63 178.565
-16.626 178.571
-16.627 178.58
-16.634 178.584
-16.639 178.593
-16.645 178.598
-16.651 178.594
-16.656 178.595
-16.659 178.599
-16.658 178.606
-16.663 178.612
-16.654 178.615
-16.653 178.622
-16.65 178.623
-16.648 178.623
-16.646 178.625
-16.647 178.629
-16.656 178.636
-16.661 178.637
-16.663 178.638
-16.663 178.641
-16.67 178.646
-16.671 178.653
-16.668 178.658
-16.671 178.664
-16.674 178.677
-16.678 178.68
-16.684 178.702
-16.682 178.703
-16.671 178.704
-16.665 178.701
-16.658 178.706
-16.656 178.713
-16.655 178.713
-16.653 178.717
-16.653 178.719
-16.655 178.727
-16.648 178.734
-16.641 178.735
-16.639 178.738
-16.631 178.745
-16.624 178.76
-16.626 178.762
segment Fiji
-16.497 180
-16.5 179.999
-16.53 180
-16.531 179.997
-16.537 179.994
-16.539 179.99
-16.54 179.988
-16.539 179.987
-16.537 179.985
-16.533 179.98
-16.525 179.981
-16.519 179.984
-16.513 179.983
-16.511 179.985
-16.509 179.986
-16.505 179.99
-16.501 179.995
-16.498 179.998
-16.497 180
segment Fiji
-16.801 179.999
-16.9 179.999
-16.975 180
-16.98 179.996
-16.981 179.994
-16.984 179.985
-16.985 179.983
-16.991 179.977
-16.995 179.955
-17 179.947
-17.001 179.944
-17.002 179.941
-17.01 179.93
-17.01 179.925
-17.007 179.919
-17.002 179.915
-16.997 179.912
-16.981 179.914
-16.974 179.908
-16.969 179.897
-16.967 179.896
-16.961 179.896
-16.951 179.893
-16.947 179.894
-16.929 179.908
-16.928 179.913
-16.915 179.925
-16.907 179.929
-16.902 179.941
-16.895 179.946
-16.885 179.958
-16.88 179.962
-16.87 179.964
-16.852 179.972
-16.826 179.979
-16.809 179.992
-16.801 179.999
segment Fiji
-12.517 177.026
-12.516 177.006
-12.513 177.003
-12.501 177.004
-12.497 177.012
-12.496 177.016
-12.504 177.024
-12.502 177.032
-12.481 177.058
-12.48 177.062
-12.483 177.083
-12.486 177.098
-12.485 177.115
-12.494 177.124
-12.515 177.129
-12.519 177.126
-12.52 177.122
-12.52 177.105
-12.523 177.1
-12.523 177.096
-12.521 177.077
-12.521 177.07
-12.521 177.062
-12.517 177.049
-12.512 177.042
-12.51 177.031
-12.512 177.026
-12.517 177.026
segment Fiji
-19.704 -175.091
-19.705 -175.087
-19.705 -175.084
-19.707 -175.078
-19.706 -175.07
-19.708 -175.065
-19.711 -175.06
-19.718 -175.056
-19.724 -175.051
-19.73 -175.047
-19.737 -175.045
-19.737 -175.042
-19.739 -175.04
-19.745 -175.038
-19.754 -175.037
-19.764 -175.041
-19.768 -175.042
-19.774 -175.042
-19.777 -175.046
-19.776 -175.051
-19.777 -175.058
-19.777 -175.062
-19.778 -175.066
-19.779 -175.076
-19.778 -175.079
-19.776 -175.086
-19.773 -175.088
-19.771 -175.093
-19.767 -175.097
-19.761 -175.101
-19.757 -175.104
-19.753 -175.105
-19.748 -175.108
-19.745 -175.11
-19.741 -175.112
-19.737 -175.111
-19.732 -175.109
-19.727 -175.108
-19.722 -175.107
-19.717 -175.104
-19.714 -175.102
-19.709 -175.099
-19.707 -175.096
-19.704 -175.091
segment Fiji
-19.847 -178.234
-19.846 -178.236
-19.843 -178.233
-19.836 -178.233
-19.83 -178.226
-19.822 -178.221
-19.819 -178.218
-19.819 -178.215
-19.823 -178.213
-19.839 -178.22
-19.848 -178.233
-19.847 -178.234
