segment Republic Of Palau
4.332 132.313
4.332 132.314
4.331 132.314
4.33 132.315
4.329 132.316
4.327 132.317
4.324 132.318
4.321 132.317
4.317 132.316
4.314 132.315
4.313 132.314
4.312 132.311
4.316 132.31
4.32 132.308
4.323 132.308
4.326 132.309
4.329 132.309
4.331 132.31
4.332 132.311
4.332 132.313
segment Republic Of Palau
7.658 134.643
7.661 134.642
7.664 134.64
7.667 134.64
7.669 134.638
7.674 134.638
7.677 134.639
7.682 134.639
7.686 134.634
7.692 134.631
7.698 134.63
7.701 134.628
7.705 134.624
7.71 134.623
7.713 134.619
7.718 134.615
7.724 134.616
7.727 134.618
7.73 134.621
7.732 134.625
7.732 134.629
7.73 134.635
7.726 134.638
7.722 134.638
7.72 134.64
7.718 134.644
7.715 134.645
7.711 134.646
7.709 134.649
7.707 134.651
7.703 134.652
7.701 134.651
7.692 134.647
7.687 134.646
7.683 134.647
7.678 134.649
7.669 134.651
7.665 134.65
7.659 134.65
7.651 134.651
7.638 134.653
7.631 134.653
7.624 134.654
7.615 134.653
7.611 134.651
7.608 134.651
7.602 134.65
7.598 134.65
7.594 134.649
7.592 134.648
7.589 134.646
7.585 134.644
7.579 134.642
7.576 134.642
7.572 134.643
7.566 134.643
7.562 134.644
7.554 134.646
7.549 134.647
7.546 134.645
7.546 134.642
7.541 134.639
7.541 134.638
7.54 134.635
7.541 134.63
7.539 134.628
7.534 134.625
7.532 134.624
7.527 134.625
7.523 134.628
7.519 134.631
7.512 134.635
7.507 134.638
7.504 134.642
7.499 134.644
7.49 134.643
7.487 134.64
7.484 134.636
7.481 134.631
7.477 134.623
7.475 134.619
7.473 134.617
7.471 134.615
7.466 134.615
7.459 134.616
7.452 134.617
7.449 134.616
7.445 134.614
7.443 134.611
7.44 134.607
7.437 134.604
7.432 134.599
7.424 134.598
7.419 134.599
7.411 134.6
7.405 134.599
7.402 134.597
7.399 134.594
7.393 134.593
7.39 134.595
7.385 134.598
7.381 134.6
7.376 134.602
7.371 134.602
7.367 134.602
7.362 134.602
7.359 134.598
7.355 134.597
7.353 134.592
7.352 134.588
7.353 134.586
7.356 134.586
7.36 134.585
7.364 134.584
7.368 134.584
7.371 134.582
7.372 134.578
7.371 134.575
7.363 134.569
7.358 134.567
7.355 134.566
7.353 134.56
7.353 134.558
7.351 134.552
7.351 134.55
7.353 134.547
7.354 134.543
7.352 134.542
7.347 134.546
7.345 134.548
7.342 134.549
7.34 134.549
7.337 134.552
7.336 134.554
7.333 134.555
7.331 134.555
7.332 134.551
7.332 134.548
7.33 134.545
7.329 134.543
7.334 134.543
7.338 134.541
7.34 134.539
7.342 134.54
7.344 134.537
7.35 134.531
7.353 134.528
7.358 134.523
7.362 134.521
7.368 134.519
7.371 134.519
7.377 134.519
7.383 134.519
7.392 134.517
7.401 134.514
7.409 134.513
7.413 134.512
7.416 134.508
7.418 134.502
7.422 134.496
7.427 134.491
7.43 134.488
7.433 134.488
7.436 134.487
7.443 134.481
7.443 134.477
7.446 134.474
7.449 134.475
7.451 134.477
7.457 134.48
7.461 134.48
7.466 134.48
7.466 134.484
7.468 134.488
7.478 134.488
7.479 134.49
7.482 134.491
7.486 134.49
7.489 134.49
7.49 134.49
7.493 134.492
7.494 134.498
7.496 134.503
7.499 134.504
7.501 134.505
7.5 134.513
7.493 134.513
7.489 134.513
7.486 134.516
7.485 134.522
7.488 134.524
7.492 134.527
7.497 134.532
7.499 134.532
7.502 134.529
7.504 134.521
7.505 134.517
7.505 134.509
7.507 134.507
7.509 134.505
7.513 134.505
7.518 134.506
7.525 134.507
7.529 134.507
7.53 134.509
7.531 134.513
7.532 134.519
7.532 134.523
7.535 134.526
7.538 134.524
7.543 134.522
7.544 134.523
7.545 134.523
7.55 134.524
7.555 134.524
7.558 134.525
7.558 134.532
7.558 134.538
7.561 134.543
7.566 134.544
7.575 134.545
7.579 134.544
7.582 134.543
7.587 134.541
7.594 134.54
7.598 134.541
7.6 134.543
7.602 134.549
7.603 134.553
7.605 134.555
7.605 134.557
7.604 134.558
7.602 134.558
7.613 134.572
7.618 134.579
7.622 134.582
7.623 134.585
7.622 134.591
7.62 134.596
7.618 134.601
7.617 134.605
7.617 134.61
7.621 134.616
7.626 134.621
7.632 134.627
7.635 134.631
7.636 134.632
7.642 134.634
7.65 134.639
7.654 134.641
7.657 134.643
7.658 134.643
segment Republic Of Palau
7.358 134.509
7.355 134.513
7.351 134.516
7.346 134.517
7.342 134.517
7.339 134.518
7.337 134.522
7.333 134.524
7.329 134.525
7.325 134.524
7.321 134.521
7.319 134.521
7.317 134.519
7.314 134.516
7.311 134.516
7.309 134.514
7.31 134.511
7.314 134.509
7.315 134.507
7.318 134.508
7.322 134.508
7.326 134.507
7.327 134.509
7.326 134.51
7.321 134.511
7.321 134.512
7.323 134.514
7.326 134.515
7.328 134.516
7.33 134.517
7.332 134.516
7.332 134.513
7.332 134.509
7.334 134.504
7.334 134.498
7.333 134.494
7.33 134.489
7.327 134.488
7.335 134.481
7.339 134.477
7.344 134.473
7.346 134.471
7.349 134.469
7.347 134.467
7.344 134.465
7.343 134.463
7.347 134.458
7.352 134.453
7.354 134.449
7.357 134.447
7.36 134.446
7.359 134.451
7.357 134.458
7.356 134.464
7.354 134.471
7.352 134.476
7.347 134.478
7.345 134.482
7.345 134.486
7.347 134.49
7.349 134.495
7.349 134.5
7.35 134.504
7.352 134.507
7.354 134.507
7.356 134.507
7.358 134.509
segment Republic Of Palau
7.335 134.437
7.329 134.435
7.326 134.435
7.324 134.436
7.322 134.438
7.319 134.441
7.316 134.444
7.314 134.45
7.311 134.455
7.307 134.458
7.304 134.459
7.298 134.459
7.298 134.452
7.299 134.449
7.298 134.446
7.297 134.446
7.285 134.446
7.283 134.446
7.278 134.446
7.274 134.449
7.268 134.452
7.267 134.455
7.27 134.458
7.268 134.46
7.265 134.46
7.26 134.459
7.255 134.458
7.253 134.455
7.255 134.454
7.256 134.451
7.258 134.448
7.259 134.446
7.263 134.443
7.267 134.442
7.269 134.442
7.273 134.436
7.273 134.432
7.271 134.431
7.268 134.434
7.267 134.433
7.263 134.426
7.262 134.425
7.258 134.422
7.253 134.421
7.249 134.42
7.245 134.419
7.242 134.413
7.239 134.411
7.238 134.41
7.239 134.406
7.237 134.402
7.236 134.402
7.234 134.401
7.233 134.4
7.23 134.396
7.227 134.394
7.223 134.391
7.219 134.39
7.218 134.388
7.22 134.388
7.224 134.387
7.224 134.382
7.223 134.381
7.226 134.379
7.236 134.372
7.239 134.371
7.244 134.367
7.244 134.365
7.245 134.362
7.246 134.359
7.25 134.357
7.256 134.351
7.255 134.355
7.255 134.358
7.253 134.361
7.251 134.364
7.248 134.366
7.246 134.369
7.244 134.372
7.242 134.376
7.238 134.377
7.235 134.379
7.234 134.382
7.233 134.386
7.235 134.389
7.237 134.39
7.24 134.391
7.243 134.395
7.245 134.397
7.247 134.399
7.249 134.403
7.249 134.405
7.251 134.408
7.252 134.41
7.257 134.413
7.261 134.413
7.264 134.413
7.269 134.415
7.274 134.417
7.275 134.419
7.278 134.423
7.281 134.426
7.284 134.426
7.284 134.429
7.282 134.431
7.279 134.431
7.278 134.433
7.279 134.435
7.281 134.436
7.285 134.436
7.287 134.437
7.287 134.44
7.286 134.442
7.288 134.443
7.291 134.443
7.295 134.443
7.3 134.442
7.302 134.444
7.301 134.446
7.302 134.449
7.305 134.449
7.309 134.447
7.313 134.445
7.316 134.441
7.318 134.439
7.321 134.435
7.323 134.432
7.329 134.43
7.335 134.43
7.338 134.434
7.335 134.437
segment Republic Of Palau
7.299 134.421
7.297 134.423
7.293 134.425
7.291 134.426
7.289 134.424
7.29 134.422
7.293 134.42
7.294 134.419
7.295 134.418
7.297 134.417
7.297 134.415
7.298 134.417
7.298 134.42
7.299 134.421
segment Republic Of Palau
7.292 134.287
7.29 134.292
7.287 134.294
7.284 134.294
7.282 134.293
7.281 134.291
7.282 134.289
7.285 134.288
7.288 134.287
7.291 134.286
7.292 134.287
segment Republic Of Palau
7.278 134.318
7.275 134.32
7.274 134.315
7.276 134.31
7.276 134.307
7.275 134.304
7.273 134.303
7.274 134.3
7.275 134.297
7.277 134.296
7.279 134.295
7.281 134.299
7.282 134.304
7.281 134.309
7.28 134.312
7.279 134.316
7.278 134.318
segment Republic Of Palau
7.279 134.397
7.274 134.399
7.269 134.399
7.266 134.399
7.266 134.395
7.265 134.393
7.262 134.394
7.258 134.395
7.256 134.395
7.253 134.394
7.251 134.392
7.25 134.388
7.252 134.388
7.256 134.388
7.26 134.386
7.264 134.385
7.265 134.385
7.27 134.384
7.273 134.383
7.273 134.388
7.275 134.392
7.277 134.394
7.279 134.395
7.279 134.397
segment Republic Of Palau
7.278 134.34
7.275 134.343
7.27 134.346
7.266 134.347
7.263 134.347
7.263 134.346
7.265 134.344
7.267 134.342
7.271 134.341
7.275 134.34
7.277 134.339
7.278 134.34
segment Republic Of Palau
7.136 134.388
7.14 134.385
7.143 134.381
7.146 134.377
7.144 134.373
7.143 134.371
7.143 134.368
7.142 134.363
7.142 134.358
7.142 134.355
7.146 134.352
7.15 134.35
7.153 134.349
7.16 134.35
7.163 134.35
7.165 134.35
7.167 134.348
7.171 134.349
7.173 134.354
7.171 134.36
7.164 134.359
7.161 134.359
7.16 134.362
7.159 134.364
7.156 134.364
7.157 134.37
7.159 134.374
7.162 134.376
7.165 134.376
7.167 134.378
7.166 134.379
7.164 134.382
7.17 134.382
7.177 134.383
7.182 134.382
7.186 134.383
7.186 134.385
7.182 134.386
7.177 134.387
7.174 134.389
7.167 134.39
7.163 134.389
7.158 134.387
7.156 134.385
7.154 134.384
7.149 134.384
7.146 134.385
7.144 134.387
7.141 134.388
7.137 134.389
7.136 134.388
segment Republic Of Palau
7.044 134.275
7.038 134.274
7.034 134.272
7.03 134.271
7.026 134.269
7.024 134.268
7.023 134.264
7.022 134.26
7.02 134.256
7.018 134.254
7.017 134.252
7.012 134.252
7.012 134.254
7.014 134.259
7.016 134.261
7.018 134.264
7.018 134.266
7.017 134.267
7.015 134.268
7.016 134.271
7.015 134.272
7.012 134.274
7.011 134.276
7.01 134.277
7.008 134.277
7.005 134.275
7.006 134.272
7.007 134.268
7.007 134.266
7.005 134.265
7.001 134.262
6.997 134.259
6.995 134.255
6.993 134.253
6.991 134.25
6.99 134.249
6.99 134.245
6.989 134.243
6.987 134.24
6.985 134.24
6.982 134.241
6.982 134.243
6.98 134.244
6.978 134.243
6.98 134.24
6.98 134.238
6.976 134.238
6.974 134.235
6.975 134.234
6.978 134.234
6.982 134.232
6.985 134.232
6.989 134.232
6.992 134.233
6.995 134.233
6.999 134.232
7.003 134.232
7.008 134.233
7.012 134.235
7.016 134.238
7.018 134.242
7.021 134.247
7.024 134.251
7.028 134.254
7.032 134.257
7.036 134.259
7.039 134.26
7.042 134.261
7.044 134.263
7.046 134.267
7.047 134.27
7.049 134.272
7.049 134.275
7.048 134.276
7.047 134.276
7.045 134.276
7.044 134.275
segment Republic Of Palau
6.922 134.151
6.919 134.153
6.917 134.155
6.914 134.157
6.91 134.158
6.907 134.157
6.904 134.156
6.902 134.154
6.9 134.152
6.897 134.149
6.895 134.148
6.894 134.146
6.892 134.143
6.89 134.142
6.888 134.141
6.887 134.138
6.887 134.131
6.886 134.127
6.887 134.124
6.89 134.123
6.893 134.125
6.894 134.127
6.896 134.129
6.898 134.13
6.898 134.133
6.901 134.134
6.904 134.135
6.906 134.134
6.91 134.134
6.914 134.131
6.919 134.131
6.924 134.132
6.924 134.133
6.923 134.135
6.923 134.141
6.924 134.143
6.923 134.147
6.922 134.151
