segment Tonga
-21.085 -175.123
-21.087 -175.124
-21.089 -175.13
-21.087 -175.133
-21.086 -175.133
-21.085 -175.131
-21.085 -175.128
-21.085 -175.123
segment Tonga
-21.154 -175.151
-21.152 -175.153
-21.146 -175.152
-21.143 -175.151
-21.14 -175.149
-21.143 -175.147
-21.146 -175.148
-21.15 -175.147
-21.152 -175.148
-21.153 -175.149
-21.154 -175.151
segment Tonga
-21.158 -175.209
-21.16 -175.208
-21.164 -175.208
-21.167 -175.208
-21.17 -175.21
-21.168 -175.212
-21.166 -175.213
-21.16 -175.212
-21.158 -175.209
segment Tonga
-22.346 -176.206
-22.344 -176.209
-22.34 -176.213
-22.336 -176.211
-22.33 -176.208
-22.329 -176.2
-22.33 -176.197
-22.338 -176.196
-22.345 -176.202
-22.346 -176.206
segment Tonga
-20.544 -175.381
-20.543 -175.388
-20.541 -175.389
-20.541 -175.391
-20.54 -175.395
-20.538 -175.397
-20.537 -175.395
-20.536 -175.39
-20.536 -175.385
-20.54 -175.382
-20.544 -175.381
segment Tonga
-20.542 -175.413
-20.543 -175.409
-20.547 -175.407
-20.555 -175.405
-20.558 -175.409
-20.556 -175.414
-20.553 -175.418
-20.546 -175.417
-20.542 -175.413
segment Tonga
-21.01 -175.166
-21.012 -175.163
-21.012 -175.161
-21.014 -175.158
-21.015 -175.16
-21.015 -175.163
-21.015 -175.165
-21.016 -175.166
-21.017 -175.168
-21.015 -175.169
-21.014 -175.17
-21.011 -175.169
-21.01 -175.166
segment Tonga
-21.042 -175.254
-21.044 -175.253
-21.046 -175.253
-21.05 -175.253
-21.051 -175.255
-21.049 -175.256
-21.046 -175.257
-21.042 -175.254
segment Tonga
-20.029 -174.689
-20.03 -174.686
-20.031 -174.684
-20.033 -174.685
-20.034 -174.687
-20.034 -174.69
-20.031 -174.691
-20.03 -174.69
-20.029 -174.689
segment Tonga
-20.044 -174.665
-20.046 -174.664
-20.047 -174.663
-20.05 -174.663
-20.052 -174.664
-20.053 -174.666
-20.05 -174.667
-20.048 -174.667
-20.045 -174.666
-20.044 -174.665
segment Tonga
-20.143 -174.618
-20.144 -174.616
-20.146 -174.618
-20.148 -174.62
-20.148 -174.622
-20.147 -174.624
-20.146 -174.624
-20.144 -174.623
-20.143 -174.621
-20.143 -174.618
segment Tonga
-20.235 -174.781
-20.241 -174.781
-20.247 -174.781
-20.255 -174.782
-20.264 -174.788
-20.265 -174.791
-20.264 -174.795
-20.259 -174.798
-20.256 -174.802
-20.253 -174.805
-20.251 -174.812
-20.25 -174.816
-20.246 -174.816
-20.243 -174.813
-20.241 -174.81
-20.24 -174.803
-20.239 -174.794
-20.238 -174.79
-20.236 -174.785
-20.235 -174.781
segment Tonga
-20.276 -174.63
-20.28 -174.631
-20.282 -174.633
-20.282 -174.636
-20.279 -174.637
-20.276 -174.634
-20.276 -174.63
segment Tonga
-20.277 -174.812
-20.279 -174.81
-20.281 -174.81
-20.282 -174.812
-20.281 -174.814
-20.278 -174.813
-20.277 -174.812
segment Tonga
-20.316 -174.522
-20.317 -174.526
-20.314 -174.527
-20.311 -174.529
-20.309 -174.527
-20.309 -174.525
-20.313 -174.524
-20.316 -174.522
segment Tonga
-20.324 -174.718
-20.324 -174.716
-20.325 -174.713
-20.327 -174.711
-20.33 -174.709
-20.333 -174.71
-20.332 -174.711
-20.33 -174.714
-20.331 -174.718
-20.327 -174.719
-20.324 -174.718
segment Tonga
-20.339 -174.521
-20.341 -174.521
-20.344 -174.523
-20.345 -174.524
-20.349 -174.526
-20.349 -174.528
-20.347 -174.529
-20.343 -174.527
-20.342 -174.526
-20.34 -174.524
-20.339 -174.521
segment Tonga
-20.389 -174.53
-20.393 -174.531
-20.395 -174.532
-20.397 -174.533
-20.398 -174.536
-20.397 -174.538
-20.393 -174.538
-20.391 -174.535
-20.389 -174.534
-20.389 -174.53
segment Tonga
-20.451 -174.766
-20.454 -174.765
-20.455 -174.765
-20.457 -174.766
-20.457 -174.769
-20.456 -174.772
-20.454 -174.771
-20.452 -174.769
-20.451 -174.766
segment Tonga
-20.481 -174.683
-20.48 -174.679
-20.48 -174.675
-20.485 -174.675
-20.488 -174.677
-20.485 -174.68
-20.481 -174.683
segment Tonga
-20.494 -174.743
-20.496 -174.741
-20.498 -174.74
-20.501 -174.739
-20.503 -174.742
-20.503 -174.746
-20.5 -174.747
-20.496 -174.746
-20.494 -174.743
segment Tonga
-20.017 -174.768
-20.017 -174.77
-20.017 -174.772
-20.015 -174.776
-20.014 -174.777
-20.011 -174.777
-20.009 -174.777
-20.009 -174.773
-20.01 -174.771
-20.011 -174.768
-20.014 -174.766
-20.017 -174.768
segment Tonga
-21.032 -175
-21.033 -174.998
-21.035 -174.995
-21.037 -174.997
-21.038 -175
-21.038 -175.004
-21.039 -175.008
-21.037 -175.009
-21.034 -175.009
-21.033 -175.004
-21.032 -175
segment Tonga
-21.075 -175.342
-21.07 -175.337
-21.068 -175.335
-21.064 -175.332
-21.07 -175.329
-21.075 -175.332
-21.085 -175.332
-21.094 -175.335
-21.107 -175.335
-21.116 -175.324
-21.119 -175.315
-21.122 -175.3
-21.123 -175.283
-21.122 -175.269
-21.119 -175.257
-21.112 -175.251
-21.112 -175.247
-21.115 -175.241
-21.123 -175.226
-21.126 -175.215
-21.133 -175.204
-21.14 -175.185
-21.142 -175.167
-21.144 -175.16
-21.15 -175.159
-21.155 -175.16
-21.156 -175.166
-21.155 -175.175
-21.155 -175.183
-21.152 -175.185
-21.151 -175.193
-21.15 -175.198
-21.148 -175.201
-21.149 -175.205
-21.156 -175.212
-21.16 -175.22
-21.166 -175.226
-21.17 -175.229
-21.174 -175.226
-21.177 -175.219
-21.18 -175.21
-21.177 -175.199
-21.17 -175.197
-21.163 -175.199
-21.159 -175.194
-21.162 -175.19
-21.168 -175.18
-21.165 -175.173
-21.165 -175.166
-21.168 -175.157
-21.17 -175.146
-21.175 -175.144
-21.176 -175.152
-21.178 -175.161
-21.179 -175.165
-21.179 -175.171
-21.182 -175.172
-21.189 -175.169
-21.194 -175.162
-21.196 -175.157
-21.195 -175.152
-21.195 -175.149
-21.195 -175.146
-21.191 -175.147
-21.188 -175.151
-21.185 -175.147
-21.186 -175.143
-21.189 -175.139
-21.191 -175.133
-21.19 -175.129
-21.186 -175.125
-21.182 -175.126
-21.18 -175.127
-21.178 -175.129
-21.175 -175.126
-21.171 -175.124
-21.174 -175.12
-21.172 -175.119
-21.168 -175.119
-21.162 -175.122
-21.154 -175.126
-21.147 -175.127
-21.143 -175.126
-21.137 -175.125
-21.135 -175.123
-21.135 -175.117
-21.132 -175.112
-21.128 -175.104
-21.13 -175.097
-21.131 -175.084
-21.134 -175.067
-21.133 -175.054
-21.138 -175.043
-21.145 -175.038
-21.156 -175.037
-21.162 -175.04
-21.167 -175.048
-21.171 -175.06
-21.174 -175.076
-21.177 -175.082
-21.185 -175.089
-21.192 -175.093
-21.201 -175.099
-21.209 -175.106
-21.217 -175.109
-21.231 -175.107
-21.248 -175.102
-21.257 -175.107
-21.263 -175.114
-21.266 -175.124
-21.269 -175.134
-21.272 -175.146
-21.261 -175.163
-21.257 -175.172
-21.244 -175.183
-21.236 -175.191
-21.227 -175.197
-21.216 -175.205
-21.209 -175.214
-21.201 -175.228
-21.196 -175.244
-21.195 -175.262
-21.195 -175.274
-21.191 -175.283
-21.184 -175.293
-21.171 -175.302
-21.166 -175.312
-21.159 -175.33
-21.148 -175.341
-21.138 -175.345
-21.125 -175.344
-21.114 -175.348
-21.107 -175.351
-21.102 -175.355
-21.092 -175.354
-21.084 -175.348
-21.079 -175.342
-21.075 -175.342
segment Tonga
-21.094 -175.029
-21.097 -175.033
-21.097 -175.036
-21.094 -175.038
-21.092 -175.038
-21.092 -175.035
-21.092 -175.032
-21.094 -175.029
segment Tonga
-21.117 -174.985
-21.115 -174.981
-21.117 -174.978
-21.121 -174.976
-21.124 -174.978
-21.123 -174.981
-21.12 -174.983
-21.117 -174.985
segment Tonga
-21.286 -174.915
-21.294 -174.916
-21.301 -174.916
-21.313 -174.912
-21.324 -174.909
-21.336 -174.906
-21.365 -174.907
-21.406 -174.905
-21.422 -174.904
-21.44 -174.905
-21.448 -174.906
-21.454 -174.911
-21.455 -174.912
-21.454 -174.917
-21.452 -174.92
-21.449 -174.923
-21.443 -174.925
-21.438 -174.929
-21.43 -174.935
-21.425 -174.942
-21.424 -174.95
-21.422 -174.956
-21.419 -174.958
-21.415 -174.96
-21.411 -174.961
-21.41 -174.966
-21.404 -174.969
-21.395 -174.972
-21.386 -174.972
-21.377 -174.972
-21.367 -174.972
-21.358 -174.971
-21.349 -174.969
-21.34 -174.964
-21.336 -174.959
-21.331 -174.95
-21.325 -174.947
-21.318 -174.944
-21.312 -174.942
-21.303 -174.94
-21.298 -174.935
-21.295 -174.933
-21.287 -174.931
-21.285 -174.929
-21.282 -174.927
-21.281 -174.924
-21.281 -174.919
-21.282 -174.916
-21.286 -174.915
segment Tonga
-21.458 -174.96
-21.46 -174.958
-21.461 -174.955
-21.463 -174.956
-21.464 -174.959
-21.465 -174.963
-21.463 -174.963
-21.459 -174.963
-21.458 -174.96
