segment Vanuatu
-20.139 169.771
-20.137 169.775
-20.142 169.778
-20.142 169.781
-20.138 169.787
-20.133 169.805
-20.133 169.839
-20.135 169.842
-20.141 169.854
-20.155 169.869
-20.154 169.879
-20.158 169.882
-20.161 169.891
-20.167 169.895
-20.176 169.898
-20.183 169.902
-20.189 169.905
-20.209 169.9
-20.216 169.892
-20.225 169.891
-20.228 169.89
-20.234 169.882
-20.239 169.88
-20.241 169.876
-20.246 169.872
-20.242 169.867
-20.247 169.861
-20.249 169.857
-20.241 169.85
-20.241 169.848
-20.249 169.839
-20.248 169.832
-20.24 169.826
-20.239 169.822
-20.235 169.818
-20.235 169.814
-20.239 169.806
-20.237 169.803
-20.233 169.799
-20.233 169.795
-20.234 169.791
-20.24 169.787
-20.241 169.785
-20.236 169.782
-20.233 169.783
-20.231 169.78
-20.231 169.775
-20.225 169.771
-20.22 169.768
-20.216 169.767
-20.213 169.761
-20.203 169.754
-20.185 169.748
-20.171 169.746
-20.158 169.749
-20.151 169.756
-20.145 169.759
-20.143 169.766
-20.139 169.771
segment Vanuatu
-15.295 167.904
-15.292 167.908
-15.291 167.912
-15.292 167.92
-15.289 167.949
-15.291 167.955
-15.282 167.975
-15.283 167.986
-15.286 167.991
-15.286 167.996
-15.283 167.999
-15.283 168.003
-15.285 168.005
-15.296 168.009
-15.305 168.007
-15.306 168.006
-15.312 168.001
-15.315 167.996
-15.32 167.991
-15.336 167.982
-15.353 167.965
-15.363 167.958
-15.371 167.954
-15.399 167.948
-15.409 167.943
-15.417 167.935
-15.421 167.925
-15.428 167.921
-15.434 167.913
-15.453 167.895
-15.455 167.884
-15.459 167.879
-15.478 167.869
-15.481 167.865
-15.481 167.863
-15.481 167.858
-15.487 167.85
-15.486 167.845
-15.481 167.839
-15.482 167.833
-15.477 167.831
-15.475 167.829
-15.474 167.824
-15.477 167.817
-15.477 167.81
-15.471 167.788
-15.472 167.775
-15.481 167.744
-15.483 167.739
-15.482 167.732
-15.48 167.728
-15.478 167.72
-15.469 167.708
-15.462 167.7
-15.462 167.695
-15.461 167.69
-15.443 167.685
-15.432 167.689
-15.425 167.7
-15.409 167.717
-15.389 167.737
-15.385 167.745
-15.373 167.757
-15.371 167.762
-15.369 167.775
-15.365 167.78
-15.349 167.792
-15.329 167.813
-15.323 167.819
-15.322 167.826
-15.322 167.832
-15.324 167.838
-15.323 167.842
-15.311 167.861
-15.308 167.871
-15.3 167.884
-15.295 167.904
segment Vanuatu
-16 168.198
-15.991 168.195
-15.983 168.189
-15.976 168.185
-15.968 168.185
-15.949 168.191
-15.928 168.184
-15.914 168.185
-15.91 168.186
-15.906 168.185
-15.869 168.17
-15.854 168.167
-15.831 168.168
-15.812 168.166
-15.802 168.163
-15.796 168.164
-15.791 168.162
-15.781 168.158
-15.766 168.14
-15.759 168.137
-15.749 168.138
-15.745 168.137
-15.741 168.131
-15.736 168.128
-15.724 168.129
-15.716 168.128
-15.71 168.122
-15.69 168.12
-15.686 168.116
-15.683 168.115
-15.676 168.113
-15.671 168.114
-15.666 168.119
-15.661 168.12
-15.646 168.116
-15.642 168.118
-15.638 168.125
-15.631 168.128
-15.589 168.131
-15.58 168.132
-15.572 168.137
-15.562 168.139
-15.558 168.143
-15.554 168.154
-15.551 168.157
-15.548 168.156
-15.544 168.148
-15.539 168.152
-15.532 168.154
-15.525 168.153
-15.519 168.155
-15.507 168.151
-15.504 168.152
-15.49 168.157
-15.466 168.157
-15.461 168.163
-15.467 168.182
-15.469 168.183
-15.486 168.175
-15.494 168.173
-15.51 168.177
-15.518 168.181
-15.522 168.185
-15.524 168.202
-15.526 168.205
-15.53 168.206
-15.536 168.203
-15.549 168.202
-15.581 168.202
-15.589 168.2
-15.6 168.19
-15.612 168.189
-15.624 168.196
-15.626 168.196
-15.633 168.196
-15.651 168.201
-15.677 168.215
-15.688 168.209
-15.693 168.21
-15.703 168.217
-15.722 168.218
-15.745 168.224
-15.763 168.235
-15.778 168.239
-15.816 168.243
-15.829 168.247
-15.837 168.252
-15.847 168.263
-15.851 168.265
-15.86 168.264
-15.877 168.262
-15.896 168.266
-15.907 168.264
-15.912 168.265
-15.918 168.272
-15.922 168.272
-15.925 168.268
-15.924 168.262
-15.926 168.259
-15.93 168.258
-15.963 168.268
-15.968 168.263
-15.969 168.263
-15.973 168.256
-15.979 168.249
-15.989 168.244
-15.997 168.236
-16 168.243
-16.003 168.241
-16.011 168.227
-16.01 168.225
-16.005 168.222
-16.003 168.212
-16.008 168.212
-16.013 168.209
-16 168.198
segment Vanuatu
-15.723 167.248
-15.72 167.246
-15.711 167.25
-15.711 167.252
-15.717 167.253
-15.722 167.251
-15.723 167.248
segment Vanuatu
-16 167.379
-16.004 167.381
-16.013 167.386
-16.017 167.391
-16.018 167.396
-16.015 167.4
-16.013 167.402
-16.018 167.405
-16.024 167.4
-16.027 167.401
-16.038 167.404
-16.05 167.395
-16.063 167.388
-16.067 167.384
-16.069 167.4
-16.073 167.405
-16.074 167.414
-16.077 167.415
-16.08 167.413
-16.084 167.404
-16.088 167.401
-16.092 167.404
-16.098 167.416
-16.105 167.423
-16.111 167.43
-16.12 167.446
-16.128 167.455
-16.145 167.467
-16.143 167.472
-16.148 167.479
-16.146 167.482
-16.143 167.478
-16.134 167.474
-16.118 167.472
-16.108 167.468
-16.105 167.469
-16.108 167.473
-16.11 167.476
-16.112 167.478
-16.136 167.487
-16.137 167.492
-16.132 167.494
-16.13 167.496
-16.134 167.5
-16.143 167.499
-16.147 167.497
-16.15 167.494
-16.151 167.489
-16.155 167.487
-16.16 167.489
-16.166 167.496
-16.165 167.499
-16.162 167.507
-16.162 167.51
-16.174 167.515
-16.181 167.526
-16.182 167.529
-16.179 167.533
-16.17 167.533
-16.167 167.54
-16.168 167.543
-16.17 167.546
-16.175 167.546
-16.191 167.546
-16.193 167.546
-16.197 167.548
-16.201 167.553
-16.203 167.563
-16.207 167.566
-16.209 167.568
-16.215 167.568
-16.218 167.57
-16.221 167.576
-16.221 167.579
-16.222 167.591
-16.227 167.599
-16.235 167.607
-16.237 167.611
-16.256 167.62
-16.271 167.639
-16.276 167.643
-16.276 167.658
-16.271 167.663
-16.271 167.669
-16.272 167.677
-16.272 167.687
-16.274 167.688
-16.279 167.683
-16.286 167.679
-16.289 167.676
-16.289 167.67
-16.293 167.67
-16.3 167.675
-16.304 167.686
-16.314 167.694
-16.313 167.706
-16.315 167.709
-16.321 167.714
-16.33 167.717
-16.331 167.724
-16.334 167.73
-16.336 167.735
-16.344 167.741
-16.347 167.744
-16.348 167.749
-16.347 167.755
-16.339 167.759
-16.338 167.762
-16.341 167.765
-16.347 167.769
-16.355 167.773
-16.362 167.774
-16.375 167.775
-16.403 167.785
-16.409 167.779
-16.415 167.777
-16.417 167.773
-16.419 167.774
-16.418 167.785
-16.42 167.788
-16.422 167.789
-16.428 167.787
-16.431 167.782
-16.432 167.776
-16.445 167.771
-16.445 167.765
-16.452 167.77
-16.46 167.766
-16.465 167.767
-16.473 167.77
-16.469 167.773
-16.475 167.776
-16.478 167.774
-16.484 167.769
-16.49 167.768
-16.483 167.777
-16.479 167.78
-16.461 167.777
-16.448 167.782
-16.444 167.781
-16.438 167.785
-16.435 167.794
-16.433 167.796
-16.426 167.802
-16.425 167.802
-16.425 167.805
-16.437 167.817
-16.439 167.818
-16.453 167.825
-16.457 167.83
-16.475 167.83
-16.477 167.829
-16.478 167.825
-16.48 167.822
-16.472 167.813
-16.472 167.808
-16.476 167.805
-16.478 167.81
-16.488 167.811
-16.489 167.809
-16.491 167.803
-16.491 167.8
-16.488 167.797
-16.487 167.794
-16.495 167.785
-16.503 167.787
-16.506 167.785
-16.511 167.781
-16.513 167.775
-16.52 167.769
-16.526 167.765
-16.537 167.763
-16.546 167.765
-16.552 167.762
-16.549 167.74
-16.537 167.732
-16.53 167.721
-16.527 167.719
-16.524 167.719
-16.52 167.718
-16.519 167.714
-16.52 167.709
-16.519 167.707
-16.515 167.689
-16.511 167.68
-16.508 167.668
-16.504 167.661
-16.507 167.651
-16.509 167.636
-16.507 167.63
-16.509 167.624
-16.508 167.62
-16.503 167.611
-16.494 167.603
-16.493 167.6
-16.494 167.597
-16.504 167.592
-16.503 167.588
-16.497 167.584
-16.503 167.584
-16.507 167.587
-16.508 167.591
-16.512 167.591
-16.518 167.585
-16.518 167.578
-16.521 167.574
-16.528 167.572
-16.531 167.573
-16.536 167.577
-16.54 167.584
-16.545 167.585
-16.553 167.582
-16.556 167.579
-16.563 167.562
-16.561 167.558
-16.554 167.561
-16.551 167.56
-16.549 167.557
-16.55 167.549
-16.545 167.544
-16.548 167.544
-16.552 167.539
-16.553 167.537
-16.557 167.539
-16.563 167.537
-16.572 167.538
-16.575 167.535
-16.576 167.529
-16.583 167.53
-16.586 167.528
-16.588 167.523
-16.587 167.517
-16.576 167.508
-16.576 167.498
-16.578 167.496
-16.592 167.496
-16.593 167.493
-16.591 167.487
-16.589 167.486
-16.582 167.489
-16.579 167.487
-16.576 167.489
-16.574 167.485
-16.572 167.476
-16.574 167.473
-16.573 167.46
-16.568 167.456
-16.566 167.458
-16.564 167.458
-16.561 167.453
-16.559 167.449
-16.544 167.436
-16.542 167.431
-16.539 167.426
-16.525 167.417
-16.52 167.415
-16.515 167.415
-16.511 167.416
-16.503 167.414
-16.496 167.417
-16.496 167.419
-16.502 167.426
-16.504 167.434
-16.506 167.436
-16.509 167.433
-16.512 167.438
-16.516 167.448
-16.515 167.451
-16.507 167.445
-16.501 167.443
-16.5 167.441
-16.501 167.436
-16.499 167.434
-16.481 167.443
-16.468 167.438
-16.462 167.436
-16.449 167.422
-16.442 167.417
-16.438 167.41
-16.428 167.397
-16.424 167.401
-16.41 167.403
-16.387 167.402
-16.381 167.399
-16.378 167.395
-16.379 167.389
-16.373 167.382
-16.358 167.381
-16.355 167.381
-16.355 167.377
-16.354 167.374
-16.351 167.375
-16.34 167.381
-16.338 167.382
-16.313 167.378
-16.303 167.382
-16.294 167.38
-16.29 167.382
-16.277 167.395
-16.271 167.394
-16.269 167.389
-16.26 167.382
-16.255 167.383
-16.25 167.387
-16.246 167.387
-16.239 167.381
-16.221 167.38
-16.21 167.382
-16.188 167.39
-16.186 167.388
-16.19 167.384
-16.189 167.378
-16.184 167.37
-16.17 167.356
-16.155 167.347
-16.149 167.341
-16.138 167.335
-16.118 167.33
-16.114 167.328
-16.119 167.316
-16.129 167.293
-16.135 167.288
-16.146 167.283
-16.152 167.277
-16.158 167.264
-16.169 167.25
-16.167 167.239
-16.149 167.223
-16.148 167.216
-16.141 167.2
-16.141 167.193
-16.144 167.19
-16.138 167.184
-16.125 167.174
-16.108 167.173
-16.105 167.172
-16.099 167.17
-16.092 167.156
-16.087 167.153
-16.045 167.16
-16.038 167.168
-16.01 167.177
-16 167.182
-15.979 167.183
-15.968 167.176
-15.941 167.171
-15.926 167.167
-15.913 167.169
-15.9 167.179
-15.897 167.184
-15.891 167.197
-15.882 167.209
-15.881 167.213
-15.886 167.24
-15.886 167.25
-15.893 167.267
-15.899 167.271
-15.899 167.276
-15.902 167.282
-15.911 167.298
-15.913 167.311
-15.917 167.322
-15.921 167.324
-15.925 167.324
-15.93 167.318
-15.935 167.317
-15.941 167.319
-15.951 167.328
-15.968 167.339
-15.973 167.344
-15.974 167.351
-15.977 167.355
-15.982 167.359
-15.987 167.366
-16 167.379
segment Vanuatu
-15.902 167.3
-15.901 167.295
-15.897 167.292
-15.893 167.293
-15.89 167.299
-15.893 167.304
-15.899 167.309
-15.902 167.309
-15.902 167.3
segment Vanuatu
-15.977 167.37
-15.972 167.367
-15.969 167.37
-15.97 167.373
-15.975 167.372
-15.977 167.37
segment Vanuatu
-15.991 167.382
-15.989 167.379
-15.981 167.375
-15.979 167.381
-15.986 167.387
-15.991 167.387
-15.991 167.382
segment Vanuatu
-16.102 168.158
-16.103 168.169
-16.107 168.177
-16.112 168.181
-16.124 168.189
-16.126 168.19
-16.131 168.189
-16.135 168.192
-16.164 168.195
-16.172 168.201
-16.185 168.2
-16.206 168.21
-16.224 168.215
-16.228 168.219
-16.237 168.215
-16.248 168.225
-16.252 168.243
-16.253 168.247
-16.261 168.257
-16.265 168.267
-16.274 168.278
-16.278 168.285
-16.295 168.304
-16.304 168.307
-16.312 168.313
-16.32 168.313
-16.325 168.309
-16.335 168.306
-16.336 168.302
-16.34 168.3
-16.348 168.292
-16.357 168.275
-16.359 168.254
-16.363 168.244
-16.358 168.205
-16.358 168.2
-16.362 168.194
-16.365 168.19
-16.365 168.184
-16.363 168.162
-16.364 168.158
-16.375 168.146
-16.379 168.132
-16.376 168.125
-16.367 168.114
-16.365 168.109
-16.357 168.093
-16.354 168.078
-16.351 168.07
-16.35 168.063
-16.342 168.047
-16.341 168.039
-16.331 168.034
-16.321 168.023
-16.322 168.02
-16.329 168.015
-16.33 168.011
-16.321 168.004
-16.32 167.998
-16.312 167.984
-16.307 167.979
-16.3 167.968
-16.292 167.962
-16.28 167.953
-16.275 167.937
-16.273 167.927
-16.27 167.922
-16.267 167.92
-16.263 167.919
-16.259 167.922
-16.254 167.921
-16.245 167.912
-16.227 167.914
-16.218 167.928
-16.218 167.932
-16.222 167.942
-16.221 167.943
-16.219 167.948
-16.213 167.97
-16.21 167.975
-16.202 167.983
-16.2 167.995
-16.201 168.001
-16.199 168.009
-16.201 168.014
-16.199 168.027
-16.199 168.029
-16.195 168.034
-16.199 168.043
-16.199 168.047
-16.195 168.059
-16.183 168.071
-16.183 168.079
-16.178 168.083
-16.174 168.081
-16.171 168.083
-16.171 168.087
-16.164 168.09
-16.16 168.094
-16.159 168.1
-16.156 168.107
-16.145 168.118
-16.138 168.122
-16.113 168.127
-16.108 168.13
-16.102 168.137
-16.102 168.158
segment Vanuatu
-16.517 168.234
-16.515 168.223
-16.51 168.217
-16.503 168.212
-16.467 168.22
-16.457 168.225
-16.45 168.227
-16.439 168.231
-16.436 168.234
-16.438 168.256
-16.441 168.259
-16.448 168.262
-16.466 168.254
-16.495 168.252
-16.507 168.247
-16.512 168.242
-16.517 168.234
segment Vanuatu
-16.491 168.343
-16.495 168.355
-16.502 168.361
-16.526 168.369
-16.531 168.369
-16.535 168.367
-16.536 168.36
-16.54 168.355
-16.542 168.349
-16.541 168.343
-16.537 168.328
-16.533 168.321
-16.529 168.318
-16.513 168.312
-16.507 168.31
-16.503 168.309
-16.499 168.312
-16.498 168.321
-16.493 168.326
-16.492 168.33
-16.491 168.334
-16.491 168.34
-16.491 168.343
segment Vanuatu
-16.499 167.833
-16.502 167.833
-16.503 167.831
-16.504 167.827
-16.512 167.818
-16.51 167.817
-16.512 167.808
-16.509 167.805
-16.505 167.803
-16.503 167.804
-16.502 167.81
-16.491 167.829
-16.494 167.831
-16.499 167.833
segment Vanuatu
-16.528 167.819
-16.522 167.822
-16.523 167.826
-16.529 167.834
-16.538 167.834
-16.541 167.827
-16.534 167.826
-16.533 167.818
-16.528 167.819
segment Vanuatu
-16.544 167.842
-16.542 167.841
-16.537 167.843
-16.534 167.838
-16.532 167.838
-16.53 167.842
-16.531 167.844
-16.538 167.847
-16.542 167.846
-16.544 167.842
segment Vanuatu
-16.559 167.781
-16.556 167.777
-16.549 167.781
-16.549 167.785
-16.554 167.786
-16.557 167.785
-16.559 167.781
segment Vanuatu
-16.577 168.194
-16.586 168.2
-16.588 168.205
-16.596 168.211
-16.598 168.21
-16.603 168.207
-16.607 168.208
-16.61 168.212
-16.613 168.216
-16.622 168.223
-16.636 168.223
-16.641 168.227
-16.646 168.236
-16.65 168.237
-16.665 168.236
-16.671 168.238
-16.686 168.245
-16.69 168.249
-16.691 168.254
-16.69 168.262
-16.683 168.281
-16.683 168.295
-16.685 168.306
-16.688 168.313
-16.694 168.318
-16.701 168.321
-16.716 168.325
-16.723 168.331
-16.735 168.335
-16.739 168.34
-16.74 168.345
-16.739 168.356
-16.742 168.357
-16.751 168.353
-16.754 168.353
-16.765 168.362
-16.774 168.371
-16.78 168.396
-16.782 168.403
-16.782 168.409
-16.779 168.417
-16.766 168.431
-16.763 168.435
-16.764 168.449
-16.768 168.454
-16.778 168.464
-16.791 168.474
-16.797 168.486
-16.799 168.487
-16.801 168.486
-16.802 168.484
-16.8 168.473
-16.801 168.472
-16.805 168.471
-16.812 168.473
-16.82 168.472
-16.823 168.477
-16.828 168.479
-16.845 168.477
-16.846 168.475
-16.84 168.468
-16.841 168.454
-16.839 168.449
-16.819 168.415
-16.817 168.403
-16.815 168.396
-16.81 168.388
-16.804 168.386
-16.801 168.383
-16.8 168.379
-16.8 168.373
-16.798 168.366
-16.789 168.358
-16.787 168.354
-16.786 168.346
-16.79 168.337
-16.79 168.332
-16.787 168.322
-16.787 168.313
-16.798 168.29
-16.804 168.282
-16.808 168.275
-16.812 168.264
-16.817 168.262
-16.823 168.263
-16.823 168.258
-16.82 168.253
-16.824 168.246
-16.824 168.24
-16.823 168.235
-16.816 168.23
-16.815 168.227
-16.816 168.223
-16.813 168.213
-16.813 168.206
-16.81 168.198
-16.808 168.184
-16.804 168.178
-16.791 168.172
-16.784 168.159
-16.78 168.156
-16.764 168.154
-16.762 168.156
-16.752 168.15
-16.747 168.148
-16.739 168.152
-16.732 168.148
-16.725 168.144
-16.721 168.136
-16.717 168.133
-16.696 168.121
-16.693 168.121
-16.688 168.127
-16.683 168.129
-16.664 168.13
-16.645 168.136
-16.64 168.14
-16.635 168.147
-16.626 168.153
-16.62 168.159
-16.618 168.16
-16.607 168.163
-16.601 168.168
-16.595 168.165
-16.591 168.16
-16.583 168.157
-16.58 168.157
-16.577 168.161
-16.576 168.177
-16.572 168.185
-16.577 168.194
segment Vanuatu
-16.608 167.476
-16.608 167.472
-16.597 167.463
-16.592 167.461
-16.589 167.462
-16.589 167.468
-16.593 167.476
-16.606 167.478
-16.608 167.476
segment Vanuatu
-16.939 168.545
-16.937 168.532
-16.935 168.528
-16.931 168.526
-16.901 168.526
-16.887 168.529
-16.883 168.533
-16.883 168.541
-16.88 168.548
-16.871 168.553
-16.867 168.558
-16.867 168.563
-16.875 168.579
-16.876 168.587
-16.886 168.594
-16.902 168.592
-16.906 168.583
-16.914 168.578
-16.92 168.571
-16.932 168.564
-16.932 168.558
-16.938 168.549
-16.939 168.545
segment Vanuatu
-16.968 168.577
-16.964 168.573
-16.956 168.57
-16.954 168.567
-16.952 168.567
-16.952 168.573
-16.96 168.579
-16.965 168.582
-16.968 168.581
-16.968 168.577
segment Vanuatu
-17.02 168.615
-17.02 168.611
-17.014 168.606
-16.999 168.619
-16.997 168.623
-16.997 168.638
-16.999 168.641
-17.01 168.648
-17.012 168.647
-17.012 168.635
-17.015 168.622
-17.02 168.615
segment Vanuatu
-17.033 168.58
-17.03 168.578
-17.027 168.578
-17.02 168.585
-17.022 168.589
-17.028 168.59
-17.032 168.586
-17.033 168.58
segment Vanuatu
-17.039 168.381
-17.036 168.389
-17.039 168.405
-17.046 168.417
-17.057 168.431
-17.063 168.426
-17.066 168.421
-17.065 168.395
-17.068 168.389
-17.077 168.382
-17.082 168.377
-17.095 168.366
-17.101 168.353
-17.1 168.347
-17.097 168.345
-17.093 168.332
-17.092 168.331
-17.086 168.332
-17.08 168.33
-17.077 168.333
-17.074 168.341
-17.06 168.366
-17.044 168.376
-17.039 168.381
segment Vanuatu
-17.134 168.437
-17.138 168.443
-17.143 168.443
-17.145 168.437
-17.135 168.426
-17.134 168.427
-17.132 168.433
-17.134 168.437
segment Vanuatu
-17.268 168.434
-17.263 168.429
-17.261 168.419
-17.255 168.416
-17.247 168.419
-17.245 168.422
-17.248 168.425
-17.256 168.426
-17.264 168.434
-17.268 168.434
segment Vanuatu
-17.425 168.328
-17.421 168.33
-17.421 168.336
-17.415 168.347
-17.416 168.35
-17.423 168.353
-17.433 168.354
-17.438 168.359
-17.457 168.371
-17.462 168.375
-17.473 168.385
-17.479 168.387
-17.485 168.386
-17.487 168.383
-17.487 168.377
-17.487 168.369
-17.477 168.347
-17.437 168.324
-17.425 168.328
segment Vanuatu
-17.471 168.486
-17.47 168.491
-17.47 168.498
-17.472 168.502
-17.478 168.503
-17.482 168.503
-17.493 168.497
-17.493 168.494
-17.499 168.487
-17.5 168.484
-17.499 168.48
-17.496 168.477
-17.492 168.476
-17.485 168.473
-17.481 168.475
-17.474 168.48
-17.471 168.486
segment Vanuatu
-17.486 168.402
-17.489 168.408
-17.495 168.417
-17.502 168.42
-17.507 168.418
-17.505 168.413
-17.507 168.405
-17.506 168.402
-17.489 168.39
-17.485 168.397
-17.486 168.402
segment Vanuatu
-17.51 168.292
-17.524 168.303
-17.529 168.305
-17.53 168.303
-17.53 168.292
-17.539 168.273
-17.548 168.267
-17.55 168.266
-17.551 168.264
-17.55 168.256
-17.553 168.252
-17.552 168.244
-17.554 168.24
-17.571 168.223
-17.573 168.218
-17.571 168.216
-17.568 168.214
-17.562 168.218
-17.557 168.229
-17.551 168.231
-17.536 168.229
-17.526 168.241
-17.524 168.25
-17.523 168.263
-17.521 168.268
-17.514 168.272
-17.508 168.285
-17.507 168.286
-17.51 168.292
segment Vanuatu
-17.516 168.409
-17.52 168.409
-17.523 168.405
-17.522 168.403
-17.52 168.403
-17.519 168.405
-17.516 168.409
segment Vanuatu
-17.556 168.286
-17.554 168.288
-17.548 168.281
-17.544 168.285
-17.533 168.309
-17.525 168.316
-17.526 168.326
-17.53 168.33
-17.536 168.328
-17.541 168.33
-17.547 168.335
-17.551 168.34
-17.551 168.343
-17.547 168.351
-17.546 168.352
-17.546 168.36
-17.543 168.365
-17.543 168.375
-17.537 168.395
-17.531 168.402
-17.532 168.414
-17.535 168.419
-17.534 168.425
-17.534 168.433
-17.537 168.445
-17.54 168.449
-17.562 168.463
-17.57 168.464
-17.576 168.469
-17.593 168.486
-17.598 168.496
-17.617 168.504
-17.627 168.5
-17.642 168.506
-17.645 168.51
-17.647 168.517
-17.658 168.527
-17.667 168.538
-17.668 168.543
-17.675 168.546
-17.68 168.545
-17.685 168.542
-17.687 168.545
-17.688 168.557
-17.689 168.564
-17.688 168.582
-17.689 168.588
-17.691 168.592
-17.696 168.594
-17.702 168.592
-17.742 168.564
-17.754 168.566
-17.76 168.564
-17.766 168.558
-17.787 168.559
-17.801 168.546
-17.803 168.541
-17.811 168.516
-17.81 168.503
-17.82 168.494
-17.813 168.469
-17.815 168.46
-17.814 168.458
-17.808 168.456
-17.807 168.454
-17.815 168.451
-17.824 168.436
-17.825 168.429
-17.828 168.408
-17.83 168.406
-17.829 168.4
-17.827 168.387
-17.824 168.381
-17.82 168.378
-17.814 168.378
-17.798 168.383
-17.792 168.382
-17.788 168.378
-17.79 168.375
-17.805 168.366
-17.807 168.363
-17.81 168.359
-17.808 168.35
-17.803 168.348
-17.802 168.353
-17.797 168.357
-17.792 168.355
-17.79 168.349
-17.787 168.349
-17.784 168.35
-17.781 168.347
-17.788 168.344
-17.789 168.342
-17.783 168.34
-17.783 168.337
-17.79 168.331
-17.784 168.329
-17.799 168.316
-17.799 168.313
-17.773 168.313
-17.765 168.321
-17.744 168.333
-17.743 168.337
-17.748 168.342
-17.756 168.349
-17.759 168.354
-17.758 168.361
-17.754 168.363
-17.751 168.36
-17.739 168.337
-17.74 168.33
-17.742 168.325
-17.751 168.32
-17.764 168.317
-17.767 168.315
-17.78 168.3
-17.781 168.295
-17.785 168.289
-17.785 168.285
-17.777 168.283
-17.776 168.28
-17.781 168.275
-17.779 168.27
-17.788 168.262
-17.785 168.257
-17.781 168.257
-17.775 168.26
-17.774 168.26
-17.773 168.262
-17.77 168.275
-17.763 168.288
-17.757 168.294
-17.761 168.298
-17.761 168.307
-17.757 168.313
-17.741 168.314
-17.727 168.311
-17.727 168.309
-17.735 168.305
-17.739 168.298
-17.739 168.295
-17.738 168.293
-17.734 168.292
-17.722 168.296
-17.72 168.296
-17.715 168.294
-17.708 168.286
-17.7 168.276
-17.698 168.267
-17.691 168.261
-17.69 168.255
-17.692 168.249
-17.697 168.241
-17.706 168.232
-17.712 168.221
-17.717 168.214
-17.723 168.21
-17.738 168.204
-17.742 168.199
-17.748 168.186
-17.747 168.183
-17.742 168.185
-17.74 168.184
-17.737 168.175
-17.734 168.172
-17.715 168.181
-17.71 168.18
-17.715 168.168
-17.716 168.16
-17.714 168.159
-17.705 168.164
-17.695 168.176
-17.68 168.184
-17.651 168.192
-17.646 168.199
-17.636 168.205
-17.636 168.206
-17.635 168.212
-17.632 168.217
-17.629 168.229
-17.622 168.237
-17.616 168.239
-17.607 168.246
-17.591 168.246
-17.585 168.247
-17.579 168.251
-17.573 168.262
-17.571 168.274
-17.568 168.277
-17.557 168.28
-17.556 168.286
segment Vanuatu
-17.616 168.222
-17.616 168.212
-17.61 168.198
-17.606 168.194
-17.601 168.196
-17.599 168.2
-17.596 168.201
-17.59 168.207
-17.585 168.209
-17.579 168.208
-17.579 168.21
-17.582 168.214
-17.592 168.216
-17.607 168.226
-17.612 168.225
-17.616 168.222
segment Vanuatu
-17.637 168.162
-17.647 168.152
-17.647 168.147
-17.646 168.145
-17.638 168.159
-17.637 168.162
segment Vanuatu
-17.806 168.336
-17.803 168.337
-17.802 168.339
-17.803 168.342
-17.806 168.342
-17.808 168.341
-17.806 168.336
segment Vanuatu
-18.636 169.047
-18.633 169.052
-18.632 169.057
-18.635 169.086
-18.631 169.093
-18.626 169.112
-18.634 169.119
-18.634 169.132
-18.635 169.137
-18.645 169.151
-18.657 169.16
-18.665 169.163
-18.67 169.161
-18.67 169.166
-18.672 169.17
-18.68 169.173
-18.699 169.176
-18.706 169.173
-18.71 169.174
-18.714 169.171
-18.719 169.177
-18.726 169.178
-18.734 169.176
-18.735 169.18
-18.735 169.186
-18.739 169.188
-18.743 169.191
-18.745 169.196
-18.752 169.206
-18.751 169.21
-18.754 169.216
-18.754 169.22
-18.739 169.246
-18.737 169.256
-18.746 169.263
-18.762 169.267
-18.767 169.276
-18.772 169.28
-18.778 169.283
-18.781 169.28
-18.781 169.277
-18.78 169.272
-18.781 169.258
-18.783 169.25
-18.783 169.235
-18.785 169.231
-18.784 169.221
-18.784 169.216
-18.79 169.209
-18.792 169.197
-18.791 169.195
-18.796 169.194
-18.795 169.199
-18.798 169.202
-18.815 169.212
-18.83 169.228
-18.835 169.237
-18.845 169.249
-18.852 169.271
-18.858 169.278
-18.861 169.286
-18.865 169.289
-18.864 169.293
-18.874 169.308
-18.883 169.315
-18.887 169.316
-18.887 169.319
-18.893 169.323
-18.9 169.329
-18.92 169.338
-18.923 169.336
-18.924 169.34
-18.939 169.345
-18.95 169.342
-18.976 169.321
-18.985 169.31
-18.987 169.305
-18.993 169.293
-19 169.288
-18.999 169.275
-18.994 169.265
-18.994 169.258
-18.99 169.252
-18.971 169.227
-18.964 169.201
-18.959 169.193
-18.96 169.189
-18.953 169.178
-18.948 169.174
-18.943 169.177
-18.94 169.174
-18.946 169.169
-18.947 169.166
-18.945 169.155
-18.95 169.143
-18.94 169.114
-18.939 169.109
-18.933 169.101
-18.93 169.092
-18.925 169.088
-18.923 169.079
-18.924 169.069
-18.918 169.064
-18.911 169.06
-18.904 169.062
-18.902 169.046
-18.902 169.034
-18.898 169.026
-18.893 169.017
-18.891 169.008
-18.88 168.995
-18.876 168.992
-18.858 168.991
-18.853 168.992
-18.85 168.993
-18.846 168.997
-18.829 169.016
-18.826 169.025
-18.817 169.012
-18.813 169.011
-18.801 169.008
-18.773 168.989
-18.766 168.988
-18.763 168.988
-18.756 168.991
-18.743 168.991
-18.739 168.992
-18.734 168.994
-18.729 168.999
-18.716 169.004
-18.702 169
-18.697 168.999
-18.693 168.999
-18.683 169.003
-18.665 169.012
-18.652 169.025
-18.639 169.04
-18.636 169.047
segment Vanuatu
-19.239 169.601
-19.239 169.603
-19.227 169.607
-19.233 169.61
-19.246 169.605
-19.254 169.604
-19.26 169.604
-19.268 169.603
-19.272 169.6
-19.276 169.594
-19.275 169.591
-19.272 169.589
-19.265 169.588
-19.259 169.586
-19.252 169.59
-19.242 169.594
-19.224 169.596
-19.226 169.599
-19.239 169.601
segment Vanuatu
-19.323 169.356
-19.331 169.36
-19.335 169.36
-19.34 169.36
-19.341 169.358
-19.346 169.348
-19.352 169.346
-19.356 169.347
-19.39 169.344
-19.398 169.346
-19.402 169.349
-19.406 169.346
-19.414 169.35
-19.415 169.35
-19.426 169.35
-19.439 169.352
-19.451 169.362
-19.463 169.368
-19.469 169.372
-19.478 169.388
-19.478 169.394
-19.475 169.403
-19.479 169.415
-19.477 169.426
-19.48 169.431
-19.486 169.433
-19.487 169.433
-19.495 169.45
-19.505 169.458
-19.512 169.458
-19.515 169.462
-19.516 169.467
-19.513 169.477
-19.514 169.485
-19.523 169.493
-19.531 169.489
-19.532 169.49
-19.531 169.497
-19.523 169.501
-19.523 169.504
-19.525 169.504
-19.534 169.501
-19.538 169.502
-19.544 169.5
-19.543 169.496
-19.549 169.485
-19.552 169.482
-19.561 169.479
-19.565 169.471
-19.576 169.466
-19.581 169.466
-19.586 169.467
-19.594 169.465
-19.608 169.468
-19.619 169.466
-19.633 169.461
-19.64 169.452
-19.646 169.449
-19.651 169.446
-19.658 169.447
-19.657 169.435
-19.653 169.422
-19.654 169.408
-19.645 169.389
-19.644 169.38
-19.637 169.366
-19.633 169.359
-19.633 169.353
-19.625 169.348
-19.623 169.341
-19.613 169.334
-19.611 169.33
-19.598 169.324
-19.596 169.32
-19.588 169.313
-19.584 169.307
-19.583 169.295
-19.573 169.285
-19.559 169.28
-19.549 169.271
-19.546 169.269
-19.534 169.265
-19.53 169.261
-19.528 169.254
-19.524 169.251
-19.5 169.239
-19.483 169.234
-19.472 169.227
-19.468 169.228
-19.465 169.225
-19.457 169.222
-19.453 169.221
-19.444 169.223
-19.44 169.226
-19.435 169.227
-19.419 169.237
-19.403 169.245
-19.388 169.249
-19.379 169.25
-19.368 169.248
-19.349 169.248
-19.344 169.251
-19.34 169.263
-19.335 169.269
-19.329 169.28
-19.325 169.294
-19.322 169.302
-19.318 169.308
-19.316 169.312
-19.319 169.32
-19.318 169.331
-19.319 169.337
-19.325 169.341
-19.323 169.345
-19.323 169.356
segment Vanuatu
-15.105 167.119
-15.107 167.109
-15.102 167.106
-15.098 167.106
-15.095 167.117
-15.099 167.13
-15.103 167.127
-15.105 167.119
segment Vanuatu
-15.273 167.183
-15.269 167.17
-15.27 167.166
-15.269 167.164
-15.267 167.162
-15.264 167.166
-15.257 167.168
-15.257 167.172
-15.259 167.177
-15.264 167.185
-15.268 167.187
-15.271 167.185
-15.273 167.183
segment Vanuatu
-15.296 167.206
-15.294 167.201
-15.295 167.196
-15.293 167.194
-15.283 167.203
-15.284 167.207
-15.291 167.209
-15.296 167.206
segment Vanuatu
-15.373 167.185
-15.373 167.188
-15.378 167.188
-15.381 167.187
-15.383 167.183
-15.38 167.182
-15.373 167.185
segment Vanuatu
-15.402 167.226
-15.401 167.221
-15.398 167.217
-15.381 167.208
-15.377 167.21
-15.378 167.214
-15.383 167.226
-15.386 167.23
-15.391 167.233
-15.4 167.229
-15.402 167.226
segment Vanuatu
-15.463 167.243
-15.446 167.242
-15.438 167.235
-15.427 167.233
-15.421 167.226
-15.414 167.235
-15.414 167.238
-15.438 167.254
-15.446 167.256
-15.456 167.252
-15.462 167.248
-15.463 167.243
segment Vanuatu
-15.607 167.147
-15.605 167.134
-15.597 167.118
-15.594 167.116
-15.588 167.118
-15.564 167.142
-15.559 167.15
-15.549 167.157
-15.545 167.165
-15.537 167.173
-15.532 167.183
-15.531 167.191
-15.534 167.202
-15.536 167.204
-15.538 167.202
-15.539 167.195
-15.537 167.187
-15.539 167.184
-15.544 167.18
-15.547 167.182
-15.55 167.185
-15.552 167.192
-15.555 167.195
-15.566 167.194
-15.569 167.19
-15.573 167.187
-15.575 167.19
-15.576 167.21
-15.58 167.215
-15.583 167.217
-15.587 167.216
-15.588 167.216
-15.6 167.211
-15.605 167.207
-15.61 167.194
-15.61 167.186
-15.603 167.175
-15.608 167.162
-15.607 167.147
segment Vanuatu
-15.541 167.28
-15.553 167.287
-15.554 167.287
-15.563 167.289
-15.568 167.288
-15.582 167.279
-15.587 167.273
-15.59 167.266
-15.59 167.259
-15.584 167.251
-15.578 167.247
-15.572 167.251
-15.563 167.267
-15.556 167.271
-15.543 167.273
-15.538 167.279
-15.541 167.28
segment Vanuatu
-15.595 167.237
-15.596 167.232
-15.594 167.231
-15.588 167.235
-15.587 167.238
-15.588 167.24
-15.593 167.241
-15.595 167.237
segment Vanuatu
-15.596 166.982
-15.594 166.977
-15.591 166.975
-15.59 166.977
-15.591 166.98
-15.59 166.986
-15.592 166.989
-15.596 166.982
segment Vanuatu
-15.64 166.947
-15.637 166.935
-15.633 166.933
-15.624 166.939
-15.624 166.944
-15.63 166.949
-15.636 166.952
-15.639 166.95
-15.64 166.947
segment Vanuatu
-15.695 167.224
-15.699 167.225
-15.706 167.232
-15.715 167.237
-15.725 167.24
-15.741 167.235
-15.745 167.232
-15.752 167.218
-15.751 167.201
-15.747 167.188
-15.746 167.176
-15.745 167.175
-15.74 167.162
-15.734 167.157
-15.721 167.135
-15.721 167.133
-15.715 167.124
-15.714 167.112
-15.699 167.091
-15.692 167.087
-15.689 167.08
-15.685 167.077
-15.674 167.076
-15.669 167.075
-15.643 167.084
-15.631 167.103
-15.629 167.113
-15.631 167.145
-15.629 167.16
-15.63 167.174
-15.631 167.177
-15.635 167.196
-15.634 167.211
-15.636 167.218
-15.637 167.235
-15.64 167.239
-15.658 167.245
-15.664 167.243
-15.674 167.232
-15.682 167.226
-15.692 167.223
-15.695 167.224
segment Vanuatu
-19.506 170.234
-19.508 170.235
-19.518 170.232
-19.521 170.229
-19.528 170.227
-19.534 170.228
-19.537 170.233
-19.538 170.233
-19.541 170.224
-19.547 170.22
-19.545 170.216
-19.546 170.214
-19.542 170.205
-19.531 170.201
-19.527 170.196
-19.52 170.198
-19.513 170.196
-19.511 170.202
-19.516 170.212
-19.515 170.221
-19.508 170.227
-19.506 170.234
segment Vanuatu
-13.086 166.536
-13.081 166.536
-13.076 166.532
-13.073 166.533
-13.078 166.544
-13.078 166.551
-13.083 166.555
-13.082 166.561
-13.085 166.566
-13.096 166.573
-13.125 166.574
-13.129 166.575
-13.13 166.578
-13.129 166.581
-13.132 166.582
-13.138 166.574
-13.148 166.571
-13.149 166.571
-13.158 166.577
-13.162 166.578
-13.174 166.571
-13.193 166.569
-13.197 166.57
-13.199 166.569
-13.199 166.564
-13.195 166.558
-13.192 166.545
-13.174 166.532
-13.172 166.535
-13.17 166.536
-13.161 166.53
-13.157 166.531
-13.155 166.534
-13.154 166.533
-13.144 166.53
-13.142 166.534
-13.134 166.533
-13.13 166.54
-13.123 166.539
-13.119 166.544
-13.116 166.545
-13.112 166.548
-13.109 166.549
-13.101 166.545
-13.086 166.536
segment Vanuatu
-13.203 166.591
-13.203 166.594
-13.209 166.597
-13.213 166.597
-13.217 166.595
-13.218 166.579
-13.214 166.578
-13.208 166.583
-13.203 166.591
segment Vanuatu
-13.252 167.651
-13.252 167.646
-13.25 167.646
-13.247 167.647
-13.247 167.65
-13.25 167.652
-13.252 167.651
segment Vanuatu
-13.225 166.618
-13.226 166.621
-13.23 166.626
-13.225 166.629
-13.229 166.643
-13.231 166.645
-13.261 166.646
-13.261 166.643
-13.251 166.637
-13.25 166.634
-13.265 166.634
-13.27 166.631
-13.275 166.619
-13.277 166.609
-13.277 166.607
-13.276 166.603
-13.269 166.595
-13.268 166.589
-13.264 166.584
-13.255 166.581
-13.251 166.587
-13.246 166.581
-13.238 166.577
-13.236 166.579
-13.235 166.586
-13.226 166.591
-13.225 166.595
-13.229 166.604
-13.23 166.61
-13.225 166.618
segment Vanuatu
-13.321 166.607
-13.317 166.609
-13.315 166.62
-13.318 166.622
-13.318 166.626
-13.323 166.635
-13.327 166.633
-13.327 166.625
-13.325 166.612
-13.321 166.607
segment Vanuatu
-13.334 166.6
-13.329 166.603
-13.328 166.607
-13.33 166.612
-13.331 166.623
-13.336 166.626
-13.336 166.631
-13.345 166.646
-13.351 166.652
-13.356 166.653
-13.369 166.649
-13.372 166.646
-13.375 166.642
-13.376 166.636
-13.373 166.633
-13.364 166.631
-13.359 166.632
-13.357 166.629
-13.349 166.625
-13.348 166.625
-13.342 166.606
-13.334 166.6
segment Vanuatu
-13.401 166.678
-13.399 166.684
-13.399 166.689
-13.402 166.697
-13.408 166.703
-13.415 166.703
-13.42 166.705
-13.425 166.704
-13.432 166.696
-13.437 166.694
-13.448 166.695
-13.45 166.692
-13.451 166.686
-13.448 166.677
-13.443 166.674
-13.427 166.669
-13.419 166.661
-13.418 166.661
-13.414 166.659
-13.406 166.663
-13.401 166.678
segment Vanuatu
-13.525 167.338
-13.528 167.34
-13.531 167.348
-13.53 167.352
-13.525 167.354
-13.518 167.364
-13.512 167.37
-13.515 167.375
-13.522 167.377
-13.532 167.378
-13.537 167.376
-13.541 167.371
-13.544 167.368
-13.553 167.363
-13.561 167.342
-13.555 167.339
-13.558 167.328
-13.557 167.323
-13.549 167.312
-13.534 167.298
-13.525 167.294
-13.506 167.299
-13.502 167.302
-13.5 167.303
-13.494 167.312
-13.488 167.315
-13.487 167.321
-13.482 167.325
-13.481 167.328
-13.483 167.334
-13.49 167.348
-13.491 167.355
-13.489 167.362
-13.496 167.369
-13.499 167.37
-13.504 167.368
-13.508 167.352
-13.516 167.343
-13.525 167.338
segment Vanuatu
-13.599 167.535
-13.595 167.532
-13.584 167.539
-13.587 167.541
-13.596 167.539
-13.598 167.539
-13.599 167.535
segment Vanuatu
-13.616 167.535
-13.614 167.533
-13.604 167.532
-13.604 167.535
-13.614 167.538
-13.616 167.535
segment Vanuatu
-13.631 167.675
-13.631 167.683
-13.637 167.691
-13.637 167.699
-13.631 167.713
-13.632 167.717
-13.654 167.721
-13.659 167.719
-13.664 167.709
-13.663 167.693
-13.666 167.687
-13.676 167.678
-13.677 167.672
-13.676 167.669
-13.676 167.663
-13.678 167.651
-13.689 167.634
-13.69 167.629
-13.688 167.627
-13.684 167.624
-13.679 167.628
-13.672 167.64
-13.665 167.644
-13.66 167.654
-13.633 167.666
-13.63 167.67
-13.63 167.672
-13.631 167.675
segment Vanuatu
-13.828 167.675
-13.821 167.669
-13.82 167.663
-13.818 167.661
-13.816 167.662
-13.805 167.676
-13.801 167.685
-13.801 167.689
-13.805 167.698
-13.817 167.702
-13.822 167.708
-13.825 167.706
-13.827 167.699
-13.826 167.687
-13.828 167.68
-13.828 167.675
segment Vanuatu
-13.843 167.61
-13.844 167.613
-13.847 167.615
-13.85 167.614
-13.854 167.604
-13.853 167.602
-13.852 167.601
-13.85 167.604
-13.844 167.608
-13.843 167.61
segment Vanuatu
-13.733 167.521
-13.746 167.526
-13.75 167.533
-13.759 167.533
-13.766 167.54
-13.778 167.543
-13.782 167.549
-13.789 167.55
-13.793 167.553
-13.798 167.56
-13.803 167.562
-13.808 167.56
-13.806 167.549
-13.811 167.545
-13.828 167.544
-13.834 167.547
-13.841 167.549
-13.846 167.557
-13.846 167.564
-13.844 167.573
-13.841 167.575
-13.84 167.577
-13.843 167.589
-13.854 167.589
-13.857 167.585
-13.858 167.577
-13.863 167.563
-13.872 167.554
-13.875 167.55
-13.876 167.542
-13.88 167.538
-13.881 167.536
-13.875 167.533
-13.875 167.528
-13.877 167.52
-13.884 167.515
-13.884 167.506
-13.887 167.501
-13.886 167.485
-13.886 167.481
-13.89 167.479
-13.893 167.482
-13.894 167.487
-13.896 167.487
-13.901 167.485
-13.901 167.486
-13.906 167.489
-13.911 167.488
-13.914 167.497
-13.916 167.499
-13.919 167.499
-13.927 167.495
-13.931 167.49
-13.938 167.488
-13.945 167.483
-13.95 167.468
-13.948 167.458
-13.946 167.457
-13.941 167.456
-13.936 167.451
-13.93 167.452
-13.92 167.45
-13.913 167.451
-13.908 167.454
-13.902 167.457
-13.891 167.458
-13.887 167.455
-13.875 167.432
-13.866 167.426
-13.848 167.408
-13.83 167.395
-13.818 167.389
-13.814 167.389
-13.812 167.392
-13.807 167.395
-13.797 167.391
-13.786 167.397
-13.777 167.394
-13.77 167.396
-13.761 167.392
-13.757 167.393
-13.751 167.401
-13.74 167.405
-13.737 167.41
-13.731 167.415
-13.726 167.418
-13.709 167.445
-13.707 167.46
-13.702 167.464
-13.701 167.468
-13.704 167.487
-13.711 167.493
-13.711 167.496
-13.71 167.498
-13.711 167.505
-13.73 167.52
-13.733 167.521
segment Vanuatu
-14.221 167.421
-14.221 167.419
-14.217 167.417
-14.211 167.42
-14.195 167.422
-14.191 167.426
-14.181 167.43
-14.181 167.433
-14.184 167.439
-14.183 167.443
-14.178 167.444
-14.175 167.457
-14.173 167.46
-14.164 167.461
-14.165 167.467
-14.17 167.474
-14.17 167.483
-14.166 167.487
-14.167 167.501
-14.164 167.503
-14.158 167.506
-14.152 167.527
-14.155 167.536
-14.163 167.544
-14.164 167.562
-14.169 167.567
-14.177 167.59
-14.177 167.591
-14.18 167.595
-14.187 167.598
-14.194 167.606
-14.198 167.608
-14.201 167.607
-14.207 167.6
-14.21 167.6
-14.212 167.606
-14.227 167.611
-14.234 167.609
-14.244 167.602
-14.262 167.601
-14.278 167.589
-14.288 167.587
-14.321 167.575
-14.323 167.57
-14.329 167.563
-14.338 167.54
-14.337 167.533
-14.339 167.528
-14.339 167.523
-14.332 167.513
-14.335 167.502
-14.333 167.49
-14.329 167.483
-14.329 167.474
-14.329 167.457
-14.333 167.436
-14.333 167.43
-14.328 167.427
-14.326 167.423
-14.327 167.419
-14.321 167.416
-14.321 167.41
-14.318 167.407
-14.313 167.408
-14.31 167.412
-14.299 167.42
-14.291 167.42
-14.287 167.423
-14.277 167.428
-14.27 167.425
-14.265 167.422
-14.251 167.417
-14.24 167.422
-14.221 167.421
segment Vanuatu
-14.437 168.045
-14.434 168.04
-14.434 168.032
-14.43 168.029
-14.425 168.03
-14.416 168.029
-14.411 168.031
-14.407 168.035
-14.406 168.042
-14.408 168.048
-14.412 168.054
-14.413 168.064
-14.416 168.069
-14.421 168.06
-14.436 168.05
-14.437 168.045
segment Vanuatu
-15 166.595
-14.999 166.594
-14.994 166.594
-14.987 166.593
-14.981 166.589
-14.97 166.586
-14.957 166.572
-14.948 166.566
-14.934 166.562
-14.895 166.544
-14.858 166.532
-14.835 166.525
-14.784 166.533
-14.767 166.535
-14.75 166.535
-14.747 166.537
-14.734 166.535
-14.728 166.534
-14.715 166.537
-14.701 166.545
-14.694 166.551
-14.692 166.557
-14.69 166.558
-14.687 166.559
-14.683 166.557
-14.678 166.557
-14.673 166.553
-14.668 166.554
-14.652 166.561
-14.651 166.563
-14.651 166.569
-14.642 166.58
-14.641 166.591
-14.628 166.604
-14.627 166.609
-14.63 166.611
-14.639 166.612
-14.641 166.615
-14.65 166.615
-14.653 166.616
-14.654 166.616
-14.657 166.624
-14.657 166.627
-14.661 166.63
-14.669 166.632
-14.673 166.635
-14.679 166.634
-14.684 166.64
-14.689 166.643
-14.712 166.646
-14.713 166.648
-14.715 166.653
-14.72 166.661
-14.73 166.668
-14.744 166.669
-14.748 166.673
-14.752 166.673
-14.761 166.678
-14.768 166.68
-14.774 166.687
-14.782 166.691
-14.795 166.705
-14.802 166.716
-14.811 166.723
-14.812 166.726
-14.809 166.735
-14.811 166.738
-14.817 166.743
-14.828 166.738
-14.832 166.738
-14.883 166.759
-14.903 166.763
-14.922 166.767
-14.941 166.767
-14.962 166.77
-14.973 166.774
-14.985 166.777
-14.999 166.774
-15 166.774
-15.008 166.775
-15.04 166.793
-15.049 166.796
-15.063 166.794
-15.073 166.797
-15.088 166.795
-15.092 166.786
-15.097 166.776
-15.098 166.771
-15.108 166.761
-15.11 166.762
-15.11 166.767
-15.102 166.775
-15.099 166.786
-15.091 166.797
-15.103 166.801
-15.108 166.801
-15.115 166.798
-15.122 166.8
-15.135 166.793
-15.136 166.796
-15.131 166.8
-15.132 166.802
-15.159 166.808
-15.17 166.807
-15.174 166.809
-15.172 166.811
-15.175 166.815
-15.16 166.816
-15.158 166.818
-15.163 166.834
-15.166 166.838
-15.181 166.832
-15.189 166.828
-15.196 166.826
-15.206 166.828
-15.221 166.825
-15.226 166.826
-15.23 166.823
-15.23 166.819
-15.233 166.818
-15.236 166.82
-15.237 166.823
-15.236 166.827
-15.229 166.831
-15.221 166.83
-15.207 166.833
-15.19 166.834
-15.167 166.844
-15.165 166.846
-15.166 166.853
-15.166 166.865
-15.161 166.886
-15.162 166.889
-15.164 166.89
-15.175 166.881
-15.181 166.88
-15.185 166.882
-15.186 166.887
-15.201 166.902
-15.207 166.902
-15.217 166.899
-15.228 166.91
-15.245 166.913
-15.247 166.913
-15.25 166.912
-15.259 166.9
-15.27 166.874
-15.27 166.867
-15.275 166.864
-15.286 166.863
-15.304 166.85
-15.308 166.853
-15.307 166.856
-15.303 166.86
-15.292 166.866
-15.276 166.871
-15.274 166.881
-15.266 166.897
-15.256 166.914
-15.251 166.918
-15.238 166.92
-15.235 166.92
-15.227 166.916
-15.219 166.908
-15.214 166.906
-15.2 166.909
-15.183 166.893
-15.176 166.892
-15.174 166.889
-15.165 166.894
-15.162 166.897
-15.163 166.905
-15.156 166.924
-15.155 166.93
-15.156 166.932
-15.146 166.934
-15.136 166.938
-15.123 166.95
-15.114 166.961
-15.09 166.969
-15.086 166.974
-15.081 166.975
-15.071 166.972
-15.055 166.972
-15.044 166.968
-15.036 166.966
-15.028 166.968
-15.003 166.98
-15 166.979
-14.976 166.976
-14.968 166.973
-14.947 166.975
-14.943 166.977
-14.937 166.984
-14.931 166.995
-14.923 167.01
-14.922 167.016
-14.931 167.029
-14.936 167.042
-14.937 167.071
-14.936 167.08
-14.939 167.083
-14.942 167.081
-14.943 167.072
-14.95 167.054
-14.952 167.052
-14.958 167.045
-14.961 167.045
-14.969 167.05
-14.973 167.051
-14.981 167.049
-14.988 167.056
-15 167.064
-15.003 167.066
-15.011 167.068
-15.017 167.067
-15.024 167.063
-15.027 167.06
-15.026 167.054
-15.03 167.053
-15.033 167.056
-15.034 167.064
-15.035 167.065
-15.036 167.066
-15.042 167.065
-15.055 167.068
-15.058 167.075
-15.061 167.074
-15.064 167.067
-15.068 167.065
-15.084 167.067
-15.088 167.069
-15.092 167.074
-15.098 167.077
-15.106 167.085
-15.112 167.088
-15.139 167.095
-15.144 167.098
-15.145 167.102
-15.128 167.12
-15.12 167.126
-15.12 167.128
-15.128 167.135
-15.129 167.144
-15.133 167.147
-15.138 167.147
-15.155 167.138
-15.159 167.139
-15.166 167.146
-15.174 167.147
-15.176 167.149
-15.177 167.154
-15.181 167.154
-15.182 167.153
-15.184 167.151
-15.189 167.15
-15.211 167.161
-15.217 167.161
-15.232 167.156
-15.243 167.159
-15.252 167.157
-15.256 167.155
-15.256 167.151
-15.25 167.139
-15.254 167.135
-15.258 167.135
-15.272 167.149
-15.272 167.15
-15.271 167.154
-15.274 167.162
-15.281 167.171
-15.297 167.186
-15.306 167.187
-15.317 167.195
-15.324 167.196
-15.344 167.196
-15.347 167.194
-15.344 167.185
-15.339 167.178
-15.329 167.175
-15.33 167.171
-15.333 167.168
-15.335 167.167
-15.342 167.171
-15.353 167.173
-15.356 167.18
-15.36 167.182
-15.363 167.177
-15.368 167.176
-15.379 167.178
-15.384 167.178
-15.391 167.179
-15.394 167.184
-15.41 167.193
-15.425 167.194
-15.426 167.195
-15.454 167.208
-15.465 167.208
-15.462 167.218
-15.463 167.221
-15.467 167.224
-15.471 167.225
-15.478 167.221
-15.486 167.222
-15.495 167.226
-15.502 167.234
-15.502 167.239
-15.499 167.242
-15.483 167.248
-15.483 167.249
-15.49 167.249
-15.519 167.246
-15.525 167.241
-15.526 167.237
-15.516 167.207
-15.514 167.186
-15.513 167.177
-15.516 167.17
-15.515 167.165
-15.517 167.161
-15.526 167.15
-15.537 167.149
-15.544 167.146
-15.551 167.136
-15.558 167.133
-15.561 167.127
-15.562 167.127
-15.571 167.121
-15.585 167.105
-15.598 167.097
-15.597 167.095
-15.59 167.095
-15.59 167.092
-15.593 167.088
-15.601 167.089
-15.603 167.082
-15.599 167.08
-15.598 167.078
-15.602 167.073
-15.602 167.054
-15.601 167.051
-15.597 167.052
-15.597 167.043
-15.596 167.042
-15.591 167.036
-15.584 167.035
-15.584 167.029
-15.578 167.026
-15.579 167.021
-15.587 167.01
-15.587 166.998
-15.583 166.991
-15.585 166.98
-15.58 166.965
-15.585 166.929
-15.588 166.909
-15.592 166.901
-15.59 166.884
-15.591 166.879
-15.594 166.876
-15.596 166.878
-15.595 166.894
-15.596 166.896
-15.599 166.897
-15.606 166.89
-15.609 166.889
-15.618 166.898
-15.625 166.894
-15.629 166.889
-15.629 166.882
-15.622 166.867
-15.625 166.858
-15.63 166.846
-15.633 166.842
-15.646 166.837
-15.653 166.841
-15.657 166.841
-15.661 166.835
-15.667 166.831
-15.665 166.816
-15.667 166.811
-15.666 166.806
-15.656 166.782
-15.652 166.777
-15.652 166.768
-15.649 166.766
-15.646 166.764
-15.641 166.765
-15.632 166.761
-15.629 166.762
-15.624 166.769
-15.618 166.771
-15.606 166.769
-15.6 166.77
-15.597 166.768
-15.59 166.77
-15.581 166.765
-15.575 166.763
-15.573 166.755
-15.57 166.752
-15.559 166.747
-15.557 166.744
-15.557 166.739
-15.553 166.736
-15.552 166.732
-15.551 166.731
-15.545 166.728
-15.535 166.709
-15.529 166.703
-15.512 166.695
-15.479 166.681
-15.475 166.676
-15.461 166.669
-15.435 166.644
-15.431 166.643
-15.421 166.643
-15.417 166.642
-15.406 166.632
-15.398 166.626
-15.394 166.621
-15.388 166.62
-15.381 166.622
-15.368 166.63
-15.361 166.636
-15.346 166.639
-15.339 166.643
-15.328 166.645
-15.304 166.643
-15.292 166.646
-15.282 166.652
-15.276 166.653
-15.27 166.652
-15.241 166.655
-15.225 166.651
-15.207 166.641
-15.182 166.635
-15.175 166.632
-15.152 166.62
-15.136 166.616
-15.129 166.619
-15.122 166.619
-15.102 166.615
-15.088 166.609
-15.072 166.606
-15.056 166.601
-15.051 166.602
-15.047 166.612
-15.041 166.617
-15.037 166.615
-15.037 166.611
-15.044 166.603
-15.044 166.601
-15.021 166.596
-15.008 166.598
-15 166.595
segment Vanuatu
-15 168.098
-14.971 168.104
-14.964 168.103
-14.957 168.101
-14.952 168.095
-14.949 168.093
-14.937 168.096
-14.934 168.095
-14.926 168.092
-14.921 168.093
-14.917 168.096
-14.916 168.101
-14.92 168.107
-14.917 168.113
-14.923 168.123
-14.931 168.127
-14.968 168.143
-14.979 168.14
-14.983 168.142
-14.996 168.144
-15 168.144
-15.029 168.148
-15.04 168.152
-15.049 168.157
-15.084 168.159
-15.115 168.166
-15.119 168.168
-15.14 168.176
-15.155 168.173
-15.17 168.175
-15.181 168.178
-15.197 168.193
-15.204 168.195
-15.217 168.193
-15.227 168.196
-15.237 168.197
-15.242 168.198
-15.256 168.196
-15.284 168.188
-15.292 168.192
-15.299 168.187
-15.309 168.191
-15.317 168.183
-15.322 168.186
-15.321 168.192
-15.324 168.196
-15.329 168.196
-15.347 168.191
-15.353 168.19
-15.357 168.191
-15.36 168.196
-15.365 168.197
-15.373 168.194
-15.378 168.194
-15.379 168.193
-15.38 168.186
-15.383 168.183
-15.389 168.182
-15.399 168.183
-15.403 168.18
-15.406 168.175
-15.405 168.167
-15.399 168.156
-15.398 168.151
-15.4 168.142
-15.395 168.136
-15.393 168.139
-15.392 168.145
-15.391 168.145
-15.386 168.147
-15.372 168.147
-15.354 168.142
-15.341 168.134
-15.332 168.135
-15.32 168.13
-15.308 168.13
-15.3 168.128
-15.291 168.13
-15.283 168.133
-15.269 168.135
-15.266 168.136
-15.258 168.136
-15.251 168.134
-15.237 168.138
-15.222 168.133
-15.213 168.136
-15.197 168.13
-15.189 168.132
-15.179 168.13
-15.168 168.13
-15.154 168.126
-15.147 168.124
-15.133 168.117
-15.119 168.114
-15.061 168.107
-15.038 168.107
-15.023 168.102
-15.01 168.098
-15.002 168.097
-15 168.098
segment Vanuatu
-14.975 167.145
-14.971 167.136
-14.963 167.126
-14.96 167.116
-14.959 167.115
-14.94 167.098
-14.936 167.096
-14.934 167.097
-14.933 167.104
-14.935 167.113
-14.942 167.122
-14.958 167.139
-14.953 167.152
-14.957 167.155
-14.964 167.153
-14.969 167.154
-14.975 167.151
-14.975 167.145
segment Vanuatu
-15.036 167.088
-15.036 167.076
-15.033 167.073
-15.02 167.081
-15.022 167.084
-15.022 167.092
-15.027 167.093
-15.034 167.092
-15.036 167.088
