segment Wake Island
19.318 166.606
19.315 166.607
19.314 166.604
19.311 166.598
19.305 166.597
19.302 166.599
19.297 166.607
19.292 166.611
19.289 166.608
19.293 166.602
19.292 166.598
19.299 166.594
19.305 166.594
19.309 166.593
19.313 166.595
19.316 166.601
19.32 166.607
19.318 166.606
segment Wake Island
19.317 166.613
19.316 166.618
19.309 166.625
19.305 166.627
19.304 166.624
19.308 166.619
19.312 166.616
19.317 166.613
segment Wake Island
19.302 166.641
19.303 166.639
19.303 166.634
19.306 166.633
19.31 166.638
19.307 166.645
19.296 166.647
19.287 166.655
19.279 166.651
19.273 166.652
19.27 166.651
19.27 166.645
19.273 166.642
19.273 166.64
19.275 166.635
19.278 166.626
19.283 166.617
19.287 166.612
19.289 166.616
19.288 166.619
19.287 166.623
19.285 166.627
19.282 166.636
19.282 166.638
19.285 166.637
19.289 166.638
19.292 166.64
19.298 166.638
19.299 166.64
19.302 166.641
