 2 3 1 1    944 Algodones fault zone                          
 1.7188557 0.8 6.5 6.5699996 0.07000017 1.0
 50.0 19.58112 0.0E+0 19.167261
 2
      32.41335     -114.42386
      32.54370     -114.55754
 2 3 1 1    951 Big Chino fault                               
 0.9097004 0.8 6.5 7.04 0.089999996 1.0
 50.0 19.58112 0.0E+0 48.563594
 14
      35.21669     -112.82895
      35.18309     -112.76660
      35.17707     -112.73579
      35.15443     -112.71062
      35.14500     -112.71737
      35.13718     -112.71656
      35.11553     -112.70317
      35.07852     -112.65861
      35.05840     -112.61845
      35.04564     -112.61298
      35.02237     -112.59033
      34.96658     -112.50157
      34.94753     -112.47794
      34.92768     -112.46240
 2 3 1 1    995 Aubrey fault zone                             
 0.31276687 0.8 6.5 7.18 0.11333331 1.0
 50.0 19.58112 0.0E+0 64.54485
 18
      35.79921     -113.16548
      35.79373     -113.16341
      35.79157     -113.15461
      35.80541     -113.12083
      35.80918     -113.07304
      35.79247     -113.05292
      35.77163     -113.04195
      35.76192     -113.02857
      35.72321     -113.01680
      35.69490     -113.01473
      35.65942     -113.02147
      35.56176     -113.05885
      35.52080     -113.02641
      35.49699     -113.00054
      35.47938     -112.98967
      35.43240     -112.97026
      35.38280     -112.95912
      35.35244     -112.95715
 2 3 1 1    997bcd Sevier/Toroweap fault zone (southern)      
 1.2597 0.8 6.5 7.5 0.125 1.0
 50.0 19.58112 0.0E+0 170.60446
 38
      37.17932     -112.64648
      37.14518     -112.65340
      37.08526     -112.69329
      37.03297     -112.71503
      37.01563     -112.71341
      36.98203     -112.72060
      36.96173     -112.71548
      36.92768     -112.71700
      36.90459     -112.72932
      36.89408     -112.74153
      36.85967     -112.73982
      36.77720     -112.79750
      36.63948     -112.82212
      36.61720     -112.83874
      36.59375     -112.89947
      36.56778     -112.93307
      36.50660     -112.99586
      36.43770     -113.05220
      36.40652     -113.06064
      36.36924     -113.04788
      36.33609     -113.05894
      36.31695     -113.07178
      36.28892     -113.07870
      36.23682     -113.07700
      36.21885     -113.07214
      36.18956     -113.07726
      36.15776     -113.06936
      36.12532     -113.07142
      36.10287     -113.08167
      36.08373     -113.09846
      36.04339     -113.09209
      36.00072     -113.11823
      35.95562     -113.12802
      35.92957     -113.12730
      35.90261     -113.14185
      35.86093     -113.17573
      35.80568     -113.20358
      35.78897     -113.20636
 2 3 1 1    998cd Hurricane fault zone (central)              
 1.3467844 0.8 6.5 7.44 0.11750001 1.0
 50.0 19.58112 0.0E+0 107.95988
 30
      37.29701     -113.28227
      37.26997     -113.27185
      37.25559     -113.28101
      37.24239     -113.28263
      37.21220     -113.26188
      37.19603     -113.26575
      37.18058     -113.27922
      37.12892     -113.30518
      37.07879     -113.30618
      37.02111     -113.28848
      37.00548     -113.29683
      37.00027     -113.30428
      36.95203     -113.33025
      36.92840     -113.35307
      36.90810     -113.35863
      36.87261     -113.34714
      36.87144     -113.33878
      36.85186     -113.32378
      36.79436     -113.29162
      36.76642     -113.28380
      36.70856     -113.25020
      36.66625     -113.23996
      36.62636     -113.24571
      36.60363     -113.25640
      36.59033     -113.26942
      36.57605     -113.29988
      36.51693     -113.32117
      36.50759     -113.32172
      36.44129     -113.30213
      36.40796     -113.28336
 2 3 1 1    998ef Hurricane fault zone (southern)             
 0.9379256 0.8 6.5 7.4 0.11250001 1.0
 50.0 19.58112 0.0E+0 99.922515
 24
      36.36358     -113.24544
      36.34139     -113.22927
      36.32432     -113.20546
      36.29045     -113.19144
      36.28712     -113.19163
      36.28730     -113.19936
      36.27437     -113.21580
      36.25182     -113.22325
      36.22523     -113.22352
      36.19765     -113.21471
      36.15443     -113.20950
      36.12227     -113.21678
      36.08580     -113.21409
      36.03818     -113.22352
      36.01599     -113.22235
      35.98149     -113.23610
      35.93460     -113.24014
      35.91339     -113.25416
      35.89731     -113.27168
      35.84134     -113.29871
      35.79301     -113.33797
      35.72635     -113.37086
      35.65484     -113.42818
      35.54281     -113.47390
